1757586701660 1053298395232.949 0
1757586701746 3134680504073.2876 1
1757586701832 6798326557063579.0 2
1757586701915 2.0616216692010754e+19 3
1757586702000 6.252253970830381e+22 4
1757586702086 1.8961131817693058e+26 5
1757586702170 5.75031854890623e+29 6
1757586702258 1.7438918589785983e+33 7
1757586702346 5.288678861782871e+36 8
1757586702434 1.603890972886996e+40 9
1757586702520 4.864099939018013e+43 10
1757586702615 1.4751294580932887e+47 11
1757586702701 4.473606515934166e+50 12
1757586702787 1.3567050098285647e+54 13
1757586702875 4.1144621842307176e+57 14
1757586702959 1.24778776099631e+61 15
1757586703044 3.784150216423225e+64 16
1757586703130 1.1476144668242414e+68 17
1757586703220 3.480355929710249e+71 18
1757586703319 1.0554831563764494e+75 19
1757586703407 3.2009504656816493e+78 20
1757586703493 9.707482134459767e+81 21
1757586703579 2.943975872203567e+85 22
1757586703665 8.928158523568674e+88 23
1757586703751 2.70763138294022e+92 24
1757586703835 8.211399569720443e+95 25
1757586703918 2.4902607983656176e+99 26
1757586704002 7.552182537486349e+102 27
1757586704090 2.290340879836629e+106 28
1757586704177 6.9458879202313e+109 29
1757586704263 2.1064706753981722e+113 30
1757586704348 6.388267068617881e+116 31
1757586704437 1.937361702520435e+120 32
1757586704523 5.875412417917145e+123 33
1757586704608 1.7818289189729112e+127 34
1757586704695 5.403730105492223e+130 35
1757586704779 1.6387824185632112e+134 36
1757586704865 4.969914786569928e+137 37
1757586704949 1.5072197935478214e+141 38
1757586705032 4.570926471820255e+144 39
1757586705117 1.3862191101940442e+148 40
1757586705202 4.203969224431514e+151 41
1757586705286 1.2749324482688304e+155 42
1757586705372 3.8664715673996317e+158 43
1757586705457 1.172579959182083e+162 44
1757586705542 3.556068463734143e+165 45
1757586705629 1.0784444011464478e+169 46
1757586705714 3.270584743306203e+172 47
1757586705800 9.918661130584089e+175 48
1757586705884 3.0080198602011565e+179 49
1757586705970 9.122383918797887e+182 50
1757586706059 2.7665338737616286e+186 51
1757586706145 8.390032411263742e+189 52
1757586706229 2.544434555082598e+193 53
1757586706313 7.716474606709183e+196 54
1757586706397 2.340165528606208e+200 55
1757586706481 7.096990504595528e+203 56
1757586706566 2.152295365717899e+207 57
1757586706656 6.52723902940427e+210 58
1757586706744 1.9795075539164006e+214 59
1757586706830 6.003227610265294e+217 60
1757586706917 1.820591271265922e+221 61
1757586707001 5.521284202754363e+224 62
1757586707087 1.6744329014819404e+228 63
1757586707175 5.078031556800779e+231 64
1757586707262 1.5400082301919993e+235 65
1757586707354 4.670363550385735e+238 66
1757586707440 1.4163752676862144e+242 67
1757586707525 4.295423423188344e+245 68
1757586707611 1.3026676478625585e+249 69
1757586707690 3.950583757650117e+252 70
1757586707754 1.1980885571095116e+256 71
1757586707823 3.633428067173961e+259 72
1757586707889 1.1019051505823527e+263 73
1757586707953 3.341733862435609e+266 74
1757586708016 1.0134434167448071e+270 75
1757586708087 3.073457077143826e+273 76
1757586708155 9.320834541889449e+276 77
1757586708241 2.8267177441116386e+280 78
1757586708327 8.572551276353677e+283 79
1757586708413 2.599786821262855e+287 80
1757586708497 7.8843407267281e+290 81
1757586708582 2.3910740752562044e+294 82
1757586708669 7.251380212400949e+297 83
1757586708738 2.199116937820744e+301 84
1757586708809 inf 85
1757586708873 inf 86
