1757534934550 148409879094.48557 0
1757534935047 80278924455.65588 1
1757534935527 122451379358.99783 2
1757534936008 9420603471.495834 3
1757534936491 60595268021.904785 4
1757534936998 54419357485.66082 5
1757534937491 117158389794.1145 6
1757534937989 99340915692.74011 7
1757534938487 75799667588.67926 8
1757534938990 47506857656.527145 9
1757534939488 37247997209.094124 10
1757534939971 39511330719.5329 11
1757534940449 170052310.13769278 12
1757534940940 4449750663.462811 13
1757534941421 96676408167.16475 14
1757534941917 25460969858.08082 15
1757534942413 91821736338.73726 16
1757534942899 710614039731.5446 17
1757534943418 24735592838.465366 18
1757534943910 26090852125.56699 19
1757534944419 710208761230.5981 20
1757534944912 130742829083.78596 21
1757534945398 10775327256.256025 22
1757534945898 1277002990965.3835 23
1757534946392 18848462959.91818 24
1757534946881 18939120598.010788 25
1757534947402 366101135904.61017 26
1757534947911 3023473134.027269 27
1757534948391 25438842174.2481 28
1757534948875 119951525.42534749 29
1757534949371 519916547.3965824 30
1757534949849 8398644245749.974 31
1757534950343 10777779127.374222 32
1757534950833 6942476951.809734 33
1757534951313 111893776915.75066 34
1757534951798 15470724924.918045 35
1757534952274 79332440905.58327 36
1757534952756 5325482807.526115 37
1757534953242 5160576512.6055355 38
1757534953739 359469951.93875736 39
1757534954216 300982388291.3698 40
1757534954719 3713181.768658665 41
1757534955222 361368597.16626424 42
1757534955715 206818465.75253373 43
1757534956198 2721863675.5828385 44
1757534956700 14456464695.390087 45
1757534957209 26252011598.49928 46
1757534957702 3065707335.642693 47
1757534958205 6051572505.511787 48
1757534958718 40339901247.16354 49
1757534959214 87618052.96498603 50
1757534959697 28778801887.74327 51
1757534960187 25287860491.43987 52
1757534960669 23140076914.12156 53
1757534961153 822890184.0495567 54
1757534961630 2086004601.5552514 55
1757534962107 40152710039.002 56
1757534962582 10177743201.500086 57
1757534963068 18802582250.50514 58
1757534963546 41819442386.18814 59
1757534964022 6372871043.151399 60
1757534964524 837520380.4187968 61
1757534965030 6538350965.8562975 62
1757534965525 34307258569.001537 63
1757534966009 44278135975.12629 64
1757534966505 50996424569.198654 65
1757534967010 119624928142.9687 66
1757534967503 562595747.3848989 67
1757534967991 8090962954.407074 68
1757534968505 80323545808.7927 69
1757534969048 52131621517.86963 70
1757534969562 8109085427.313007 71
1757534970100 3092995914.351974 72
1757534970631 818259100.0045117 73
1757534971166 86282666573.38913 74
1757534971741 45582887409.962715 75
1757534972238 40827433525.46778 76
1757534972728 122632529824.16245 77
1757534973213 1123447173.2812881 78
1757534973701 255567822489.25925 79
1757534974204 11305022487.50407 80
1757534974719 21244510676.04393 81
1757534975213 160651605292.21484 82
1757534975703 3686327574.514327 83
1757534976191 20461227939.083675 84
1757534976680 96504430501.14177 85
1757534977198 411778050453.55005 86
1757534977697 75427861057.49779 87
1757534978189 868263901.5883427 88
1757534978676 65016.30588362258 89
1757534979181 69907836.37494399 90
1757534979705 4146988675.845684 91
1757534980209 26360990957.46513 92
1757534980688 11786373986.20383 93
1757534981166 57575958564.10245 94
1757534981661 5920774108.741081 95
1757534982156 13124143358.73548 96
1757534982636 497421131315.94226 97
1757534983116 202258741176.51212 98
1757534983594 8515471142.147746 99
1757534984068 10207367308.94111 100
1757534984567 40739952676.142654 101
1757534985060 2606558610.6097207 102
1757534985541 412745928918.20154 103
1757534986030 59354053615.91178 104
1757534986522 19532982412.727406 105
1757534986997 7980354743.960398 106
1757534987486 2102114785884.6345 107
1757534987979 1319288510.494061 108
1757534988491 2504032588.865946 109
1757534988983 48141470868.475426 110
1757534989497 1217790965077.5405 111
1757534990002 274629383315.7548 112
1757534990503 121248272586.21628 113
1757534990999 15522795969.64728 114
1757534991494 47644464989.11635 115
1757534991976 279038345593.5459 116
1757534992481 1179328708.8216615 117
1757534992981 9978696919.875479 118
1757534993454 238334687.73345917 119
1757534993949 60442374964.41219 120
1757534994437 398562404998.36005 121
1757534994921 147027508913.26953 122
1757534995410 36335891278.1247 123
1757534995912 59234074129.53769 124
1757534996398 4288783330.109262 125
1757534996921 205663166999.48227 126
1757534997392 12012143275.69259 127
1757534997883 4761080129.593557 128
1757534998358 53139218818.415306 129
1757534998863 2598169806.061195 130
1757534999348 9470322971.775654 131
1757534999841 201189337407.67798 132
1757535000326 146095320516.61008 133
1757535000822 1664549078.3525608 134
1757535001302 219830102466.5868 135
1757535001781 17530097554.3518 136
1757535002267 631130850.398677 137
1757535002746 157087978080.9127 138
1757535003233 114006846143.05618 139
1757535003728 206096863.0150102 140
1757535004213 25203264994.72895 141
1757535004723 31365869149.135727 142
1757535005201 588445865.3492517 143
1757535005697 52105716965.325226 144
1757535006201 131874272330.2977 145
1757535006699 60881969371.50412 146
1757535007225 4803377.80234845 147
1757535007709 2315397265.580017 148
1757535008196 379416705.4452148 149
1757535008682 35192427495.08781 150
1757535009160 210125148411.55774 151
1757535009645 5643778985.495767 152
1757535010137 68282210992.65988 153
1757535010695 78495438503.12358 154
1757535011188 107913818287.10133 155
1757535011663 467046924174.88 156
1757535012157 5775411439956.33 157
1757535012636 24405285578.4327 158
1757535013118 151915102546.253 159
1757535013608 323571765350.7969 160
1757535014082 807464136.0968267 161
1757535014617 52524266312.916016 162
1757535015104 90282146023.73993 163
1757535015593 90400712.719682 164
1757535016096 976002214345.093 165
1757535016587 1367194067.8875716 166
1757535017140 490696818.203214 167
1757535017676 799822432.3397241 168
1757535018186 12781421323.640821 169
1757535018687 69945804116.93597 170
1757535019176 5216711473.14365 171
1757535019681 169930315.17013955 172
1757535020157 34424093130.05216 173
1757535020636 48552842289.887436 174
1757535021113 3368511254353.6445 175
1757535021608 9999238586.845144 176
1757535022104 33094014532.28516 177
1757535022587 335929780288.9777 178
1757535023075 46913698057.17975 179
1757535023555 21819222483.30822 180
1757535024029 585692370.4866925 181
1757535024533 38752096175.63507 182
1757535025022 655731132518.2063 183
1757535025496 132637502579.44409 184
1757535026004 55545306830.34771 185
1757535026510 4372541324.23116 186
1757535027009 64077879380.82176 187
1757535027502 178604682797.56644 188
1757535027995 413401797917.803 189
1757535028484 31340693637.213097 190
1757535028965 8295908154.569486 191
1757535029469 90957278429.07059 192
1757535029978 81239788731.66115 193
1757535030468 13038970561.292177 194
1757535030947 70647238013.85709 195
1757535031436 27689387246.15333 196
1757535031926 419075859144.2791 197
1757535032422 532181199.0431464 198
1757535032941 2944846106.343902 199
1757535033489 30874250548.381916 200
1757535034009 177099968111.33865 201
1757535034555 45643831180.4784 202
1757535035052 128174807449.88171 203
1757535035610 239262988443.96893 204
1757535036136 20792660663.7195 205
1757535036624 92940418494.75359 206
1757535037117 160472861063.7701 207
1757535037592 32278800519.597515 208
1757535038070 37153723860.4659 209
1757535038557 20260310316.223305 210
1757535039055 12601100917.751532 211
1757535039547 6488700060.880561 212
1757535040027 5183842017.130373 213
1757535040514 88812719036.05444 214
1757535040998 19619070214.08795 215
1757535041486 181175231563.8007 216
1757535041989 2030442925.5905402 217
1757535042518 65890415170.276146 218
1757535043040 3053778931.750278 219
1757535043538 158411681353.00195 220
1757535044039 8006664714.03399 221
1757535044567 9437240719.8049 222
1757535045050 4643777724.024625 223
1757535045528 168047265306.79742 224
1757535046015 58067590713.611206 225
1757535046527 54369188646.332794 226
1757535047034 73991147161.74986 227
1757535047517 26990543.68700716 228
1757535048016 1180897241.2920618 229
1757535048506 42214390154.08556 230
1757535048988 32212903121.670914 231
1757535049484 15535109.12840186 232
1757535049955 143037327412.5711 233
1757535050435 8530731306821.397 234
1757535050922 27931480153.79244 235
1757535051412 1286976125.4734275 236
1757535051889 42091097157.47003 237
1757535052396 1937057006.7616663 238
1757535052882 3441767.253153243 239
1757535053360 40875682106.09949 240
1757535053846 34281809679.31216 241
1757535054350 20880040764.33076 242
1757535054841 31932879120.111305 243
1757535055344 493233837772.4616 244
1757535055825 43072994152.93593 245
1757535056298 112864359339.00218 246
1757535056767 10034075709.43717 247
1757535057259 43470292881.212776 248
1757535057732 407925495912.41675 249
1757535058232 10320125820.546144 250
1757535058716 16470876527.902597 251
1757535059209 29267792221.026756 252
1757535059696 183029537.26100227 253
1757535060182 203236529166.40997 254
1757535060667 559306604900.0807 255
1757535061140 61923192428.16044 256
1757535061621 32663370503.977085 257
1757535062122 1526842796.2398539 258
1757535062605 40125682395.6997 259
1757535063089 3850055044.5340495 260
1757535063588 39269361882.78817 261
1757535064070 69658512594.51689 262
1757535064580 6830485487.888337 263
1757535065064 128646849090.95753 264
1757535065553 177852924392.6116 265
1757535066057 12506735300.971481 266
1757535066525 4373371658.019713 267
1757535067027 244603720.65396807 268
1757535067518 9384385394.030918 269
1757535068007 25639911500.737297 270
1757535068484 389085297662.2589 271
1757535068969 40705945358.50704 272
1757535069455 1221494015.6331043 273
1757535069952 450555934921.3956 274
1757535070434 15811329602.143637 275
1757535070928 1809960.0671602434 276
1757535071404 3463683897948.444 277
1757535071895 3419129946542.7026 278
1757535072375 1071972755.3328575 279
1757535072843 366647798.7562224 280
1757535073332 5326160.912000302 281
1757535073827 9762880410869.879 282
1757535074333 4431203454.655931 283
1757535074836 335680362.3621371 284
1757535075319 192698888495.25146 285
1757535075805 625451411117.3124 286
1757535076288 5939367258.043719 287
1757535076776 84840242586.81293 288
1757535077266 1248318257180.7236 289
1757535077751 16607222.780835617 290
1757535078249 3855562180.97783 291
1757535078752 40159683191.06687 292
1757535079266 1086224204.4106143 293
1757535079807 462865189213.3075 294
1757535080287 393399049670.7944 295
1757535080768 4632049288.683186 296
1757535081253 27606833953.04824 297
1757535081735 9315196894.031635 298
1757535082210 67548733308.19515 299
1757535082685 502047939084.8443 300
1757535083162 206096890211.37613 301
1757535083644 142099223612.81763 302
1757535084137 3569658346.655156 303
1757535084649 11244763881.374325 304
1757535085130 122519685770.41139 305
1757535085613 31006073.197529186 306
1757535086100 22666989906.369675 307
1757535086590 40726225472.526184 308
1757535087082 8622479273.081856 309
1757535087584 4964488177.27139 310
1757535088070 72430072270.37935 311
1757535088572 9154320549.62968 312
1757535089064 3496334292.6676626 313
1757535089552 406140743151.5005 314
1757535090031 768008092.6952633 315
1757535090540 171335234540.1949 316
1757535091034 564477669.1326565 317
1757535091528 160214583698.65152 318
1757535092011 5648088629.09592 319
1757535092496 1829504898.8021789 320
1757535092986 13848265188.686077 321
1757535093469 183536691026.1295 322
1757535093945 66596995243.98715 323
1757535094444 1096479730.5794005 324
1757535094950 26049349387.64833 325
1757535095489 10557930415.276035 326
1757535095977 385676165865.1459 327
1757535096472 141804052245.47784 328
1757535096990 634012011.5689015 329
1757535097476 157373101981.8016 330
1757535098008 375081220.12576014 331
1757535098559 20605290374.345303 332
1757535099044 8995506087.033674 333
1757535099533 208786441.7010897 334
1757535100051 36819339129.722664 335
1757535100523 41282351713.30401 336
1757535101021 104163957899.95088 337
1757535101499 257994813.64440972 338
1757535101972 29441727642.980133 339
1757535102460 1233226514.810341 340
1757535102934 63900065554.59159 341
1757535103413 4613793182.882314 342
1757535103897 56220328300.64361 343
1757535104383 26308080020.04136 344
1757535104900 44564661206.36541 345
1757535105419 30914202948.477768 346
1757535105928 8512314875.096411 347
1757535106429 1307208147.304711 348
1757535106912 47118886008.85049 349
1757535107405 3476477165.598355 350
1757535107903 44236474265.6299 351
1757535108386 197700161274.508 352
1757535108863 1178581247.6937246 353
1757535109352 697764102647.0973 354
1757535109846 40550924181.24156 355
1757535110386 5352428010.895839 356
1757535110909 23417458710.023483 357
1757535111389 3986041235.582186 358
1757535111881 815883389800.0725 359
1757535112358 28464997622.66841 360
1757535112842 3700713009.2778873 361
1757535113320 385536247155.0531 362
1757535113810 49634860907.41737 363
1757535114308 12422965958.689703 364
1757535114817 33218415892.11356 365
1757535115306 1246955580819.744 366
1757535115790 142325828063.4217 367
1757535116277 742863946595.0514 368
1757535116782 1042640339.6746541 369
1757535117271 372492612470.29095 370
1757535117755 124694396060.26958 371
1757535118227 9754532467041.848 372
1757535118701 81715197495.44052 373
1757535119194 10517520588.055883 374
1757535119685 5948450612039.805 375
1757535120176 3486277437.713028 376
1757535120672 37651458891.52194 377
1757535121159 12178673206.148045 378
1757535121680 128977239657.914 379
1757535122179 123348120208.4114 380
1757535122662 58126014487.26325 381
1757535123146 2373968299.47345 382
1757535123641 60752277221.14026 383
1757535124113 204381965965.25488 384
1757535124617 7863743241.651394 385
1757535125098 63760634453.58423 386
1757535125585 422154225.2129897 387
1757535126073 16062777523.737453 388
1757535126560 3822038031.5848284 389
1757535127078 513564930142.43 390
1757535127558 952995548058.591 391
1757535128045 40810912178.82228 392
1757535128523 24517673733.547707 393
1757535128995 32055424335.77383 394
1757535129486 56718124235.4278 395
1757535129982 16370362187.383654 396
1757535130458 28910614947.046185 397
1757535130934 95894167543.74303 398
1757535131419 321229169.97013277 399
1757535131909 173015274013.83112 400
1757535132390 192427014403.7318 401
1757535132867 12212676433.101746 402
1757535133342 29016472918.14318 403
1757535133829 195160825515.2324 404
1757535134308 35099790554.540764 405
1757535134818 323547768226.8631 406
1757535135298 13601328550.064384 407
1757535135772 258059438.85170212 408
1757535136254 42582292654.934425 409
1757535136727 51427825492.37505 410
1757535137228 12071010197.433458 411
1757535137727 6482270189.992137 412
1757535138214 25751783.034262266 413
1757535138689 133319821472.30133 414
1757535139164 9000163155.289312 415
1757535139646 10575312685.406925 416
1757535140123 1372132995634.7617 417
1757535140605 196315722.19522756 418
1757535141093 166959425958.511 419
1757535141604 146500099703.0346 420
1757535142110 491767729725.19977 421
1757535142608 254081840.4758326 422
1757535143093 489251598968.4774 423
1757535143578 466121266943.5496 424
1757535144058 3382471913.583211 425
1757535144561 58413822832.78109 426
1757535145056 176193284731.48 427
1757535145542 77024798673.20393 428
1757535146029 2105778974.332127 429
1757535146514 32593410970.1006 430
1757535147028 1480982270.5637028 431
1757535147509 19618089110.81682 432
1757535148008 438223666.76958615 433
1757535148509 247134434722.145 434
1757535148993 15342125979.645935 435
1757535149494 106878860712.80923 436
1757535149967 216701062539.6671 437
1757535150448 13419844054.717037 438
1757535150939 24760481109.002144 439
1757535151428 302949093527.2056 440
1757535151905 1944646039.7286208 441
1757535152388 80639154195.27263 442
1757535152871 116303795555.56148 443
1757535153374 15900016527.634632 444
1757535153857 9761672406.57162 445
1757535154356 5615719332.093494 446
1757535154858 194220332465.5993 447
1757535155349 10862454803.845503 448
1757535155835 166113953521.55844 449
1757535156338 2593267664.879269 450
1757535156821 1150585217.4289513 451
1757535157323 6258613824.050586 452
1757535157815 83779880739.38448 453
1757535158296 105337755.92797448 454
1757535158784 82763430019.8104 455
1757535159267 473817522412.7665 456
1757535159769 97289251074.22987 457
1757535160253 12858947229.885948 458
1757535160740 390484362434.0133 459
1757535161220 1623513739.2425964 460
1757535161695 451813452089.1223 461
1757535162205 5073593853.913674 462
1757535162710 49859404933.73981 463
1757535163196 166187113548.133 464
1757535163689 133416237609.50177 465
1757535164193 1512250367.4932315 466
1757535164711 14849389699.06713 467
1757535165205 12542021728.092266 468
1757535165692 74604383849.22525 469
1757535166186 160514948580.33493 470
1757535166682 29547155493.91339 471
1757535167207 27659413722.566547 472
1757535167713 325441047167.96356 473
1757535168217 5869482155061.247 474
1757535168701 64334282673.546486 475
1757535169211 62010331883.51294 476
1757535169725 20601587365709.742 477
1757535170235 3904445002.861431 478
1757535170756 6918320851.48198 479
1757535171255 82919276542.12825 480
1757535171772 287421709077.8753 481
1757535172289 47592057366.26713 482
1757535172770 70766855231.03166 483
1757535173262 3725314641.203348 484
1757535173743 364995990.9381459 485
1757535174221 7692115775.352405 486
1757535174736 101208569248.9574 487
1757535175207 69782433924.20384 488
1757535175689 6299908779.756568 489
1757535176176 27130159678.310406 490
1757535176662 35390496254.61352 491
1757535177163 504918087.48792726 492
1757535177654 8651429586.53459 493
1757535178129 263115214014.63763 494
1757535178619 1040582118.2859068 495
1757535179119 17847338.8508684 496
1757535179624 11624162138.760027 497
1757535180130 545681345.5380954 498
1757535180636 2044619120.864938 499
