1757591551376 1064044344076.8975 0
1757591551438 868232435682.9509 1
1757591551499 727726996702.0825 2
1757591551561 623842506919.3177 3
1757591551623 545214211487.1197 4
1757591551684 484635282319.4165 5
1757591551745 437337859337.7626 6
1757591551806 400039749110.7153 7
1757591551868 370401720711.20233 8
1757591551929 346708404641.6329 9
1757591551993 327673498858.9041 10
1757591552054 312315927979.74664 11
1757591552116 299877858992.4122 12
1757591552177 289768323035.00525 13
1757591552242 281523157875.9578 14
1757591552305 274775769590.26328 15
1757591552367 269235336083.39587 16
1757591552428 264670294866.95682 17
1757591552496 260895681950.09686 18
1757591552559 257763335252.9007 19
1757591552633 255154262129.33862 20
1757591552697 252972661119.3669 21
1757591552759 251141219380.97787 22
1757591552821 249597400506.33957 23
1757591552883 248290505259.28638 24
1757591552944 247179338054.1536 25
1757591553007 246230349810.36337 26
1757591553068 245416156566.3333 27
1757591553130 244714355274.28992 28
1757591553194 244106575198.18152 29
1757591553255 243577716516.76068 30
1757591553316 243115337992.81992 31
1757591553377 242709163581.7512 32
1757591553442 242350684128.32117 33
1757591553505 242032835228.95953 34
1757591553568 241749736216.41736 35
1757591553630 241496478284.39163 36
1757591553692 241268952189.5608 37
1757591553755 241063707885.51434 38
1757591553816 240877839964.73743 39
1757591553878 240708893994.96475 40
1757591553941 240554789800.40817 41
1757591554003 240413758507.95862 42
1757591554065 240284290793.83392 43
1757591554130 240165094259.03073 44
1757591554192 240055058257.39737 45
1757591554255 239953224817.9476 46
1757591554317 239858764558.85226 47
1757591554379 239770956696.7873 48
1757591554445 239689172421.8555 49
1757591554506 239612861042.9775 50
1757591554569 239541538417.7303 51
1757591554630 239474777269.09253 52
1757591554692 239412199063.4318 53
1757591554754 239353467182.53943 54
1757591554824 239298281262.50845 55
1757591554892 239246372043.8312 56
1757591554958 239197497561.76523 57
1757591555025 239151439545.927 58
1757591555091 239108000447.66718 59
1757591555154 239067001126.95093 60
1757591555217 239028277994.77472 61
1757591555280 238991681855.73752 62
1757591555342 238957076064.65952 63
1757591555404 238924335143.8435 64
1757591555466 238893343586.322 65
1757591555529 238863994816.9629 66
1757591555592 238836190287.86465 67
1757591555655 238809838688.25415 68
1757591555733 238784855252.24646 69
1757591555796 238761161150.4467 70
1757591555858 238738682953.55746 71
1757591555920 238717352157.9846 72
1757591555982 238697104764.95694 73
1757591556044 238677880905.9617 74
1757591556108 238659624508.36734 75
1757591556172 238642282996.01285 76
1757591556234 238625807020.30298 77
1757591556297 238610150217.98978 78
1757591556359 238595268992.36633 79
1757591556421 238581122315.0561 80
1757591556484 238567671545.97272 81
1757591556547 238554880269.35403 82
1757591556615 238542714144.05945 83
1757591556679 238531140766.5557 84
1757591556746 238520129545.2249 85
1757591556809 238509651584.80356 86
1757591556878 238499679579.90915 87
1757591556941 238490187716.7449 88
1757591557006 238481151582.18 89
1757591557070 238472548079.50192 90
1757591557132 238464355350.21762 91
1757591557197 238456552701.3549 92
1757591557260 238449120537.77475 93
1757591557323 238442040299.06174 94
1757591557385 238435294400.60458 95
1757591557449 238428866178.52264 96
1757591557512 238422739838.12698 97
1757591557575 238416900405.63867 98
1757591557638 238411333682.91388 99
1757591557701 238406026204.9486 100
1757591557763 238400965199.9589 101
1757591557826 238396138551.851 102
1757591557889 238391534764.9116 103
1757591557951 238387142930.56522 104
1757591558013 238382952696.0572 105
1757591558075 238378954234.9346 106
1757591558139 238375138219.20547 107
1757591558202 238371495793.0694 108
1757591558266 238368018548.11832 109
1757591558329 238364698499.9156 110
1757591558393 238361528065.86865 111
1757591558457 238358500044.31512 112
1757591558520 238355607594.75027 113
1757591558596 238352844219.1272 114
1757591558660 238350203744.16675 115
1757591558724 238347680304.61774 116
1757591558790 238345268327.4135 117
1757591558855 238342962516.67252 118
1757591558920 238340757839.4954 119
1757591558983 238338649512.5136 120
1757591559047 238336632989.14792 121
1757591559111 238334703947.53638 122
1757591559174 238332858279.09583 123
1757591559239 238331092077.68167 124
1757591559303 238329401629.31308 125
1757591559367 238327783402.4334 126
1757591559430 238326234038.67633 127
1757591559493 238324750344.11102 128
1757591559557 238323329280.94037 129
1757591559623 238321967959.62787 130
1757591559686 238320663631.43097 131
1757591559748 238319413681.31866 132
1757591559811 238318215621.25342 133
1757591559875 238317067083.818 134
1757591559940 238315965816.1693 135
1757591560002 238314909674.3018 136
1757591560066 238313896617.60437 137
1757591560129 238312924703.6954 138
1757591560193 238311992083.52155 139
1757591560257 238311096996.70642 140
1757591560320 238310237767.13596 141
1757591560383 238309412798.7688 142
1757591560446 238308620571.65958 143
1757591560510 238307859638.18405 144
1757591560573 238307128619.45593 145
1757591560636 238306426201.9251 146
1757591560699 238305751134.14883 147
1757591560763 238305102223.7255 148
1757591560827 238304478334.38422 149
1757591560891 238303878383.22086 150
1757591560955 238303301338.074 151
1757591561024 238302746215.03296 152
1757591561088 238302212076.07187 153
1757591561154 238301698026.80234 154
1757591561218 238301203214.3393 155
1757591561281 238300726825.2745 156
1757591561345 238300268083.75177 157
1757591561409 238299826249.63797 158
1757591561473 238299400616.787 159
1757591561536 238298990511.38968 160
1757591561600 238298595290.4069 161
1757591561664 238298214340.08063 162
1757591561728 238297847074.5199 163
1757591561807 238297492934.3565 164
1757591561872 238297151385.46893 165
1757591561936 238296821917.7685 166
1757591562000 238296504044.04694 167
1757591562065 238296197298.88107 168
1757591562132 238295901237.59134 169
1757591562196 238295615435.25266 170
1757591562266 238295339485.75418 171
1757591562333 238295073000.90515 172
1757591562398 238294815609.58557 173
1757591562463 238294566956.93842 174
1757591562528 238294326703.60205 175
1757591562592 238294094524.97998 176
1757591562656 238293870110.5472 177
1757591562721 238293653163.19006 178
1757591562786 238293443398.5789 179
1757591562852 238293240544.57114 180
1757591562918 238293044340.64413 181
1757591562982 238292854537.35504 182
1757591563046 238292670895.828 183
1757591563109 238292493187.26508 184
1757591563177 238292321192.48236 185
1757591563243 238292154701.46756 186
1757591563310 238291993512.95975 187
1757591563375 238291837434.04926 188
1757591563440 238291686279.79672 189
1757591563506 238291539872.87097 190
1757591563572 238291398043.204 191
1757591563636 238291260627.6629 192
1757591563706 238291127469.73712 193
1757591563771 238290998419.24127 194
1757591563837 238290873332.03165 195
1757591563902 238290752069.73685 196
1757591563968 238290634499.50076 197
1757591564034 238290520493.7379 198
1757591564098 238290409929.90097 199
1757591564165 238290302690.25815 200
1757591564231 238290198661.68253 201
1757591564298 238290097735.4503 202
1757591564363 238289999807.04877 203
1757591564428 238289904775.99384 204
1757591564494 238289812545.6555 205
1757591564559 238289723023.09164 206
1757591564626 238289636118.88986 207
1757591564692 238289551747.01645 208
1757591564758 238289469824.67236 209
1757591564825 238289390272.15594 210
1757591564892 238289313012.73212 211
1757591564958 238289237972.50742 212
1757591565031 238289165080.31067 213
1757591565112 238289094267.5798 214
1757591565180 238289025468.25287 215
1757591565252 238288958618.66476 216
1757591565319 238288893657.4486 217
1757591565388 238288830525.44095 218
1757591565455 238288769165.59213 219
1757591565521 238288709522.88022 220
1757591565590 238288651544.22873 221
1757591565662 238288595178.42844 222
1757591565727 238288540376.06213 223
1757591565794 238288487089.43332 224
1757591565861 238288435272.49774 225
1757591565927 238288384880.7978 226
1757591565993 238288335871.4003 227
1757591566059 238288288202.83664 228
