1757565758956 116111395559.89267 0
1757565759487 12538087205.227768 1
1757565760000 27719080289.5416 2
1757565760621 4918663468.839045 3
1757565761222 2325534698.7690706 4
1757565761909 8521206580.609371 5
1757565762602 21766139.83807231 6
1757565763294 499796239586.0828 7
1757565763986 22416867640.393665 8
1757565764521 3467031539.437084 9
1757565765200 15007833930.87856 10
1757565765789 8143501680.22092 11
1757565766391 1122565106.6366467 12
1757565767011 19607859198.743195 13
1757565767572 70437783925.34947 14
1757565768219 302388793210.6491 15
1757565768778 5256867197.519848 16
1757565769409 263060984.85973877 17
1757565770010 114593919759.65297 18
1757565770562 2710536556.7664275 19
1757565771201 201621521712.39667 20
1757565771791 19297506856.445107 21
1757565772427 124462761795.1837 22
1757565773017 35304134181.8407 23
1757565773598 564281774732.1555 24
1757565774260 7040712512.695983 25
1757565774799 627383714365.7565 26
1757565775470 6344496001.246923 27
1757565776103 6508832086358.917 28
1757565776680 119748771026.93677 29
1757565777362 8254123966.557506 30
1757565778063 71598539903.80171 31
1757565778765 11119870616.286016 32
1757565779457 230825978584.15137 33
1757565780162 9360500.449838508 34
1757565780860 899400592.4520321 35
1757565781526 1456908487.7172527 36
1757565782135 209568888897.64157 37
1757565782785 3620741696.6712885 38
1757565783355 8534722139.79209 39
1757565784066 5785356193.366176 40
1757565784779 71600049041.01619 41
1757565785515 204424718.9212166 42
1757565786148 252464755938.80063 43
1757565786808 3778017815.137574 44
1757565787377 15410002091.673164 45
1757565788066 57678417455.71209 46
1757565788770 10102831043.771847 47
1757565789477 169240178285.4699 48
1757565790137 71010537176.50876 49
1757565790754 8763969283574.262 50
1757565791362 2649854380332.4443 51
1757565791990 5958415277.576817 52
1757565792497 16574943423.568745 53
1757565793190 26218522064.06149 54
1757565793887 7554120253124.395 55
1757565794577 92245480.8146616 56
1757565795289 116691461044.76279 57
1757565795999 368682553419.71796 58
1757565796708 63565178537.586205 59
1757565797401 14041264093.574642 60
1757565798093 58318453440.348656 61
1757565798790 160585442455.4252 62
1757565799454 2493682519.772744 63
1757565800007 56639212777.756165 64
1757565800626 174756682951.9252 65
1757565801208 39020840247.839195 66
1757565801916 8148932162.1468935 67
1757565802599 466284313.97537124 68
1757565803279 40307122788.78722 69
1757565803844 28237129089.04349 70
1757565804535 2356971758.9630046 71
1757565805241 68655419824.137695 72
1757565805803 930886327148.7698 73
1757565806469 9419983392.466091 74
1757565807057 107015914144.29893 75
1757565807650 19380154414.58322 76
1757565808320 76576015328.70503 77
1757565808977 17580372762.98613 78
1757565809588 88705524312.65833 79
1757565810241 67838878278.97868 80
1757565810904 602639288622.4678 81
1757565811501 71246752112.56963 82
1757565812192 264614138862.72678 83
1757565812897 578652481.9335376 84
1757565813596 37519706447.92905 85
1757565814292 127518445473.10704 86
1757565814992 153697597712.23694 87
1757565815668 6200419152.43255 88
1757565816358 44981612196.35531 89
1757565817078 5446643129.739282 90
1757565817776 23369999258.73028 91
1757565818337 187153546934.13065 92
1757565818990 40983280485.05841 93
1757565819617 96051861659.88084 94
1757565820269 9523563200.585537 95
1757565820998 211290315.45360598 96
1757565821688 59004290145.14915 97
1757565822364 33434666592.08886 98
1757565823090 5803022355.748722 99
1757565823843 7379019689.076914 100
1757565824590 832909342595.5356 101
1757565825357 3766439210.081502 102
1757565826067 29557043478.50326 103
1757565826801 93697014413.55103 104
1757565827534 35019382031.848335 105
1757565828246 312546038079.3121 106
1757565828867 112328112437.08846 107
1757565829445 28520920729.750725 108
1757565830094 9894239413.180225 109
1757565830793 4203593970.342407 110
1757565831496 29306857496.484657 111
1757565832209 39656303143.35616 112
1757565832916 37419791310.20879 113
1757565833615 7096794739.050369 114
1757565834302 80972383009.04604 115
1757565835006 35412141432.7411 116
1757565835731 240294219527.03943 117
1757565836454 68640700345.6682 118
1757565837210 66122670381.14643 119
1757565837914 57937148625.30706 120
1757565838662 136200660769.8054 121
1757565839399 18566892521.655006 122
1757565840192 16395266924.398405 123
1757565840931 4414251409812.739 124
1757565841665 12332367171.388092 125
1757565842406 1902536095.3351593 126
1757565843125 37811342377.50001 127
1757565843793 13831774027.27538 128
1757565844503 15976175001.33698 129
1757565845241 22262004446.359314 130
1757565845962 22754112633.48096 131
1757565846706 28968954206.589077 132
1757565847471 3033710420.1067586 133
1757565848221 905660033.2070006 134
1757565848951 260263725956.0713 135
1757565849680 303586386861.3869 136
1757565850394 25147826250.43186 137
1757565851104 156718555689.75305 138
1757565851816 74484904382.73537 139
1757565852568 2162573387.0314546 140
1757565853282 90806279779.74222 141
1757565853974 3440935174.372826 142
1757565854654 3988635917.629264 143
1757565855350 16872331767.588203 144
1757565856065 104245172550.91176 145
1757565856788 100390526474.74768 146
1757565857494 118631900856.63206 147
1757565858178 138568779442.71368 148
1757565858874 202120722505.4096 149
1757565859537 1288675559622.3599 150
1757565860220 49663833847.17286 151
1757565860905 627092042548.4392 152
1757565861499 39687877243.52281 153
1757565862180 291443131236.684 154
1757565862865 8358088231.7414 155
1757565863573 14723207250.79213 156
1757565864213 44300938519.5774 157
1757565864832 15095962662.737913 158
1757565865519 5680925997.702181 159
1757565866190 3814609332.2743993 160
1757565866886 86350101051.16463 161
1757565867599 31314971101.28295 162
1757565868296 7990679817.767001 163
1757565868999 37027289762.09277 164
1757565869704 6153850168.416116 165
1757565870339 248205444767.32825 166
1757565870976 6439177500.638494 167
1757565871694 4516083041.106325 168
1757565872389 103730313117.5833 169
1757565873108 98594512871.69984 170
1757565873810 83027622691.22096 171
1757565874495 30468410175.586212 172
1757565875190 1174978928.8848293 173
1757565875882 157886195592.2611 174
1757565876594 980097438.994316 175
1757565877276 958032268680.2465 176
1757565877952 3279059323.0577946 177
1757565878669 45232842242.78455 178
1757565879386 429687779.5846312 179
1757565880080 15376086525.711557 180
1757565880682 6126734.035612546 181
1757565881388 6463577806.695726 182
1757565882086 5141893647.629406 183
1757565882803 8107635038.493037 184
1757565883489 36122968033.343895 185
1757565884178 36609387980.98 186
1757565884869 471896020162.9774 187
1757565885566 19060923695.91855 188
1757565886279 7548657293.694626 189
1757565886990 457360921810.4169 190
1757565887694 4764271544.264984 191
1757565888387 41852538884.715866 192
1757565889074 22812940109.37347 193
1757565889771 5914323074261.132 194
1757565890481 8929668377.145916 195
1757565891182 1392181159.7646842 196
1757565891857 2265620040.6896515 197
1757565892476 29458244389.47787 198
1757565893158 6086041522.6922455 199
1757565893811 9860534820.393559 200
1757565894461 124691860171.52766 201
1757565895172 28118124305.06695 202
1757565895892 1041009960.9406271 203
1757565896627 423114196402.44617 204
1757565897348 26235438213.823505 205
1757565898058 125096509073.00386 206
1757565898775 507007978043.5838 207
1757565899496 451344596908.46826 208
1757565900203 89300271294.33899 209
1757565900907 615166937760.2808 210
1757565901624 87553477956.73384 211
1757565902328 17747860363.649662 212
1757565903016 851413214.6405826 213
1757565903550 12032070325.896967 214
1757565904207 15297672912.052021 215
1757565904743 15853150402.502329 216
1757565905439 21152854410.607197 217
1757565906120 294835945413.4048 218
1757565906711 869823440291.6743 219
1757565907248 15539495066.878033 220
1757565907727 52256801223.62632 221
1757565908209 9530135049.89209 222
1757565908690 444513222018.0268 223
1757565909185 333630585.3549488 224
1757565909671 43812872543.53327 225
1757565910161 98892759291.2448 226
1757565910643 9398881693.569809 227
1757565911136 159575131024.04767 228
1757565911625 6300843918.184493 229
1757565912113 17546402103.046326 230
1757565912607 16317406133.505741 231
1757565913092 50566809133.92409 232
1757565913582 1794485079.4745917 233
1757565914069 4104032392.9482107 234
1757565914553 21723849322.755245 235
1757565915041 107440464064.27966 236
1757565915521 376858817976.0544 237
1757565916005 15417849789.50231 238
1757565916496 78194483563.6951 239
1757565916978 58852733879.22442 240
1757565917456 39973757927.184906 241
1757565917935 12531004989.336813 242
1757565918427 857717363.139353 243
1757565918915 91271044648.07275 244
1757565919397 1089725585597.5328 245
1757565919903 475959777.302988 246
1757565920403 25740498593.23955 247
1757565920893 83773444843.1118 248
1757565921390 49644477391.21168 249
1757565921881 167502543712.52792 250
1757565922374 7992952208.172438 251
1757565922872 36373125860.59423 252
1757565923364 64154554313.24664 253
1757565923854 6940485952.704325 254
1757565924344 7900805037.052746 255
1757565924835 64022299302.254295 256
1757565925320 7172760158.569869 257
1757565925816 29677548732.40866 258
1757565926303 5193291747.476208 259
1757565926800 28707642644.31448 260
1757565927288 21909623956.30148 261
1757565927772 32070662.5257127 262
1757565928268 604952112742.491 263
1757565928758 389593125454.049 264
1757565929252 5047867691.961615 265
1757565929743 1294118577.2035143 266
1757565930230 39189317965.241776 267
1757565930718 147503453885.66382 268
1757565931220 200065307059.67276 269
1757565931713 8980030694.170115 270
1757565932205 69193664163.95306 271
1757565932697 36524951854.294075 272
1757565933189 14307274409.176607 273
1757565933674 46328696378.36992 274
1757565934153 790688745.5997108 275
1757565934633 11072256194.997395 276
1757565935119 165661601533.8667 277
1757565935606 67446378256.22125 278
1757565936083 584986368.6925644 279
1757565936569 711823989.5484588 280
1757565937053 12308786044.972775 281
1757565937541 1098558481316.0314 282
1757565938027 112342565022.4312 283
1757565938507 68708332595.129524 284
1757565938988 50660966022.97189 285
1757565939473 538214648.0183728 286
1757565939959 204695812578.0991 287
1757565940451 10725571969.342525 288
1757565940946 3410973364.864914 289
1757565941437 13749810046.857336 290
1757565941923 232093318460.27014 291
1757565942404 17199801237.350594 292
1757565942884 307916013226.09625 293
1757565943362 112220898918.70424 294
