1757588566936 1019578177862.9402 0
1757588566999 804734597582.8591 1
1757588567061 1121192131743.4385 2
1757588567122 14315337822833.746 3
1757588567184 336531336808801.3 4
1757588567245 8122687813624280.0 5
1757588567306 1.962318320256223e+17 6
1757588567371 4.740824347427427e+18 7
1757588567435 1.1453517230440825e+20 8
1757588567503 2.767093924818322e+21 9
1757588567565 6.685115731002582e+22 10
1757588567631 1.6150797022275956e+24 11
1757588567700 3.9019256356150394e+25 12
1757588567766 9.426794011838734e+26 13
1757588567832 2.2774510239468377e+28 14
1757588567901 5.502170897082131e+29 15
1757588567965 1.3292880620649835e+31 16
1757588568030 3.2114719535256456e+32 17
1757588568093 7.758703626857441e+33 18
1757588568157 1.8744514303892366e+35 19
1757588568220 4.528550559304434e+36 20
1757588568281 1.0940678342312647e+38 21
1757588568342 2.643195455641209e+39 22
1757588568404 6.385785230246987e+40 23
1757588568465 1.542763435061527e+42 24
1757588568528 3.7272143217237345e+43 25
1757588568590 9.004703044124506e+44 26
1757588568653 2.1754766405642518e+46 27
1757588568717 5.2558075379606925e+47 28
1757588568779 1.269768305529578e+49 29
1757588568842 3.0676761621926623e+50 30
1757588568904 7.411302514879093e+51 31
1757588568966 1.7905216216757702e+53 32
1757588569027 4.32578169795668e+54 33
1757588569090 1.0450802197442234e+56 34
1757588569152 2.5248446222252538e+57 35
1757588569215 6.09985745203367e+58 36
1757588569281 1.4736851768065414e+60 37
1757588569343 3.5603258230489785e+61 38
1757588569405 8.601511480042163e+62 39
1757588569467 2.0780682279785633e+64 40
1757588569532 5.02047526199757e+65 41
1757588569599 1.2129135856548743e+67 42
1757588569662 2.9303189229953734e+68 43
1757588569725 7.079456518601542e+69 44
1757588569788 1.7103498259342547e+71 45
1757588569861 4.13209194715301e+72 46
1757588569923 9.982860582571296e+73 47
1757588569985 2.4117930260414287e+75 48
1757588570047 5.826732280141545e+76 49
1757588570112 1.4076999434801483e+78 50
1757588570175 3.400909867830543e+79 51
1757588570240 8.216373086236672e+80 52
1757588570305 1.985021341812232e+82 53
1757588570368 4.795680145112309e+83 54
1757588570433 1.1586045736529849e+85 55
1757588570498 2.799111945482302e+86 56
1757588570562 6.762469147380037e+87 57
1757588570625 1.6337677756359711e+89 58
1757588570689 3.9470747836840345e+90 59
1757588570752 9.535871364539451e+91 60
1757588570816 2.3038033902203043e+93 61
1757588570879 5.565836469362762e+94 62
1757588570941 1.344669242835265e+96 63
1757588571003 3.248631867968234e+97 64
1757588571065 7.848479520009137e+98 65
1757588571129 1.8961406918207678e+100 66
1757588571192 4.5809503790032844e+101 67
1757588571254 1.106727283761809e+103 68
1757588571320 2.673779847598551e+104 69
1757588571385 6.4596750964014e+105 70
1757588571448 1.560614737542652e+107 71
1757588571513 3.7703418866873324e+108 72
1757588571581 9.108896385851571e+109 73
1757588571644 2.200649062122059e+111 74
1757588571709 5.3166224419248975e+112 75
1757588571773 1.2844607837072586e+114 76
1757588571838 3.103172216766508e+115 77
1757588571902 7.49705863274239e+116 78
1757588571965 1.811239732010217e+118 79
1757588572029 4.375835280899248e+119 80
1757588572093 1.057172834007519e+121 81
1757588572158 2.5540595777037957e+122 82
1757588572223 6.170438850317716e+123 83
1757588572286 1.4907371753536236e+125 84
1757588572349 3.601522322625199e+126 85
1757588572413 8.701039495637914e+127 86
1757588572477 2.102113537629451e+129 87
1757588572541 5.078567138214128e+130 88
1757588572605 1.2269481983563039e+132 89
1757588572667 2.964225618132035e+133 90
1757588572730 7.161372849286846e+134 91
1757588572794 1.7301402691074868e+136 92
1757588572858 4.179904347649521e+137 93
1757588572936 1.0098372176790188e+139 94
1757588573001 2.4396998624697054e+140 95
1757588573065 5.8941533494030845e+141 96
1757588573129 1.4239884274580925e+143 97
1757588573194 3.440261766755573e+144 98
1757588573257 8.311444668779445e+145 99
1757588573321 2.0079900067409642e+147 100
1757588573386 4.8511709189585475e+148 101
1757588573449 1.1720107772421288e+150 102
1757588573514 2.831500445806986e+151 103
1757588573579 6.840717619910452e+152 104
1757588573642 1.6526720885617402e+154 105
1757588573706 3.9927463521682043e+155 106
1757588573770 9.646210850348563e+156 107
1757588573834 2.330460679498292e+158 108
1757588573906 5.630238715434453e+159 109
1757588573971 1.3602283991164108e+161 110
1757588574036 3.286221759462327e+162 111
1757588574101 7.93929420925099e+163 112
1757588574165 1.9180809195104182e+165 113
1757588574231 4.633956516566753e+166 114
1757588574295 1.119533215674368e+168 115
1757588574360 2.7047181312931e+169 116
1757588574423 6.534419941563796e+170 117
1757588574488 1.5786725972917854e+172 118
1757588574553 3.8139684803354765e+173 119
1757588574620 9.214295347842723e+174 120
1757588574685 2.22611275355396e+176 121
1757588574750 5.378141034621604e+177 122
1757588574814 1.2993232684239986e+179 123
1757588574881 3.13907899588357e+180 124
1757588574946 7.58380703391041e+181 125
1757588575011 1.8321975714217524e+183 126
1757588575078 4.426468033420991e+184 127
1757588575145 1.0694053718067973e+186 128
1757588575215 2.5836125791817376e+187 129
1757588575282 6.241836945356269e+188 130
1757588575349 1.5079864824297184e+190 131
1757588575416 3.643195506544836e+191 132
1757588575479 8.801719149048888e+192 133
1757588575543 2.1264370753521744e+194 134
1757588575607 5.137331195032425e+195 135
1757588575671 1.2411452054409996e+197 136
1757588575736 2.9985246473474765e+198 137
1757588575802 7.244237033132309e+199 138
1757588575867 1.7501597073290404e+201 139
1757588575935 4.228269985022337e+202 140
1757588575999 1.0215220354675662e+204 141
1757588576063 2.4679296086630793e+205 142
1757588576142 5.962354547279142e+206 143
1757588576210 1.4404653853445249e+208 144
1757588576275 3.4800690061657395e+209 145
1757588576342 8.407616323788847e+210 146
1757588576408 2.031224441894704e+212 147
1757588576472 4.907303776073291e+213 148
1757588576537 1.185572103898087e+215 149
1757588576602 2.8642637131913003e+216 150
1757588576666 6.919871504845763e+217 151
1757588576730 1.6717951431303217e+219 152
1757588576794 4.0389463859797895e+220 153
1757588576858 9.757827073402101e+221 154
1757588576924 2.357426420041996e+223 155
1757588576988 5.6953861593433505e+224 156
1757588577052 1.3759675902615017e+226 157
1757588577117 3.324246603268654e+227 158
1757588577182 8.031159714483554e+228 159
1757588577246 1.940275017386577e+230 160
1757588577314 4.6875759876935406e+231 161
1757588577382 1.132487324915299e+233 162
1757588577446 2.736014401603032e+234 163
1757588577512 6.610029658688737e+235 164
1757588577578 1.5969394043812529e+237 165
1757588577643 3.8580998769246844e+238 166
1757588577709 9.320913880319416e+239 167
1757588577775 2.2518710851410988e+241 168
1757588577844 5.440371458426967e+242 169
1757588577913 1.3143577268239663e+244 170
1757588577980 3.1754012520339303e+245 171
1757588578049 7.671559200084581e+246 172
1757588578119 1.8533979138134263e+248 173
1757588578185 4.477686657088031e+249 174
1757588578252 1.0817794521960655e+251 175
1757588578320 2.613507538186398e+252 176
1757588578386 6.314061187140347e+253 177
1757588578453 1.525435381090098e+255 178
1757588578519 3.6853508905183275e+256 179
1757588578584 8.903563765866288e+257 180
1757588578651 2.151042060521344e+259 181
1757588578717 5.196775210248322e+260 182
1757588578784 1.2555064859729409e+262 183
1757588578849 3.0332205503358697e+263 184
1757588578916 7.328060037738526e+264 185
1757588578983 1.770410790298585e+266 186
1757588579049 4.277195260770462e+267 187
1757588579115 1.0333420581825484e+269 188
1757588579179 2.496486001007588e+270 189
1757588579244 6.031344900630999e+271 190
1757588579310 1.4571329979693706e+273 191
1757588579379 3.520336854801781e+274 192
1757588579450 8.5049007801937e+275 193
1757588579523 2.0547277224983698e+277 194
1757588579588 4.964086145996379e+278 195
1757588579656 1.1992903485484929e+280 196
1757588579724 2.8974060840615722e+281 197
1757588579790 6.999941278704921e+282 198
1757588579854 1.6911394703993375e+284 199
1757588579921 4.085680999986445e+285 200
1757588579986 9.870734806815483e+286 201
1757588580054 2.3847041809383078e+288 202
1757588580120 5.761287423767112e+289 203
1757588580184 1.3918888994523808e+291 204
1757588580251 3.3627114322166343e+292 205
1757588580318 8.124088194689504e+293 206
1757588580385 1.962725922978971e+295 207
1757588580453 4.741815889261021e+296 208
1757588580523 1.145591326043193e+298 209
1757588580589 2.7676728007884045e+299 210
1757588580658 6.686514255202288e+300 211
1757588580724 1.615417576538943e+302 212
1757588580793 3.902741917525466e+303 213
1757588580860 inf 214
1757588580927 inf 215
1757588580993 inf 216
