1757569497792 1053300496920.496 0
1757569497859 1026183915107.6091 1
1757569497921 987685487629.5486 2
1757569497982 945216019648.4424 3
1757569498041 902313263816.3291 4
1757569498111 860852595766.9581 5
1757569498176 821655992543.0835 6
1757569498238 784958704388.6036 7
1757569498305 750771026904.2948 8
1757569498371 719008189115.5367 9
1757569498443 689530453836.8448 10
1757569498503 662178525443.8861 11
1757569498570 636794658270.1398 12
1757569498635 613228066908.2853 13
1757569498699 591336613632.5181 14
1757569498762 570988309923.2539 15
1757569498823 552061544109.9491 16
1757569498885 534444463850.67163 17
1757569498953 518034313314.8198 18
1757569499020 502736802517.90295 19
1757569499086 488465437566.3376 20
1757569499156 475140866699.0114 21
1757569499232 462690281785.78204 22
1757569499296 451046867593.44855 23
1757569499363 440149292385.4255 24
1757569499441 429941241063.07513 25
1757569499514 420370988977.0045 26
1757569499578 411391012345.7003 27
1757569499645 402957632085.859 28
1757569499702 395030688529.5261 29
1757569499768 387573244309.4277 30
1757569499832 380551312941.1208 31
1757569499897 373933610854.1798 32
1757569499961 367691330842.94196 33
1757569500029 361797935059.0237 34
1757569500096 356228965831.83997 35
1757569500161 350961872758.4498 36
1757569500225 345975854640.9297 37
1757569500288 341251714973.9704 38
1757569500352 336771729813.76044 39
1757569500416 332519526888.8302 40
1757569500478 328479975072.9241 41
1757569500544 324639083242.04297 42
1757569500608 320983907722.5029 43
1757569500673 317502467583.43744 44
1757569500736 314183667092.9594 45
1757569500800 311017224717.0909 46
1757569500861 307993608095.1119 47
1757569500930 305103974474.67865 48
1757569501002 302340116135.3565 49
1757569501063 299694410370.51263 50
1757569501127 297159773635.16766 51
1757569501194 294729619501.7376 52
1757569501254 292397820096.8952 53
1757569501313 290158670721.3235 54
1757569501375 288006857380.1535 55
1757569501443 285937426975.61194 56
1757569501506 283945759935.041 57
1757569501569 282027545067.19476 58
1757569501640 280178756457.7109 59
1757569501700 278395632231.0793 60
1757569501768 276674655021.40173 61
1757569501828 275012534007.89777 62
1757569501893 273406188383.5718 63
1757569501955 271852732136.82666 64
1757569502013 270349460036.17886 65
1757569502077 268893834717.69574 66
1757569502138 267483474783.40802 67
1757569502204 266116143826.83502 68
1757569502267 264789740308.946 69
1757569502335 263502288214.45175 70
1757569502399 262251928424.3038 71
1757569502459 261036910745.7562 72
1757569502526 259855586546.33063 73
1757569502590 258706401942.5883 74
1757569502650 257587891512.3867 75
1757569502711 256498672427.72586 76
1757569502776 255437439077.78616 77
1757569502839 254402958062.15857 78
1757569502905 253394063549.98285 79
1757569502965 252409652975.59213 80
1757569503028 251448683043.9107 81
1757569503089 250510166021.1754 82
1757569503153 249593166288.6288 83
1757569503223 248696797138.70828 84
1757569503290 247820217794.95743 85
1757569503348 246962630638.43857 86
1757569503413 246123278624.8407 87
1757569503480 245301442877.7713 88
1757569503544 244496440444.9037 89
1757569503607 243707622204.73413 90
1757569503671 242934370912.69202 91
1757569503736 242176099376.25613 92
1757569503802 241432248749.55612 93
1757569503868 240702286938.70242 94
1757569503928 239985707109.7817 95
1757569503991 239282026292.09488 96
1757569504068 238590784069.7982 97
1757569504138 237911541355.6453 98
1757569504208 237243879241.0198 99
1757569504266 236587397916.89755 100
1757569504330 235941715660.79404 101
1757569504390 235306467885.13013 102
1757569504452 234681306242.7987 103
1757569504518 234065897786.03558 104
1757569504582 233459924174.9914 105
1757569504644 232863080932.67236 106
1757569504710 232275076743.16486 107
1757569504780 231695632790.2897 108
1757569504843 231124482134.03943 109
1757569504910 230561369122.34793 110
1757569504974 230006048835.91763 111
1757569505035 229458286563.996 112
1757569505096 228917857309.1408 113
1757569505160 228384545319.15744 114
1757569505228 227858143644.51526 115
1757569505294 227338453719.67218 116
1757569505355 226825284972.52777 117
1757569505418 226318454435.20694 118
1757569505489 225817786398.45508 119
1757569505552 225323112074.26718 120
1757569505618 224834269276.38153 121
1757569505676 224351102117.44342 122
1757569505739 223873460721.79214 123
1757569505802 223401200952.9344 124
1757569505868 222934184154.8429 125
1757569505929 222472276906.28622 126
1757569505992 222015350787.45068 127
1757569506070 221563282158.16373 128
1757569506128 221115951947.07523 129
1757569506192 220673245451.19107 130
1757569506261 220235052145.19406 131
1757569506328 219801265500.02 132
1757569506388 219371782810.19095 133
1757569506450 218946505029.43713 134
1757569506538 218525336614.16718 135
1757569506624 218108185374.37216 136
1757569506688 217694962331.57596 137
1757569506751 217285581583.46225 138
1757569506812 216879960174.83603 139
1757569506875 216478017974.59183 140
1757569506941 216079677558.38342 141
1757569507004 215684864096.70502 142
1757569507069 215293505248.11142 143
1757569507131 214905531057.3188 144
1757569507195 214520873857.94366 145
1757569507277 214139468179.6492 146
1757569507346 213761250659.48206 147
1757569507411 213386159957.1938 148
1757569507479 213014136674.3529 149
1757569507546 212645123277.063 150
1757569507611 212279064022.11264 151
1757569507676 211915904886.39294 152
1757569507739 211555593499.42493 153
1757569507807 211198079078.84998 154
1757569507873 210843312368.74194 155
1757569507936 210491245580.60764 156
1757569508003 210141832336.94995 157
1757569508064 209795027617.2727 158
1757569508131 209450787706.41403 159
1757569508201 209109070145.09985 160
1757569508274 208769833682.61426 161
1757569508341 208433038231.4902 162
1757569508404 208098644824.12613 163
1757569508471 207766615571.24225 164
1757569508533 207436913622.09073 165
1757569508602 207109503126.34113 166
1757569508665 206784349197.5649 167
1757569508726 206461417878.24652 168
1757569508791 206140676106.25275 169
1757569508853 205822091682.6944 170
1757569508922 205505633241.11832 171
1757569508982 205191270217.97025 172
1757569509051 204878972824.272 173
1757569509117 204568712018.4592 174
1757569509181 204260459480.32788 175
1757569509250 203954187586.04172 176
1757569509319 203649869384.1521 177
1757569509388 203347478572.58795 178
1757569509461 203046989476.572 179
1757569509524 202748377027.4229 180
1757569509602 202451616750.7346 181
1757569509676 202156684725.3714 182
1757569509737 201863557579.85056 183
1757569509799 201572212473.2149 184
1757569509873 201282627077.16986 185
1757569509933 200994779559.1764 186
1757569510004 200708648566.33273 187
1757569510067 200424213209.94775 188
1757569510134 200141453050.74503 189
1757569510202 199860348084.65485 190
1757569510267 199580878729.16132 191
1757569510335 199303025810.17746 192
1757569510404 199026770549.42328 193
1757569510486 198752094552.28577 194
1757569510558 198478979796.1389 195
1757569510621 198207408619.10468 196
1757569510680 197937363709.23712 197
1757569510743 197668828094.1104 198
1757569510810 197401785130.79507 199
1757569510872 197136218496.20602 200
1757569510938 196872112177.807 201
1757569511004 196609450464.6565 202
1757569511073 196348217938.78116 203
1757569511138 196088399466.86368 204
1757569511200 195829980192.23145 205
1757569511266 195572945527.1344 206
1757569511331 195317281145.30005 207
1757569511398 195062972974.75415 208
1757569511462 194810007190.89664 209
1757569511528 194558370209.8224 210
1757569511587 194308048681.8768 211
1757569511650 194059029485.43686 212
1757569511713 193811299720.90872 213
1757569511776 193564846704.93307 214
1757569511846 193319657964.78964 215
1757569511912 193075721232.99426 216
1757569511972 192833024442.0786 217
1757569512042 192591555719.54794 218
1757569512112 192351303383.00757 219
1757569512178 192112255935.45316 220
1757569512241 191874402060.71747 221
1757569512306 191637730619.06784 222
1757569512379 191402230642.9483 223
1757569512451 191167891332.861 224
1757569512518 190934702053.3813 225
1757569512591 190702652329.3015 226
1757569512654 190471731841.89896 227
1757569512719 190241930425.32187 228
1757569512787 190013238063.09085 229
1757569512856 189785644884.70978 230
1757569512923 189559141162.38324 231
1757569512985 189333717307.8354 232
1757569513054 189109363869.22748 233
1757569513121 188886071528.16943 234
1757569513191 188663831096.82294 235
1757569513257 188442633515.09167 236
1757569513317 188222469847.89612 237
1757569513393 188003331282.52975 238
1757569513456 187785209126.09354 239
1757569513521 187568094803.00565 240
1757569513588 187351979861.09558 241
1757569513667 187136855947.88885 242
1757569513729 186922714823.3601 243
1757569513799 186709548356.62906 244
1757569513864 186497348523.26474 245
1757569513936 186286107402.92294 246
1757569514002 186075817177.17792 247
1757569514068 185866470127.4786 248
1757569514137 185658058633.19305 249
1757569514202 185450575169.72253 250
1757569514267 185244012306.6747 251
1757569514336 185038362706.09003 252
1757569514406 184833619120.71765 253
1757569514473 184629774392.338 254
1757569514542 184426821450.13022 255
1757569514603 184224753309.08203 256
1757569514670 184023563068.44193 257
1757569514734 183823243910.21024 258
1757569514806 183623789097.6693 259
1757569514867 183425191973.95108 260
1757569514934 183227445960.6404 261
1757569514999 183030544556.41348 262
1757569515065 182834481335.70963 263
1757569515135 182639249947.4364 264
1757569515202 182444844113.70563 265
1757569515267 182251257628.60056 266
1757569515335 182058484356.97205 267
1757569515407 181866518233.26428 268
1757569515478 181675353260.3674 269
1757569515539 181484983508.4976 270
1757569515609 181295403114.1033 271
1757569515676 181106606278.79645 272
1757569515741 180918587268.30814 273
1757569515806 180731340411.46863 274
1757569515867 180544860099.2099 275
1757569515931 180359140783.59064 276
1757569515998 180174176976.84323 277
1757569516068 179989963250.4412 278
1757569516129 179806494234.188 279
1757569516199 179623764615.32474 280
1757569516266 179441769137.6576 281
1757569516336 179260502600.70416 282
1757569516400 179079959858.85724 283
1757569516472 178900135820.56735 284
1757569516541 178721025447.5411 285
1757569516605 178542623753.9576 286
1757569516676 178364925805.7 287
1757569516746 178187926719.60315 288
1757569516812 178011621662.71683 289
1757569516879 177836005851.58377 290
1757569516950 177661074551.53177 291
1757569517018 177486823075.98038 292
1757569517097 177313246785.7613 293
1757569517166 177140341088.4518 294
1757569517233 176968101437.7216 295
1757569517304 176796523332.69193 296
1757569517369 176625602317.3074 297
1757569517444 176455333979.71948 298
1757569517516 176285713951.68213 299
1757569517579 176116737907.9585 300
1757569517642 175948401565.73853 301
1757569517710 175780700684.0683 302
1757569517780 175613631063.2889 303
1757569517849 175447188544.48618 304
1757569517918 175281369008.95056 305
1757569517984 175116168377.64636 306
1757569518053 174951582610.69086 307
1757569518122 174787607706.84283 308
1757569518187 174624239702.99997 309
1757569518254 174461474673.70514 310
1757569518321 174299308730.66165 311
1757569518390 174137738022.2568 312
1757569518456 173976758733.09344 313
1757569518527 173816367083.5303 314
1757569518598 173656559329.2294 315
1757569518664 173497331760.71188 316
1757569518727 173338680702.921 317
1757569518794 173180602514.79224 318
1757569518859 173023093588.83163 319
1757569518922 172866150350.69974 320
1757569518989 172709769258.8039 321
1757569519063 172553946803.8958 322
1757569519133 172398679508.67715 323
1757569519209 172243963927.4105 324
1757569519276 172089796645.537 325
1757569519344 171936174279.30032 326
1757569519413 171783093475.37653 327
1757569519486 171630550910.50974 328
1757569519564 171478543291.1537 329
1757569519645 171327067353.11914 330
1757569519715 171176119861.22614 331
1757569519801 171025697608.96292 332
1757569519880 170875797418.14886 333
1757569519949 170726416138.60333 334
1757569520017 170577550647.81967 335
1757569520099 170429197850.64383 336
1757569520173 170281354678.958 337
1757569520242 170134018091.3696 338
1757569520315 169987185072.90384 339
1757569520385 169840852634.70203 340
1757569520454 169695017813.7238 341
1757569520534 169549677672.4538 342
1757569520602 169404829298.61298 343
1757569520666 169260469804.87393 344
1757569520734 169116596328.58035 345
1757569520800 168973206031.47098 346
1757569520873 168830296099.40698 347
1757569520937 168687863742.1037 348
1757569521002 168545906192.86658 349
1757569521074 168404420708.32977 350
1757569521141 168263404568.19974 351
1757569521209 168122855075.00174 352
1757569521276 167982769553.83014 353
1757569521345 167843145352.1023 354
1757569521421 167703979839.31586 355
1757569521488 167565270406.8094 356
1757569521553 167427014467.5264 357
1757569521621 167289209455.78275 358
1757569521692 167151852827.03705 359
1757569521763 167014942057.66452 360
1757569521828 166878474644.73352 361
1757569521900 166742448105.7857 362
1757569521968 166606859978.6186 363
1757569522034 166471707821.07166 364
1757569522105 166336989210.8146 365
1757569522171 166202701745.13934 366
1757569522236 166068843040.754 367
1757569522302 165935410733.5801 368
1757569522372 165802402478.5524 369
1757569522438 165669815949.42117 370
1757569522509 165537648838.5574 371
1757569522575 165405898856.76022 372
1757569522645 165274563733.06726 373
1757569522713 165143641214.56705 374
1757569522782 165013129066.21417 375
1757569522851 164883025070.64655 376
1757569522914 164753327028.00565 377
1757569522985 164624032755.75815 378
1757569523051 164495140088.52063 379
1757569523117 164366646877.88617 380
1757569523186 164238550992.25314 381
1757569523256 164110850316.65637 382
1757569523324 163983542752.60025 383
1757569523395 163856626217.89395 384
1757569523467 163730098646.48904 385
1757569523540 163603957988.3186 386
1757569523612 163478202209.13867 387
1757569523683 163352829290.37192 388
1757569523754 163227837228.95248 389
1757569523821 163103224037.17365 390
1757569523890 162978987742.53665 391
1757569523966 162855126387.6019 392
1757569524035 162731638029.84164 393
1757569524108 162608520741.4944 394
1757569524181 162485772609.42178 395
1757569524247 162363391734.96622 396
1757569524319 162241376233.8108 397
1757569524388 162119724235.84103 398
1757569524457 161998433885.0078 399
1757569524530 161877503339.19238 400
1757569524597 161756930770.07257 401
1757569524663 161636714362.99112 402
1757569524728 161516852316.825 403
1757569524797 161397342843.85678 404
1757569524866 161278184169.64703 405
1757569524940 161159374532.90878 406
1757569525012 161040912185.38293 407
1757569525082 160922795391.71542 408
1757569525154 160805022429.33588 409
1757569525259 160687591588.33728 410
1757569525325 160570501171.35757 411
1757569525390 160453749493.46222 412
1757569525460 160337334882.02832 413
1757569525533 160221255676.62994 414
1757569525600 160105510228.92496 415
1757569525678 159990096902.54288 416
1757569525761 159875014072.97427 417
1757569525826 159760260127.4612 418
1757569525894 159645833464.88925 419
1757569525964 159531732495.68005 420
1757569526033 159417955641.68597 421
1757569526100 159304501336.08533 422
1757569526172 159191368023.27896 423
1757569526249 159078554158.7879 424
1757569526317 158966058209.1525 425
1757569526381 158853878651.83203 426
1757569526447 158742013975.1062 427
1757569526518 158630462677.97717 428
1757569526587 158519223270.07278 429
1757569526659 158408294271.551 430
1757569526727 158297674213.00537 431
1757569526797 158187361635.37128 432
1757569526865 158077355089.83362 433
1757569526936 157967653137.7351 434
1757569527003 157858254350.48578 435
1757569527074 157749157309.4737 436
1757569527149 157640360605.97574 437
1757569527215 157531862841.07068 438
1757569527281 157423662625.55206 439
1757569527359 157315758579.84262 440
1757569527427 157208149333.90942 441
1757569527503 157100833527.17987 442
1757569527583 156993809808.45868 443
1757569527655 156887076835.84598 444
1757569527728 156780633276.65546 445
1757569527798 156674477807.33466 446
1757569527865 156568609113.3849 447
1757569527943 156463025889.28262 448
1757569528016 156357726838.40176 449
1757569528085 156252710672.93637 450
1757569528158 156147976113.82434 451
1757569528230 156043521890.67218 452
1757569528296 155939346741.68 453
1757569528371 155835449413.56778 454
1757569528439 155731828661.5022 455
1757569528509 155628483253.64316 456
1757569528581 155525411959.50497 457
1757569528649 155422613557.99994 458
1757569528722 155320086836.78384 459
1757569528791 155217830591.89526 460
1757569528862 155115843627.54138 461
1757569528929 155014124755.95688 462
1757569528994 154912672797.30063 463
1757569529068 154811486579.57062 464
1757569529133 154710564938.52914 465
1757569529203 154609906717.6328 466
1757569529270 154509510767.9656 467
1757569529335 154409375948.17377 468
1757569529426 154309501124.40186 469
1757569529526 154209885170.22974 470
1757569529622 154110526966.6103 471
1757569529700 154011425401.8078 472
1757569529786 153912579371.33716 473
1757569529862 153813987777.9035 474
1757569529931 153715649531.34225 475
1757569530019 153617563548.56067 476
1757569530099 153519728753.47867 477
1757569530173 153422144076.97128 478
1757569530251 153324808456.81107 479
1757569530324 153227720837.61157 480
1757569530399 153130880170.7708 481
1757569530467 153034285414.41583 482
1757569530547 152937935533.34735 483
1757569530615 152841829498.98523 484
1757569530689 152745966289.31442 485
1757569530761 152650344892.83795 486
1757569530831 152554964298.48828 487
1757569530898 152459823502.61978 488
1757569530969 152364921508.44623 489
1757569531033 152270257325.73514 490
1757569531104 152175829970.63046 491
1757569531182 152081638465.53925 492
1757569531251 151987681839.05026 493
1757569531325 151893959125.86902 494
1757569531398 151800469366.761 495
1757569531472 151707211608.4988 496
1757569531543 151614184903.81265 497
1757569531614 151521388311.3414 498
1757569531690 151428820895.58478 499
