1757557096550 1064044748402.8925 0
1757557096618 1061918305070.6592 1
1757557096691 1058738399999.0598 2
1757557096768 1055044330559.8657 3
1757557096829 1051106372525.2617 4
1757557096888 1047059742272.0079 5
1757557096949 1042971988969.2632 6
1757557097026 1038876794264.2584 7
1757557097089 1034790898224.4347 8
1757557097162 1030722568878.5481 9
1757557097254 1026675838635.5912 10
1757557097329 1022652622902.3347 11
1757557097409 1018653779487.6768 12
1757557097486 1014679638321.7117 13
1757557097564 1010730266312.4092 14
1757557097644 1006805599766.1962 15
1757557097720 1002905510589.3278 16
1757557097811 999029839379.4423 17
1757557097884 995178411962.2205 18
1757557097956 991351047650.681 19
1757557098024 987547563365.883 20
1757557098086 983767775688.4305 21
1757557098164 980011501875.4686 22
1757557098230 976278560360.5245 23
1757557098298 972568770994.8618 24
1757557098366 968881955159.6829 25
1757557098424 965217935813.8491 26
1757557098484 961576537509.4487 27
1757557098544 957957586391.3772 28
1757557098602 954360910189.014 29
1757557098668 950786338204.0337 30
1757557098730 947233701296.3698 31
1757557098803 943702831869.3429 32
1757557098888 940193563854.4528 33
1757557098955 936705732696.087 34
1757557099015 933239175336.2717 35
1757557099077 929793730199.5227 36
1757557099140 926369237177.8289 37
1757557099202 922965537615.7827 38
1757557099265 919582474295.8608 39
1757557099325 916219891423.8599 40
1757557099385 912877634614.4863 41
1757557099445 909555550877.1005 42
1757557099505 906253488601.6119 43
1757557099568 902971297544.5267 44
1757557099628 899708828815.1432 45
1757557099693 896465934861.8967 46
1757557099754 893242469458.8502 47
1757557099815 890038287692.3286 48
1757557099879 886853245947.6973 49
1757557099941 883687201896.2816 50
1757557100003 880540014482.4269 51
1757557100062 877411543910.6952 52
1757557100120 874301651633.2015 53
1757557100179 871210200337.0833 54
1757557100239 868137053932.1036 55
1757557100303 865082077538.3894 56
1757557100365 862045137474.2971 57
1757557100427 859026101244.4111 58
1757557100487 856024837527.6671 59
1757557100552 853041216165.6049 60
1757557100614 850075108150.7448 61
1757557100671 847126385615.0884 62
1757557100739 844194921818.7427 63
1757557100801 841280591138.6628 64
1757557100862 838383269057.5188 65
1757557100924 835502832152.677 66
1757557100987 832639158085.3003 67
1757557101048 829792125589.5647 68
1757557101115 826961614461.9904 69
1757557101181 824147505550.8853 70
1757557101258 821349680745.9017 71
1757557101335 818568022967.7047 72
1757557101402 815802416157.7473 73
1757557101466 813052745268.158 74
1757557101534 810318896251.7323 75
1757557101596 807600756052.0326 76
1757557101661 804898212593.5928 77
1757557101724 802211154772.2251 78
1757557101784 799539472445.4309 79
1757557101845 796883056422.9143 80
1757557101911 794241798457.1932 81
1757557101985 791615591234.3127 82
1757557102057 789004328364.654 83
1757557102118 786407904373.8435 84
1757557102178 783826214693.756 85
1757557102244 781259155653.6129 86
1757557102331 778706624471.1754 87
1757557102406 776168519244.0305 88
1757557102474 773644738940.9694 89
1757557102546 771135183393.4543 90
1757557102606 768639753287.1803 91
1757557102667 766158350153.7202 92
1757557102726 763690876362.2622 93
1757557102800 761237235111.4325 94
1757557102891 758797330421.2042 95
1757557102975 756371067124.8912 96
1757557103065 753958350861.2278 97
1757557103147 751559088066.5294 98
1757557103214 749173185966.937 99
1757557103294 746800552570.7439 100
1757557103366 744441096660.8004 101
1757557103433 742094727787.0021 102
1757557103497 739761356258.8527 103
1757557103577 737440893138.1089 104
1757557103653 735133250231.4995 105
1757557103724 732838340083.5225 106
1757557103801 730556075969.3167 107
1757557103868 728286371887.6091 108
1757557103930 726029142565.2905 109
1757557104002 723784303422.0565 110
1757557104065 721551770583.1313 111
1757557104137 719331460871.1769 112
1757557104202 717123291798.9331 113
1757557104274 714927181562.2644 114
1757557104342 712743049033.4402 115
1757557104404 710570813754.5673 116
1757557104468 708410395931.1312 117
1757557104552 706261716425.6261 118
1757557104646 704124696751.2603 119
1757557104707 701999259065.7329 120
1757557104771 699885326165.0775 121
1757557104830 697782821477.5724 122
1757557104891 695691669057.7128 123
1757557104952 693611793580.2483 124
1757557105017 691543120334.2803 125
1757557105078 689485575217.423 126
1757557105141 687439084730.023 127
1757557105221 685403575969.4406 128
1757557105319 683378976624.3898 129
1757557105397 681365214969.3363 130
1757557105479 679362219858.9554 131
1757557105570 677369920722.6453 132
1757557105652 675388247559.098 133
1757557105721 673417130930.928 134
1757557105798 671456501959.3529 135
1757557105870 669506292318.9332 136
1757557105938 667566434232.3636 137
1757557106011 665636860465.3185 138
1757557106080 663717504321.3525 139
1757557106152 661808299636.8511 140
1757557106222 659909180776.0353 141
1757557106306 658020082626.0168 142
1757557106378 656140940591.9045 143
1757557106450 654271690591.9615 144
1757557106514 652412269052.8114 145
1757557106632 650562612904.694 146
1757557106739 648722659576.771 147
1757557106844 646892346992.4785 148
1757557106949 645071613564.9276 149
1757557107044 643260398192.3531 150
1757557107150 641458640253.607 151
1757557107252 639666279603.7004 152
1757557107355 637883256569.3903 153
1757557107458 636109511944.8099 154
1757557107561 634344986987.1476 155
1757557107659 632589623412.3655 156
1757557107759 630843363390.9653 157
1757557107867 629106149543.7955 158
1757557107976 627377924937.9033 159
1757557108085 625658633082.4259 160
1757557108187 623948217924.527 161
1757557108293 622246623845.3724 162
1757557108398 620553795656.1482 163
1757557108547 618869678594.1182 164
1757557108653 617194218318.722 165
1757557108755 615527360907.7139 166
1757557108869 613869052853.3394 167
1757557108992 612219241058.5504 168
1757557109100 610577872833.2622 169
1757557109207 608944895890.6428 170
1757557109325 607320258343.4456 171
1757557109430 605703908700.3754 172
1757557109539 604095795862.4933 173
1757557109653 602495869119.6569 174
1757557109765 600904078146.9968 175
1757557109874 599320373001.4292 176
1757557109991 597744704118.2035 177
1757557110184 596177022307.4844 178
1757557110260 594617278750.9688 179
1757557110329 593065424998.5375 180
1757557110395 591521412964.9392 181
1757557110468 589985194926.5096 182
1757557110536 588456723517.922 183
1757557110604 586935951728.972 184
1757557110681 585422832901.3934 185
1757557110747 583917320725.7069 186
1757557110819 582419369238.0997 187
1757557110890 580928932817.3375 188
1757557110961 579445966181.7069 189
1757557111029 577970424385.9875 190
1757557111101 576502262818.4572 191
1757557111177 575041437197.923 192
1757557111247 573587903570.7863 193
1757557111326 572141618308.1346 194
1757557111405 570702538102.8633 195
1757557111484 569270619966.8247 196
1757557111566 567845821228.0087 197
1757557111647 566428099527.7488 198
1757557111729 565017412817.9562 199
1757557111810 563613719358.3833 200
1757557111897 562216977713.9122 201
1757557111984 560827146751.872 202
1757557112066 559444185639.3812 203
1757557112148 558068053840.7186 204
1757557112231 556698711114.7169 205
1757557112311 555336117512.1866 206
1757557112397 553980233373.3613 207
1757557112491 552631019325.3711 208
1757557112574 551288436279.7395 209
1757557112656 549952445429.9058 210
1757557112742 548623008248.77203 211
1757557112824 547300086486.27344 212
1757557112911 545983642166.97345 213
1757557112999 544673637587.6826 214
1757557113083 543370035315.1005 215
1757557113166 542072798183.4809 216
1757557113252 540781889292.3206 217
1757557113335 539497272004.0697 218
1757557113416 538218909941.866 219
1757557113496 536946766987.2903 220
1757557113574 535680807278.1442 221
1757557113654 534420995206.25024 222
1757557113734 533167295415.2727 223
1757557113813 531919672798.5598 224
1757557113891 530678092497.0084 225
1757557113956 529442519896.9477 226
1757557114018 528212920628.0444 227
1757557114082 526989260561.229 228
1757557114152 525771505806.6413 229
1757557114215 524559622711.59625 230
1757557114273 523353577858.5698 231
1757557114337 522153338063.2046 232
1757557114402 520958870372.334 233
1757557114484 519770142062.0264 234
1757557114568 518587120635.6487 235
1757557114650 517409773821.9469 236
1757557114737 516238069573.1473 237
1757557114820 515071976063.07513 238
1757557114898 513911461685.2909 239
1757557114976 512756495051.24634 240
1757557115054 511607044988.4561 241
1757557115134 510463080538.68915 242
1757557115214 509324570956.1758 243
1757557115293 508191485705.83356 244
1757557115374 507063794461.509 245
1757557115444 505941467104.2372 246
1757557115509 504824473720.51746 247
1757557115574 503712784600.6057 248
1757557115630 502606370236.82367 249
1757557115695 501505201321.8837 250
1757557115753 500409248747.2303 251
1757557115824 499318483601.3964 252
1757557115892 498232877168.37695 253
1757557115963 497152400926.01685 254
1757557116049 496077026544.4143 255
1757557116132 495006725884.3409 256
1757557116214 493941470995.6739 257
1757557116295 492881234115.847 258
1757557116378 491825987668.3123 259
1757557116460 490775704261.02045 260
1757557116520 489730356684.9114 261
1757557116583 488689917912.423 262
1757557116644 487654361096.0116 263
1757557116717 486623659566.6877 264
1757557116779 485597786832.56433 265
1757557116842 484576716577.4207 266
1757557116912 483560422659.2779 267
1757557116983 482548879108.98944 268
1757557117061 481542060128.844 269
1757557117145 480539940091.1816 270
1757557117226 479542493537.0236 271
1757557117311 478549695174.7148 272
1757557117393 477561519878.5772 273
1757557117474 476577942687.5798 274
1757557117535 475598938804.017 275
1757557117593 474624483592.2023 276
1757557117661 473654552577.17206 277
1757557117724 472689121443.4029 278
1757557117790 471728166033.54083 279
1757557117854 470771662347.1415 280
1757557117918 469819586539.4231 281
1757557117980 468871914920.02997 282
1757557118061 467928623951.80884 283
1757557118143 466989690249.5955 284
1757557118221 466055090579.0133 285
1757557118304 465124801855.2821 286
1757557118383 464198801142.0395 287
1757557118466 463277065650.172 288
1757557118548 462359572736.6567 289
1757557118628 461446299903.41516 290
1757557118707 460537224796.17645 291
1757557118788 459632325203.3509 292
1757557118869 458731579054.9155 293
1757557118953 457834964421.30743 294
1757557119022 456942459512.3299 295
1757557119087 456054042676.06647 296
1757557119157 455169692397.80634 297
1757557119222 454289387298.9788 298
1757557119285 453413106136.0981 299
1757557119350 452540827799.71765 300
1757557119428 451672531313.3933 301
1757557119509 450808195832.6572 302
1757557119588 449947800644.0 303
1757557119668 449091325163.86316 304
1757557119749 448238748937.6395 305
1757557119830 447390051638.68365 306
1757557119913 446545213067.3314 307
1757557119993 445704213149.9274 308
1757557120073 444867031937.86237 309
1757557120154 444033649606.61847 310
1757557120238 443204046454.82385 311
1757557120319 442378202903.3151 312
1757557120400 441556099494.20917 313
1757557120481 440737716889.98193 314
1757557120549 439923035872.5574 315
1757557120615 439112037342.4031 316
1757557120678 438304702317.6347 317
1757557120744 437501011933.128 318
1757557120817 436700947439.6399 319
1757557120880 435904490202.9362 320
1757557120943 435111621702.92725 321
1757557121011 434322323532.8127 322
1757557121092 433536577398.2319 323
1757557121177 432754365116.42334 324
1757557121261 431975668615.3914 325
1757557121344 431200469933.0797 326
1757557121428 430428751216.55273 327
1757557121510 429660494721.184 328
1757557121594 428895682809.85254 329
1757557121677 428134297952.1449 330
1757557121762 427376322723.5654 331
1757557121845 426621739804.7536 332
1757557121926 425870531980.7071 333
1757557122008 425122682140.0132 334
1757557122078 424378173274.086 335
1757557122143 423636988476.4104 336
1757557122204 422899110941.7931 337
1757557122273 422164523965.6204 338
1757557122336 421433210943.1216 339
1757557122405 420705155368.6397 340
1757557122473 419980340834.9083 341
1757557122551 419258751032.3345 342
1757557122640 418540369748.28815 343
1757557122717 417825180866.39813 344
1757557122783 417113168365.85333 345
1757557122858 416404316320.7109 346
1757557122978 415698608899.2096 347
1757557123053 414996030363.0905 348
1757557123121 414296565066.9219 349
1757557123190 413600197457.43085 350
1757557123272 412906912072.84125 351
1757557123356 412216693542.21594 352
1757557123426 411529526584.8062 353
1757557123501 410845396009.40576 354
1757557123569 410164286713.7105 355
1757557123645 409486183683.6846 356
1757557123713 408811071992.93066 357
1757557123782 408138936802.0662 358
1757557123855 407469763358.10565 359
1757557123919 406803536993.84674 360
1757557123985 406140243127.2632 361
1757557124054 405479867260.9016 362
1757557124124 404822394981.2842 363
1757557124195 404167811958.3164 364
1757557124264 403516103944.6994 365
1757557124329 402867256775.3481 366
1757557124395 402221256366.8131 367
1757557124458 401578088716.70886 368
1757557124528 400937739903.1453 369
1757557124595 400300196084.16565 370
1757557124662 399665443497.18787 371
1757557124730 399033468458.451 372
1757557124795 398404257362.46765 373
1757557124864 397777796681.47797 374
1757557124932 397154072964.912 375
1757557124999 396533072838.85333 376
1757557125081 395914783005.509 377
1757557125157 395299190242.6837 378
1757557125231 394686281403.25775 379
1757557125307 394076043414.66974 380
1757557125378 393468463278.40356 381
1757557125445 392863528069.48 382
1757557125519 392261224935.95166 383
1757557125585 391661541098.40326 384
1757557125663 391064463849.45483 385
1757557125746 390469980553.27026 386
1757557125829 389878078645.0691 387
1757557125915 389288745630.6423 388
1757557125997 388701969085.87305 389
1757557126080 388117736656.2599 390
1757557126155 387536036056.44525 391
1757557126223 386956855069.7473 392
1757557126290 386380181547.69543 393
1757557126357 385806003409.56915 394
1757557126439 385234308641.9426 395
1757557126533 384665085298.2308 396
1757557126610 384098321498.2401 397
1757557126689 383534005427.7231 398
1757557126774 382972125337.9364 399
1757557126860 382412669545.2022 400
1757557126946 381855626430.4734 401
1757557127034 381300984438.9024 402
1757557127116 380748732079.41327 403
1757557127201 380198857924.27734 404
1757557127286 379651350625.52637 405
1757557127371 379106198872.5007 406
1757557127454 378563391420.8164 407
1757557127538 378022917089.86505 408
1757557127621 377484764761.35956 409
1757557127716 376948923378.408 410
1757557127806 376415381944.851 411
1757557127894 375884129524.7331 412
1757557127983 375355155241.843 413
1757557128069 374828448279.28955 414
1757557128154 374303997879.09705 415
1757557128220 373781793341.8115 416
1757557128289 373261824026.1149 417
1757557128361 372744079348.444 418
1757557128428 372228548782.61224 419
1757557128492 371715221859.4377 420
1757557128565 371204088166.37146 421
1757557128633 370695137347.13025 422
1757557128708 370188359101.333 423
1757557128792 369683743184.1383 424
1757557128874 369181279405.886 425
1757557128958 368680957631.7417 426
1757557129043 368182767781.34357 427
1757557129126 367686699828.4517 428
1757557129200 367192743800.60144 429
1757557129269 366700889778.7573 430
1757557129332 366211127896.97253 431
1757557129400 365723448342.0479 432
1757557129465 365237841353.19635 433
1757557129535 364754297221.70795 434
1757557129601 364272806290.6185 435
1757557129668 363793358954.3809 436
1757557129749 363315945658.53815 437
1757557129834 362840556899.3995 438
1757557129922 362367183223.7194 439
1757557130012 361895815228.3781 440
1757557130096 361426443560.0652 441
1757557130182 360959058914.96594 442
1757557130250 360493652038.44916 443
1757557130323 360030213724.758 444
1757557130390 359568734816.7031 445
1757557130462 359109206205.35846 446
1757557130533 358651618829.7583 447
1757557130602 358195963676.5978 448
1757557130669 357742231779.9355 449
1757557130747 357290414220.89734 450
1757557130830 356840502127.3842 451
1757557130915 356392486673.78046 452
1757557131001 355946359080.6652 453
1757557131086 355502110614.5266 454
1757557131172 355059732587.4764 455
1757557131245 354619216356.96826 456
1757557131311 354180553325.51733 457
1757557131382 353743734940.42316 458
1757557131444 353308752693.4924 459
1757557131510 352875598120.766 460
1757557131578 352444262802.247 461
1757557131642 352014738361.6309 462
1757557131710 351587016466.03766 463
1757557131795 351161088825.7464 464
1757557131881 350736947193.9312 465
1757557131968 350314583366.3994 466
1757557132057 349893989181.332 467
1757557132143 349475156519.0251 468
1757557132231 349058077301.6347 469
1757557132297 348642743492.9216 470
1757557132359 348229147098.0 471
1757557132423 347817280163.08655 472
1757557132492 347407134775.2521 473
1757557132562 346998703062.1744 474
1757557132624 346591977191.8941 475
1757557132694 346186949372.5706 476
1757557132776 345783611852.24146 477
1757557132867 345381956918.58234 478
1757557132954 344981976898.66943 479
1757557133043 344583664158.7431 480
1757557133131 344187011103.9738 481
1757557133217 343792010178.2289 482
1757557133295 343398653863.8424 483
1757557133368 343006934681.3848 484
1757557133449 342616845189.4357 485
1757557133541 342228377984.3584 486
1757557133616 341841525700.07416 487
1757557133691 341456281007.841 488
1757557133759 341072636616.0314 489
1757557133841 340690585269.9127 490
1757557133914 340310119751.4298 491
1757557133990 339931232878.9884 492
1757557134063 339553917507.23956 493
1757557134138 339178166526.8672 494
1757557134211 338803972864.3755 495
1757557134290 338431329481.87897 496
1757557134376 338060229376.89343 497
1757557134459 337690665582.1288 498
1757557134546 337322631165.283 499
