1757561013533 22913377517.185196 0
1757561014014 426664015.73160964 1
1757561014497 23098013326.74325 2
1757561014996 842960531612.0906 3
1757561015498 110672157512.45477 4
1757561016006 6613888684.994913 5
1757561016516 807259.6102621439 6
1757561017026 7943067118.529335 7
1757561017554 92628785665.26547 8
1757561018075 3140439495.962327 9
1757561018580 59245392702.83962 10
1757561019088 62663506.90535584 11
1757561019617 46897454814.91516 12
1757561020128 3690843549.2112846 13
1757561020632 102929425.52934726 14
1757561021134 284638090439.0145 15
1757561021622 6779151696.46907 16
1757561022185 96427060100.37314 17
1757561022715 152016823173.1099 18
1757561023239 102949697669.8073 19
1757561023757 36989442713.51768 20
1757561024284 21018428469.847034 21
1757561024783 348424382.205815 22
1757561025271 40018390655.853485 23
1757561025751 82178915.10799082 24
1757561026254 4254801373.607054 25
1757561026760 15066462.775377689 26
1757561027252 3150534622.5498047 27
1757561027765 59578984551.261635 28
1757561028276 50723458832.707 29
1757561028769 63094552.273856595 30
1757561029264 69215361218.27322 31
1757561029771 30915329931.455025 32
1757561030279 34721447877.36834 33
1757561030776 33142591618.293774 34
1757561031286 425851475040.50964 35
1757561031794 561958729544.3434 36
1757561032297 3316135704271.361 37
1757561032826 5309551740.840883 38
1757561033345 67819067852.23232 39
1757561033850 397574694587.4199 40
1757561034364 48384492578.27047 41
1757561034876 84744945416.69115 42
1757561035399 177875473.53238466 43
1757561035900 58509803956.64541 44
1757561036394 112590169543.44075 45
1757561036900 494694431688.3539 46
1757561037412 1764107534.1482196 47
1757561037907 171243214606.44412 48
1757561038424 164304770373.2473 49
1757561038964 7818791052.408385 50
1757561039457 92784385418.2786 51
1757561039958 54363967744.18907 52
1757561040476 108148662416.01715 53
1757561040997 26149972135.46398 54
1757561041493 77247112.77858627 55
1757561042006 65880489249.26178 56
1757561042506 118038927049.17853 57
1757561043012 216679615920.07693 58
1757561043510 126343460509.39499 59
1757561044022 179510028665.0142 60
1757561044528 14936796118.463417 61
1757561045021 61609661470.32382 62
1757561045519 1024262.404818711 63
1757561046021 122427354688.48479 64
1757561046531 183237092294.94742 65
1757561047036 4768531767435.51 66
1757561047553 378175312758.3411 67
1757561048054 144268731819.03415 68
1757561048561 518327938467.2231 69
1757561049057 1467153796040.2725 70
1757561049562 793624392544.48 71
1757561050062 761091531.7229688 72
1757561050576 6335858780.111718 73
1757561051095 431208860237.1039 74
1757561051598 4084299846.4168477 75
1757561052095 595356620963.8486 76
1757561052606 3453931687.506887 77
1757561053133 1469595588.1567404 78
1757561053622 29301660388.152462 79
1757561054122 6777513327.886293 80
1757561054625 6452627460.488844 81
1757561055113 79191613501.9078 82
1757561055608 157015297405.23148 83
1757561056095 36843663014.33045 84
1757561056581 42364862456.84305 85
1757561057062 366825558.9849201 86
1757561057544 55260785051.672516 87
1757561058046 66856963144.44066 88
1757561058564 61831108746.1456 89
1757561059074 273957746169.973 90
1757561059587 278463149872.2167 91
1757561060110 72612337491.3368 92
1757561060639 11701850139.236786 93
1757561061150 187195731492.9272 94
1757561061670 662653099231.4802 95
1757561062169 469260216.3268078 96
1757561062679 623872358673.0018 97
1757561063187 58078367137.1709 98
1757561063697 49393234307.76095 99
1757561064227 4531.289408581081 100
1757561064731 13614867176.657372 101
1757561065226 8728325043788.243 102
1757561065723 283582763.96356976 103
1757561066224 1249922730826.796 104
1757561066731 202441456615.43054 105
1757561067232 497701043604.2272 106
1757561067727 248638735046.7686 107
1757561068231 508013320.3726595 108
1757561068732 52797461805.10066 109
1757561069232 29188262320.456814 110
1757561069735 9942591778412.268 111
1757561070242 149369771797.31354 112
1757561070750 1287950995122.5034 113
1757561071264 471991123919.4147 114
1757561071782 145701724754.6606 115
1757561072316 276832650079.69073 116
1757561072820 20178432176.103218 117
1757561073329 47749356335.542915 118
1757561073835 2356206743.9882283 119
1757561074355 997419191275.379 120
1757561074849 129807676671.18143 121
1757561075370 86534348568.86073 122
1757561075879 40200076385.78339 123
1757561076382 467796911.4338807 124
1757561076884 6794279563.943282 125
1757561077402 121502085344.6699 126
1757561077928 45425009243.66631 127
1757561078436 38414904789.55014 128
1757561078942 4336577263.89428 129
1757561079451 22340027613.343098 130
1757561079949 4524260816.8617 131
1757561080464 733794359027.2079 132
1757561080973 7212395721.509678 133
1757561081506 1075838672424.7224 134
1757561082019 52552876209.77479 135
1757561082553 14839373999.325178 136
1757561083067 7030939268.826569 137
1757561083564 31728849899.98324 138
1757561084060 2832037593.391152 139
1757561084553 584433463171.974 140
1757561085032 3201687591.447866 141
1757561085518 9530858260757.393 142
1757561086043 581594912.6600689 143
1757561086553 36619054047.67177 144
1757561087073 84172231329.9413 145
1757561087580 5488234065.842582 146
1757561088071 167510855494.46628 147
1757561088560 258155356762.6267 148
1757561089064 2132218662446.8853 149
1757561089575 6804825382.845652 150
1757561090081 266511267413.50635 151
1757561090619 2573586307.00139 152
1757561091121 121985818859.46684 153
1757561091614 303288452622.4957 154
1757561092107 18588143434.50905 155
1757561092623 7748280094.31364 156
1757561093125 1135920626.2147605 157
1757561093658 30644938562.573643 158
1757561094170 24465470152.009445 159
1757561094699 863742494528.95 160
1757561095209 570441727872.0958 161
1757561095723 4542818093.654634 162
1757561096217 42794671042.682724 163
1757561096713 5134811567278.735 164
1757561097205 88940434165.08298 165
1757561097708 8894492961.943361 166
1757561098211 7806476720.127192 167
1757561098700 42137997547.42989 168
1757561099194 198365066343.62308 169
1757561099688 14023429564.871473 170
1757561100173 27392834728.775364 171
1757561100666 39386980718.439705 172
1757561101165 1469398261.4872577 173
1757561101654 5634499390.464414 174
1757561102143 1188039522.834562 175
1757561102628 2378697347.875994 176
1757561103115 73150577283.91809 177
1757561103607 10563713771.264326 178
1757561104111 10169408425.247755 179
1757561104620 26321389480.36971 180
1757561105124 36844518188.45473 181
1757561105611 183758476760.69113 182
1757561106100 38142008517.61686 183
1757561106584 171242959857.7357 184
1757561107072 234481323792.78934 185
1757561107558 6326655599.961499 186
1757561108042 811470.3960149996 187
1757561108525 14769343337.555347 188
1757561109014 2159007143987.1978 189
1757561109490 79344148319.54117 190
1757561109993 36289495934.306206 191
1757561110480 32143271858.38225 192
1757561110970 48704042924.36135 193
1757561111456 75258492205.18098 194
1757561111942 40463422353.3433 195
1757561112427 96026606290.00383 196
1757561112910 49618203755.07451 197
1757561113391 478205358007.677 198
1757561113877 262985558863.9801 199
1757561114367 76359468.07068072 200
1757561114863 47212.495917811044 201
1757561115348 95194740288.4639 202
1757561115832 67883252834.040276 203
1757561116310 117761780620.45242 204
1757561116789 253100788022.82617 205
1757561117266 54078927595.393135 206
1757561117749 11497726673.863415 207
1757561118233 79039656425.39362 208
1757561118724 306229228576.17596 209
1757561119221 58819629817.935234 210
1757561119721 72475056.37944052 211
1757561120255 22147494801.004734 212
1757561120783 60371469029.02447 213
1757561121277 1643243728038.7412 214
1757561121768 269924215930.556 215
1757561122257 743748980790.4309 216
1757561122743 11671546423.811779 217
1757561123234 42521865076.3903 218
1757561123730 3260365631510.86 219
1757561124220 78102618423.23073 220
1757561124701 187399085.18947348 221
1757561125197 26168616474.97873 222
1757561125698 12252644140.928858 223
1757561126191 62081598586.682915 224
1757561126673 14508066047.985128 225
1757561127159 32627426935.203194 226
1757561127656 33416213283.36362 227
1757561128190 47621290260.80345 228
1757561128678 43043233713.001396 229
1757561129159 118543830.26450151 230
1757561129643 17968541924.215908 231
1757561130121 701824021.7788583 232
1757561130612 21899005289.622807 233
1757561131105 37050824343.93428 234
1757561131599 4893293552.754976 235
1757561132097 45992896675.44937 236
1757561132588 181486301349.95557 237
1757561133076 61931543418.74527 238
1757561133564 49234.02358255822 239
1757561134049 104729289368.32613 240
1757561134538 1708700174.4048042 241
1757561135025 156155299221.53967 242
1757561135528 35087568772.66308 243
1757561136030 3397800486035.4766 244
1757561136518 14973051289.884802 245
1757561136994 1428602371.735239 246
1757561137481 692958302.7518513 247
1757561137979 58659595865.94416 248
1757561138460 4414149174.294067 249
1757561138940 8912046545.853716 250
1757561139424 203047293873.21487 251
1757561139905 191841838944.27444 252
1757561140386 710959016166.6669 253
1757561140863 1721009819.7575228 254
1757561141340 147542893160.449 255
1757561141823 31554263607.354286 256
1757561142304 5406399509.485479 257
1757561142793 19002018430.19083 258
1757561143275 177522062.29046065 259
1757561143765 7240004535981.931 260
1757561144248 8819753387.305922 261
1757561144737 916090087.660786 262
1757561145227 3489004063.905926 263
1757561145724 13318364868.507532 264
1757561146215 10173202.170774434 265
1757561146714 3343385639516.5654 266
1757561147201 93797114963.01366 267
1757561147686 64650876025.31181 268
1757561148178 12922830127.183584 269
1757561148664 8531641312412.388 270
1757561149150 8630261594.495264 271
1757561149631 43576181169.95059 272
1757561150111 67928556480.80705 273
1757561150596 448136819.59407306 274
1757561151079 149106169369.6107 275
1757561151560 34624998207.8352 276
1757561152084 16556419230.097765 277
1757561152608 18941337110.09809 278
1757561153226 5894210842.463969 279
1757561153721 1966271074.602095 280
1757561154224 4535341097.053681 281
1757561154728 12627644961.69674 282
1757561155255 112119468091.34808 283
1757561155764 58877704569.45745 284
1757561156277 10519767886.556269 285
1757561156779 395843181684.6337 286
1757561157280 197649676660.57028 287
1757561157785 7772150608.419176 288
1757561158273 290368986.3535847 289
1757561158760 39564570548.84385 290
1757561159251 30341340468.80031 291
1757561159739 372152961676.7438 292
1757561160247 1562412586.1814444 293
1757561160758 5170750284.703046 294
1757561161259 7504822722.214495 295
1757561161765 37119598511.670715 296
1757561162274 815806343.387779 297
1757561162758 584714265236.8644 298
1757561163261 148245535460.13797 299
1757561163771 332204349776.3172 300
1757561164278 143000961075.12735 301
1757561164783 1425403377.0958524 302
1757561165290 93836213378.35698 303
1757561165794 22160312629.181957 304
1757561166331 121135368457.85301 305
1757561166847 16275601407.626753 306
1757561167369 67159310718.07324 307
1757561167881 48821161628.54404 308
1757561168381 3912303891.887568 309
1757561168890 9113368231.000338 310
1757561169388 359010826852.46234 311
1757561169889 98179728423.43141 312
1757561170388 24163681831.112774 313
1757561170891 40996220818.99664 314
1757561171389 7361317300.59528 315
1757561171890 310590524.65732366 316
1757561172390 3676418453.951409 317
1757561172911 259142273832.35934 318
1757561173409 842535643472.7068 319
1757561173908 36423035361.46946 320
1757561174405 178536031716.613 321
1757561174914 178975884350.78946 322
1757561175429 147120929106.32892 323
1757561175932 69871618403.39917 324
1757561176436 7847338892.377704 325
1757561176936 134405428956.93066 326
1757561177443 30549517.936693944 327
1757561177940 8346143221.190644 328
1757561178451 9155571400.30694 329
1757561178958 2616637933.8499093 330
1757561179453 1736374442.2808151 331
1757561179940 13415560401.498644 332
1757561180421 473522639088.44965 333
1757561180915 190015928077.53345 334
1757561181400 298727606843.1196 335
1757561181892 193015683797.0671 336
1757561182382 1736337076.3721063 337
1757561182874 128794419757.75995 338
1757561183360 79410318644.2137 339
1757561183854 220691418214.35696 340
1757561184343 10647448755.722052 341
1757561184842 89424562622.65245 342
1757561185355 775666453.8646823 343
1757561185889 1371068056.9703267 344
1757561186414 2590458082.878496 345
1757561187011 18743926143.115604 346
1757561187493 2212505799.9250484 347
1757561187988 1404951625.9594502 348
1757561188482 5256520696.7158165 349
1757561188969 196839923360.70856 350
1757561189452 117708746986.98505 351
1757561189935 318072528974.97736 352
1757561190418 401172714.64802706 353
1757561190933 122833011067.5588 354
1757561191440 51529500828.78 355
1757561191946 31060238839.464664 356
1757561192451 403186973521.32025 357
1757561192949 62109330339.84543 358
1757561193453 14274956772.57587 359
1757561193952 281017592563.8459 360
1757561194466 218804642463.74445 361
1757561194986 31444776224.188137 362
1757561195498 9458154473.0756 363
1757561196040 6089655027.237296 364
1757561196554 573505184437.2605 365
1757561197065 317681679109.219 366
1757561197558 199868963920.3899 367
1757561198063 9291277270.637945 368
1757561198579 43093559941.656075 369
1757561199094 299703762027.10406 370
1757561199587 19282276415.362488 371
1757561200110 222310664476.5352 372
1757561200621 30746076620.018578 373
1757561201103 10396781301.776863 374
1757561201604 428343276362.4552 375
1757561202112 6870273747.162471 376
1757561202612 9901602552.77133 377
1757561203100 4041012337.4728928 378
1757561203590 207355835187.1074 379
1757561204085 23533995286.633976 380
1757561204581 16423063392.099623 381
1757561205073 6800071871.654949 382
1757561205567 73834801157.35951 383
1757561206053 216001248586.89093 384
1757561206540 1245393059690.8364 385
1757561207035 634891932054.4071 386
1757561207514 58104238392.7885 387
1757561208010 50943265277.87371 388
1757561208501 34461697676.39526 389
1757561208993 10260892.845862819 390
1757561209500 3290749023.071714 391
1757561209991 100864655.09761268 392
1757561210479 2593448477.8095036 393
1757561210962 63564578207.49613 394
1757561211454 5374872655.380267 395
1757561211962 106459352494.54161 396
1757561212462 22661007373.622467 397
1757561212978 238449942480.00458 398
1757561213484 29968151980.970013 399
1757561213971 37784280852.1398 400
1757561214454 4106260098.1608953 401
1757561214944 174571127289.58746 402
1757561215428 26092843890.1783 403
1757561215915 344684309006.963 404
1757561216418 64047737295.58687 405
1757561216950 8616105146.164541 406
1757561217442 654766790.6182933 407
1757561217942 267438231382.51254 408
1757561218438 103605780481.96889 409
1757561218935 612149128.1619548 410
1757561219435 57289912761.804695 411
1757561219935 5897220245.812331 412
1757561220426 7334755847.655835 413
1757561220917 3238057.2462462923 414
1757561221415 145270669234.23874 415
1757561221916 135602030304.52243 416
1757561222404 37137178295.64927 417
1757561222886 316966360818.3473 418
1757561223369 24151214688.385788 419
1757561223868 34061178057.8493 420
1757561224353 4868830862.970104 421
1757561224835 43744888.05694909 422
1757561225327 15151042281.135454 423
1757561225808 73926965196.9767 424
1757561226296 9174893735562.875 425
1757561226785 9381108856.776812 426
1757561227270 457541628548.50604 427
1757561227759 15056208254.507181 428
1757561228251 2958806792.7541466 429
1757561228751 43764380177.6519 430
1757561229243 678501650.7347444 431
1757561229732 151819719611.23248 432
1757561230228 214456714065.20044 433
1757561230713 4432570208.565533 434
1757561231243 1573389845.687987 435
1757561231742 42546458419.92173 436
1757561232241 40471304032.27216 437
1757561232730 45424945866.28714 438
1757561233220 42144116400.13003 439
1757561233706 229955015832.76373 440
1757561234236 195081739269.7253 441
1757561234720 541443603.4595858 442
1757561235208 14816577601584.498 443
1757561235703 123633635834.22554 444
1757561236197 1023595692.3599052 445
1757561236685 160683409780.63217 446
1757561237171 6823329279.291641 447
1757561237671 4381686809.146738 448
1757561238161 276270216752.5221 449
1757561238655 1408303339.566018 450
1757561239139 175194547290.1533 451
1757561239627 491206922771.9854 452
1757561240109 21354759496.158066 453
1757561240599 235958661141.01013 454
1757561241104 1111755986115.512 455
1757561241610 10463525135.51194 456
1757561242108 143040957559.80243 457
1757561242609 138508017656.70532 458
1757561243099 63650420432.544876 459
1757561243587 103179846512.81433 460
1757561244080 271566274898.29532 461
1757561244568 80725031438.52435 462
1757561245054 34892930125.36246 463
1757561245552 21996544207.56054 464
1757561246042 370137583.43126214 465
1757561246526 7385525026.260679 466
1757561247010 97980430936.23224 467
1757561247491 1784457.0598527621 468
1757561247980 778085864035.6256 469
1757561248465 81930313690.52515 470
1757561248949 49856857770.924515 471
1757561249433 6481309991.076168 472
1757561249932 78474532141.86214 473
1757561250455 167889592012.23575 474
1757561250986 57661273147.54206 475
1757561251516 70366385569.09654 476
1757561252026 45124840081.29795 477
1757561252520 11634069903.194118 478
1757561253002 157138031321.69647 479
1757561253496 5522490715.267557 480
1757561253978 14377035158.519596 481
1757561254465 65929331.3760413 482
1757561254948 182789503.9725843 483
1757561255436 55145028134.024284 484
1757561255926 560476720.862995 485
1757561256420 42406096874.74441 486
1757561256906 90382034.91918088 487
1757561257398 614674561848.1334 488
1757561257888 263323082.87778535 489
1757561258385 12682195997.291136 490
1757561258871 48159476178.20881 491
1757561259355 92601492460.00075 492
1757561259840 331769439478.25446 493
1757561260334 17836700978.19768 494
1757561260825 229003540489.78143 495
1757561261314 77867831041.64514 496
1757561261816 267821162664.1955 497
1757561262318 650740204686.2113 498
1757561262813 71013429406.40488 499
