1757555566643 561769978672.8109 0
1757555566731 628113860878.8103 1
1757555566833 2262068341822.503 2
1757555567033 1522464960184.377 3
1757555567097 250772386525.25995 4
1757555567164 349204216996.40533 5
1757555567230 357215280724.4701 6
1757555567296 734043152045.2404 7
1757555567368 1538352495004.5781 8
1757555567438 204308954823.24823 9
1757555567500 277500918858.1773 10
1757555567569 801346523300.1761 11
1757555567638 694317830318.1327 12
1757555567701 806902352674.0016 13
1757555567764 1450904213435.5835 14
1757555567842 1015633185240.1854 15
1757555567912 1218860014489.1362 16
1757555567983 1376826928669.8074 17
1757555568057 164615186979.00018 18
1757555568121 226957869188.2055 19
1757555568243 622077655833.1125 20
1757555568314 138735168232.75156 21
1757555568380 930179627013.266 22
1757555568455 858750248306.304 23
1757555568520 159240558354.42624 24
1757555568587 244434459513.42212 25
1757555568659 1189256565393.0154 26
1757555568726 683666228046.5829 27
1757555568796 1178411829049.172 28
1757555568863 1160715419955.616 29
1757555568931 973811939734.5972 30
1757555569002 418751701603.76044 31
1757555569072 212045089020.95605 32
1757555569138 579761810616.3695 33
1757555569209 726292483466.937 34
1757555569275 254098823204.49844 35
1757555569340 565015070265.196 36
1757555569410 402247830528.61743 37
1757555569477 407986907501.728 38
1757555569547 179859710300.0658 39
1757555569619 387999592740.40515 40
1757555569685 699058899535.3906 41
1757555569748 693192767930.5138 42
1757555569815 819363089262.6511 43
1757555569886 559713018438.9988 44
1757555569954 473578259711.93463 45
1757555570021 101788341468.68925 46
1757555570093 482528588619.37213 47
1757555570161 216473371624.42957 48
1757555570228 99573691751.08208 49
1757555570308 493589462951.5295 50
1757555570388 116725159959.39424 51
1757555570459 714439686517.4187 52
1757555570528 475306959028.1054 53
1757555570594 394331533674.94135 54
1757555570667 384135755892.1014 55
1757555570735 452309641090.83075 56
1757555570805 919984954689.9888 57
1757555570875 402899413028.65643 58
1757555570943 660462677338.009 59
1757555571031 213427003567.14352 60
1757555571100 159986587664.34717 61
1757555571167 139287469084.25995 62
1757555571240 157770283812.78162 63
1757555571302 439327356657.8646 64
1757555571372 633999194415.7128 65
1757555571439 360613925391.3772 66
1757555571507 228313031279.20364 67
1757555571575 319807685566.8016 68
1757555571647 94635316348.37102 69
1757555571710 114781698806.2766 70
1757555571781 342239917988.7982 71
1757555571842 430913313098.7062 72
1757555571907 161575119883.055 73
1757555571980 663227891119.0577 74
1757555572049 281340200409.94244 75
1757555572119 538310729589.1513 76
1757555572185 367968719300.68726 77
1757555572260 221317908446.00174 78
1757555572326 519458022280.9633 79
1757555572397 100645622284.3188 80
1757555572465 332624639212.4126 81
1757555572540 444124642466.8572 82
1757555572605 69017309257.66751 83
1757555572678 210457045453.2368 84
1757555572748 432880344089.7849 85
1757555572823 68614770899.11976 86
1757555572900 313603969683.1937 87
1757555572969 100463777393.18193 88
1757555573047 601184396376.184 89
1757555573116 339337426058.135 90
1757555573192 118549316805.45253 91
1757555573275 249765471347.58844 92
1757555573340 121174592660.70686 93
1757555573410 566704565829.7819 94
1757555573480 84653234366.56004 95
1757555573550 226808727178.5368 96
1757555573611 376074298807.7784 97
1757555573685 395907478538.01953 98
1757555573757 268910563498.04907 99
1757555573825 85865751925.0875 100
1757555573896 114144507769.23027 101
1757555573963 415186224233.31726 102
1757555574033 157132514104.78912 103
1757555574106 108475264200.50716 104
1757555574186 105873507918.89256 105
1757555574255 171665487115.23636 106
1757555574323 477861386060.0256 107
1757555574391 293007009309.5775 108
1757555574462 130883892802.0447 109
1757555574536 331491729943.36273 110
1757555574600 550494191004.4358 111
1757555574672 459337206686.49805 112
1757555574749 283750990141.4961 113
1757555574819 620039918969.408 114
1757555574892 109064452427.03981 115
1757555574958 118631204701.45415 116
1757555575024 175606686218.49722 117
1757555575098 551333270283.5094 118
1757555575167 388795002654.11523 119
1757555575259 114940332657.2793 120
1757555575329 227674445200.48065 121
1757555575395 357904727336.5797 122
1757555575480 140510608034.41046 123
1757555575574 74728351282.49283 124
1757555575654 395614535987.7654 125
1757555575724 406333564968.01776 126
1757555575810 963981219645.1566 127
1757555575890 130850239741.43033 128
1757555575959 246491147386.08527 129
1757555576038 266777504454.50858 130
1757555576107 519006819447.9282 131
1757555576174 257361960288.47903 132
1757555576250 726412964594.8237 133
1757555576320 254956916631.21613 134
1757555576384 112384288273.29092 135
1757555576459 265227772291.9575 136
1757555576530 377741792511.459 137
1757555576601 203428412012.46542 138
1757555576664 76374235739.3475 139
1757555576738 178901440099.3241 140
1757555576806 148576085035.3212 141
1757555576879 118623860197.2556 142
1757555576958 153272989045.23343 143
1757555577024 656410305783.4116 144
1757555577095 299330789664.48096 145
1757555577164 253268214300.56198 146
1757555577239 121251571273.43706 147
1757555577305 232694409521.1515 148
1757555577369 273776168466.3229 149
1757555577447 130049682493.95314 150
1757555577512 299700893613.9432 151
1757555577579 166422194824.482 152
1757555577648 491302439150.28357 153
1757555577716 285620899824.4261 154
1757555577788 284091089293.56354 155
1757555577855 156975767066.07416 156
1757555577925 167325085319.07108 157
1757555577990 136045124837.18332 158
1757555578063 192403282690.19357 159
1757555578139 216305856742.31204 160
1757555578210 123640849241.38304 161
1757555578281 87049678129.42044 162
1757555578351 308636671718.2487 163
1757555578417 97445506816.89468 164
1757555578489 96574945629.07033 165
1757555578557 81182327401.60237 166
1757555578629 91383787492.73285 167
1757555578699 349188947757.73224 168
1757555578773 303945654002.8777 169
1757555578837 136033201238.55595 170
1757555578906 286734739344.0459 171
1757555578978 657471957753.533 172
1757555579049 138150399440.95407 173
1757555579133 208348487601.1274 174
1757555579203 343582076839.3071 175
1757555579276 323746610845.693 176
1757555579346 324660022796.00494 177
1757555579414 273646535805.89542 178
1757555579489 105368841523.77165 179
1757555579560 239347274271.66577 180
1757555579629 341777293876.5845 181
1757555579700 135283767760.41667 182
1757555579766 309060607731.5507 183
1757555579834 340022830228.1694 184
1757555579907 376400887049.1258 185
1757555579978 139661721555.26984 186
1757555580052 92963255677.33795 187
1757555580116 165988116848.5999 188
1757555580192 83215009741.74078 189
1757555580268 454224623001.20135 190
1757555580344 104056802553.17241 191
1757555580415 156658690025.73224 192
1757555580486 142154325072.64185 193
1757555580560 683285864329.289 194
1757555580635 193103516412.98212 195
1757555580719 151174167810.34198 196
1757555580796 163290312062.97345 197
1757555580865 214721562312.36905 198
1757555580934 283063475471.0429 199
1757555581012 464322879639.263 200
1757555581084 95630045627.90088 201
1757555581156 216059207826.61264 202
1757555581223 435287528081.07336 203
1757555581301 145433587189.7527 204
1757555581366 140158308527.77182 205
1757555581436 142852677809.71048 206
1757555581506 276887075839.9603 207
1757555581578 225910048297.48105 208
1757555581649 210269448377.71866 209
1757555581718 152936172100.12567 210
1757555581791 102881547875.6583 211
1757555581865 143017369495.75238 212
1757555581932 262472739041.35474 213
1757555582006 423914257637.7324 214
1757555582077 170474713167.9546 215
1757555582154 496720971091.41693 216
1757555582219 532401645359.79755 217
1757555582291 178145478209.3253 218
1757555582360 144188080049.84848 219
1757555582435 516503936565.0771 220
1757555582500 146224582046.68552 221
1757555582580 124045082131.8476 222
1757555582650 338038986060.43353 223
1757555582721 160004833045.52084 224
1757555582792 198996879627.68997 225
1757555582869 83613366072.56789 226
1757555582935 93767651187.47166 227
1757555583008 166516751816.49054 228
1757555583092 298334658842.8707 229
1757555583169 184232196277.56274 230
1757555583247 332222823243.2493 231
1757555583320 126063056275.22351 232
1757555583402 269690851638.874 233
1757555583481 235876147763.82028 234
1757555583555 251717876281.82867 235
1757555583628 99994499980.9055 236
1757555583698 150464949993.52563 237
1757555583771 201954587563.87363 238
1757555583844 143205339080.67422 239
1757555583916 213222996683.482 240
1757555583994 522673167767.87286 241
1757555584060 91777971331.26761 242
1757555584134 430778153745.21295 243
1757555584208 278847899856.33154 244
1757555584283 202050229070.01868 245
1757555584353 158185015142.47256 246
1757555584416 123617594085.60329 247
1757555584484 363752828701.4627 248
1757555584555 314267331653.6695 249
1757555584627 145918652813.1641 250
1757555584697 85882209940.9347 251
1757555584771 90716496718.46861 252
1757555584843 258710766152.13705 253
1757555584909 243754547093.8827 254
1757555584986 236712791140.0359 255
1757555585052 72018820396.90895 256
1757555585125 312392790168.3507 257
1757555585201 154147153411.32938 258
1757555585268 489191111718.1977 259
1757555585351 101580213800.9271 260
1757555585420 202124848647.69424 261
1757555585493 225414719164.6443 262
1757555585564 145827066905.61115 263
1757555585637 163347094364.30463 264
1757555585714 118253467202.59561 265
1757555585784 329633701090.9063 266
1757555585856 571528561395.9363 267
1757555585923 92162944813.30283 268
1757555585993 109323722318.58896 269
1757555586068 374706473937.78845 270
1757555586140 506178250465.17035 271
1757555586207 293842363724.8995 272
1757555586279 262655055947.10605 273
1757555586353 155689882320.38492 274
1757555586425 257884050945.89185 275
1757555586498 394131328499.7183 276
1757555586569 107116487808.38872 277
1757555586646 239478550771.30054 278
1757555586715 117309027660.17691 279
1757555586789 227570218241.30588 280
1757555586863 281233092361.6869 281
1757555586938 379216015774.55743 282
1757555587010 72604791158.70308 283
1757555587083 199981186006.66855 284
1757555587157 184524919179.35013 285
1757555587225 241375187596.35788 286
1757555587310 552666856745.3096 287
1757555587378 113355401222.86176 288
1757555587456 84507879744.4315 289
1757555587531 79698826524.52151 290
1757555587600 47979838361.35926 291
1757555587679 72117062502.88757 292
1757555587753 80829893209.77002 293
1757555587832 308144586350.0615 294
1757555587910 307172063786.1842 295
1757555587983 201730573781.47852 296
1757555588050 100696980888.25699 297
