1757584341177 1064044748402.8925 0
1757584341248 1063831951047.3054 1
1757584341317 1063619221688.1666 2
1757584341393 1063406560298.5018 3
1757584341464 1063193966851.3494 4
1757584341528 1062981441319.7599 5
1757584341595 1062768983676.7968 6
1757584341658 1062556593895.5363 7
1757584341725 1062344271949.0668 8
1757584341787 1062132017810.4899 9
1757584341855 1061919831452.9188 10
1757584341922 1061707712849.4802 11
1757584341990 1061495661973.3129 12
1757584342055 1061283678797.5685 13
1757584342120 1061071763295.4104 14
1757584342182 1060859915440.0157 15
1757584342248 1060648135204.5731 16
1757584342319 1060436422562.2844 17
1757584342395 1060224777486.3636 18
1757584342464 1060013199950.0371 19
1757584342533 1059801689926.5443 20
1757584342599 1059590247389.1366 21
1757584342660 1059378872311.078 22
1757584342732 1059167564665.6453 23
1757584342795 1058956324426.1273 24
1757584342858 1058745151565.8257 25
1757584342922 1058534046058.0542 26
1757584342987 1058323007876.1398 27
1757584343056 1058112036993.421 28
1757584343121 1057901133383.2488 29
1757584343185 1057690297018.9877 30
1757584343253 1057479527874.0137 31
1757584343318 1057268825921.7151 32
1757584343386 1057058191135.493 33
1757584343458 1056847623488.7614 34
1757584343523 1056637122954.9458 35
1757584343591 1056426689507.4845 36
1757584343653 1056216323119.8282 37
1757584343718 1056006023765.4401 38
1757584343783 1055795791417.7954 39
1757584343849 1055585626050.3821 40
1757584343919 1055375527636.7004 41
1757584343991 1055165496150.263 42
1757584344058 1054955531564.5944 43
1757584344123 1054745633853.2323 44
1757584344193 1054535802989.7261 45
1757584344258 1054326038947.6381 46
1757584344324 1054116341700.5419 47
1757584344386 1053906711222.0245 48
1757584344459 1053697147485.6849 49
1757584344528 1053487650465.1345 50
1757584344595 1053278220133.9966 51
1757584344657 1053068856465.9071 52
1757584344725 1052859559434.514 53
1757584344790 1052650329013.4778 54
1757584344860 1052441165176.4714 55
1757584344924 1052232067897.1799 56
1757584344995 1052023037149.3 57
1757584345058 1051814072906.5416 58
1757584345123 1051605175142.6266 59
1757584345190 1051396343831.2887 60
1757584345257 1051187578946.2744 61
1757584345320 1050978880461.342 62
1757584345383 1050770248350.2627 63
1757584345451 1050561682586.8187 64
1757584345514 1050353183144.8059 65
1757584345581 1050144749998.0314 66
1757584345661 1049936383120.3147 67
1757584345725 1049728082485.4875 68
1757584345814 1049519848067.3943 69
1757584345879 1049311679839.8909 70
1757584345945 1049103577776.8456 71
1757584346013 1048895541852.1392 72
1757584346076 1048687572039.6642 73
1757584346139 1048479668313.3254 74
1757584346206 1048271830647.0402 75
1757584346270 1048064059014.7373 76
1757584346338 1047856353390.3583 77
1757584346405 1047648713747.8567 78
1757584346471 1047441140061.1976 79
1757584346540 1047233632304.3594 80
1757584346604 1047026190451.3313 81
1757584346669 1046818814476.1156 82
1757584346734 1046611504352.7263 83
1757584346801 1046404260055.1896 84
1757584346870 1046197081557.5432 85
1757584346934 1045989968833.8383 86
1757584347005 1045782921858.1366 87
1757584347083 1045575940604.5128 88
1757584347150 1045369025047.0533 89
1757584347225 1045162175159.8574 90
1757584347299 1044955390917.0348 91
1757584347367 1044748672292.7087 92
1757584347442 1044542019261.0139 93
1757584347516 1044335431796.0969 94
1757584347582 1044128909872.1171 95
1757584347647 1043922453463.2446 96
1757584347714 1043716062543.6628 97
1757584347782 1043509737087.5665 98
1757584347858 1043303477069.1624 99
1757584347926 1043097282462.6696 100
1757584347987 1042891153242.3187 101
1757584348062 1042685089382.3529 102
1757584348128 1042479090857.027 103
1757584348189 1042273157640.6074 104
1757584348257 1042067289707.3738 105
1757584348325 1041861487031.6158 106
1757584348391 1041655749587.6373 107
1757584348457 1041450077349.7521 108
1757584348526 1041244470292.2874 109
1757584348589 1041038928389.5812 110
1757584348656 1040833451615.9845 111
1757584348722 1040628039945.8596 112
1757584348791 1040422693353.5803 113
1757584348856 1040217411813.5339 114
1757584348926 1040012195300.1177 115
1757584348990 1039807043787.7418 116
1757584349061 1039601957250.8289 117
1757584349126 1039396935663.8118 118
1757584349193 1039191979001.1371 119
1757584349265 1038987087237.2622 120
1757584349336 1038782260346.6561 121
1757584349405 1038577498303.801 122
1757584349466 1038372801083.1895 123
1757584349534 1038168168659.3268 124
1757584349599 1037963601006.7296 125
1757584349664 1037759098099.9272 126
1757584349729 1037554659913.4598 127
1757584349797 1037350286421.8799 128
1757584349862 1037145977599.7517 129
1757584349933 1036941733421.6514 130
1757584350006 1036737553862.1666 131
1757584350078 1036533438895.8972 132
1757584350145 1036329388497.4548 133
1757584350214 1036125402641.4625 134
1757584350283 1035921481302.5555 135
1757584350345 1035717624455.3801 136
1757584350412 1035513832074.5956 137
1757584350476 1035310104134.8718 138
1757584350545 1035106440610.8915 139
1757584350608 1034902841477.3481 140
1757584350676 1034699306708.9474 141
1757584350741 1034495836280.4067 142
1757584350811 1034292430166.4554 143
1757584350878 1034089088341.8342 144
1757584350944 1033885810781.2957 145
1757584351008 1033682597459.604 146
1757584351078 1033479448351.5355 147
1757584351145 1033276363431.8777 148
1757584351214 1033073342675.4303 149
1757584351282 1032870386057.004 150
1757584351350 1032667493551.422 151
1757584351415 1032464665133.5189 152
1757584351479 1032261900778.1405 153
1757584351546 1032059200460.1449 154
1757584351611 1031856564154.4019 155
1757584351679 1031653991835.792 156
1757584351747 1031451483479.2087 157
1757584351812 1031249039059.556 158
1757584351877 1031046658551.7505 159
1757584351945 1030844341930.7197 160
1757584352009 1030642089171.4031 161
1757584352079 1030439900248.7516 162
1757584352146 1030237775137.728 163
1757584352215 1030035713813.3068 164
1757584352287 1029833716250.473 165
1757584352354 1029631782424.2252 166
1757584352415 1029429912309.5718 167
1757584352481 1029228105881.5333 168
1757584352544 1029026363115.1427 169
1757584352612 1028824683985.4432 170
1757584352677 1028623068467.4902 171
1757584352752 1028421516536.3511 172
1757584352825 1028220028167.104 173
1757584352895 1028018603334.839 174
1757584352962 1027817242014.658 175
1757584353029 1027615944181.6738 176
1757584353102 1027414709811.0112 177
1757584353174 1027213538877.8066 178
1757584353245 1027012431357.2076 179
1757584353311 1026811387224.3737 180
1757584353376 1026610406454.4753 181
1757584353443 1026409489022.6948 182
1757584353509 1026208634904.2263 183
1757584353575 1026007844074.2749 184
1757584353642 1025807116508.0571 185
1757584353707 1025606452180.8014 186
1757584353777 1025405851067.7477 187
1757584353847 1025205313144.1469 188
1757584353918 1025004838385.2618 189
1757584353987 1024804426766.3666 190
1757584354060 1024604078262.7467 191
1757584354129 1024403792849.6991 192
1757584354197 1024203570502.5325 193
1757584354263 1024003411196.5665 194
1757584354328 1023803314907.1329 195
1757584354398 1023603281609.5741 196
1757584354466 1023403311279.2444 197
1757584354532 1023203403891.5094 198
1757584354598 1023003559421.7458 199
1757584354663 1022803777845.3425 200
1757584354730 1022604059137.6991 201
1757584354802 1022404403274.2267 202
1757584354871 1022204810230.3478 203
1757584354937 1022005279981.4963 204
1757584355002 1021805812503.118 205
1757584355072 1021606407770.669 206
1757584355142 1021407065759.618 207
1757584355210 1021207786445.4435 208
1757584355292 1021008569803.637 209
1757584355357 1020809415809.7002 210
1757584355422 1020610324439.1469 211
1757584355484 1020411295667.5013 212
1757584355551 1020212329470.2999 213
1757584355622 1020013425823.09 214
1757584355688 1019814584701.4303 215
1757584355759 1019615806080.8909 216
1757584355827 1019417089937.0529 217
1757584355895 1019218436245.509 218
1757584355963 1019019844981.8634 219
1757584356028 1018821316121.7312 220
1757584356097 1018622849640.7384 221
1757584356163 1018424445514.5232 222
1757584356238 1018226103718.7345 223
1757584356305 1018027824229.0327 224
1757584356379 1017829607021.0894 225
1757584356452 1017631452070.5869 226
1757584356522 1017433359353.2197 227
1757584356594 1017235328844.6927 228
1757584356674 1017037360520.7229 229
1757584356750 1016839454357.0376 230
1757584356817 1016641610329.3759 231
1757584356885 1016443828413.488 232
1757584356952 1016246108585.1351 233
1757584357014 1016048450820.09 234
1757584357083 1015850855094.1364 235
1757584357155 1015653321383.0691 236
1757584357224 1015455849662.6946 237
1757584357308 1015258439908.83 238
1757584357379 1015061092097.3038 239
1757584357458 1014863806203.9558 240
1757584357528 1014666582204.6367 241
1757584357600 1014469420075.2087 242
1757584357685 1014272319791.5448 243
1757584357771 1014075281329.5292 244
1757584357839 1013878304665.058 245
1757584357908 1013681389774.0369 246
1757584357977 1013484536632.384 247
1757584358044 1013287745216.0283 248
1757584358118 1013091015500.9095 249
1757584358184 1012894347462.9789 250
1757584358250 1012697741078.1984 251
1757584358322 1012501196322.5416 252
1757584358392 1012304713171.9926 253
1757584358460 1012108291602.5469 254
1757584358527 1011911931590.2112 255
1757584358598 1011715633111.003 256
1757584358664 1011519396140.9512 257
1757584358734 1011323220656.0952 258
1757584358809 1011127106632.4861 259
1757584358879 1010931054046.1858 260
1757584358949 1010735062873.2671 261
1757584359021 1010539133089.8141 262
1757584359094 1010343264671.9218 263
1757584359164 1010147457595.696 264
1757584359235 1009951711837.2544 265
1757584359303 1009756027372.7245 266
1757584359373 1009560404178.2456 267
1757584359448 1009364842229.968 268
1757584359519 1009169341504.0526 269
1757584359588 1008973901976.6716 270
1757584359654 1008778523624.0085 271
1757584359724 1008583206422.2568 272
1757584359796 1008387950347.622 273
1757584359862 1008192755376.3202 274
1757584359929 1007997621484.5782 275
1757584359997 1007802548648.6343 276
1757584360075 1007607536844.7373 277
1757584360145 1007412586049.1473 278
1757584360215 1007217696238.1349 279
1757584360281 1007022867387.982 280
1757584360358 1006828099474.9818 281
1757584360426 1006633392475.4375 282
1757584360496 1006438746365.664 283
1757584360564 1006244161121.9867 284
1757584360632 1006049636720.7421 285
1757584360701 1005855173138.2776 286
1757584360773 1005660770350.9514 287
1757584360849 1005466428335.1329 288
1757584360917 1005272147067.202 289
1757584360994 1005077926523.5497 290
1757584361075 1004883766680.5776 291
1757584361148 1004689667514.699 292
1757584361212 1004495629002.3369 293
1757584361286 1004301651119.926 294
1757584361356 1004107733843.9117 295
1757584361427 1003913877150.7502 296
1757584361498 1003720081016.9084 297
1757584361567 1003526345418.8641 298
1757584361634 1003332670333.1062 299
1757584361701 1003139055736.1339 300
1757584361774 1002945501604.4578 301
1757584361838 1002752007914.5994 302
1757584361912 1002558574643.09 303
1757584361980 1002365201766.4729 304
1757584362053 1002171889261.3016 305
1757584362124 1001978637104.1405 306
1757584362191 1001785445271.5652 307
1757584362267 1001592313740.1609 308
1757584362345 1001399242486.5248 309
1757584362414 1001206231487.2648 310
1757584362480 1001013280718.9987 311
1757584362550 1000820390158.3558 312
1757584362618 1000627559781.976 313
1757584362689 1000434789566.5099 314
1757584362753 1000242079488.6188 315
1757584362824 1000049429524.9747 316
1757584362897 999856839652.2609 317
1757584362961 999664309847.1703 318
1757584363031 999471840086.4077 319
1757584363101 999279430346.6882 320
1757584363171 999087080604.7372 321
1757584363252 998894790837.2915 322
1757584363319 998702561021.098 323
1757584363394 998510391132.9146 324
1757584363461 998318281149.51 325
1757584363532 998126231047.6633 326
1757584363607 997934240804.1644 327
1757584363680 997742310395.8143 328
1757584363754 997550439799.424 329
1757584363835 997358628991.8153 330
1757584363908 997166877949.8212 331
1757584363979 996975186650.2843 332
1757584364043 996783555070.0596 333
1757584364120 996591983186.0106 334
1757584364197 996400470975.0132 335
1757584364266 996209018413.953 336
1757584364336 996017625479.7266 337
1757584364408 995826292149.241 338
1757584364479 995635018399.4138 339
1757584364550 995443804207.1737 340
1757584364618 995252649549.4594 341
1757584364687 995061554403.2202 342
1757584364756 994870518745.4169 343
1757584364825 994679542553.0195 344
1757584364899 994488625803.0101 345
1757584364967 994297768472.3799 346
1757584365035 994106970538.1318 347
1757584365103 993916231977.2789 348
1757584365175 993725552766.8444 349
1757584365245 993534932883.863 350
1757584365320 993344372305.379 351
1757584365391 993153871008.448 352
1757584365471 992963428970.1355 353
1757584365538 992773046167.5182 354
1757584365613 992582722577.6826 355
1757584365683 992392458177.7267 356
1757584365754 992202252944.7577 357
1757584365826 992012106855.8947 358
1757584365895 991822019888.2664 359
1757584365966 991631992019.0126 360
1757584366036 991442023225.2827 361
1757584366107 991252113484.2375 362
1757584366183 991062262773.0477 363
1757584366253 990872471068.8956 364
1757584366323 990682738348.9723 365
1757584366388 990493064590.4802 366
1757584366468 990303449770.6327 367
1757584366543 990113893866.6526 368
1757584366611 989924396855.774 369
1757584366680 989734958715.2411 370
1757584366752 989545579422.3087 371
1757584366823 989356258954.2416 372
1757584366893 989166997288.3158 373
1757584366966 988977794401.8169 374
1757584367035 988788650272.0416 375
1757584367104 988599564876.2966 376
1757584367175 988410538191.8994 377
1757584367246 988221570196.1772 378
1757584367319 988032660866.4688 379
1757584367387 987843810180.122 380
1757584367475 987655018114.4961 381
1757584367559 987466284646.9601 382
1757584367642 987277609754.8938 383
1757584367715 987088993415.6871 384
1757584367789 986900435606.7405 385
1757584367876 986711936305.4647 386
1757584367948 986523495489.2811 387
1757584368019 986335113135.6206 388
1757584368091 986146789221.9257 389
1757584368163 985958523725.6481 390
1757584368240 985770316624.2506 391
1757584368311 985582167895.2058 392
1757584368385 985394077515.9972 393
1757584368454 985206045464.1183 394
1757584368529 985018071717.0726 395
1757584368597 984830156252.3745 396
1757584368669 984642299047.5486 397
1757584368741 984454500080.1294 398
1757584368814 984266759327.6617 399
1757584368884 984079076767.7018 400
1757584368953 983891452377.8145 401
1757584369020 983703886135.576 402
1757584369097 983516378018.5726 403
1757584369164 983328928004.4006 404
1757584369246 983141536070.667 405
1757584369321 982954202194.9886 406
1757584369394 982766926354.9926 407
1757584369465 982579708528.3169 408
1757584369536 982392548692.609 409
1757584369608 982205446825.527 410
1757584369680 982018402904.7389 411
1757584369752 981831416907.9237 412
1757584369827 981644488812.7697 413
1757584369902 981457618596.9756 414
1757584369977 981270806238.2512 415
1757584370047 981084051714.3156 416
1757584370117 980897355002.8981 417
1757584370189 980710716081.7386 418
1757584370263 980524134928.5873 419
1757584370333 980337611521.2041 420
1757584370412 980151145837.3594 421
1757584370490 979964737854.8337 422
1757584370558 979778387551.4175 423
1757584370631 979592094904.9119 424
1757584370704 979405859893.1282 425
1757584370770 979219682493.8868 426
1757584370842 979033562685.0198 427
1757584370914 978847500444.3679 428
1757584370986 978661495749.7834 429
1757584371061 978475548579.1279 430
1757584371133 978289658910.2731 431
1757584371216 978103826721.1011 432
1757584371291 977918051989.5042 433
1757584371367 977732334693.3844 434
1757584371443 977546674810.6542 435
1757584371520 977361072319.2362 436
1757584371591 977175527197.0627 437
1757584371663 976990039422.0767 438
1757584371732 976804608972.2306 439
1757584371806 976619235825.4877 440
1757584371879 976433919959.8206 441
1757584371952 976248661353.2125 442
1757584372030 976063459983.6565 443
1757584372100 975878315829.1554 444
1757584372181 975693228867.7227 445
1757584372257 975508199077.3817 446
1757584372329 975323226436.1656 447
1757584372403 975138310922.118 448
1757584372477 974953452513.292 449
1757584372551 974768651187.7512 450
1757584372620 974583906923.5691 451
1757584372691 974399219698.829 452
1757584372766 974214589491.6248 453
1757584372840 974030016280.0596 454
1757584372915 973845500042.2472 455
1757584372989 973661040756.3112 456
1757584373065 973476638400.3849 457
1757584373136 973292292952.612 458
1757584373210 973108004391.146 459
1757584373281 972923772694.1503 460
1757584373355 972739597839.7986 461
1757584373426 972555479806.2744 462
1757584373500 972371418571.771 463
1757584373575 972187414114.4917 464
1757584373646 972003466412.65 465
1757584373720 971819575444.4694 466
1757584373791 971635741188.1827 467
1757584373862 971451963622.0337 468
1757584373935 971268242724.2749 469
1757584374007 971084578473.17 470
1757584374075 970900970846.9917 471
1757584374153 970717419824.0228 472
1757584374233 970533925382.5565 473
1757584374307 970350487500.8954 474
1757584374381 970167106157.3518 475
1757584374452 969983781330.2489 476
1757584374525 969800512997.9191 477
1757584374597 969617301138.7045 478
1757584374669 969434145730.9573 479
1757584374737 969251046753.04 480
1757584374812 969068004183.3243 481
1757584374891 968885018000.1924 482
1757584374965 968702088182.0358 483
1757584375045 968519214707.2562 484
1757584375116 968336397554.2651 485
1757584375200 968153636701.4839 486
1757584375281 967970932127.3439 487
1757584375351 967788283810.2856 488
1757584375423 967605691728.7605 489
1757584375499 967423155861.229 490
1757584375571 967240676186.1617 491
1757584375644 967058252682.039 492
1757584375721 966875885327.3511 493
1757584375794 966693574100.598 494
1757584375870 966511318980.2891 495
1757584375940 966329119944.9445 496
1757584376014 966146976973.0934 497
1757584376088 965964890043.2749 498
1757584376158 965782859134.0383 499
