1757531471333 1019580583934.5911 0
1757531471379 830199451004.8862 1
1757531471425 694947633532.8806 2
1757531471471 595468953852.5988 3
1757531471529 520548539650.56696 4
1757531471587 463072175045.7609 5
1757531471635 418348795151.16095 6
1757531471681 383168068812.556 7
1757531471735 355258502041.4865 8
1757531471792 332966834348.9666 9
1757531471843 315061966596.21545 10
1757531471891 300610622941.7348 11
1757531471937 288895524778.6992 12
1757531471985 279359599003.9511 13
1757531472032 271566708349.36914 14
1757531472079 265173254404.579 15
1757531472126 259907187234.99435 16
1757531472173 255552219083.9563 17
1757531472229 251935792029.5589 18
1757531472276 248919812154.93948 19
1757531472324 246393457326.121 20
1757531472372 244267559782.97107 21
1757531472419 242470196932.04855 22
1757531472465 240943216403.4729 23
1757531472515 239639488031.61307 24
1757531472566 238520724252.19855 25
1757531472622 237555746792.7208 26
1757531472669 236719104983.7743 27
1757531472715 235989971933.04623 28
1757531472762 235351260860.21378 29
1757531472811 234788916293.81174 30
1757531472857 234291344459.36572 31
1757531472905 233848954693.49072 32
1757531472952 233453789590.0564 33
1757531473000 233099226191.94928 34
1757531473048 232779734167.59927 35
1757531473097 232490679771.70383 36
1757531473144 232228166651.33597 37
1757531473192 231988906350.98752 38
1757531473238 231770112793.39362 39
1757531473286 231569416145.3828 40
1757531473333 231384792380.6043 41
1757531473380 231214505571.66797 42
1757531473427 231057060520.62164 43
1757531473474 230911163798.3971 44
1757531473521 230775691634.25647 45
1757531473570 230649663393.8539 46
1757531473622 230532219623.93985 47
1757531473669 230422603834.60925 48
1757531473717 230320147345.57492 49
1757531473764 230224256648.6092 50
1757531473813 230134402839.91525 51
1757531473862 230050112758.4663 52
1757531473911 229970961533.0481 53
1757531473958 229896566294.86932 54
1757531474005 229826580856.59177 55
1757531474053 229760691194.41208 56
1757531474103 229698611598.97525 57
1757531474154 229640081384.667 58
1757531474202 229584862066.23752 59
1757531474250 229532734927.57925 60
1757531474296 229483498920.4656 61
1757531474344 229436968841.70596 62
1757531474392 229392973745.9117 63
1757531474439 229351355558.25107 64
1757531474486 229311967857.48453 65
1757531474533 229274674804.4506 66
1757531474582 229239350195.1963 67
1757531474630 229205876621.28116 68
1757531474676 229174144722.54236 69
1757531474723 229144052519.90036 70
1757531474772 229115504817.69476 71
1757531474819 229088412666.62354 72
1757531474867 229062692879.69067 73
1757531474914 229038267594.67685 74
1757531474962 229015063877.57687 75
1757531475010 228993013362.2356 76
1757531475104 228972051922.07062 77
1757531475152 228952119370.32974 78
1757531475200 228933159185.80206 79
1757531475247 228915118261.30524 80
1757531475295 228897946672.6099 81
1757531475343 228881597465.75656 82
1757531475391 228866026460.96774 83
1757531475440 228851192071.57416 84
1757531475489 228837055136.55716 85
1757531475536 228823578765.46924 86
1757531475587 228810728194.6316 87
1757531475636 228798470653.62994 88
1757531475683 228786775241.22952 89
1757531475731 228775612809.92667 90
1757531475779 228764955858.42963 91
1757531475827 228754778431.4335 92
1757531475880 228745056026.11575 93
1757531475930 228735765504.83295 94
1757531475978 228726885013.54678 95
1757531476026 228718393905.5524 96
1757531476075 228710272670.11713 97
1757531476124 228702502865.67578 98
1757531476172 228695067057.25458 99
1757531476219 228687948757.82678 100
1757531476268 228681132373.32593 101
1757531476316 228674603151.06488 102
1757531476364 228668347131.3292 103
1757531476412 228662351101.93134 104
1757531476460 228656602555.52832 105
1757531476507 228651089649.52106 106
1757531476555 228645801168.36627 107
1757531476604 228640726488.14502 108
1757531476652 228635855543.24292 109
1757531476703 228631178795.00766 110
1757531476752 228626687202.25793 111
1757531476801 228622372193.5286 112
1757531476850 228618225640.94327 113
1757531476899 228614239835.613 114
1757531476952 228610407464.46735 115
1757531477002 228606721588.43027 116
1757531477049 228603175621.85855 117
1757531477097 228599763313.16577 118
1757531477144 228596478726.56052 119
1757531477193 228593316224.83258 120
1757531477241 228590270453.12253 121
1757531477290 228587336323.61813 122
1757531477338 228584509001.1208 123
1757531477386 228581783889.43173 124
1757531477440 228579156618.5085 125
1757531477495 228576623032.3473 126
