1757581956951 930949954233.1592 0
1757581957047 236044826532.51605 1
1757581957149 443691931195.1121 2
1757581957259 437114635723.8772 3
1757581957358 240182102309.87964 4
1757581957455 645477824125.7343 5
1757581957561 571087734858.4426 6
1757581957658 83090452088.03694 7
1757581957753 393591110481.11237 8
1757581957848 153809492649.84747 9
1757581957943 238580086903.2502 10
1757581958036 304710049705.461 11
1757581958138 67873600925.885475 12
1757581958234 686311190163.8322 13
1757581958328 474343899044.9594 14
1757581958424 87648009843.219 15
1757581958518 284936790241.7827 16
1757581958612 292251598223.9443 17
1757581958699 511121710497.3522 18
1757581958765 140183618538.60968 19
1757581958833 110493335255.72467 20
1757581958908 275748149573.78595 21
1757581958976 456841254468.7211 22
1757581959042 302303398022.88214 23
1757581959109 332808675935.2403 24
1757581959177 276662163125.78204 25
1757581959244 545290158129.6176 26
1757581959310 100598246673.826 27
1757581959379 272986538651.53198 28
1757581959446 190498320087.778 29
1757581959511 167512962785.04037 30
1757581959579 278875681333.9679 31
1757581959645 574781678969.2593 32
1757581959713 87018875420.50221 33
1757581959780 270566411525.48868 34
1757581959846 449972320937.3893 35
1757581959913 267588724680.0346 36
1757581959979 142317409365.74246 37
1757581960046 100142230918.61926 38
1757581960112 351064984787.54626 39
1757581960181 335342012043.2617 40
1757581960246 333729093008.3504 41
1757581960391 150935900247.05627 42
1757581960460 152375577326.14285 43
1757581960527 206383869036.987 44
1757581960593 94756227836.42932 45
1757581960658 223472255831.20856 46
1757581960724 182493675109.86395 47
1757581960791 112115940712.06905 48
1757581960857 130253217938.22636 49
1757581960925 267390809409.69174 50
1757581960991 229558133346.5496 51
1757581961058 453554253086.0337 52
1757581961125 431074782334.99194 53
1757581961192 185400080315.67786 54
1757581961258 182521113771.76202 55
1757581961325 298496185957.2873 56
1757581961392 237595950957.25772 57
1757581961457 160520526767.38922 58
1757581961524 293508936277.9821 59
1757581961590 149448038249.0843 60
1757581961659 232759587016.7244 61
1757581961725 275248717964.1446 62
1757581961792 485174215057.44226 63
1757581961858 258356194089.31934 64
1757581961924 138744581168.87238 65
1757581961989 81754914910.19745 66
1757581962055 174212814130.97638 67
1757581962130 202996591328.18802 68
1757581962207 140871573636.08807 69
1757581962277 277126309735.3202 70
1757581962348 165538891531.00436 71
1757581962420 315871022225.57666 72
