1757591419988 1053298725172.6423 0
1757591420050 859255714702.7389 1
1757591420111 720343312899.7367 2
1757591420173 617952177173.0646 3
1757591420235 540712870506.2436 4
1757591420299 481397266638.73785 5
1757591420362 435221443710.1877 6
1757591420424 398897219401.2627 7
1757591420487 370088234528.11774 8
1757591420554 347088112105.1347 9
1757591420616 328623060862.5267 10
1757591420678 313726046898.0743 11
1757591420744 301653459303.6093 12
1757591420806 291827897970.2231 13
1757591420869 283797655750.2383 14
1757591420932 277207271921.6104 15
1757591420994 271775687901.3374 16
1757591421058 267279782993.60712 17
1757591421134 263541813582.03647 18
1757591421198 260419741072.93546 19
1757591421265 257799730728.17645 20
1757591421329 255590301210.50403 21
1757591421393 253717740669.28192 22
1757591421455 252122501419.58582 23
1757591421517 250756354929.18927 24
1757591421578 249580140186.46484 25
1757591421640 248561976926.0511 26
1757591421702 247675844220.46936 27
1757591421764 246900447077.4413 28
1757591421826 246218310665.78857 29
1757591421889 245615054894.068 30
1757591421952 245078812216.7752 31
1757591422018 244599759436.61465 32
1757591422080 244169740429.6647 33
1757591422143 243781961538.71036 34
1757591422207 243430745160.14206 35
1757591422278 243111330022.7568 36
1757591422344 242819709000.41022 37
1757591422410 242552497152.124 38
1757591422478 242306824149.36792 39
1757591422543 242080246413.48807 40
1757591422606 241870675211.05865 41
1757591422668 241676317691.5878 42
1757591422730 241495628439.8849 43
1757591422792 241327269585.40024 44
1757591422855 241170077887.26596 45
1757591422922 241023037515.7501 46
1757591422984 240885257493.50607 47
1757591423046 240755952955.316 48
1757591423108 240634429542.48132 49
1757591423169 240520070375.13684 50
1757591423232 240412325148.55658 51
1757591423296 240310700982.75812 52
1757591423357 240214755004.8371 53
1757591423420 240124086978.46414 54
1757591423482 240038334700.49158 55
1757591423544 239957169022.9468 56
1757591423608 239880289875.50568 57
1757591423681 239807422866.9092 58
1757591423746 239738316371.4342 59
1757591423809 239672739022.7297 60
1757591423871 239610477550.62573 61
1757591423934 239551334907.4362 62
1757591423996 239495128639.26343 63
1757591424059 239441689465.21234 64
1757591424120 239390860033.53036 65
1757591424182 239342493828.73672 66
1757591424244 239296454207.98682 67
1757591424307 239252613548.38177 68
1757591424372 239210852489.81223 69
1757591424437 239171059260.32306 70
