1757582853118 1019578794230.9694 0
1757582853210 1016852473068.5566 1
1757582853273 1012795478595.1829 2
1757582853336 1008111687370.0809 3
1757582853397 1003150635601.3612 4
1757582853456 998083206750.029 5
1757582853518 992991350957.319 6
1757582853578 987913300667.8513 7
1757582853640 982866114859.9548 8
1757582853702 977856802043.0363 9
1757582853761 972887741574.1937 10
1757582853819 967959283625.8889 11
1757582853878 963070967129.4418 12
1757582853938 958222069582.3976 13
1757582853996 953411839824.5912 14
1757582854055 948639584612.5691 15
1757582854114 943904690870.6772 16
1757582854174 939206621995.2075 17
1757582854274 934544905570.7717 18
1757582854345 929919119882.6516 19
1757582854412 925328882002.2651 20
1757582854473 920773838189.7533 21
1757582854533 916253656531.917 22
1757582854592 911768021455.303 23
1757582854652 907316629709.6951 24
1757582854711 902899187461.6118 25
1757582854770 898515408206.4594 26
1757582854830 894165011275.4749 27
1757582854891 889847720770.5411 28
1757582854951 885563264804.7263 29
1757582855015 881311374960.2766 30
1757582855074 877091785900.7811 31
1757582855132 872904235092.4182 32
1757582855191 868748462602.2622 33
1757582855252 864624210950.9877 34
1757582855310 860531225003.9503 35
1757582855369 856469251889.3451 36
1757582855429 852438040935.469 37
1757582855487 848437343621.4747 38
1757582855546 844466913537.663 39
1757582855605 840526506352.5254 40
1757582855665 836615879784.5839 41
1757582855722 832734793577.6416 42
1757582855781 828883009478.4785 43
1757582855842 825060291216.3075 44
1757582855902 821266404483.5088 45
1757582855961 817501116917.3052 46
1757582856021 813764198082.1394 47
1757582856079 810055419452.5852 48
1757582856141 806374554396.6722 49
1757582856200 802721378159.5441 50
1757582856260 799095667847.387 51
1757582856319 795497202411.5891 52
1757582856378 791925762633.0996 53
1757582856438 788381131106.9667 54
1757582856496 784863092227.0387 55
1757582856556 781371432170.8192 56
1757582856614 777905938884.4634 57
1757582856674 774466402067.9148 58
1757582856737 771052613160.1759 59
1757582856796 767664365324.7069 60
1757582856855 764301453434.9532 61
1757582856915 760963674059.9988 62
1757582856975 757650825450.3401 63
1757582857033 754362707523.784 64
1757582857093 751099121851.4656 65
1757582857154 747859871643.9829 66
1757582857214 744644761737.6516 67
1757582857276 741453598580.8743 68
1757582857337 738286190220.6268 69
1757582857408 735142346289.0573 70
1757582857469 732021877990.1997 71
1757582857528 728924598086.799 72
1757582857590 725850320887.2483 73
1757582857650 722798862232.6356 74
1757582857710 719770039483.9004 75
1757582857772 716763671509.0994 76
1757582857832 713779578670.7777 77
1757582857891 710817582813.45 78
1757582857952 707877507251.184 79
1757582858012 704959176755.2909 80
1757582858074 702062417542.119 81
1757582858134 699187057260.9513 82
1757582858195 696332924982.0037 83
1757582858256 693499851184.5253 84
1757582858315 690687667745.0002 85
1757582858376 687896207925.4476 86
1757582858436 685125306361.8203 87
1757582858497 682374799052.5028 88
1757582858556 679644523346.9056 89
1757582858618 676934317934.1549 90
1757582858682 674244022831.8799 91
1757582858746 671573479375.092 92
1757582858812 668922530205.1609 93
1757582858877 666291019258.881 94
1757582858938 663678791757.6313 95
1757582858998 661085694196.6282 96
1757582859061 658511574334.2657 97
1757582859122 655956281181.5487 98
1757582859188 653419664991.613 99
1757582859254 650901577249.3363 100
1757582859319 648401870661.0344 101
1757582859386 645920399144.246 102
1757582859448 643457017817.6024 103
1757582859509 641011582990.784 104
1757582859570 638583952154.5613 105
1757582859631 636173983970.9181 106
1757582859692 633781538263.2603 107
1757582859754 631406476006.7069 108
1757582859815 629048659318.4615 109
1757582859877 626707951448.2666 110
1757582859939 624384216768.9369 111
1757582859998 622077320766.9745 112
1757582860059 619787130033.2609 113
1757582860119 617513512253.8295 114
1757582860179 615256336200.7141 115
1757582860245 613015471722.8772 116
1757582860305 610790789737.2109 117
1757582860366 608582162219.6179 118
1757582860427 606389462196.1641 119
1757582860500 604212563734.3087 120
1757582860562 602051341934.2065 121
1757582860622 599905672920.0835 122
1757582860686 597775433831.686 123
1757582860748 595660502815.8024 124
1757582860809 593560759017.8533 125
1757582860871 591476082573.5573 126
1757582860933 589406354600.6626 127
1757582860993 587351457190.751 128
1757582861054 585311273401.1099 129
1757582861115 583285687246.6732 130
1757582861175 581274583692.0297 131
1757582861237 579277848643.4991 132
1757582861297 577295368941.2756 133
1757582861360 575327032351.6355 134
1757582861420 573372727559.2126 135
1757582861481 571432344159.3383 136
1757582861543 569505772650.4448 137
1757582861603 567592904426.5345 138
1757582861663 565693631769.711 139
1757582861723 563807847842.7734 140
1757582861784 561935446681.8749 141
1757582861845 560076323189.2391 142
1757582861906 558230373125.9427 143
1757582861966 556397493104.7549 144
1757582862027 554577580583.0394 145
1757582862088 552770533855.7147 146
1757582862148 550976252048.2758 147
1757582862210 549194635109.8717 148
1757582862273 547425583806.44434 149
1757582862335 545668999713.92236 150
1757582862398 543924785211.47455 151
1757582862460 542192843474.81885 152
1757582862521 540473078469.5879 153
1757582862584 538765394944.75055 154
1757582862646 537069698426.0885 155
1757582862708 535385895209.72876 156
1757582862769 533713892355.7289 157
1757582862832 532053597681.7178 158
1757582862893 530404919756.58923 159
1757582862954 528767767894.24884 160
1757582863015 527142052147.4134 161
1757582863076 525527683301.462 162
1757582863137 523924572868.3402 163
1757582863198 522332633080.5142 164
1757582863259 520751776884.97614 165
1757582863321 519181917937.3004 166
1757582863386 517622970595.7494 167
1757582863476 516074849915.42926 168
1757582863538 514537471642.49414 169
1757582863607 513010752208.40015 170
1757582863674 511494608724.2069 171
1757582863736 509988958974.927 172
1757582863797 508493721413.92365 173
1757582863862 507008815157.35504 174
1757582863923 505534159978.6649 175
1757582863984 504069676303.1204 176
1757582864045 502615285202.3953 177
1757582864112 501170908389.199 178
1757582864173 499736468211.95 179
1757582864235 498311887649.4957 180
1757582864297 496897090305.87494 181
1757582864359 495492000405.1251 182
1757582864421 494096542786.1336 183
1757582864483 492710642897.53143 184
1757582864547 491334226792.63086 185
1757582864611 489967221124.4048 186
1757582864673 488609553140.5084 187
1757582864735 487261150678.3433 188
1757582864796 485921942160.16205 189
1757582864858 484591856588.215 190
1757582864920 483270823539.93726 191
1757582864982 481958773163.1762 192
1757582865044 480655636171.4585 193
1757582865106 479361343839.2986 194
1757582865169 478075827997.54456 195
1757582865232 476799021028.7643 196
1757582865294 475530855862.6703 197
1757582865356 474271265971.5824 198
1757582865417 473020185365.9294 199
1757582865480 471777548589.7874 200
1757582865543 470543290716.4569 201
1757582865604 469317347344.0757 202
1757582865666 468099654591.26984 203
1757582865730 466890149092.84015 204
1757582865792 465688767995.4856 205
1757582865858 464495448953.56213 206
1757582865922 463310130124.87744 207
1757582865986 462132750166.5211 208
1757582866047 460963248230.72864 209
1757582866109 459801563960.7826 210
1757582866173 458647637486.9451 211
1757582866235 457501409422.42737 212
1757582866298 456362820859.3906 213
1757582866360 455231813364.9823 214
1757582866422 454108328977.4049 215
1757582866486 452992310202.01733 216
1757582866548 451883700007.4698 217
1757582866610 450782441821.8707 218
1757582866672 449688479528.98584 219
1757582866744 448601757464.46906 220
1757582866814 447522220412.12506 221
1757582866876 446449813600.2034 222
1757582866940 445384482697.7236 223
1757582867003 444326173810.8306 224
1757582867066 443274833479.1815 225
1757582867129 442230408672.3622 226
1757582867191 441192846786.3341 227
1757582867255 440162095639.9107 228
1757582867318 439138103471.26373 229
1757582867380 438120818934.45825 230
1757582867444 437110191096.0172 231
1757582867506 436106169431.51495 232
1757582867568 435108703822.1985 233
1757582867630 434117744551.638 234
1757582867693 433133242302.4045 235
1757582867757 432155148152.7764 236
1757582867819 431183413573.47253 237
1757582867881 430217990424.4135 238
1757582867946 429258830951.5096 239
1757582868009 428305887783.4758 240
1757582868071 427359113928.6735 241
1757582868133 426418462771.97864 242
1757582868195 425483888071.676 243
1757582868259 424555343956.3796 244
1757582868321 423632784921.9789 245
1757582868384 422716165828.61053 246
1757582868446 421805441897.6554 247
1757582868507 420900568708.7608 248
1757582868568 420001502196.8879 249
1757582868634 419108198649.38293 250
1757582868698 418220614703.07477 251
1757582868761 417338707341.3943 252
1757582868822 416462433891.5202 253
1757582868885 415591752021.54724 254
1757582868950 414726619737.6787 255
1757582869014 413866995381.4423 256
1757582869076 413012837626.9294 257
1757582869139 412164105478.0571 258
1757582869202 411320758265.8538 259
1757582869271 410482755645.767 260
1757582869337 409650057594.9933 261
1757582869406 408822624409.8315 262
1757582869470 408000416703.0577 263
1757582869543 407183395401.3216 264
1757582869608 406371521742.56573 265
1757582869671 405564757273.46515 266
1757582869744 404763063846.8892 267
1757582869812 403966403619.3846 268
1757582869876 403174739048.6787 269
1757582869939 402388032891.20514 270
1757582870003 401606248199.64825 271
1757582870066 400829348320.50977 272
1757582870128 400057296891.6948 273
1757582870191 399290057840.11835 274
1757582870254 398527595379.3316 275
1757582870316 397769874007.16876 276
1757582870380 397016858503.41223 277
1757582870443 396268513927.47864 278
1757582870508 395524805616.12354 279
1757582870574 394785699181.1651 280
1757582870637 394051160507.2274 281
1757582870701 393321155749.5023 282
1757582870766 392595651331.5295 283
1757582870832 391874613942.996 284
1757582870901 391158010537.5533 285
1757582870966 390445808330.6535 286
1757582871029 389737974797.4023 287
1757582871093 389034477670.43134 288
1757582871160 388335284937.7871 289
1757582871224 387640364840.83813 290
1757582871290 386949685872.1995 291
1757582871354 386263216773.6748 292
1757582871418 385580926534.21454 293
1757582871482 384902784387.893 294
1757582871546 384228759811.9005 295
1757582871609 383558822524.5531 296
1757582871677 382892942483.31915 297
1757582871747 382231089882.8619 298
1757582871817 381573235153.098 299
1757582871882 380919348957.27374 300
1757582871951 380269402190.0554 301
1757582872024 379623365975.6369 302
1757582872094 378981211665.86237 303
1757582872160 378342910838.36554 304
1757582872223 377708435294.72284 305
1757582872290 377077757058.6237 306
1757582872353 376450848374.0551 307
1757582872417 375827681703.5014 308
1757582872480 375208229726.159 309
1757582872544 374592465336.16656 310
1757582872607 373980361640.8495 311
1757582872671 373371891958.97864 312
1757582872734 372767029819.04443 313
1757582872798 372165748957.54456 314
1757582872861 371568023317.2867 315
1757582872925 370973827045.7042 316
1757582872988 370383134493.18726 317
1757582873053 369795920211.427 318
1757582873125 369212158951.77344 319
1757582873193 368631825663.6073 320
1757582873257 368054895492.72595 321
1757582873322 367481343779.7412 322
1757582873387 366911146058.49225 323
1757582873450 366344278054.47046 324
1757582873515 365780715683.2581 325
1757582873579 365220435048.9801 326
1757582873643 364663412442.7672 327
1757582873706 364109624341.2344 328
1757582873770 363559047404.9697 329
1757582873835 363011658477.03705 330
1757582873897 362467434581.4908 331
1757582873961 361926352921.90283 332
1757582874027 361388390879.9019 333
1757582874096 360853526013.72546 334
1757582874160 360321736056.7826 335
1757582874224 359792998916.23016 336
1757582874289 359267292671.5597 337
1757582874353 358744595573.1966 338
1757582874418 358224886041.1107 339
1757582874483 357708142663.439 340
1757582874551 357194344195.1188 341
1757582874616 356683469556.5329 342
1757582874681 356175497832.166 343
1757582874745 355670408269.2724 344
1757582874810 355168180276.5539 345
1757582874874 354668793422.85 346
1757582874939 354172227435.8374 347
1757582875004 353678462200.74243 348
1757582875072 353187477759.06165 349
1757582875135 352699254307.2952 350
1757582875199 352213772195.68945 351
1757582875264 351731011926.99023 352
1757582875328 351250954155.20734 353
1757582875394 350773579684.3876 354
1757582875459 350298869467.3998 355
1757582875527 349826804604.7287 356
1757582875592 349357366343.2795 357
1757582875657 348890536075.19165 358
1757582875722 348426295336.6634 359
1757582875786 347964625806.7851 360
1757582875851 347505509306.3832 361
1757582875916 347048927796.8728 362
1757582875980 346594863379.1204 363
1757582876045 346143298292.3159 364
1757582876109 345694214912.8543 365
1757582876176 345247595753.22546 366
1757582876252 344803423460.9143 367
1757582876317 344361680817.3103 368
1757582876383 343922350736.6246 369
1757582876448 343485416264.81714 370
1757582876513 343050860578.53265 371
1757582876577 342618666984.04517 372
1757582876642 342188818916.2114 373
1757582876706 341761299937.43274 374
1757582876771 341336093736.6256 375
1757582876836 340913184128.2011 376
1757582876901 340492555051.0522 377
1757582876964 340074190567.54956 378
1757582877028 339658074862.5465 379
1757582877094 339244192242.3905 380
1757582877158 338832527133.94476 381
1757582877224 338423064083.61633 382
1757582877290 338015787756.3934 383
1757582877356 337610682934.8896 384
1757582877421 337207734518.39734 385
1757582877485 336806927521.9474 386
1757582877551 336408247075.37787 387
1757582877616 336011678422.41 388
1757582877683 335617206919.7315 389
1757582877752 335224818036.08813 390
1757582877817 334834497351.38226 391
1757582877883 334446230555.7787 392
1757582877949 334060003448.8186 393
1757582878014 333675801938.54004 394
1757582878081 333293612040.6063 395
1757582878147 332913419877.44116 396
1757582878212 332535211677.37103 397
1757582878278 332158973773.77496 398
1757582878343 331784692604.24066 399
1757582878408 331412354709.7285 400
1757582878473 331041946733.74146 401
1757582878538 330673455421.50275 402
1757582878604 330306867619.1396 403
1757582878670 329942170272.87415 404
1757582878735 329579350428.22076 405
1757582878800 329218395229.1903 406
1757582878866 328859291917.5007 407
1757582878932 328502027831.79364 408
1757582878997 328146590406.859 409
1757582879062 327792967172.8641 410
1757582879128 327441145754.5904 411
1757582879194 327091113870.6759 412
1757582879259 326742859332.8645 413
1757582879326 326396370045.26025 414
1757582879392 326051634003.5893 415
1757582879462 325708639294.46674 416
1757582879529 325367374094.67017 417
1757582879600 325027826670.4187 418
1757582879678 324689985376.65857 419
1757582879755 324353838656.354 420
1757582879821 324019375039.7839 421
1757582879887 323686583143.8454 422
1757582879954 323355451671.36145 423
1757582880021 323025969410.3956 424
1757582880089 322698125233.5714 425
1757582880156 322371908097.3981 426
1757582880222 322047307041.60144 427
1757582880288 321724311188.45996 428
1757582880353 321402909742.14734 429
1757582880420 321083091988.0795 430
1757582880485 320764847292.26697 431
1757582880552 320448165100.6733 432
1757582880618 320133034938.57837 433
1757582880684 319819446409.94635 434
1757582880751 319507389196.8002 435
1757582880817 319196853058.59985 436
1757582880884 318887827831.6265 437
1757582880951 318580303428.37164 438
1757582881017 318274269836.93066 439
1757582881084 317969717120.4023 440
1757582881151 317666635416.29236 441
1757582881218 317365014935.92285 442
1757582881284 317064845963.8449 443
1757582881351 316766118857.258 444
1757582881417 316468824045.4331 445
1757582881488 316172952029.1403 446
1757582881555 315878493380.08185 447
1757582881620 315585438740.32886 448
1757582881685 315293778821.76447 449
1757582881752 315003504405.52905 450
1757582881826 314714606341.47186 451
1757582881892 314427075547.60675 452
1757582881960 314140903009.57184 453
1757582882028 313856079780.0941 454
1757582882099 313572596978.458 455
1757582882165 313290445789.9791 456
1757582882235 313009617465.48114 457
1757582882304 312730103320.7778 458
1757582882371 312451894736.1589 459
1757582882438 312174983155.8808 460
1757582882504 311899360087.66016 461
1757582882570 311625017102.1731 462
1757582882636 311351945832.55756 463
1757582882703 311080137973.9197 464
1757582882769 310809585282.84515 465
1757582882836 310540279576.91364 466
1757582882901 310272212734.2172 467
1757582882967 310005376692.88354 468
1757582883034 309739763450.60187 469
1757582883101 309475365064.1539 470
1757582883170 309212173648.9477 471
1757582883241 308950181378.5557 472
1757582883316 308689380484.257 473
1757582883384 308429763254.5823 474
1757582883452 308171322034.86346 475
1757582883518 307914049226.78656 476
1757582883586 307657937287.9485 477
1757582883653 307402978731.4167 478
1757582883719 307149166125.2938 479
1757582883787 306896492092.2842 480
1757582883855 306644949309.26526 481
1757582883921 306394530506.862 482
1757582883987 306145228469.0243 483
1757582884054 305897036032.6089 484
1757582884121 305649946086.9637 485
1757582884188 305403951573.516 486
1757582884259 305159045485.36365 487
1757582884327 304915220866.8704 488
1757582884394 304672470813.26373 489
1757582884461 304430788470.23615 490
1757582884529 304190167033.5495 491
1757582884596 303950599748.6436 492
1757582884662 303712079910.2466 493
1757582884727 303474600861.9892 494
1757582884794 303238155996.0223 495
1757582884861 303002738752.6373 496
1757582884928 302768342619.88947 497
1757582884995 302534961133.2248 498
1757582885061 302302587875.10925 499
