1757545494442 83003550917.98694 0
1757545494925 3.260368326589433e+17 1
1757545495445 1.79720526463522e+24 2
1757545495945 1.816210437647261e+33 3
1757545496452 1.5299083851393086e+37 4
1757545496949 1.4634374201929398e+43 5
1757545497484 3.439087644862915e+50 6
1757545498007 2.509288344408037e+53 7
1757545498511 3.345193987092587e+59 8
1757545499021 8.42739659626956e+62 9
1757545499516 6.238738319397197e+67 10
1757545500012 4.339037961422195e+75 11
1757545500507 2.0106003169974088e+79 12
1757545500999 4.155748125343469e+82 13
1757545501515 1.1343777315703262e+88 14
1757545502009 5.4824976943271925e+88 15
1757545502505 1.7816537992596573e+93 16
1757545503038 2.851883779029483e+100 17
1757545503528 2.589810888019531e+103 18
1757545504033 1.8080455755002303e+108 19
1757545504534 1.989248478489424e+113 20
1757545505054 4.87040289604281e+118 21
1757545505580 1.637993855246229e+123 22
1757545506146 5.679873508290047e+124 23
1757545506648 5.122816724286735e+132 24
1757545507160 1.5665264851099735e+139 25
1757545507651 7.371121187430232e+144 26
1757545508147 6.252527281096614e+145 27
1757545508636 7.459451719128871e+152 28
1757545509117 8.607440596496815e+160 29
1757545509641 9.72115822361497e+167 30
1757545510124 1.3586050215332591e+167 31
1757545510619 2.915466486869492e+173 32
1757545511120 3.0104208083916952e+175 33
1757545511643 3.794316020679881e+179 34
1757545512147 4.117913661736655e+181 35
1757545512658 1.8850962754593487e+190 36
1757545513178 1.9500343949713718e+192 37
1757545513659 1.0117854157176179e+197 38
1757545514156 4.0755166804926475e+198 39
1757545514681 5.343141329002137e+204 40
1757545515193 2.873257614432625e+211 41
1757545515710 1.6239893407888244e+219 42
1757545516218 2.328860969613108e+217 43
1757545516714 2.8684474380380527e+227 44
1757545517206 8.286731184041008e+231 45
1757545517711 7.08073496625867e+239 46
1757545518200 5.861151100958539e+247 47
1757545518673 1.9356683829170136e+252 48
1757545519157 3.490394013257049e+258 49
1757545519644 8.61660755384793e+262 50
1757545520139 2.200475514215609e+269 51
1757545520634 1.6312490263002586e+275 52
1757545521137 7.799398305523001e+278 53
1757545521626 3.421349774383412e+282 54
1757545522121 1.0175235684076406e+283 55
1757545522637 9.104580595639627e+289 56
1757545523134 1.241998238381501e+296 57
1757545523634 1.7323360439455964e+305 58
1757545524124 inf 59
