1757567967474 74823487129253.14 0
1757567967545 4.5343582295622907e+18 1
1757567967611 1.8109562029529016e+25 2
1757567967682 1.370353071709983e+29 3
1757567967750 2.3878634264881197e+34 4
1757567967825 4.1864187017218957e+39 5
1757567967891 5.584742748858891e+45 6
1757567967979 2.9733665854540397e+50 7
1757567968055 1.7387313807229878e+56 8
1757567968123 1.5311527572900346e+61 9
1757567968187 5.570303389465861e+66 10
1757567968265 4.738142218027157e+71 11
1757567968335 8.270259604561799e+76 12
1757567968403 1.940378462381362e+82 13
1757567968472 2.0172044847093434e+87 14
1757567968545 8.376739946799693e+92 15
1757567968620 2.3874554301911908e+98 16
1757567968698 3.5606258044649395e+105 17
1757567968768 1.1162912456608226e+111 18
1757567968838 5.52209842383459e+114 19
1757567968919 1.8013335040523506e+121 20
1757567968983 1.9782831430625913e+125 21
1757567969054 1.568709681068087e+129 22
1757567969124 1.335631915316777e+134 23
1757567969192 6.783745171445096e+140 24
1757567969263 6.236604476163877e+145 25
1757567969328 6.690417037121876e+150 26
1757567969395 1.772622322023314e+156 27
1757567969458 3.7284722876707094e+161 28
1757567969534 1.7870086739022615e+169 29
1757567969598 1.2733185790398678e+172 30
1757567969671 6.469011284154055e+177 31
1757567969740 8.728000441546717e+181 32
1757567969812 2.3801261554154893e+187 33
1757567969881 3.45507490139459e+192 34
1757567969945 8.271848607810309e+197 35
1757567970019 1.356620560941989e+203 36
1757567970091 1.3575661423616822e+209 37
1757567970166 1.9530162344221424e+214 38
1757567970235 6.904746385841896e+219 39
1757567970306 1.7248401957015773e+226 40
1757567970371 5.970570238293919e+229 41
1757567970443 4.171185454354865e+234 42
1757567970523 2.679905197739366e+241 43
1757567970590 2.039051816876918e+245 44
1757567970677 1.3999870398779803e+251 45
1757567970748 1.4454119179265858e+256 46
1757567970829 2.5018857754532047e+263 47
1757567970906 7.763841138458679e+267 48
1757567970984 7.44460115068432e+271 49
1757567971064 2.5505927115966432e+277 50
1757567971136 3.2714873661239534e+282 51
1757567971208 6.945303633425602e+289 52
1757567971280 2.7016471697444702e+293 53
1757567971354 1.4159118628375544e+299 54
1757567971429 1.616915661356438e+304 55
1757567971509 inf 56
