1757569157183 233908915938.77216 0
1757569157254 115927533049.60779 1
1757569157320 285381321134.77264 2
1757569157390 81131569979.21884 3
1757569157460 334593018176.71515 4
1757569157527 277111910991.5588 5
1757569157597 323512027497.86395 6
1757569157677 94738796805.10585 7
1757569157755 317742498758.19037 8
1757569157843 630811437380.0907 9
1757569157925 118447899554.24619 10
1757569158005 179691752577.5049 11
1757569158072 165721495397.9182 12
1757569158148 319559334186.22534 13
1757569158226 217937113036.76956 14
1757569158304 623668641063.8467 15
1757569158376 229021731834.34317 16
1757569158459 237017646572.5526 17
1757569158528 906360071955.0643 18
1757569158594 281293600673.5195 19
1757569158663 285038552220.4289 20
1757569158731 123944189643.43672 21
1757569158807 168773500074.78995 22
1757569158879 213527646871.53513 23
1757569158983 134367307441.41228 24
1757569159072 170260473940.31665 25
1757569159151 368844093614.7824 26
1757569159225 168653603986.0625 27
1757569159309 186552423985.2792 28
1757569159377 118546422269.75359 29
1757569159445 120703150803.81943 30
1757569159511 155136143560.41135 31
1757569159577 194036725305.84604 32
1757569159647 265618064440.44153 33
1757569159736 88108929669.97672 34
1757569159799 490458138996.25775 35
1757569159876 176491533714.29913 36
1757569159941 401307610051.89276 37
1757569160011 317527463564.05273 38
1757569160082 103393340686.03487 39
1757569160155 133738492240.547 40
1757569160230 226556049935.94806 41
1757569160297 125696665751.33176 42
1757569160372 319094206166.1791 43
1757569160441 86980917458.05293 44
1757569160513 181149772152.2586 45
1757569160581 592918161317.2767 46
1757569160652 264832032198.4756 47
1757569160722 317423557294.0678 48
1757569160786 150893238623.42206 49
1757569160860 249548273405.4009 50
1757569160926 93924969172.0701 51
1757569160991 372706789937.6563 52
1757569161061 309148811879.07764 53
1757569161128 283110086108.628 54
1757569161191 92994602076.65924 55
1757569161261 334156580922.4546 56
1757569161331 81846970931.94783 57
1757569161393 221969987003.33255 58
1757569161468 242509165274.62866 59
1757569161543 192312682558.23218 60
1757569161610 66241974452.13555 61
1757569161684 158435027050.0122 62
1757569161770 369293684092.59357 63
1757569161835 942390400397.6737 64
1757569161908 347350226084.45996 65
1757569161974 107902800976.43971 66
1757569162048 224562920284.80557 67
1757569162119 528941605253.9535 68
1757569162207 277932716938.5067 69
1757569162275 366862751693.88367 70
1757569162347 213940468851.57126 71
1757569162422 300463130405.2392 72
1757569162489 393245149535.53345 73
1757569162557 161404845988.79062 74
1757569162626 169709794605.0587 75
1757569162697 297713094266.8327 76
1757569162769 410898045319.31146 77
1757569162837 45163709133.523865 78
1757569162935 323790887274.1622 79
1757569163036 293269351917.3779 80
1757569163131 118207340551.18727 81
1757569163232 94294037567.74287 82
1757569163320 91087132505.6178 83
1757569163389 561666087729.9594 84
1757569163460 215966392586.96692 85
1757569163530 190518699329.5811 86
1757569163596 132953139408.13293 87
1757569163679 74074886526.61174 88
1757569163757 253656811830.5883 89
1757569163830 358733381551.45935 90
1757569163907 128144995261.92746 91
1757569163975 469959637247.96 92
1757569164042 303649248760.3801 93
1757569164119 219860040048.67123 94
1757569164188 131687334092.54845 95
1757569164258 151386699731.23053 96
1757569164335 391985310459.2144 97
1757569164405 356200690094.859 98
1757569164473 187995641946.27167 99
1757569164541 310989941375.9446 100
1757569164611 309627787037.63873 101
1757569164681 200386599666.8173 102
1757569164747 289023249201.03625 103
1757569164826 514526066320.93353 104
1757569164899 94015650047.6708 105
1757569164971 192928381573.7911 106
1757569165052 260108667066.58075 107
1757569165119 54982763513.472275 108
1757569165191 134711381632.31747 109
1757569165255 187395248347.65308 110
1757569165322 239228223374.99796 111
1757569165394 503342938286.9898 112
1757569165469 106324739056.49028 113
1757569165532 264769951944.07425 114
1757569165610 116487517909.75781 115
1757569165687 804281390478.0375 116
1757569165759 112086736731.69705 117
1757569165829 205265203644.03073 118
1757569165915 152867139142.27005 119
1757569166021 319791993501.0302 120
1757569166113 322878766526.3047 121
1757569166192 237318613086.08865 122
1757569166266 515025908666.9488 123
1757569166336 64954430155.12733 124
1757569166412 188243876029.20828 125
1757569166482 160292485002.0013 126
1757569166552 116086597794.90967 127
1757569166623 138187185373.0912 128
1757569166697 222066945677.43515 129
1757569166771 164764661789.24014 130
1757569166843 211445182480.3998 131
1757569166923 481399279480.9882 132
1757569166996 289446852397.31824 133
1757569167071 134456513242.15332 134
1757569167140 215767719337.00262 135
1757569167215 204701218338.56094 136
1757569167285 250685997385.27487 137
1757569167351 165640525924.58945 138
1757569167427 180576579308.66415 139
1757569167492 188526808843.1795 140
1757569167562 113419523599.49283 141
1757569167630 366570326282.81396 142
1757569167701 374316812269.39984 143
1757569167765 70416898516.20314 144
1757569167841 135611685015.22958 145
1757569167912 463805118612.7198 146
1757569167983 118607435322.25081 147
1757569168060 179099757862.66415 148
1757569168131 76207365683.0247 149
1757569168203 54166696926.33013 150
1757569168278 81294623351.89589 151
1757569168358 154678105026.0958 152
1757569168425 384285586894.84576 153
1757569168490 381608478765.82605 154
1757569168560 175597676622.84735 155
1757569168632 167254536332.48007 156
1757569168707 288111988054.7437 157
1757569168771 121831982271.28 158
1757569168844 94101005686.93503 159
1757569168922 297012073835.1895 160
1757569168987 238185176609.47058 161
1757569169057 566300890299.1777 162
1757569169127 66150006355.40415 163
1757569169209 168284916138.71414 164
1757569169281 227471944378.5597 165
1757569169352 78391519448.09998 166
1757569169424 178310334311.37958 167
1757569169494 309334362733.9026 168
1757569169561 223409530332.09155 169
1757569169633 140268072101.2185 170
1757569169705 115009503466.49599 171
1757569169777 146674902262.5802 172
1757569169848 259626116416.54816 173
1757569169921 183625614434.87823 174
1757569169993 160283906178.60376 175
1757569170069 97541577445.45743 176
1757569170144 127955525301.67523 177
1757569170221 70730431146.12035 178
1757569170299 582725359032.547 179
1757569170369 72270556791.32799 180
1757569170441 87309130808.24754 181
1757569170512 158700304742.40128 182
1757569170581 127196414799.1314 183
1757569170654 316316223066.13513 184
1757569170738 104805019332.04689 185
1757569170810 164790231611.76294 186
1757569170876 283510521953.7435 187
1757569170952 423651339105.2291 188
1757569171059 102485465515.08421 189
1757569171134 191856963780.73764 190
1757569171214 215475299839.10666 191
1757569171315 100997931402.78287 192
1757569171396 162998250822.33624 193
1757569171466 393491825438.76105 194
1757569171538 118517682344.25006 195
1757569171614 124918953079.72012 196
1757569171691 419586863381.1198 197
1757569171768 232835865902.39288 198
1757569171846 157068531941.5978 199
1757569171919 267719741466.5673 200
1757569171995 405726208211.83167 201
1757569172088 291540682327.2108 202
1757569172161 514674411283.05054 203
1757569172236 167026311670.16006 204
1757569172310 176885698682.59518 205
1757569172385 294392784027.7547 206
1757569172468 361675859982.6796 207
1757569172537 702614606213.1655 208
1757569172608 318128329913.93634 209
1757569172682 347874621325.7949 210
1757569172756 95542493349.40097 211
1757569172824 203233859035.50336 212
1757569172895 294522362189.96216 213
1757569172975 205181435802.95197 214
1757569173052 330881063371.0643 215
1757569173148 263460784585.8499 216
1757569173222 134457810980.4884 217
1757569173302 327818058527.0342 218
1757569173390 178491830417.67392 219
1757569173461 396525404028.36005 220
1757569173529 92831829635.87709 221
1757569173600 205632766887.36298 222
1757569173673 188807954570.33255 223
1757569173765 587045098713.0797 224
1757569173847 233153083962.3885 225
1757569173922 107667552788.98076 226
1757569173994 116409099245.83795 227
1757569174062 126057297739.85144 228
1757569174137 103968018976.48506 229
1757569174217 231660729604.25327 230
1757569174289 84405862327.47401 231
1757569174363 496056203524.78595 232
1757569174436 304705160426.6938 233
1757569174511 293346473624.6425 234
1757569174581 119087283130.8752 235
1757569174665 218415045476.3046 236
1757569174744 117761500285.68277 237
1757569174816 303421641354.7137 238
1757569174885 89607007024.03905 239
1757569174962 310353943081.5256 240
1757569175040 742958272482.2451 241
1757569175112 235014533425.45767 242
1757569175198 110625561595.49611 243
1757569175270 258674004724.82928 244
1757569175344 91588861850.22108 245
1757569175423 292111006731.896 246
1757569175500 79067245752.86372 247
1757569175570 391937470239.30505 248
1757569175640 256511993862.63324 249
1757569175736 128746055406.57182 250
1757569175809 96793766371.92374 251
1757569175885 221304401330.59567 252
1757569175955 117516355772.33226 253
1757569176038 1006687309179.391 254
1757569176114 604845920624.2365 255
1757569176190 116761827018.72652 256
1757569176297 185982542136.9923 257
1757569176370 294874285136.2082 258
1757569176447 115531959912.34415 259
1757569176553 208755282175.9781 260
1757569176634 534027682067.3229 261
1757569176712 240333948576.8751 262
1757569176785 287559270108.23 263
1757569176867 355067880565.3671 264
1757569176944 273348105991.24207 265
1757569177023 99473546439.34224 266
1757569177101 180919722943.25925 267
1757569177170 365845378029.6816 268
1757569177248 205963465862.08994 269
1757569177327 331462949522.7651 270
1757569177400 293979444493.88104 271
1757569177474 230176381558.33597 272
1757569177546 358212326622.06726 273
1757569177623 314947939635.49255 274
1757569177697 81009031654.66005 275
1757569177775 81638048425.21532 276
1757569177847 422627634871.6387 277
1757569177923 522327430753.76514 278
1757569177994 262477823511.68878 279
1757569178071 161366584754.65427 280
1757569178146 321178909867.9554 281
1757569178221 289806505653.4003 282
1757569178295 150554428630.7687 283
1757569178369 204112797762.33276 284
1757569178444 78779323304.71625 285
1757569178524 97585453947.55473 286
1757569178596 79748972496.46822 287
1757569178681 166278683456.5497 288
1757569178755 167597924224.00323 289
1757569178828 177845761163.85913 290
1757569178905 410536031722.09485 291
1757569178977 486961640577.7467 292
1757569179057 477354693284.0649 293
1757569179133 226614694832.34378 294
1757569179209 100816433325.91216 295
1757569179280 181111904614.90277 296
1757569179353 101201617220.0401 297
1757569179428 159611313636.4537 298
1757569179499 362524687894.3296 299
1757569179577 211411884132.2688 300
1757569179655 178306232579.72446 301
1757569179731 182799495531.9317 302
1757569179803 301908475761.4909 303
1757569179878 164203882300.9112 304
1757569179955 409252591784.0207 305
1757569180061 328903547821.52716 306
1757569180133 354151026565.4368 307
1757569180209 169692817362.6075 308
1757569180284 88133343454.37947 309
1757569180354 79533176247.59834 310
1757569180434 388406612194.47876 311
1757569180501 306780740316.8604 312
1757569180573 115846207083.04724 313
1757569180647 362420473265.7287 314
1757569180729 146163098763.04044 315
1757569180797 104872166002.53203 316
1757569180871 230977046525.98972 317
1757569180950 317054255718.2337 318
1757569181024 220373897009.72458 319
1757569181100 126543257749.68393 320
1757569181174 185211960070.31854 321
1757569181263 153225734434.84027 322
1757569181338 324925851939.1718 323
1757569181411 112972587550.48122 324
1757569181484 86385659465.02867 325
1757569181554 68804736393.77882 326
1757569181656 254016710310.08496 327
1757569181754 254146625185.31583 328
1757569181833 332945155810.836 329
1757569181907 340407574707.8412 330
1757569181985 111522009289.60677 331
1757569182069 281339697264.9471 332
1757569182146 455693078156.5024 333
1757569182229 289488122631.8028 334
1757569182305 166582671314.04147 335
1757569182379 84904579745.22472 336
1757569182445 82012982767.52286 337
1757569182520 522329304620.16016 338
1757569182593 175709137494.53232 339
1757569182674 105965467622.54411 340
1757569182772 545474973797.8166 341
1757569182847 179093021885.93164 342
1757569182918 86590878183.12358 343
1757569182985 106486121250.12724 344
1757569183064 306501308809.9105 345
1757569183139 179952519274.84167 346
1757569183205 265560730266.2466 347
1757569183294 103466761572.70137 348
1757569183378 299297544941.921 349
1757569183467 160955870035.16354 350
1757569183560 245241978519.00595 351
1757569183635 338967320636.18805 352
1757569183711 120862544522.53261 353
1757569183789 307702152187.7954 354
1757569183867 372823287313.13245 355
1757569183942 145923781550.54044 356
1757569184011 89071715103.5473 357
1757569184090 362198910789.3872 358
1757569184162 435610749292.82733 359
1757569184239 82082905425.15634 360
1757569184315 168462173759.97278 361
1757569184390 298593116472.7251 362
1757569184460 54180971329.32981 363
1757569184541 113122860464.86443 364
1757569184617 271471097722.83844 365
1757569184685 188683231862.7478 366
1757569184760 273138884024.80878 367
1757569184831 125301585871.92851 368
1757569184907 152309012067.208 369
1757569184987 112756428300.54042 370
1757569185057 148592612909.56317 371
1757569185135 148636251854.2753 372
1757569185209 111260575853.07895 373
1757569185288 369469093541.3668 374
1757569185366 142333113905.3638 375
1757569185438 109509932760.41504 376
1757569185513 290150619497.69855 377
1757569185595 152959757076.89716 378
1757569185688 271662149070.9958 379
1757569185766 339229276813.01215 380
1757569185838 308615509204.4522 381
1757569185915 93278141694.28926 382
1757569185984 264762163967.89508 383
1757569186061 140868186592.02304 384
1757569186138 185929687088.39154 385
1757569186214 170361087161.19162 386
1757569186287 350248541820.5701 387
1757569186358 279976280144.0025 388
1757569186434 164731731821.23825 389
1757569186508 162815295965.94962 390
1757569186586 141965226497.72894 391
1757569186661 310476128367.6489 392
1757569186738 629785459815.45 393
1757569186817 130342016070.17545 394
1757569186893 122975978716.32532 395
1757569186969 378208799307.7187 396
1757569187043 248263313182.52103 397
1757569187123 184738969038.3186 398
1757569187199 143812582169.86545 399
1757569187275 293174261025.29065 400
1757569187354 547782948682.46783 401
1757569187429 115018847562.29794 402
1757569187508 497121043430.4638 403
1757569187579 125536830479.44649 404
1757569187660 119338365071.7136 405
1757569187738 298960952661.4916 406
1757569187818 90590329223.92458 407
1757569187891 465159187550.15564 408
1757569187969 149427721827.24713 409
1757569188043 186575406660.6265 410
1757569188124 287758981968.1504 411
1757569188193 528263912782.13257 412
1757569188271 263608670585.60483 413
1757569188344 204716891554.63718 414
1757569188424 289151133853.2482 415
1757569188495 116673912252.11139 416
1757569188564 79846985371.28691 417
1757569188644 103674737639.10526 418
1757569188718 331418466473.17755 419
1757569188790 181305229438.80536 420
1757569188863 123856628707.58858 421
1757569188938 275501742104.3019 422
1757569189009 330166525713.1751 423
1757569189089 106175408569.87027 424
1757569189172 63862114662.11496 425
1757569189250 402457515509.09766 426
1757569189327 372941837950.43494 427
1757569189402 166824419617.9032 428
1757569189478 292927232661.40326 429
1757569189558 151986255649.0471 430
1757569189637 222282977877.5103 431
1757569189718 242350864289.86655 432
1757569189790 191649078982.17154 433
1757569189868 193389259169.22656 434
1757569189941 131404571031.35612 435
1757569190030 86553743884.98854 436
1757569190109 198251141209.59183 437
1757569190187 95589121432.18417 438
1757569190262 195050413177.2497 439
1757569190339 206226640302.49368 440
1757569190420 139981118737.63885 441
1757569190495 404971130998.72736 442
1757569190572 71546047222.36595 443
1757569190649 362243814422.2622 444
1757569190730 254731957006.54092 445
1757569190808 280980061323.7425 446
1757569190884 198649955788.87247 447
1757569190965 141356990624.96918 448
1757569191041 87124585181.41382 449
1757569191111 586445579857.2527 450
1757569191190 131487770784.9859 451
1757569191267 132331639178.28175 452
1757569191346 372355338081.8975 453
1757569191427 209000019161.27298 454
1757569191498 234107906073.34497 455
1757569191576 246479599266.7165 456
1757569191647 188812669763.04742 457
1757569191730 202674160318.2664 458
1757569191809 126940014120.90993 459
1757569191885 176602798003.03055 460
1757569191961 276223995424.39514 461
1757569192035 498612792494.47156 462
1757569192110 141819834224.90408 463
1757569192201 75872338426.51 464
1757569192288 45386950646.57454 465
1757569192365 348910719002.43744 466
1757569192444 78841691784.04236 467
1757569192514 136829474901.28175 468
1757569192593 257915435700.49493 469
1757569192678 125018591880.59875 470
1757569192758 200530889260.47644 471
1757569192834 80623945359.23401 472
1757569192913 261564137378.94196 473
1757569192994 274353394206.79132 474
1757569193105 245377369917.48364 475
1757569193184 423758351186.24756 476
1757569193260 164798560992.2072 477
1757569193340 646534944691.4203 478
1757569193423 157680748182.566 479
1757569193510 543691617455.67706 480
1757569193590 536728633620.5393 481
1757569193670 230018791571.46347 482
1757569193764 185365379426.4566 483
1757569193844 222241415034.82657 484
1757569193929 149233239781.76398 485
1757569194004 140850123900.93628 486
1757569194075 98151974766.28885 487
1757569194157 141464448414.6713 488
1757569194243 136239185933.12418 489
1757569194316 184140940278.8728 490
1757569194413 114742489598.51952 491
1757569194492 303332312462.98145 492
1757569194568 208124649884.67557 493
1757569194638 111377478291.66379 494
1757569194719 90845615985.96649 495
1757569194802 212574198695.5206 496
1757569194877 586587412070.216 497
1757569194955 296922102504.19965 498
1757569195026 127694299816.28902 499
