1757532779883 1347861085418649.8 0
1757532780382 1125639931800997.0 1
1757532780861 9254991338955010.0 2
1757532781328 1414320566797450.2 3
1757532781810 757736868788518.9 4
1757532782292 1.8459075695432893e+17 5
1757532782786 2.204536441004849e+19 6
1757532783274 1.8029167375526771e+22 7
1757532783743 7.432863942039889e+22 8
1757532784218 7.741701063065168e+22 9
1757532784706 8.90045302504606e+25 10
1757532785178 3.931724324128173e+23 11
1757532785665 5.29031717584131e+25 12
1757532786151 4.3448556333920654e+26 13
1757532786634 2.671786835198006e+31 14
1757532787125 3.1990235930377843e+32 15
1757532787606 2.9543272403725925e+31 16
1757532788111 1.5563079814552311e+34 17
1757532788621 8.572925369496026e+36 18
1757532789105 1.611497298351814e+35 19
1757532789589 1.3382982087076795e+36 20
1757532790102 2.137426906267102e+34 21
1757532790588 4.468596691276741e+35 22
1757532791107 3.1244855069774417e+34 23
1757532791588 3.2670017202856275e+39 24
1757532792064 6.616660428110817e+39 25
1757532792565 4.552612682565959e+40 26
1757532793061 8.843600011510696e+43 27
1757532793537 4.1544588854627936e+49 28
1757532794016 3.186796152914022e+50 29
1757532794507 5.3705474213886856e+51 30
1757532794980 1.0170328072297573e+53 31
1757532795466 2.94548892395654e+52 32
1757532795933 9.259177145282607e+57 33
1757532796409 6.31534060604383e+58 34
1757532796904 5.3894173019254815e+59 35
1757532797378 1.8664993209019825e+61 36
1757532797865 9.913381651894644e+59 37
1757532798359 4.5826799264733366e+63 38
1757532798852 1.7674938898346502e+64 39
1757532799335 7.625107388276676e+66 40
1757532799814 1.1591246179124613e+67 41
1757532800289 3.9097614349558314e+67 42
1757532800768 6.866667011973935e+71 43
1757532801256 4.3303054285657296e+71 44
1757532801729 8.16421580044305e+76 45
1757532802210 4.2541037020592416e+79 46
1757532802709 4.2930034120073815e+81 47
1757532803222 4.803869617252115e+85 48
1757532803736 2.1151052607165358e+87 49
1757532804237 1.0542886178942763e+86 50
1757532804754 7.266901574523251e+85 51
1757532805229 9.435074446838228e+89 52
1757532805717 1.3459284121381702e+89 53
1757532806212 1.2010754818653868e+95 54
1757532806711 6.311327025577828e+91 55
1757532807195 8.439986003168867e+94 56
1757532807694 3.456806231654478e+95 57
1757532808162 4.3837941619810286e+101 58
1757532808635 2.1142301406233307e+103 59
1757532809101 9.716028807697847e+106 60
1757532809589 2.4655470277078827e+110 61
1757532810064 4.4170808195889095e+113 62
1757532810547 2.036019810858188e+112 63
1757532811033 3.2402396529663115e+111 64
1757532811538 4.4291856078465966e+113 65
1757532812033 2.0387921814408876e+114 66
1757532812535 3.318074069937524e+117 67
1757532813024 2.1885425436484315e+117 68
1757532813513 9.896255346942593e+118 69
1757532814017 1.967874827717048e+119 70
1757532814516 2.673986260366649e+122 71
1757532815014 1.7328173146118643e+124 72
1757532815517 8.244241251425205e+124 73
1757532816019 5.94857028913873e+127 74
1757532816500 6.946565254769478e+128 75
1757532816977 1.8116046435330068e+129 76
1757532817452 9.725174730746641e+130 77
1757532817925 3.85158164090094e+133 78
1757532818394 9.936507170441815e+133 79
1757532818875 2.535629931141676e+137 80
1757532819355 2.0709914841485316e+139 81
1757532819817 8.177831334848372e+137 82
1757532820287 8.290876035578756e+139 83
1757532820764 3.358715873982266e+141 84
1757532821235 2.6093200106202205e+142 85
1757532821709 1.131133310057453e+145 86
1757532822178 2.067595434248513e+144 87
1757532822668 1.7565311984019608e+144 88
1757532823138 1.702537828058234e+146 89
1757532823622 8.202214394843254e+148 90
1757532824100 1.2021571570444991e+150 91
1757532824613 4.149508109551786e+149 92
1757532825126 3.941732068135988e+152 93
1757532825603 2.412437299562487e+155 94
1757532826075 2.8229895362896368e+156 95
1757532826547 3.239019495284372e+158 96
1757532827034 2.4539237165783325e+162 97
1757532827519 2.944432932185499e+160 98
1757532828022 1.215851951946902e+160 99
1757532828517 6.125617353048648e+158 100
1757532829024 1.262592481189855e+164 101
1757532829542 2.04239747110745e+167 102
1757532830050 1.677908012477566e+166 103
1757532830521 6.771018812809541e+169 104
1757532831039 1.4653154858363367e+172 105
1757532831528 1.6239398796197874e+172 106
1757532832012 4.504693410447369e+174 107
1757532832501 5.649016876329055e+176 108
1757532832996 5.033991617773631e+178 109
1757532833483 3.1588355648296817e+183 110
1757532833976 2.6780597110370354e+185 111
1757532834478 2.248790749464999e+188 112
1757532834945 1.8617950665976687e+189 113
1757532835458 2.697031355149937e+192 114
1757532835942 6.071519257913505e+194 115
1757532836440 1.3883734840079564e+196 116
1757532836925 1.7191454211826045e+197 117
1757532837405 1.555066064947301e+200 118
1757532837902 3.176052676009935e+204 119
1757532838378 4.1448141413286545e+206 120
1757532838850 6.571011237863686e+208 121
1757532839317 4.944176989016292e+208 122
1757532839804 1.4764003928996765e+210 123
1757532840282 1.134840532579508e+213 124
1757532840772 4.178841823209419e+215 125
1757532841239 3.328406269724417e+217 126
1757532841705 6.0721536501432545e+221 127
1757532842167 1.4833203604706669e+223 128
1757532842677 1.0182545841445915e+225 129
1757532843166 1.9160485911025166e+226 130
1757532843645 3.282823024297348e+226 131
1757532844128 2.4068675418186715e+225 132
1757532844616 1.1747541939842831e+229 133
1757532845109 1.1995243380502598e+231 134
1757532845590 2.1782440765921468e+235 135
1757532846095 2.6379918038236384e+238 136
1757532846578 1.0842340450078166e+239 137
1757532847057 3.9609910701065924e+240 138
1757532847526 2.866660105292511e+240 139
1757532847992 5.1413074800748e+242 140
1757532848485 1.814735065957632e+243 141
1757532848962 2.082515172794153e+246 142
1757532849470 1.6751936718747665e+247 143
1757532849959 1.459804087295342e+248 144
1757532850448 1.5244717267218667e+250 145
1757532850917 1.2344792777889124e+247 146
1757532851407 1.3835257344947324e+250 147
1757532851900 2.624252274187802e+251 148
1757532852378 6.718702756421003e+254 149
1757532852874 2.017717690740443e+255 150
1757532853348 3.560581067343873e+256 151
1757532853817 3.3128722099675847e+258 152
1757532854302 7.096246276151419e+260 153
1757532854785 5.1240321700011794e+259 154
1757532855258 2.1474705615995254e+260 155
1757532855734 1.7147201368831302e+263 156
1757532856208 5.659980858434641e+265 157
1757532856697 5.974780526117235e+268 158
1757532857172 2.0951030088212016e+266 159
1757532857699 2.8833436762357454e+269 160
1757532858175 3.228945839858945e+273 161
1757532858665 2.001969735463095e+276 162
1757532859151 7.736712989158763e+279 163
1757532859648 1.988537952865043e+281 164
1757532860123 5.813437054147266e+282 165
1757532860606 1.8842258745880657e+286 166
1757532861084 1.1355334145483384e+289 167
1757532861578 1.4376695753021598e+291 168
1757532862084 3.2689221758805706e+295 169
1757532862562 1.6605836727951368e+297 170
1757532863062 6.427824219986962e+298 171
1757532863582 1.3655181832727942e+300 172
1757532864052 5.1778845388620905e+300 173
1757532864539 1.663833900606268e+304 174
1757532865018 2.0901042434260343e+303 175
