1757529866326 1053298561100.3774 0
1757529866346 3131188810218.4243 1
1757529866366 6787729551269405.0 2
1757529866386 2.058407928558771e+19 3
1757529866406 6.242507700088348e+22 4
1757529866425 1.8931574425249742e+26 5
1757529866445 5.7413547157522576e+29 6
1757529866466 1.7411734085954575e+33 7
1757529866487 5.2804346515676056e+36 8
1757529866507 1.6013907616455063e+40 9
1757529866528 4.856517579897079e+43 10
1757529866548 1.4728299655990185e+47 11
1757529866568 4.466632874028181e+50 12
1757529866589 1.3545901222368872e+54 13
1757529866611 4.108048391286187e+57 14
1757529866632 1.245842658093572e+61 15
1757529866657 3.7782513273649653e+64 16
1757529866677 1.1458255181741405e+68 17
1757529866697 3.47493060768589e+71 18
1757529866719 1.0538378258038653e+75 19
1757529866739 3.195960692390908e+78 20
1757529866759 9.692349711888967e+81 21
1757529866779 2.9393866814824956e+85 22
1757529866799 8.914240942708224e+88 23
1757529866820 2.7034106157335384e+92 24
1757529866841 8.198599302208707e+95 25
1757529866864 2.4863788773700056e+99 26
1757529866886 7.540409884608299e+102 27
1757529866910 2.286770602235834e+106 28
1757529866934 6.935060384348966e+109 29
1757529866955 2.1031870222375014e+113 30
1757529866976 6.378308775062662e+116 31
1757529866997 1.934341663384763e+120 32
1757529867018 5.866253583293141e+123 33
1757529867039 1.779051330739726e+127 34
1757529867061 5.395306548664461e+130 35
1757529867087 1.6362278171005918e+134 36
1757529867108 4.962167478910869e+137 37
1757529867129 1.5048702773182865e+141 38
1757529867150 4.563801123562796e+144 39
1757529867170 1.384058214808358e+148 40
1757529867192 4.1974159042299465e+151 41
1757529867224 1.2729450311107036e+155 42
1757529867253 3.8604443524323626e+158 43
1757529867275 1.1707520932952908e+162 44
1757529867294 3.5505251178965675e+165 45
1757529867315 1.0767632776407805e+169 46
1757529867336 3.265486421238413e+172 47
1757529867357 9.903199513505227e+175 48
1757529867378 3.0033308350765206e+179 49
1757529867400 9.108163571399991e+182 50
1757529867421 2.762221286928723e+186 51
1757529867443 8.376953683528778e+189 52
1757529867463 2.5404681858060383e+193 53
1757529867484 7.704445848593844e+196 54
1757529867504 2.3365175822928767e+200 55
1757529867525 7.085927423787574e+203 56
1757529867547 2.1489402791444946e+207 57
1757529867573 6.517064100638565e+210 58
1757529867594 1.9764218160934807e+214 59
1757529867614 5.993869532060465e+217 60
1757529867635 1.817753258683088e+221 61
1757529867656 5.512677397762978e+224 62
1757529867678 1.671822726579689e+228 63
1757529867699 5.070115712271767e+231 64
1757529867722 1.5376076019983297e+235 65
1757529867743 4.663083195518843e+238 66
1757529867764 1.4141673636414434e+242 67
1757529867786 4.2887275404188335e+245 68
1757529867806 1.3006369959341318e+249 69
1757529867827 3.944425425139866e+252 70
1757529867849 1.196220927370712e+256 71
1757529867873 3.627764130003566e+259 72
1757529867893 1.100187455495165e+263 73
1757529867914 3.3365246301934644e+266 74
1757529867936 1.0118636194481292e+270 75
1757529867959 3.0686660457929854e+273 76
1757529867981 9.306304841494964e+276 77
1757529868003 2.822311340185345e+280 78
1757529868024 8.559188030702035e+283 79
1757529868045 2.5957341665963002e+287 80
1757529868067 7.872050291998e+290 81
1757529868088 2.3873467706057153e+294 82
1757529868110 7.24007646256408e+297 83
1757529868131 2.1956888638542676e+301 84
1757529868152 inf 85
1757529868173 inf 86
