1757555513325 1619053336016.6929 0
1757555513395 822350016536.8112 1
1757555513460 842382102332.0834 2
1757555513524 926448331761.9005 3
1757555513596 639075426826.9387 4
1757555513661 419381284081.0521 5
1757555513733 446901031121.7402 6
1757555513797 793988421499.2565 7
1757555513867 320670195899.65546 8
1757555513933 404618790312.20593 9
1757555513996 491469803039.38934 10
1757555514065 1152415334318.071 11
1757555514135 693361094791.1685 12
1757555514203 226352359322.1518 13
1757555514272 735011820234.7683 14
1757555514340 348338232384.4434 15
1757555514409 274168224179.6593 16
1757555514474 359858645531.1406 17
1757555514544 417926005640.02545 18
1757555514617 287826031991.5545 19
1757555514679 272583927304.6619 20
1757555514744 573948999258.4109 21
1757555514813 279802513480.62067 22
1757555514879 888246132698.8439 23
1757555514945 563208699919.5831 24
1757555515013 879491452349.4072 25
1757555515076 151953717042.42938 26
1757555515148 179621681383.02197 27
1757555515216 408120422588.93506 28
1757555515282 848451058118.6351 29
1757555515351 1369409347079.6243 30
1757555515419 139876263264.75867 31
1757555515490 413997209451.8812 32
1757555515553 305264557158.1455 33
1757555515622 506710148021.5095 34
1757555515685 317312309578.938 35
1757555515758 723938385148.5244 36
1757555515821 491224464681.8013 37
1757555515893 260949523054.2971 38
1757555515960 204560997516.79428 39
1757555516030 215830137973.15454 40
1757555516096 466484641677.3248 41
1757555516164 1131311557464.7412 42
1757555516232 835735882272.5353 43
1757555516299 399327972370.0586 44
1757555516365 186993174230.38788 45
1757555516428 471950177671.10175 46
1757555516500 758400343401.9434 47
1757555516573 557217860942.9236 48
1757555516642 183141925639.82108 49
1757555516710 121660738414.95714 50
1757555516771 439750846305.18616 51
1757555516839 281282168106.914 52
1757555516909 140218494292.14325 53
1757555516982 143945931913.50476 54
1757555517050 299076677693.552 55
1757555517116 562181817072.4906 56
1757555517188 148703485278.823 57
1757555517256 326295216310.18854 58
1757555517323 208706087272.56436 59
1757555517395 461721798465.77936 60
1757555517460 425715594603.43274 61
1757555517527 130405023437.96652 62
1757555517602 376743699231.4498 63
1757555517668 257710626720.12924 64
1757555517733 675295497997.9327 65
1757555517800 431937556074.5399 66
1757555517870 209735766586.6517 67
1757555517935 467888016505.65924 68
1757555518007 502568075550.09766 69
1757555518073 226751632081.3227 70
1757555518141 48932180172.91765 71
1757555518206 239117990366.975 72
1757555518274 133912551919.39041 73
1757555518348 99671131317.00652 74
1757555518414 326150909748.85126 75
1757555518476 427021649071.66705 76
1757555518547 384428110268.81104 77
1757555518612 170713217615.36807 78
1757555518684 71091869358.29204 79
1757555518747 409714530424.07263 80
1757555518826 364473044020.70374 81
1757555518893 532932085998.10583 82
1757555518964 92196971872.7999 83
1757555519032 596672367779.1294 84
1757555519098 79939703309.99 85
1757555519168 454968547418.98047 86
1757555519235 164736930096.4654 87
1757555519306 333313511657.229 88
1757555519379 184311723130.05002 89
1757555519443 108721834156.92593 90
1757555519509 163063114531.395 91
1757555519575 73886968895.994 92
1757555519649 246751385890.31958 93
1757555519719 296125665476.199 94
1757555519782 511493157722.54205 95
1757555519847 123849789647.73317 96
1757555519925 123483254960.64978 97
1757555519989 66814758156.90757 98
1757555520067 253358638708.59464 99
1757555520135 456474477565.49457 100
1757555520207 568038221194.9034 101
1757555520271 140291855686.52655 102
1757555520341 320379062983.3321 103
1757555520410 380684129201.8169 104
1757555520479 148014575238.19156 105
1757555520544 256824700197.6196 106
1757555520610 52770090693.99697 107
1757555520685 767365763976.0316 108
1757555520753 64196994350.31438 109
1757555520820 266004205528.668 110
1757555520890 183627036347.0663 111
1757555520959 121199723224.18765 112
1757555521029 90990580421.13057 113
1757555521099 71172738794.14839 114
1757555521167 100839377954.35228 115
1757555521242 117955407829.88461 116
1757555521312 110933128938.40114 117
1757555521380 217382104634.78537 118
1757555521458 79514947809.46906 119
1757555521532 186325328537.13962 120
1757555521614 451377504928.8583 121
1757555521683 77499756903.71544 122
1757555521748 186921334019.8966 123
1757555521815 473926068272.97455 124
1757555521881 192352107167.6274 125
1757555521968 155567075545.1049 126
1757555522059 114565585652.94444 127
1757555522146 388364997463.03406 128
1757555522216 153272926552.4905 129
1757555522302 476027086019.47046 130
1757555522371 302900299841.8244 131
1757555522443 103441713999.69174 132
1757555522516 317630346827.45593 133
1757555522587 357414161930.1584 134
1757555522666 137623169725.84146 135
1757555522728 265518594989.55554 136
1757555522801 156426412993.42795 137
1757555522878 98591953545.51779 138
1757555522952 282076179165.10016 139
1757555523018 305595803758.5275 140
1757555523085 492491413568.0627 141
1757555523158 96714038618.15062 142
1757555523226 197606176668.49966 143
1757555523298 107974352631.5056 144
1757555523361 40073944215.80049 145
1757555523432 300240792888.24365 146
1757555523504 107425477624.53044 147
1757555523577 103208533048.85698 148
1757555523641 110728593034.61882 149
1757555523710 61566384256.468605 150
1757555523784 52849273311.71534 151
1757555523855 158744667697.5338 152
1757555523923 538354469653.1129 153
1757555523996 159969488403.27997 154
1757555524069 69552173991.86606 155
1757555524142 378737256132.4996 156
1757555524210 131549471078.05359 157
1757555524288 301038207265.5099 158
1757555524359 117263531668.33241 159
1757555524432 291790794078.12115 160
1757555524504 377956429818.59424 161
1757555524578 63845765706.33064 162
1757555524657 592319123411.2689 163
1757555524747 282597187727.4279 164
1757555524831 378788335593.43005 165
1757555524919 251954820613.26324 166
1757555524987 878855544768.5924 167
1757555525077 148196953797.07788 168
1757555525156 201558661948.09885 169
1757555525235 88496752492.37637 170
1757555525323 104830485454.89664 171
1757555525408 302240229190.4295 172
1757555525490 83942409626.25821 173
1757555525566 68843348361.57718 174
1757555525648 353790532560.64014 175
1757555525733 59165641589.533875 176
1757555525814 76328360890.02225 177
1757555525905 147555390808.1533 178
1757555525983 454559456450.53204 179
1757555526055 86646151206.11288 180
1757555526131 89772093984.26949 181
1757555526207 112528852043.63174 182
1757555526279 516606095025.0578 183
1757555526346 75180051232.47289 184
1757555526424 489795966811.4957 185
1757555526502 257080540785.84537 186
1757555526575 146517010616.11227 187
1757555526648 507499318995.24976 188
1757555526724 156827163430.44424 189
1757555526797 113529806730.4827 190
1757555526866 91917882327.09319 191
1757555526937 458865940432.7003 192
1757555527010 149196636787.05237 193
1757555527083 216202300748.6756 194
1757555527157 361849273119.41174 195
1757555527232 523642866995.9603 196
1757555527297 182232049057.4793 197
1757555527365 193927541842.31012 198
1757555527441 80979814374.60869 199
1757555527508 132827032756.81987 200
1757555527581 192588445163.29166 201
1757555527650 294175079868.4037 202
1757555527724 115949933701.24236 203
1757555527797 153104864123.83395 204
1757555527860 275969510373.1972 205
1757555527937 112434824283.01059 206
1757555528000 548113786788.7055 207
1757555528070 181274157300.9928 208
1757555528145 109603122525.06467 209
1757555528214 400030969895.1753 210
1757555528277 505818622132.7754 211
1757555528352 101268645944.05457 212
1757555528425 73424694847.36053 213
1757555528495 245648995980.5496 214
1757555528563 292113790475.3865 215
1757555528638 140120403346.73804 216
1757555528713 85015497670.76982 217
1757555528785 389163744481.45056 218
1757555528850 190183980027.5162 219
1757555528921 333436399071.207 220
1757555528992 186304359895.57983 221
1757555529062 220683874794.05045 222
1757555529130 336641959688.02295 223
1757555529204 362190714439.52106 224
1757555529266 123124901736.74825 225
1757555529334 543842498371.62195 226
1757555529404 236373561882.99948 227
1757555529473 383602271512.9015 228
1757555529544 345199579637.90576 229
1757555529619 185625707663.4299 230
1757555529686 313834470370.22845 231
1757555529759 218254217209.6085 232
1757555529827 474557656822.54755 233
1757555529901 586202452927.9702 234
1757555529971 323964358139.31085 235
1757555530042 252881897226.9838 236
1757555530106 436910998186.69763 237
1757555530177 518858091248.0814 238
1757555530247 134382675940.89755 239
1757555530319 328017129744.8234 240
1757555530391 166016328296.59534 241
1757555530462 80657713126.65883 242
1757555530531 138242705155.09225 243
1757555530605 464928411023.6947 244
1757555530673 426895959033.86584 245
1757555530746 210640914886.40125 246
1757555530814 129096279556.33377 247
1757555530891 140414620534.46643 248
1757555530964 353141056888.25385 249
1757555531033 185416932089.2282 250
1757555531103 88252188895.22885 251
1757555531172 442565989262.9508 252
1757555531257 92122353487.94046 253
1757555531364 209773649617.30206 254
1757555531471 244541102535.78873 255
1757555531574 465985379396.02734 256
1757555531669 62719347161.69452 257
1757555531776 214711406134.65753 258
1757555531867 212492189591.903 259
1757555531982 261348414733.8919 260
1757555532087 226018890518.76932 261
1757555532196 216867698610.6732 262
1757555532309 314330949700.9561 263
1757555532414 272240264514.08652 264
1757555532568 374733260903.65857 265
1757555532669 252617019493.55893 266
1757555532769 302526907157.5254 267
1757555532873 268684151644.31946 268
1757555532973 71536656417.32724 269
1757555533084 144819461442.16055 270
1757555533186 177450089634.82098 271
1757555533298 389917395297.5352 272
1757555533400 176851038513.6634 273
1757555533501 328588627555.44324 274
1757555533604 489131968298.82794 275
1757555533702 214749336727.54767 276
1757555533798 102074759591.27885 277
1757555533971 109129452868.61069 278
1757555534043 160193146759.99396 279
1757555534109 152568523668.03806 280
1757555534181 337194872680.63324 281
1757555534252 97447327815.52463 282
1757555534324 159994437261.50726 283
1757555534399 143698081464.32367 284
1757555534468 265564013020.78198 285
1757555534537 104372581786.67523 286
1757555534613 359361273263.1192 287
1757555534680 106628171185.66248 288
1757555534749 181096810497.12628 289
1757555534820 119248006069.92873 290
1757555534891 245444367561.83896 291
1757555534964 274917629487.40643 292
1757555535039 106525726923.67772 293
1757555535113 548809541811.8524 294
1757555535186 104671870730.76497 295
1757555535258 215690864868.06726 296
1757555535326 139095084408.8829 297
1757555535405 168842673340.70316 298
1757555535487 83157461806.5719 299
1757555535558 141291821116.94098 300
1757555535631 77382133267.79326 301
1757555535700 129165237393.8643 302
1757555535773 304531656519.2681 303
1757555535840 232393403001.81955 304
1757555535913 219413913451.73212 305
1757555535989 235910858304.21616 306
1757555536064 158674124401.1422 307
1757555536137 280973671403.7189 308
1757555536214 84008802293.40588 309
1757555536288 481357951407.72845 310
1757555536364 116776085342.43024 311
1757555536434 492892648726.51324 312
1757555536507 493416537570.0625 313
1757555536580 446161993171.3455 314
1757555536652 386140167616.202 315
1757555536725 95029684061.81938 316
1757555536799 258665735729.81662 317
1757555536870 339633824978.7703 318
1757555536934 280677469332.4479 319
1757555537007 247963742838.4443 320
1757555537073 178410293938.4423 321
1757555537148 232565508971.01602 322
1757555537225 265170915444.97534 323
1757555537298 105675551778.39699 324
1757555537376 119007145937.52031 325
1757555537451 93729116851.30084 326
1757555537528 249058770007.47598 327
1757555537612 77909836396.89589 328
1757555537686 142631057626.0283 329
1757555537762 93154652937.27625 330
1757555537832 88199506429.99823 331
1757555537901 329235624254.79535 332
1757555537974 672247497682.3057 333
1757555538053 179550637896.2024 334
1757555538124 327243704324.12714 335
1757555538193 384495053729.2568 336
1757555538264 184930603300.60428 337
1757555538330 362519259916.5137 338
