1757574263887 51241461147.172195 0
1757574264554 36343712041.74687 1
1757574265228 70619668686.35245 2
1757574265919 1149634863.6061776 3
1757574266598 67131330349.04103 4
1757574267274 4302795616.963485 5
1757574267953 569126722529.1344 6
1757574268640 8028882.667034411 7
1757574269244 140674613816.60104 8
1757574269912 93301551397.15309 9
1757574270493 28508259718.082924 10
1757574271074 6959892557.450786 11
1757574271706 88380594148.8148 12
1757574272242 69411993759.88461 13
1757574272890 32675170877.207302 14
1757574273441 40704058963.6088 15
1757574274110 10124510325.973665 16
1757574274784 65220445861.13687 17
1757574275470 681083833583.7998 18
1757574276151 145537642666.85458 19
1757574276838 134785419149.36546 20
1757574277518 20816981956.640156 21
1757574278191 317638766.69210464 22
1757574278871 103690097378.01913 23
1757574279368 994574256009.4711 24
1757574280001 24526715.04713766 25
1757574280521 27286553483.00942 26
1757574281191 3618544210.848222 27
1757574281870 1267919022719.4739 28
1757574282545 762979053832.9895 29
1757574283205 115146409625.94472 30
1757574283869 200628578969.67532 31
1757574284445 2865654670.637207 32
1757574285107 288291876066.6408 33
1757574285805 2978894978896.346 34
1757574286485 382824995253.32465 35
1757574287165 1051112273.251411 36
1757574287845 4592616529.481745 37
1757574288521 2838548757.393115 38
1757574289191 1735330481000.47 39
1757574289863 40326184786.99595 40
1757574290536 12865223399.427359 41
1757574291148 116056566479.2765 42
1757574291821 3550482195.5471296 43
1757574292499 23779730409.50673 44
1757574293173 717434085643.689 45
1757574293835 2291544413294.2324 46
1757574294506 391451767804.7824 47
1757574295174 701554991570.5781 48
1757574295843 4858680931581.919 49
1757574296526 7780637975792.533 50
1757574297206 9703294792.044502 51
1757574297880 2534007652.3199606 52
1757574298549 89669936232.91408 53
1757574299229 1498327466.1470573 54
1757574299901 2305296865.151641 55
1757574300572 793790376.1303298 56
1757574301249 56780682808.755936 57
1757574301914 157181069691.22235 58
1757574302581 80966906134.17525 59
1757574303263 140634907.32260117 60
1757574303934 166002487047.3181 61
1757574304607 235938671090.78186 62
1757574305288 2147752619869.5508 63
1757574305957 7351709111.481349 64
1757574306631 841140792994.9865 65
1757574307310 492477230851.0298 66
1757574308002 22168237589.914154 67
1757574308681 266727266260.93356 68
1757574309360 95579360991.51813 69
1757574310036 40207864333.43139 70
1757574310707 21576103528.75529 71
1757574311390 39540137984.98918 72
1757574312066 30277581446.163692 73
1757574312739 436949472768.2339 74
1757574313415 1642536.6901102096 75
1757574314089 184678242420.34344 76
1757574314767 34075268794.097023 77
1757574315446 9110360433.218578 78
1757574316119 4211260901.458109 79
1757574316803 2927052047279.5967 80
1757574317495 77181645834.4239 81
1757574318170 381649025527.32874 82
1757574318856 614251156179.4802 83
1757574319530 23406291256.197433 84
1757574320202 114256668905.02397 85
1757574320877 613258001233.2677 86
1757574321554 585636736007.0629 87
1757574322227 334578290661.1901 88
1757574322898 172945334.97826692 89
1757574323577 444000286115.7297 90
1757574324247 3901703608.247093 91
1757574324919 417965069314.8111 92
1757574325598 8264675840.194853 93
1757574326263 1470527591776.3408 94
1757574326794 15824099435.69188 95
1757574327472 30804991.95618885 96
1757574328152 16786866494.17193 97
1757574328673 4003316510.233125 98
1757574329351 8297643092.377253 99
1757574329950 32076839789.61491 100
1757574330532 21064373434.297543 101
1757574331208 650134839415.6824 102
1757574331859 37164299697.605774 103
1757574332367 520761370277.20013 104
1757574333035 23428934018.238 105
1757574333708 791399368.9256762 106
1757574334387 63099933398.587364 107
1757574335070 19266349917.8244 108
1757574335751 35850397252.99256 109
1757574336440 15467482199.336012 110
1757574337111 140185471780.21094 111
1757574337784 105745021363.50732 112
1757574338474 898714382.9545305 113
1757574339116 134585646597.97064 114
1757574339641 142072856479.35315 115
1757574340328 26641039071.059704 116
1757574341010 12756577178.689081 117
1757574341682 57232920431.75648 118
1757574342350 187899894227.6425 119
1757574343030 241831558808.40353 120
1757574343706 114622030901.60683 121
1757574344384 52140145184.42048 122
1757574345060 6804915666.441368 123
1757574345737 19753878953.20345 124
1757574346412 17374222527.137234 125
1757574347088 54187751643.80899 126
1757574347767 39796571380.63244 127
1757574348451 366443408.0534249 128
1757574349142 6550195777756.299 129
1757574349830 1203302179.1631193 130
1757574350507 6572693261.846227 131
1757574351188 570859594554.1968 132
1757574351865 62557130523.62687 133
1757574352556 247000733.6556105 134
1757574353162 31819823132.45235 135
1757574353753 73341842327.82114 136
1757574354346 83486056384.11584 137
1757574355028 256411357342.9858 138
1757574355713 5254569991.696746 139
1757574356402 51111488381.26009 140
1757574357081 2008462600.0548487 141
1757574357759 23102074243.4804 142
1757574358457 24920713691.132717 143
1757574359152 4115491344.785911 144
1757574359835 9797622170.82623 145
1757574360425 11427553985.393269 146
1757574361119 120185797123.23856 147
1757574361806 31878109180.49757 148
1757574362487 1021612065789.5797 149
1757574363175 7191177763.634635 150
1757574363804 225825000354.1031 151
1757574364489 6786540158.606521 152
1757574365050 7633721816.614816 153
1757574365662 71436321012.04617 154
1757574366329 243723953477.41537 155
1757574366983 317346411.22796774 156
1757574367477 63716164649.11397 157
1757574368141 61092792166.292656 158
1757574368739 85464222362.93134 159
1757574369354 74360865438.79523 160
1757574369883 253809833043.53995 161
1757574370547 123701450906.47089 162
1757574371090 23017881846.01223 163
1757574371778 3460391916.1981654 164
1757574372438 4641545190476.171 165
1757574373107 19951329539.39465 166
1757574373791 13148568.48982781 167
1757574374482 206130504196.0826 168
1757574375164 401359423517.4187 169
1757574375856 57723138070.66898 170
1757574376538 202371587782.93262 171
1757574377223 11474754739.632215 172
1757574377908 1363540208.238638 173
1757574378584 168666144361.9761 174
1757574379275 203211382.90936118 175
1757574379971 5804790635.721239 176
1757574380656 49178103843.516594 177
1757574381345 31777805956.379463 178
1757574382010 366126514733.6251 179
1757574382694 8174114901.747544 180
1757574383381 103860193675.97617 181
1757574384062 203834993750.90405 182
1757574384738 93035005610.54843 183
1757574385419 26497599396.739395 184
1757574386106 65757088137.86008 185
1757574386788 25803242510.121086 186
1757574387472 84045995588.46234 187
1757574388158 122906533640.34282 188
1757574388848 16530607428.653 189
1757574389540 6112400163.152025 190
1757574390229 139288475687.44226 191
1757574390918 20174410373.546104 192
1757574391598 28015728110.82253 193
1757574392277 177397864217.14825 194
1757574392955 49226724719.95834 195
1757574393666 656252845668.3855 196
1757574394360 4410364704.263173 197
1757574395036 167189866610.89328 198
1757574395701 3590292919.3640766 199
1757574396342 246025686558.5067 200
1757574396962 28839679842.90763 201
1757574397631 142295347249.32718 202
1757574398311 354316715488.3553 203
1757574398930 10891210658.914137 204
1757574399431 9778769861.499304 205
1757574400108 14026519774.219473 206
1757574400790 114914463151.63841 207
1757574401474 59985209225.88279 208
1757574402152 459266774867.2022 209
1757574402840 1106729303.6616554 210
1757574403523 82733129395.65802 211
1757574404198 1075521990.6554263 212
1757574404874 40551477827.94676 213
1757574405550 46418651849.95707 214
1757574406231 222674793511.60007 215
1757574406917 677866393222.0754 216
1757574407596 50271932842.525665 217
1757574408271 25626063990.71744 218
1757574408953 197337149620.701 219
1757574409626 23878313735.9182 220
1757574410306 40109438840.6579 221
1757574410997 1271267799.6455538 222
1757574411679 812979929028.0226 223
1757574412309 504530933981.8899 224
1757574412992 2719638840758.4414 225
1757574413670 116418680783.36156 226
1757574414350 487543551812.3581 227
1757574415032 483442231.5379059 228
1757574415708 1105016199077.928 229
1757574416333 120450431804.72697 230
1757574417018 3008061130090.612 231
1757574417696 31253252026.666595 232
1757574418359 1437599895034.971 233
1757574419039 57267847614.63254 234
1757574419722 5049577040.236506 235
1757574420406 5064689400.3617325 236
1757574421100 1733025250.5498054 237
1757574421797 3504742365.703499 238
1757574422502 238543668048.64865 239
1757574423200 8901662179.867798 240
1757574423882 194305565462.85376 241
1757574424533 26511347698.251457 242
1757574425193 12375832918.602678 243
1757574425802 24185779815.109165 244
1757574426347 7857140300.695941 245
1757574426980 92264509429.68 246
1757574427513 60214124059.4093 247
1757574428166 482441971.6716821 248
1757574428757 5620459347.26867 249
1757574429364 66658677146.50236 250
1757574429994 24871692409.75687 251
1757574430590 81530254369.3606 252
1757574431177 1255524619104.9246 253
1757574431801 21483411658.235607 254
1757574432408 200054363267.9383 255
1757574433080 4853997553.506017 256
1757574433722 6974464420.823835 257
1757574434327 38659062716.698875 258
1757574434952 1559784063.5142848 259
1757574435622 30234603325.14877 260
1757574436224 109166992937.75368 261
1757574436891 18741778841.70706 262
1757574437528 417926669929.4899 263
1757574437991 208173250.46545774 264
1757574438651 54601000570.564026 265
1757574439331 25929315651.810497 266
1757574439901 98556290.43879072 267
1757574440376 122423465.91704373 268
1757574441025 11565188770.397127 269
1757574441584 12393895460.072666 270
1757574442216 4254.320161445194 271
1757574442902 94146950886.26967 272
1757574443582 181600631031.69983 273
1757574444156 51696401457.73223 274
1757574444727 3269708501443.2437 275
1757574445202 26686599984.08483 276
1757574445753 337072416538.1695 277
1757574446448 53448650576.663506 278
1757574447148 95904799218.29979 279
1757574447864 2241805480.8960958 280
1757574448554 1192635719932.8767 281
1757574449234 4713832987.898901 282
1757574449915 3725252053.046848 283
1757574450598 4926846628.081576 284
1757574451278 45142101774.319885 285
1757574451863 154479303.60965118 286
1757574452566 8959775794.001348 287
1757574453152 253569142357.66708 288
1757574453758 461057341.5621939 289
1757574454445 202838899624.1274 290
1757574455057 792071062654.0953 291
1757574455636 1290381839.6799452 292
1757574456238 281361377621.87274 293
1757574456884 20537396.049245708 294
1757574457539 383845890.46303743 295
1757574458223 25797026.83364682 296
1757574458885 131243327.26132041 297
1757574459561 87017107171.67152 298
1757574460214 6103135848.84445 299
1757574460895 149976190312.82288 300
1757574461584 821392684.1303154 301
1757574462282 63943115908.04553 302
1757574462981 758539913725.211 303
1757574463689 242906346161.0262 304
1757574464376 5687612858.113663 305
1757574465078 3034995632713.8345 306
1757574465587 74129016521.15514 307
1757574466293 16243793307.743444 308
1757574466938 4321181616.673397 309
1757574467683 34571556392.64775 310
1757574468378 78398244903.78133 311
1757574469084 17117210999.303131 312
1757574469768 69235334610.135 313
1757574470450 579389729268.2153 314
1757574471137 7315895951.621645 315
1757574471823 18399487938.713284 316
1757574472515 987155959.1600709 317
1757574473155 908787461.4343363 318
1757574473854 5003803379421.782 319
1757574474546 67443641484.30885 320
1757574475230 16705562794.347534 321
1757574475908 53022539507.49738 322
1757574476592 38504338462.3915 323
1757574477117 4620968375.378105 324
1757574477791 26904713848.960365 325
1757574478487 42497821869.35682 326
1757574479187 66051902435.802704 327
1757574479882 127765204946.0329 328
1757574480472 47889887536.147766 329
1757574481108 7990565010.116788 330
1757574481796 70537428689.11328 331
1757574482493 22206946212.35253 332
1757574483233 71372089202.09576 333
1757574483940 409830242794.39905 334
1757574484665 32895640184.054188 335
1757574485386 4600736374.710894 336
1757574486098 24514734394.687412 337
1757574486821 422714040255.665 338
1757574487543 100736787453.3447 339
1757574488243 359509225700.6307 340
1757574488959 9698830401.397432 341
1757574489679 30324799582.79623 342
1757574490398 101469480374.76152 343
1757574491022 63013972962.74386 344
1757574491654 92221327.84524158 345
1757574492371 114650858987.58257 346
1757574493076 3035406838.406558 347
1757574493765 318693234814.44604 348
1757574494475 53339345760.02784 349
1757574495203 710148642.6732947 350
1757574495917 56512471863.57779 351
1757574496621 17296712395.70627 352
1757574497329 19234596110.86626 353
1757574498032 183377089291.97305 354
1757574498769 18468028151.05754 355
1757574499481 1200192919.0781035 356
1757574500179 27188377811.739613 357
1757574500877 248080494665.3644 358
1757574501583 101331592465.72292 359
1757574502280 142731819380.55203 360
1757574502974 22665490730.403202 361
1757574503661 733074373.563956 362
1757574504358 35299539852.52479 363
1757574505085 7963773322.936014 364
1757574505804 28574582573.776756 365
1757574506541 96373809450.12009 366
1757574507262 322633023848.5263 367
1757574507983 166966224688.9148 368
1757574508704 128155431662.06766 369
1757574509357 88238932815.89667 370
1757574510053 94885889.44398305 371
1757574510750 134410649892.13773 372
1757574511476 430751008674.0658 373
1757574512173 16383669252.969595 374
1757574512889 304895627789.5955 375
1757574513600 13805883291.443073 376
1757574514310 304572209848.415 377
1757574515017 432193849268.3395 378
1757574515719 1415759542.179024 379
1757574516405 12934680039.370375 380
1757574517110 98797414.56354365 381
1757574517817 24216050021.528168 382
1757574518420 575880284205.6136 383
1757574519113 21125957847.612083 384
1757574519776 1371177631383.1106 385
1757574520394 55259268655.52867 386
1757574521093 292791579881.24084 387
1757574521819 192749210278.20328 388
1757574522526 30981123944.433125 389
1757574523065 188971208067.47427 390
1757574523752 60145060429.765236 391
1757574524441 12303620370.807617 392
1757574524949 13816597930.835852 393
1757574525469 49089923697.61431 394
1757574525998 1747263764.6356065 395
1757574526522 48829062.64240723 396
1757574527068 109908233200.66913 397
1757574527589 9510698372.394772 398
1757574528091 8950006946.047876 399
1757574528606 6873569477.033101 400
1757574529101 3489811068.61226 401
1757574529568 246187841.88183862 402
1757574530032 410109793784.4655 403
1757574530509 53255757512.25241 404
1757574530997 38305147367.9376 405
1757574531483 45438097564.6033 406
1757574531958 87864139170.7363 407
1757574532434 329993876685.7635 408
1757574532979 928168840.0599127 409
1757574533485 35205161939.83157 410
1757574533999 20093312751.05406 411
1757574534516 3210708133.1315517 412
1757574535016 101484935567.62854 413
1757574535507 62601100740.06191 414
1757574536017 3314941167.9741173 415
1757574536500 39561958770.191635 416
1757574537006 21846540897.310535 417
1757574537481 5272853410.804914 418
1757574537978 51313601836.78172 419
1757574538488 7066927467.001667 420
1757574538969 15200206550154.951 421
1757574539449 1014404986576.5071 422
1757574539921 271782305843.54266 423
1757574540414 6267713014.195588 424
1757574540891 1976387664928.516 425
1757574541383 368558188659.8631 426
1757574541866 68919672286.8701 427
1757574542357 51797347037.03788 428
1757574542856 4775663434.273922 429
1757574543334 1734499120601.0972 430
1757574543822 59341570955.78328 431
1757574544319 1001273402169.0048 432
1757574544813 1693213410161.1443 433
1757574545311 2076129029.3754148 434
1757574545811 193621792039.45673 435
1757574546321 257497803453.67426 436
1757574546814 470020491413.3041 437
1757574547334 471763033.82980525 438
1757574547846 471586696.6111242 439
1757574548350 2769036221.4887934 440
1757574548848 319860100854.79987 441
1757574549366 3995208008.3079195 442
1757574549861 22755280478.977795 443
1757574550365 2613156043554.991 444
1757574550862 62251290.23255557 445
1757574551365 254226581955.85815 446
1757574551884 368428056.5976079 447
1757574552391 7907631772.746384 448
1757574552885 262672605897.99 449
1757574553390 22297265725.664814 450
1757574553906 63157532701.50274 451
1757574554401 1683638591.7738764 452
1757574554908 38076457993.05661 453
1757574555402 14383672759.442478 454
1757574555885 42864676306.95686 455
1757574556396 128580200721.67538 456
1757574556880 229305775840.8195 457
1757574557367 206834176255.10782 458
1757574557847 178427064713.67645 459
1757574558333 209002216.49448684 460
1757574558819 166247835.5529404 461
1757574559319 16961202473.052753 462
1757574559838 24567661525.82724 463
1757574560335 3158832705.486954 464
1757574560825 10276811523.5449 465
1757574561326 12039531396.132652 466
1757574561829 900428276.8937805 467
1757574562330 474485613995.8754 468
1757574562823 29345445911.47782 469
1757574563306 47942669597.65259 470
1757574563787 8174896191.324538 471
1757574564282 32519914395.419983 472
1757574564753 10916682881134.193 473
1757574565234 35270381.29763444 474
1757574565726 15665522043.210117 475
1757574566206 103018779684.94698 476
1757574566682 4019616115.4135704 477
1757574567162 13068502218.958832 478
1757574567639 85354573138.94424 479
1757574568132 224216140712.5167 480
1757574568619 414853341364.8276 481
1757574569097 14412500348.48653 482
1757574569576 373430802267.72125 483
1757574570075 175312307790.96756 484
1757574570561 3863554.8180886693 485
1757574571056 12044134560.13984 486
1757574571534 361076486.6461021 487
1757574572004 3091588119.371611 488
1757574572489 297174217795.59894 489
1757574572959 9771246592.220118 490
1757574573429 18328113561.55342 491
1757574573916 16718155729.173298 492
1757574574401 510143901158.97174 493
1757574574875 258921679196.14725 494
1757574575343 11904535754123.836 495
1757574575835 968833116389.5803 496
1757574576310 2247363698290.176 497
1757574576787 46768453429.80488 498
1757574577263 2245103086487.512 499
