1757532939403 101389816678.80757 0
1757532939883 3496492040.440992 1
1757532940367 3900689611760.081 2
1757532940855 4576872907945.674 3
1757532941338 4723908999.479283 4
1757532941825 1708697240114.9534 5
1757532942310 9622832832.241163 6
1757532942819 46363436689298.93 7
1757532943314 2502407787785.1343 8
1757532943806 38146238964254.766 9
1757532944288 97322496426028.0 10
1757532944777 471321822058742.75 11
1757532945282 52502685788099.15 12
1757532945772 223106093790811.53 13
1757532946259 1.6607232060432064e+18 14
1757532946741 5.283150448585141e+16 15
1757532947242 2.799164358862966e+19 16
1757532947734 2.11087769359227e+18 17
1757532948212 3.899749581136291e+18 18
1757532948717 2.0343054955299815e+20 19
1757532949222 1.2319325490852007e+20 20
1757532949715 4.2591977937794966e+19 21
1757532950214 6.093395902556463e+19 22
1757532950706 2.0491227913105054e+20 23
1757532951198 4.78048500781423e+18 24
1757532951695 5.238259454742423e+19 25
1757532952181 3.1859903848316776e+19 26
1757532952707 7.471006920901822e+19 27
1757532953190 5.311667459293932e+19 28
1757532953670 4.0699646059918975e+21 29
1757532954159 1.5593382886520348e+21 30
1757532954646 1.600106990153975e+20 31
1757532955138 2.9699867667373674e+20 32
1757532955659 5.295476515514571e+21 33
1757532956151 1.0911758092476948e+22 34
1757532956647 7.407568501419304e+22 35
1757532957127 1.1402086317152427e+21 36
1757532957641 4.127744699426262e+22 37
1757532958144 1.899587719423059e+23 38
1757532958628 1.5291003808314023e+23 39
1757532959104 1.742893388471668e+23 40
1757532959605 1.965014637648139e+23 41
1757532960082 1.5444030530258412e+26 42
1757532960559 4.060488427046774e+26 43
1757532961035 2.3864488884298855e+28 44
1757532961517 1.8145323107025508e+25 45
1757532961992 1.046867615730285e+26 46
1757532962490 1.0422514080318994e+25 47
1757532963001 1.4941460600239512e+29 48
1757532963503 1.3950566224028676e+30 49
1757532964012 8.419989521294112e+27 50
1757532964509 2.6766375794294344e+27 51
1757532965006 4.112098097042595e+28 52
1757532965502 7.232694010683687e+28 53
1757532966002 8.185427726103896e+27 54
1757532966483 5.473631899768383e+31 55
1757532966992 3.8611324313181405e+31 56
1757532967474 3.8907552776702296e+33 57
1757532967959 1.1696852237483694e+34 58
1757532968441 9.350114906265363e+32 59
1757532968929 1.8534157187211222e+34 60
1757532969422 1.2687183211518973e+35 61
1757532969900 1.3353999621394127e+35 62
1757532970382 4.454078044166618e+36 63
1757532970859 3.3621051968106467e+37 64
1757532971345 3.569617402914258e+35 65
1757532971839 2.456004263034175e+39 66
1757532972327 1.245440673915296e+38 67
1757532972823 7.863088000882998e+40 68
1757532973309 3.1393915306268165e+40 69
1757532973799 4.369771576314741e+39 70
1757532974294 2.4822711182772595e+39 71
1757532974765 1.3476175904510127e+39 72
1757532975242 8.752774116030479e+37 73
1757532975730 2.749708367714465e+42 74
1757532976219 4.700101818410628e+42 75
1757532976706 6.457641847239729e+43 76
1757532977192 2.4588648849664248e+42 77
1757532977687 3.044889892641556e+43 78
1757532978190 8.848674531315321e+43 79
1757532978682 1.0649039637532423e+43 80
1757532979160 6.453083998555181e+44 81
1757532979648 1.8228669130184217e+47 82
1757532980138 1.4724830534649507e+45 83
1757532980629 9.323754014121554e+44 84
1757532981114 3.764181757957331e+47 85
1757532981599 7.200810307528481e+47 86
1757532982088 2.175867648259713e+50 87
1757532982571 1.0972401051108294e+52 88
1757532983083 2.0787772857536112e+50 89
1757532983573 6.991171686459132e+49 90
1757532984044 7.99073205529763e+48 91
1757532984545 3.629328266751675e+50 92
1757532985025 7.722618340415221e+48 93
1757532985510 4.106734317075215e+48 94
1757532985992 3.7171966518735483e+46 95
1757532986487 1.1380459449895286e+50 96
1757532986990 1.5889634232990338e+48 97
1757532987526 3.616985444421081e+47 98
1757532988010 7.167892848209286e+46 99
1757532988502 2.8423086397019363e+47 100
1757532988993 6.272499130745848e+47 101
1757532989492 2.811182757979942e+47 102
1757532989981 6.381256968902098e+47 103
1757532990469 7.703802838258393e+46 104
1757532990973 2.15273003265232e+48 105
1757532991467 1.2096118241215367e+49 106
1757532991963 5.859188504984023e+50 107
1757532992454 1.843517875443027e+51 108
1757532992982 6.365734550174807e+52 109
1757532993478 1.525314971190255e+55 110
1757532993982 1.956773982853194e+53 111
1757532994498 5.902950079115674e+56 112
1757532995016 9.649809185028406e+56 113
1757532995561 1.314628249097873e+55 114
1757532996081 3.181471012981655e+57 115
1757532996598 7.209975356436564e+56 116
1757532997119 5.837449320939616e+55 117
1757532997598 4.476144397905919e+60 118
1757532998122 8.628327169670277e+60 119
1757532998591 1.956333372595204e+64 120
1757532999081 3.5590558412140387e+61 121
1757532999581 6.180307260489009e+62 122
1757533000077 1.9171589871154306e+65 123
1757533000553 2.3950520992147066e+63 124
1757533001051 4.0524722891931337e+65 125
1757533001573 5.5982464386976935e+65 126
1757533002075 3.2839687169157086e+63 127
1757533002578 4.212782428086728e+65 128
1757533003100 5.7573422105314306e+66 129
1757533003595 1.4057200868154024e+68 130
1757533004085 3.5306028718669436e+67 131
1757533004592 1.0709654716048215e+70 132
1757533005083 2.2678791931078163e+69 133
1757533005575 3.1968700886368424e+72 134
1757533006058 1.270823370328008e+72 135
1757533006534 4.730582448107797e+76 136
1757533007016 1.9081173869181017e+74 137
1757533007498 6.604468513337012e+72 138
1757533007977 5.831474629864811e+75 139
1757533008460 1.0864171046711518e+75 140
1757533008946 5.837939253961137e+74 141
1757533009440 1.1308150228681467e+76 142
1757533009932 5.87317269350953e+73 143
1757533010414 1.101927651993122e+76 144
1757533010894 5.122579611377379e+74 145
1757533011377 2.4855280043200815e+77 146
1757533011862 2.9086502447682676e+77 147
1757533012353 1.0170587342551582e+78 148
1757533012854 2.910860251544153e+77 149
1757533013349 7.727845304238036e+78 150
1757533013848 4.4639261984091776e+77 151
1757533014338 3.1703487259962335e+75 152
1757533014813 2.930435822673983e+78 153
1757533015335 6.55380480323619e+77 154
1757533015848 7.136529442078527e+78 155
1757533016366 3.455993787435935e+78 156
1757533016851 2.86646255987462e+79 157
1757533017337 3.586897451377648e+80 158
1757533017853 1.3668933796545116e+83 159
1757533018383 8.453342773368944e+83 160
1757533018868 2.272366818434006e+82 161
1757533019350 8.284690987284123e+82 162
1757533019843 4.014407096536515e+82 163
1757533020344 3.923614847505334e+86 164
1757533020820 7.841217251985139e+86 165
1757533021317 1.656888268840767e+90 166
1757533021816 5.856449932201872e+89 167
1757533022313 2.6058358283796784e+90 168
1757533022831 5.323715246301502e+89 169
1757533023325 3.0588418565080292e+90 170
1757533023816 6.597093950352732e+90 171
1757533024324 4.09127457832542e+90 172
1757533024828 3.167969110663881e+91 173
1757533025334 8.266954818440268e+89 174
1757533025832 1.0489789121506447e+89 175
1757533026345 6.188678834883837e+91 176
1757533026850 7.431989308938212e+94 177
1757533027341 2.417743797303204e+99 178
1757533027851 1.315396045827613e+99 179
1757533028342 2.353679034774572e+99 180
1757533028835 5.894822830214278e+96 181
1757533029365 6.401583525840842e+98 182
1757533029865 7.731163698444919e+97 183
1757533030352 3.835458401240282e+96 184
1757533030838 2.487749377665939e+96 185
1757533031332 2.4137462302992507e+99 186
1757533031819 2.4243625349197863e+98 187
1757533032303 3.4456695694760727e+98 188
1757533032811 2.446882402510973e+98 189
1757533033293 6.279097060128636e+98 190
1757533033782 6.751358434746968e+97 191
1757533034282 8.075571278162239e+99 192
1757533034788 3.079421888996897e+101 193
1757533035298 8.608554007785185e+102 194
1757533035790 3.005681359552075e+102 195
1757533036285 1.6891184719096952e+102 196
1757533036785 2.5293795742406726e+103 197
1757533037273 1.6047481271897173e+105 198
1757533037765 1.489377973626668e+103 199
1757533038255 2.062711910139987e+102 200
1757533038750 1.3252209435647184e+105 201
1757533039252 2.39579299330093e+107 202
1757533039741 2.7933800078378073e+108 203
1757533040238 7.956815766307877e+108 204
1757533040733 3.508041657661826e+109 205
1757533041220 8.504321741256827e+110 206
1757533041726 2.033107184724584e+111 207
1757533042227 1.718258440285916e+113 208
1757533042729 6.129930352503268e+114 209
1757533043217 1.419518002354039e+115 210
1757533043720 1.5471481810299476e+115 211
1757533044204 2.2753400156968646e+117 212
1757533044691 3.201247565020368e+115 213
1757533045199 1.533041823618353e+116 214
1757533045698 1.305196841247618e+114 215
1757533046185 9.823167164554476e+115 216
1757533046674 3.8579541280997864e+117 217
1757533047174 1.785527272450201e+119 218
1757533047679 6.37304918613259e+119 219
1757533048162 3.609392084168131e+119 220
1757533048654 1.872095241626943e+119 221
1757533049162 3.551793004489886e+119 222
1757533049663 2.997423594308095e+120 223
1757533050181 1.5708902229051172e+123 224
1757533050691 1.0498105147980204e+120 225
1757533051281 1.1015679943943543e+118 226
1757533051771 1.421129554094264e+121 227
1757533052265 4.160905004166751e+118 228
1757533052774 3.8460807550465666e+122 229
1757533053250 4.8213511825002476e+123 230
1757533053747 3.976978443982449e+125 231
1757533054253 9.87669974762228e+123 232
1757533054742 6.5500411746551614e+122 233
1757533055232 5.138861647332304e+124 234
1757533055742 1.5266591675041097e+126 235
1757533056219 6.886854134564924e+127 236
1757533056722 1.0555435869074714e+128 237
1757533057205 1.0247562266993632e+128 238
1757533057698 3.154130355885994e+127 239
1757533058208 2.1190953361724203e+130 240
1757533058714 9.292181095588061e+129 241
1757533059265 3.06522347233293e+128 242
1757533059786 3.6136417875160754e+126 243
1757533060325 4.4307223952484036e+130 244
1757533060862 1.4780607221301291e+128 245
1757533061433 5.598827620192708e+127 246
1757533061934 4.071330379156523e+127 247
1757533062423 3.466423636083369e+129 248
1757533062929 1.8057110176331035e+130 249
1757533063433 9.368235316998575e+131 250
1757533063934 2.350311527654644e+130 251
1757533064448 7.343181420130644e+131 252
1757533064948 5.423573402429051e+133 253
1757533065445 1.2445290621921004e+132 254
1757533065967 4.256757057434842e+131 255
1757533066458 6.27224610017247e+133 256
1757533066949 9.239804529461924e+134 257
1757533067427 5.386846305127967e+133 258
1757533067917 1.4083049938333502e+133 259
1757533068407 4.2643212402279366e+130 260
1757533068897 1.7511767816806852e+130 261
1757533069375 7.912852991572663e+130 262
1757533069860 6.999030741572961e+130 263
1757533070348 2.3415847371861368e+129 264
1757533070840 9.086396804953299e+130 265
1757533071329 1.0726916633339294e+129 266
1757533071836 7.123684974722089e+129 267
1757533072338 6.519544802968893e+129 268
1757533072819 1.342923724108296e+130 269
1757533073304 3.78469391242709e+131 270
1757533073789 5.2343783207934065e+132 271
1757533074285 1.4314481879709242e+133 272
1757533074777 5.48164334478905e+135 273
1757533075255 3.4874831165978226e+135 274
1757533075758 1.798037440964977e+135 275
1757533076254 1.3926984933690248e+135 276
1757533076757 4.842407924039746e+136 277
1757533077259 7.223354504169548e+136 278
1757533077751 5.839491866916957e+135 279
1757533078249 4.87715854884824e+135 280
1757533078747 4.024967848074469e+137 281
1757533079230 4.97347049322747e+143 282
1757533079725 9.15120313026048e+138 283
1757533080227 2.0808295723077937e+141 284
1757533080714 3.5775954544044596e+141 285
1757533081191 2.2043906447134255e+142 286
1757533081690 6.261269515301987e+141 287
1757533082178 1.6914145647720022e+142 288
1757533082662 2.544480711459092e+141 289
1757533083189 2.1412848072378102e+142 290
1757533083677 2.6161055490270404e+144 291
1757533084158 7.582260991894881e+144 292
1757533084645 2.64499463820487e+146 293
1757533085133 1.1662292565624575e+146 294
1757533085636 7.382818203689917e+147 295
1757533086192 9.18520722086305e+146 296
1757533086693 4.356707023250813e+144 297
1757533087195 9.656319436345036e+148 298
1757533087687 1.1241856862782302e+148 299
1757533088184 4.508910514214822e+146 300
1757533088684 3.288908480748164e+147 301
1757533089204 2.1729881619818861e+148 302
1757533089691 3.854653793290915e+148 303
1757533090183 1.6221706945132516e+151 304
1757533090673 4.880892163828031e+148 305
1757533091181 1.6260151348477393e+150 306
1757533091664 5.382949353615498e+150 307
1757533092142 3.000022866513857e+151 308
1757533092619 1.9817425275761299e+152 309
1757533093132 5.830379406004543e+153 310
1757533093630 2.859900058009114e+152 311
1757533094117 1.0298408829191752e+156 312
1757533094608 3.103649699607933e+155 313
1757533095108 2.6475268967963733e+155 314
1757533095604 7.913984522198756e+155 315
1757533096084 5.957023179169169e+154 316
1757533096570 4.4575919662405727e+154 317
1757533097080 2.1767879404332837e+155 318
1757533097587 2.8064433327563934e+154 319
1757533098097 6.136684238368863e+152 320
1757533098587 2.2211144326645362e+157 321
1757533099083 2.5031784479428735e+157 322
1757533099584 3.1849002651482674e+157 323
1757533100085 1.1201467943766896e+161 324
1757533100570 9.593129788448006e+162 325
1757533101061 3.9254174342187233e+161 326
1757533101565 5.231710473765897e+163 327
1757533102059 3.1024807330184803e+164 328
1757533102559 1.922720853652519e+165 329
1757533103057 6.456470595997648e+166 330
1757533103546 3.715845912237532e+166 331
1757533104024 3.829251533774101e+166 332
1757533104521 2.960073655823284e+169 333
1757533105002 1.4430046020262888e+170 334
1757533105509 4.912881032023544e+171 335
1757533105993 5.559759677499753e+171 336
1757533106471 5.258192597170402e+172 337
1757533106948 1.6987894769407919e+173 338
1757533107432 3.492299010850449e+174 339
1757533107915 7.181648303675648e+172 340
1757533108412 6.981511077511682e+173 341
1757533108897 3.884418949131907e+176 342
1757533109383 1.2103768387639974e+174 343
1757533109879 2.423952462451693e+174 344
1757533110373 6.0285501132112835e+174 345
1757533110870 2.9685067896842816e+174 346
1757533111388 6.284887153459668e+173 347
1757533111880 1.9480594290190556e+175 348
1757533112371 5.7851308703170035e+175 349
1757533112868 1.5660605989239385e+176 350
1757533113356 1.5993527512662464e+177 351
1757533113843 7.320913042909248e+177 352
1757533114335 7.921822123602765e+178 353
1757533114832 1.1574513426445168e+175 354
1757533115321 1.654910525007196e+175 355
1757533115844 3.241418705454119e+176 356
1757533116337 4.539518849443013e+178 357
1757533116852 2.149481746732329e+174 358
1757533117338 1.0968750827641837e+179 359
1757533117823 4.229184039162687e+180 360
1757533118307 5.635005008563606e+180 361
1757533118796 3.7078327186395263e+183 362
1757533119304 2.569737098500457e+183 363
1757533119845 7.821550980075472e+183 364
1757533120349 2.0288866880687207e+186 365
1757533120846 2.8003556878398462e+186 366
1757533121351 7.473166963092487e+186 367
1757533121859 1.6175679075870758e+187 368
1757533122403 1.6745012164352177e+187 369
1757533122978 9.861444871702938e+187 370
1757533123519 1.198733553358396e+190 371
1757533124077 6.745959178001308e+188 372
1757533124659 1.33931710348458e+189 373
1757533125192 2.5665450525820872e+187 374
1757533125704 1.6832599307940897e+189 375
1757533126205 3.750659815878198e+188 376
1757533126695 3.118808814863224e+188 377
1757533127204 1.7140379736710493e+188 378
1757533127681 3.677944770444242e+188 379
1757533128181 1.3324895392460169e+191 380
1757533128666 1.899131820154923e+193 381
1757533129160 3.6890154463124745e+193 382
1757533129659 6.09137857829035e+192 383
1757533130147 2.1801038572236935e+193 384
1757533130641 3.0176508601792115e+194 385
1757533131134 1.5937907681598555e+194 386
1757533131616 4.78626667449897e+195 387
1757533132104 1.951554007897029e+196 388
1757533132590 3.1116354998520297e+198 389
1757533133082 5.616923665123529e+195 390
1757533133570 2.184211041418673e+196 391
1757533134071 2.6682241703841835e+197 392
1757533134559 7.57499420445332e+198 393
1757533135051 1.7538715511295783e+199 394
1757533135537 7.11620267069116e+199 395
1757533136032 1.5375729130359482e+203 396
1757533136522 2.809923547705726e+202 397
1757533137014 2.111604980323575e+201 398
1757533137511 4.35644704815453e+202 399
1757533138008 2.836185574267019e+204 400
1757533138502 1.4709741391268256e+207 401
1757533139001 1.1097234712754734e+205 402
1757533139497 9.674680474507804e+204 403
1757533139988 4.6779244917092955e+206 404
1757533140488 5.18215832501784e+207 405
1757533140978 4.499576219999211e+208 406
1757533141478 1.5804024615828036e+207 407
1757533141970 1.2396180512014625e+209 408
1757533142481 9.911373003377116e+209 409
1757533142986 4.0114375788225068e+208 410
1757533143483 3.634465124301923e+210 411
1757533143969 1.9926465678222754e+212 412
1757533144467 1.2596851421210684e+212 413
1757533144967 6.102948248565222e+214 414
1757533145479 7.252874009731887e+213 415
1757533145973 2.805758509527826e+211 416
1757533146471 1.5619248636627876e+213 417
1757533146962 3.859827751968323e+213 418
1757533147445 1.397419463825941e+216 419
1757533147947 5.711655670535741e+216 420
1757533148437 1.4064244293156512e+218 421
1757533148948 9.654756913006113e+217 422
1757533149442 7.823998111749614e+220 423
1757533149941 3.501187308222587e+221 424
1757533150450 1.0731812844975397e+220 425
1757533150954 4.969921907156065e+218 426
1757533151461 2.245436379435823e+222 427
1757533151955 9.807121131811581e+218 428
1757533152488 6.493814832864256e+218 429
1757533152995 1.185577486108255e+217 430
1757533153484 6.244518052349688e+219 431
1757533153974 1.7100193445072486e+221 432
1757533154472 2.1789675686872596e+221 433
1757533154984 6.220690766227417e+222 434
1757533155505 7.26918847568525e+224 435
1757533156019 8.444832108588147e+224 436
1757533156496 1.06431828638952e+224 437
1757533156979 1.243689718152904e+227 438
1757533157467 1.8319543195702818e+227 439
1757533157964 1.4899015670841788e+228 440
1757533158469 1.7217106934796417e+230 441
1757533158974 1.3223556435443062e+231 442
1757533159466 7.75961814734993e+234 443
1757533159965 7.093323264632793e+231 444
1757533160469 1.0319924368010164e+234 445
1757533160955 2.191328025709309e+232 446
1757533161465 1.2722056016516673e+233 447
1757533161991 1.7930303028214737e+234 448
1757533162500 1.856447716069234e+232 449
1757533163008 9.090268820504653e+234 450
1757533163503 7.288985009751453e+232 451
1757533164007 6.454921172161686e+232 452
1757533164504 1.0696500305822031e+233 453
1757533165002 7.955584432631743e+231 454
1757533165505 5.280375844528933e+233 455
1757533165989 3.330494428027866e+234 456
1757533166478 5.837421869263938e+235 457
1757533166973 6.480465320833795e+238 458
1757533167460 2.086108599572439e+239 459
1757533167948 3.8089518844981935e+237 460
1757533168460 3.556527331735076e+240 461
1757533168944 6.025602098211618e+240 462
1757533169426 2.0962257808404344e+244 463
1757533169925 2.0559587365847544e+242 464
1757533170447 1.0345971159283698e+243 465
1757533170950 9.774229840796685e+242 466
1757533171440 1.8927058535660703e+245 467
1757533171941 2.035450423961278e+245 468
1757533172455 3.8542866340870747e+245 469
1757533172958 1.0238673560740461e+247 470
1757533173482 6.313524856300064e+247 471
1757533173981 1.540732368544056e+248 472
1757533174486 7.892863679349943e+248 473
1757533174982 1.3934708848279914e+250 474
1757533175501 5.671120565643482e+251 475
1757533176017 2.3292631957798374e+253 476
1757533176525 8.078355491936241e+249 477
1757533177021 1.9836015402258715e+252 478
1757533177508 1.3318777211114301e+253 479
1757533177992 1.2279972253757717e+254 480
1757533178485 4.118103622820797e+250 481
1757533178985 1.6894012689227266e+252 482
1757533179500 2.7485857059933714e+253 483
1757533179994 6.764854038860703e+253 484
1757533180493 6.266001590937504e+254 485
1757533180997 1.5063118136629385e+253 486
1757533181518 3.567146476075782e+256 487
1757533182019 4.790934204584725e+255 488
1757533182523 5.568225442208556e+255 489
1757533183031 4.2164841378542087e+257 490
1757533183528 2.0624166767058008e+258 491
1757533184037 1.3592063542063074e+260 492
1757533184522 5.710406173305925e+257 493
1757533185003 2.7724461937271542e+262 494
1757533185500 2.7451790099080816e+263 495
1757533186005 1.650248445560854e+262 496
1757533186492 8.719061535981611e+265 497
1757533187003 1.435031368612911e+267 498
1757533187499 1.0310759079312646e+267 499
