1757569010711 94536028538.73691 0
1757569010777 228850781509.51077 1
1757569010857 123707083284.53255 2
1757569010954 324539736215.97546 3
1757569011046 104524372213.96527 4
1757569011118 571502327011.259 5
1757569011191 114552543364.04121 6
1757569011272 80485091082.69098 7
1757569011340 83295489601.14778 8
1757569011413 202534977163.80673 9
1757569011479 95628928276.39894 10
1757569011544 523604683887.7174 11
1757569011615 304370439392.9247 12
1757569011680 376087420259.37463 13
1757569011754 214098077084.2935 14
1757569011819 324163297487.2164 15
1757569011887 116043319350.99936 16
1757569011962 376815633293.5588 17
1757569012055 134933503042.25574 18
1757569012124 332136058096.6486 19
1757569012200 163606344231.71747 20
1757569012453 252829440883.74905 21
1757569012561 359644873750.90515 22
1757569012626 338136947709.1489 23
1757569012691 295205694160.4141 24
1757569012767 267154400848.9592 25
1757569012837 126063339544.44063 26
1757569012905 75764519977.3452 27
1757569012977 112804227141.20297 28
1757569013044 185178064039.44058 29
1757569013112 148186615053.81592 30
1757569013190 142226996278.4934 31
1757569013263 286836270446.46277 32
1757569013331 113581643208.96419 33
1757569013405 96156408155.42296 34
1757569013482 331208026448.5309 35
1757569013551 124599536428.2919 36
1757569013620 346326784109.722 37
1757569013687 180180627511.95743 38
1757569013756 257911082186.70184 39
1757569013825 200459988836.85297 40
1757569013890 122841817378.66385 41
1757569013965 152940878528.7955 42
1757569014068 81999774707.38663 43
1757569014162 314495677657.4751 44
1757569014246 663577952631.2493 45
1757569014313 359785669291.1196 46
1757569014386 214746165058.10178 47
1757569014465 107445569604.26006 48
1757569014534 332678064224.1799 49
1757569014609 220976833664.11166 50
1757569014681 310955337267.1219 51
1757569014754 281888787228.2462 52
1757569014827 323831463567.61725 53
1757569014891 197835785852.6374 54
1757569014963 89534373209.32582 55
1757569015032 241874107081.18716 56
1757569015104 230923105341.93195 57
1757569015179 76751727566.93117 58
1757569015258 282065059043.6399 59
1757569015331 68938498855.05316 60
1757569015403 165364119029.63074 61
1757569015471 99527291883.23897 62
1757569015537 229531935089.70605 63
1757569015610 585036397384.4703 64
1757569015682 87109760009.5184 65
1757569015748 298278877863.75604 66
1757569015814 348267992102.9932 67
1757569015887 231178282472.1582 68
1757569015956 409561894880.2594 69
1757569016027 213075784077.48416 70
1757569016095 317217718532.6307 71
1757569016162 208916160295.09583 72
1757569016237 285397325627.2529 73
1757569016299 112245516344.88356 74
1757569016368 100017448538.76485 75
1757569016438 89639113490.73326 76
1757569016513 180935975281.85342 77
1757569016581 125015346153.20789 78
1757569016656 624098711803.1145 79
1757569016723 267858128946.39062 80
1757569016794 317395245441.28906 81
1757569016865 544060406612.95264 82
1757569016930 426709743339.26 83
1757569017007 172777768474.62335 84
1757569017072 113550289148.08302 85
1757569017139 122703443405.10716 86
1757569017223 196460207997.28986 87
1757569017297 103934350807.11995 88
1757569017367 310360092630.7726 89
1757569017441 259378794414.7169 90
1757569017512 375488256027.2946 91
1757569017581 137757221544.09076 92
1757569017651 131772469359.95837 93
1757569017721 78435484129.28635 94
1757569017789 121958614174.83145 95
1757569017858 422929578562.2203 96
1757569017933 653004258442.287 97
1757569017997 131453040724.86322 98
1757569018067 101546714107.77745 99
1757569018141 126984928686.14693 100
1757569018214 99076478359.88663 101
1757569018285 178270578963.26477 102
1757569018359 176564845583.64236 103
1757569018434 149273599831.7096 104
1757569018505 149692068749.10938 105
1757569018578 198797747276.76758 106
1757569018646 270997041644.54266 107
1757569018733 298082810785.75006 108
1757569018809 69996336722.28357 109
1757569018883 328994966795.77325 110
1757569018951 569651496341.3048 111
1757569019025 150531274438.94724 112
1757569019094 120089143891.96344 113
1757569019169 121433534669.22253 114
1757569019251 88939557251.71207 115
1757569019363 322669089840.40533 116
1757569019457 204389499883.21497 117
1757569019534 122935585668.78119 118
1757569019602 80194346128.77739 119
1757569019671 126508737199.87167 120
1757569019736 326065394253.2544 121
1757569019803 146382044445.37537 122
1757569019869 469884866459.9522 123
1757569019939 377454977403.9882 124
1757569020012 123604463628.8174 125
1757569020091 74069690231.21619 126
1757569020179 314105428422.6701 127
1757569020250 261091251210.341 128
1757569020328 194704165078.29404 129
1757569020408 539757488175.5632 130
1757569020483 322028963578.3475 131
1757569020548 328353160226.3181 132
1757569020621 125818485978.18643 133
1757569020693 274111976637.16968 134
1757569020763 382188428711.4078 135
1757569020827 372146498961.7758 136
1757569020898 238866208771.52298 137
1757569020970 497408047204.12714 138
1757569021043 356022556140.5623 139
1757569021113 234443219056.77115 140
1757569021185 186276311041.50598 141
1757569021258 116020690526.95973 142
1757569021328 203039515068.05667 143
1757569021399 332395459426.4598 144
1757569021468 103822788376.84363 145
1757569021540 88017398108.70361 146
1757569021615 143492801873.53848 147
1757569021686 89880149525.29332 148
1757569021767 390065276139.7509 149
1757569021836 290148529294.6776 150
1757569021908 334943283972.33997 151
1757569021981 126466370270.4911 152
1757569022052 215705409906.9244 153
1757569022131 150052846358.40186 154
1757569022198 349020511670.2917 155
1757569022270 215084846477.91425 156
1757569022336 705524968780.8884 157
1757569022410 162825542387.46777 158
1757569022482 180635714751.46786 159
1757569022554 76473825790.6284 160
1757569022624 189775971814.30667 161
1757569022710 112282267896.49182 162
1757569022780 293928458610.5877 163
1757569022855 263041826300.71768 164
1757569022929 214856956475.5779 165
1757569022993 165909341540.14484 166
1757569023059 175080959277.89426 167
1757569023129 669713434374.1475 168
1757569023214 111085871313.8853 169
1757569023281 252036656091.39276 170
1757569023353 561663556289.635 171
1757569023422 106917712841.42265 172
1757569023500 334882679973.63434 173
1757569023575 130941077450.58414 174
1757569023647 515988980369.42645 175
1757569023717 217358414999.3913 176
1757569023795 347560036274.74744 177
1757569023868 209940831442.14627 178
1757569023937 434674867365.30896 179
1757569024006 169762089372.71298 180
1757569024076 368939614815.25146 181
1757569024154 329548365717.1328 182
1757569024234 269860596954.94846 183
1757569024305 80613675517.6015 184
1757569024376 78251380700.66313 185
1757569024447 295479658912.7357 186
1757569024521 223174344058.30884 187
1757569024592 303043343600.0038 188
1757569024657 195379282283.85522 189
1757569024727 384575076044.0034 190
1757569024798 156942188507.0024 191
1757569024864 207730415191.33932 192
1757569024938 229894281157.8039 193
1757569025032 152871728031.21335 194
1757569025144 104555417039.38168 195
1757569025229 521472491436.4492 196
1757569025301 431512048622.75745 197
1757569025371 314327282982.24255 198
1757569025443 360180104130.42834 199
1757569025517 73089450870.29767 200
1757569025588 344261922816.1971 201
1757569025661 218081591901.81424 202
1757569025740 332751687485.70026 203
1757569025804 205679987993.69632 204
1757569025880 437030332975.83466 205
1757569025954 99982437678.46718 206
1757569026024 84067072556.8235 207
1757569026100 123704401020.78015 208
1757569026171 143228874962.68732 209
1757569026245 118931194851.18323 210
1757569026319 217907685859.21774 211
1757569026390 190072315613.8418 212
1757569026467 375892975610.2881 213
1757569026539 102607887875.5886 214
1757569026620 100593141004.4235 215
1757569026691 163980601638.06235 216
1757569026767 109532078322.88234 217
1757569026843 156113727953.83954 218
1757569026915 94146070837.03468 219
1757569026990 95110485170.89902 220
1757569027059 183999005026.50018 221
1757569027133 451174917594.2292 222
1757569027220 234593836058.11108 223
1757569027296 305636372796.87573 224
1757569027368 258138297832.38815 225
1757569027439 122419820731.44055 226
1757569027524 288351124360.84204 227
1757569027601 242810415985.3393 228
1757569027671 95823829056.75043 229
1757569027749 288354495276.3442 230
1757569027825 364273013121.38275 231
1757569027898 239278060329.82733 232
1757569027978 171039810458.82425 233
1757569028047 232901785060.319 234
1757569028122 188661932996.4762 235
1757569028209 340586121910.1152 236
1757569028281 95899446585.42236 237
1757569028353 162884838716.0564 238
1757569028423 318396507809.8632 239
1757569028509 326451101056.6322 240
1757569028584 218156734388.3561 241
1757569028663 145176287485.1368 242
1757569028735 81795824906.50246 243
1757569028803 234746756364.7338 244
1757569028876 496497246785.0275 245
1757569028953 456456120667.27234 246
1757569029027 417485919201.0486 247
1757569029099 142251380051.36554 248
1757569029176 290637324837.387 249
1757569029251 430909576806.4598 250
1757569029317 288458771891.79535 251
1757569029387 212676439909.478 252
1757569029462 89285485782.18332 253
1757569029536 393637050570.37103 254
1757569029607 131848400850.80923 255
1757569029690 97122967351.08337 256
1757569029778 520534499696.4638 257
1757569029858 547861566062.83545 258
1757569029955 206984425904.2336 259
1757569030058 159629635890.50317 260
1757569030147 292679726377.394 261
1757569030220 109435645513.75745 262
1757569030300 220325190094.01273 263
1757569030391 91835677235.42519 264
1757569030466 131647513957.15234 265
1757569030549 88139634058.15236 266
1757569030643 448860696467.9443 267
1757569030715 127678750654.41318 268
1757569030787 219543618164.96683 269
1757569030864 368225069078.9522 270
1757569030937 218783722200.77463 271
1757569031016 379613436351.6827 272
1757569031093 129741334899.55354 273
1757569031168 241103365896.93503 274
1757569031244 325518563062.07635 275
1757569031312 355527268896.05554 276
1757569031395 320075579493.972 277
1757569031471 193588087925.14203 278
1757569031553 138284132925.79633 279
1757569031626 181849894974.15076 280
1757569031703 242789606537.47635 281
1757569031772 112288639330.38445 282
1757569031848 136365635151.74626 283
1757569031933 422724136636.3234 284
1757569032015 240231774731.38165 285
1757569032086 241705103759.76712 286
1757569032168 114403960644.46815 287
1757569032270 294588632820.4965 288
1757569032347 250871316416.3341 289
1757569032422 71070407202.822 290
1757569032495 344306433286.4112 291
1757569032566 567329991834.1006 292
1757569032634 144474803379.96878 293
1757569032708 372054389957.8055 294
1757569032781 268151605812.62555 295
1757569032854 234287338678.45566 296
1757569032927 177588415660.41095 297
1757569032999 436637034781.30743 298
1757569033069 132367144695.07845 299
1757569033141 159825144889.42014 300
1757569033233 122760008246.29889 301
1757569033311 187498924433.84198 302
1757569033385 226221346463.3078 303
1757569033462 107748240878.04893 304
1757569033532 111258614315.88928 305
1757569033612 253656599455.29056 306
1757569033689 72845268423.66986 307
1757569033765 114020481873.1375 308
1757569033838 105188599968.67311 309
1757569033914 280145370273.8786 310
1757569033989 567223576146.997 311
1757569034068 233083834817.88284 312
1757569034153 162727908359.02124 313
1757569034238 296685478635.30365 314
1757569034310 320850651395.1332 315
1757569034384 184243324325.78445 316
