1757535900941 198446496090.3074 0
1757535901447 161630090830.30548 1
1757535901946 224040567349.7304 2
1757535902441 207985212486.8762 3
1757535902944 305236864256.5887 4
1757535903439 36097447048.348694 5
1757535903943 270783996610.21558 6
1757535904434 226782611115.90512 7
1757535904917 67132853315.277054 8
1757535905413 11060207073.464699 9
1757535905915 153144748630.145 10
1757535906392 103134016377.7066 11
1757535906869 11564189200.127089 12
1757535907343 18430283612.176075 13
1757535907827 15452660122.512177 14
1757535908304 186315787647.07602 15
1757535908794 14491621076.273407 16
1757535909302 38986999408.18072 17
1757535909786 47717726171.57548 18
1757535910269 24801112770.541008 19
1757535910755 7553435848.246079 20
1757535911240 3196310571.39561 21
1757535911742 188883417092.63025 22
1757535912227 2356904518.338149 23
1757535912722 2361752798362.8096 24
1757535913205 19646633740.672855 25
1757535913682 37724295520.5157 26
1757535914177 20063613828.51521 27
1757535914662 45616042591.826866 28
1757535915166 1555164497.1028402 29
1757535915666 42003387.872194365 30
1757535916144 9574053373.623241 31
1757535916626 60081957976.44462 32
1757535917112 12354379932.057402 33
1757535917603 11881076833.233492 34
1757535918112 360004178913.03656 35
1757535918606 38273610526.990074 36
1757535919096 65637243580.66201 37
1757535919584 53863368164.024864 38
1757535920071 34263458376.734264 39
1757535920553 58568269380.413795 40
1757535921033 12073226875.129122 41
1757535921514 190711360750.68076 42
1757535921991 19694625413.994144 43
1757535922487 36371773773.741455 44
1757535922983 494623375716.31604 45
1757535923474 97797809888.73933 46
1757535923977 85041461201.61116 47
1757535924461 9848975680.4044 48
1757535924990 41211463339.25835 49
1757535925527 16909425888.093565 50
1757535926037 3958872705.532169 51
1757535926588 137324316282.01291 52
1757535927113 1882070941043.2812 53
1757535927625 5164139074.1573925 54
1757535928115 20288188530.924694 55
1757535928609 141608122483.6377 56
1757535929086 125358312235.90717 57
1757535929570 793951082831.436 58
1757535930056 20999618468.562035 59
1757535930541 465338472.6649997 60
1757535931022 13646734063.093493 61
1757535931508 19054528823.074738 62
1757535931977 283379558812.54596 63
1757535932458 5248773260.868877 64
1757535932947 13736184751.667213 65
1757535933447 617717964625.2512 66
1757535933925 16046826285.152363 67
1757535934436 394430377494.9265 68
1757535934927 827679074414.3784 69
1757535935436 14589058570.185009 70
1757535935910 173115996429.06625 71
1757535936403 24351321207.325317 72
1757535936885 295764592049.6826 73
1757535937367 249989812930.04083 74
1757535937872 35622807282.62774 75
1757535938350 26892815165.586605 76
1757535938831 5255858518.078109 77
1757535939318 1797263281243.284 78
1757535939845 751056494.511682 79
1757535940311 77105859359.71065 80
1757535940792 14839143828.211784 81
1757535941281 695421106366.298 82
1757535941774 52554927386.53943 83
1757535942263 960395.8875839151 84
1757535942758 160825275761.48108 85
1757535943240 212976874.99927697 86
1757535943725 295200190.49438196 87
1757535944218 32830976703.181892 88
1757535944697 65895440440.51196 89
1757535945195 4845090291.083582 90
1757535945688 36333495350.034775 91
1757535946166 1205142933.7512057 92
1757535946643 21703864834.887478 93
1757535947125 7274290199.311878 94
1757535947609 277586889103.83167 95
1757535948106 218089066286.91644 96
1757535948586 104445172694.28625 97
1757535949096 861613220961.9911 98
1757535949630 342215528.08034956 99
1757535950127 228584174746.9095 100
1757535950612 111244404741.2992 101
1757535951101 40523849765.77652 102
1757535951576 2457038828785.285 103
1757535952061 1968214992.8382466 104
1757535952532 4351935873.508908 105
1757535953020 6129089615.157974 106
1757535953518 132091547266.61917 107
1757535953995 43225558835.568954 108
1757535954509 5822712088.48326 109
1757535954995 27705851234.773262 110
1757535955487 209039111240.5561 111
1757535955975 39906941801.65677 112
1757535956451 12543748777.974636 113
1757535956930 816181219.1664025 114
1757535957413 480190785561.6309 115
1757535957907 61906064947.04056 116
1757535958415 1678583582.007412 117
1757535958890 981757347735.2527 118
1757535959378 28263257154.756115 119
1757535959866 65519789487.49048 120
1757535960347 19096464739.992146 121
1757535960846 94806090875.53511 122
1757535961335 37299396422.28342 123
1757535961821 295801390372.4258 124
1757535962302 2821934276.0051093 125
1757535962778 10534329414.570854 126
1757535963276 2188556548.0590787 127
1757535963761 1445194830395.5444 128
1757535964261 13164690784.608427 129
1757535964741 106261287036.67325 130
1757535965227 16039061919.986721 131
1757535965710 9547528345.671074 132
1757535966203 326082718.7854108 133
1757535966683 49745493118.25891 134
1757535967173 520998381631.4177 135
1757535967662 191724653712.3748 136
1757535968141 186394559627.51318 137
1757535968635 104512645856.47125 138
1757535969125 56327161613.10137 139
1757535969626 6150822604.5262375 140
1757535970119 258338362531.2731 141
1757535970598 3992203203.5009246 142
1757535971086 137454227.8145147 143
1757535971580 25911685791.074883 144
1757535972080 66386902026.89581 145
1757535972555 4074927130.174898 146
1757535973046 107163007124.75322 147
1757535973528 11185634636.599634 148
1757535974004 264386288121.08414 149
1757535974485 606757206650.5757 150
1757535974974 1382269192.4689422 151
1757535975501 9550260528.382856 152
1757535975982 862521573.8115119 153
1757535976460 99241183073.1021 154
1757535976932 10342818874.685167 155
1757535977403 2567002113.2008805 156
1757535977923 20614311373.300198 157
1757535978421 255607262355.1754 158
1757535978934 159559883.51884562 159
1757535979428 85747807384.72432 160
1757535979924 837765082024.081 161
1757535980477 17732494917.997383 162
1757535980961 160338190345.74197 163
1757535981444 2640213534.5122156 164
1757535981943 3527489486.5294394 165
1757535982446 25052287678.36122 166
1757535982933 551610696557.9458 167
1757535983425 62383648711.070076 168
1757535983911 12289772766.601385 169
1757535984408 295524619136.1958 170
1757535984900 2623250994.667302 171
1757535985418 1592866575.0385683 172
1757535985893 80450365107.55165 173
1757535986393 2351322229.3592396 174
1757535986896 188537934226.31265 175
1757535987379 55939618824.47166 176
1757535987868 3476376238634.307 177
1757535988409 7327998348.428578 178
1757535988926 5749119874.755491 179
1757535989416 118666035004.43794 180
1757535989950 768527623266.4004 181
1757535990460 3369819343.4545465 182
1757535991009 751448290066.7245 183
1757535991530 77069140529.01263 184
1757535992010 9230119771.030949 185
1757535992484 242368685239.13788 186
1757535992963 5167273658.570725 187
1757535993449 295044010054.4059 188
1757535993932 80094546982.89207 189
1757535994436 142872674700.8286 190
1757535994940 10062021518117.557 191
1757535995446 24652233094.08839 192
1757535995942 20711578666.18967 193
1757535996429 178686921050.1103 194
1757535996928 23634891068.208782 195
1757535997421 10491084199.471369 196
1757535997929 126729264132.9785 197
1757535998419 7918068737183.659 198
1757535998897 9283298566.309727 199
1757535999383 555038742863.8612 200
1757535999892 9957831155.522923 201
1757536000375 658017200.7620398 202
1757536000867 47319506728.48281 203
1757536001359 273259081.795793 204
1757536001848 5012623363.853819 205
1757536002323 12612624356.946266 206
1757536002804 22656112982.00766 207
1757536003280 350389111159.90326 208
1757536003763 184570048576.5835 209
1757536004252 10585085868.15186 210
1757536004752 4406361530.178596 211
1757536005246 30919558978.136593 212
1757536005755 51888504318.56597 213
1757536006248 62107074051.94501 214
1757536006724 754650768.3061576 215
1757536007222 6167920791.799227 216
1757536007735 71245468344.58812 217
1757536008219 233148430694.9724 218
1757536008720 277857758886.24426 219
1757536009212 35158877734.93501 220
1757536009699 1353273182.0408733 221
1757536010184 19889917472.10439 222
1757536010670 25412703568.431145 223
1757536011182 3462377068.6537633 224
1757536011746 36694602180.67686 225
1757536012235 163740511432.00876 226
1757536012721 227936940087.57565 227
1757536013212 104497212417.79375 228
1757536013683 147960352137.10397 229
1757536014166 1722695.1398689132 230
1757536014655 5121156787.685728 231
1757536015140 5996728355935.455 232
1757536015640 4845983246.874749 233
1757536016127 327048817710.8895 234
1757536016609 202147952851.05783 235
1757536017084 8057140488.528503 236
1757536017560 6104864803133.658 237
1757536018042 2142157043.044412 238
1757536018518 1626412.935829744 239
1757536018993 477079947965.1611 240
1757536019466 60171636146.5741 241
1757536019946 1151424898.9858646 242
1757536020498 70875898713.07079 243
1757536020984 385478940761.71814 244
1757536021490 63501804073.86277 245
1757536021998 3180458907397.211 246
1757536022527 466764125339.554 247
1757536023013 33588769980.627907 248
1757536023502 573548215449.6736 249
1757536023985 34103941300.914753 250
1757536024481 27545880550.523804 251
1757536024960 8709994408.39056 252
1757536025466 47919046269.133896 253
1757536025963 30486945526.13632 254
1757536026449 208242724.48740652 255
1757536026940 22916214936.171547 256
1757536027446 3166458688.9664335 257
1757536027947 79076050499.96013 258
1757536028435 2372803574237.0347 259
1757536028914 871507390.6361864 260
1757536029407 10248871147.81336 261
1757536029886 1303895492.879102 262
1757536030374 518998346773.59314 263
1757536030864 433822223369.43756 264
1757536031349 288607382387.5729 265
1757536031828 192057850043.45816 266
1757536032312 2618705059.2524414 267
1757536032795 356017764.5733503 268
1757536033269 830135878.8112388 269
1757536033751 6105567144.379593 270
1757536034238 13466930844.023413 271
1757536034722 6049037419.257603 272
1757536035211 299185719427.6324 273
1757536035695 281046391755.2907 274
1757536036175 314084084042.58844 275
1757536036659 146322258417.4142 276
1757536037138 15122726480.48936 277
1757536037615 29215131474.992413 278
1757536038097 231606647.28743994 279
1757536038562 131941298.67246284 280
1757536039034 97986239946.77788 281
1757536039526 36443528522.779015 282
1757536039996 8036076966.933598 283
1757536040467 3806217506.572677 284
1757536040941 7147777109.038592 285
1757536041420 399379159.3575513 286
1757536041905 31958547242.66534 287
1757536042412 210393871024.97382 288
1757536042895 9143433413.884977 289
1757536043382 920728638.6861032 290
1757536043865 2783676818.8299723 291
1757536044349 85931980938.11069 292
1757536044824 1756854542.2814891 293
1757536045311 3005662624317.58 294
1757536045796 148618124470.65558 295
1757536046278 161660412733.16183 296
1757536046759 115167602954.75758 297
1757536047234 147322782100.43552 298
1757536047717 5334894092249.835 299
1757536048208 168938093287.9455 300
1757536048694 143255494575.2739 301
1757536049185 22775196110.771004 302
1757536049662 56617066194.82266 303
1757536050134 113949437638.45592 304
1757536050608 16530785621.926819 305
1757536051085 69153567780.3785 306
1757536051564 140702830284.9539 307
1757536052044 3473809273616.578 308
1757536052534 50092847195.47986 309
1757536053008 21488592687.393307 310
1757536053485 27525221501.88879 311
1757536053974 19912435703.40236 312
1757536054467 1898301457009.972 313
1757536054942 173154220568.31894 314
1757536055435 89468312269.36447 315
1757536055915 467533515698.11914 316
1757536056397 18069659205.255226 317
1757536056874 148772010617.0091 318
1757536057352 28230668382.548412 319
1757536057831 157632946848.40704 320
1757536058296 176250417.611942 321
1757536058766 278771227203.3658 322
1757536059245 217903334590.904 323
1757536059729 1718129910178.8398 324
1757536060195 322299336403.21185 325
1757536060659 42365483.615241565 326
1757536061137 45888643042.52748 327
1757536061605 1080017285819.715 328
1757536062085 46367736670.74616 329
1757536062561 8032459059.582473 330
1757536063039 194930964.75994805 331
1757536063518 41999444974.712006 332
1757536063993 39641816201.2047 333
1757536064473 9320027457.998528 334
1757536064943 10098190294.890491 335
1757536065437 122623693563.12968 336
1757536065908 89086481060.88985 337
1757536066382 194468243610.1429 338
1757536066846 12893932367.176622 339
1757536067311 190195668.39681438 340
1757536067778 2346508094.1192575 341
1757536068254 232861827174.90942 342
1757536068724 56349852.242422946 343
1757536069193 22472994245.340492 344
1757536069669 130657325347.14209 345
1757536070144 504354940.16119504 346
1757536070616 27481895425.22527 347
1757536071086 149930760246.89658 348
1757536071557 1258272238761.551 349
1757536072029 400025790435.2823 350
1757536072502 1602404312.3798141 351
1757536072977 160590166698.20224 352
1757536073492 97595568587.57753 353
1757536074028 11088021551.076046 354
1757536074507 24984045776.164944 355
1757536074974 6158969328.957369 356
1757536075458 105579609164.04712 357
1757536075929 12711784774.275393 358
1757536076405 1568222886345.632 359
1757536076886 2707710331.354258 360
1757536077361 564297328370.7839 361
1757536077835 340767032.50209546 362
1757536078303 22514528598.760933 363
1757536078790 2037799585.0826485 364
1757536079256 74426769118.78815 365
1757536079732 14453020647.094728 366
1757536080218 351471655495.2608 367
1757536080695 2901653800703.592 368
1757536081166 262892041.4221696 369
1757536081633 120425059936.75452 370
1757536082103 941282283.5826718 371
1757536082575 447818920.71400666 372
1757536083047 575147985.343903 373
1757536083514 6976847777.718273 374
1757536084004 23962648993.556583 375
1757536084499 94059871506.41888 376
1757536084977 181335116726.3293 377
1757536085453 931775471898.551 378
1757536085924 82871171546.05125 379
1757536086399 567415915821.6581 380
1757536086875 3248228.8699915283 381
1757536087353 15053239820.51238 382
1757536087818 309810451453.5806 383
1757536088301 16133471334.834362 384
1757536088766 2917720984.4492064 385
1757536089243 10460125681598.004 386
1757536089721 145575805052.12656 387
1757536090199 85636560481.93805 388
1757536090669 319089422872.61365 389
1757536091154 117063977729.55894 390
1757536091627 678163943.4345189 391
1757536092117 12152402526.062336 392
1757536092582 109265525138.49583 393
1757536093057 224182754768.61246 394
1757536093535 20800702441.219288 395
1757536094009 74484147024.78223 396
1757536094481 9392871053.31448 397
1757536094945 247687668055.95578 398
1757536095422 36944711519.323685 399
1757536095893 46129544656.59152 400
1757536096365 30731554327.64199 401
1757536096825 52232245937.16084 402
1757536097304 468705740440.9053 403
1757536097776 19915593834.499874 404
1757536098247 9070465535.42543 405
1757536098729 53868262267.785995 406
1757536099205 683851795855.4591 407
1757536099682 24920678276.789497 408
1757536100158 22937559709.07111 409
1757536100633 80160902834.64645 410
1757536101111 15131672406.047073 411
1757536101591 59081515531.21227 412
1757536102062 429703212399.0016 413
1757536102530 7556675999.5574465 414
1757536102993 16558156944.564228 415
1757536103463 2868402909.293497 416
1757536103944 71130401152.18259 417
1757536104424 105624224696.09613 418
1757536104925 70404485958.77069 419
1757536105414 1546686289.8060951 420
1757536105883 85615674017.55864 421
1757536106358 119389378204.9302 422
1757536106833 27649263687.11922 423
1757536107306 59368913404.24103 424
1757536107784 2625746785.3031535 425
1757536108267 339382232899.88745 426
1757536108748 154771147849.20297 427
1757536109226 1810389361.0771616 428
1757536109717 617990852.9193003 429
1757536110195 52112234653.897156 430
1757536110670 1584441255.693781 431
1757536111152 41488102548.18176 432
1757536111636 235448684892.3284 433
1757536112121 13849724576.4469 434
1757536112612 31804965745.82907 435
1757536113099 23873021156.244358 436
1757536113562 23851638613.38314 437
1757536114044 623561818.2801889 438
1757536114512 1304253160.6795073 439
1757536114999 15495950568.77629 440
1757536115491 21846957921.242653 441
1757536115963 35468781580.97622 442
1757536116436 9681679134.17708 443
1757536116915 46909060715.69676 444
1757536117399 194954513.46891412 445
1757536117894 169901676939.77417 446
1757536118367 56828048410.35403 447
1757536118842 91999929184.00839 448
1757536119319 1650736001.7004962 449
1757536119792 69559549947.92235 450
1757536120283 407869499053.9353 451
1757536120751 1150571511307.0776 452
1757536121216 210809194689.7836 453
1757536121683 7869461657.181816 454
1757536122158 12411329646.32885 455
1757536122640 4007954266.270646 456
1757536123118 337736373199.56036 457
1757536123583 155954009047.2087 458
1757536124063 110643932968.03935 459
1757536124540 389122597.53159374 460
1757536125023 1181372743.8153887 461
1757536125506 7757258481.627202 462
1757536125983 6432497975.872404 463
1757536126450 30526348806.823833 464
1757536126926 48078068825.338745 465
1757536127403 22236360184.516834 466
1757536127903 29588219394.254086 467
1757536128380 184707665491.7075 468
1757536128853 12255295913.784222 469
1757536129323 28578868306.82006 470
1757536129795 5865410044244.306 471
1757536130265 48192605492.01347 472
1757536130732 71506244607.9003 473
1757536131221 400798679934.9813 474
1757536131690 165937635905.92413 475
1757536132167 708419061883.8644 476
1757536132639 825466216821.0444 477
1757536133125 983040944.759982 478
1757536133604 11470391699.513681 479
1757536134091 44738641943.629585 480
1757536134565 67540601753.38539 481
1757536135047 42402584626.23729 482
1757536135534 1157875432543.8599 483
1757536136005 171321681195.1414 484
1757536136484 370093990626.96674 485
1757536136968 9598853524.543219 486
1757536137448 35306401050.96588 487
1757536137933 362423401009.90314 488
1757536138403 97647374528.2403 489
1757536138881 9736761734706.553 490
1757536139352 11880643985.68648 491
1757536139821 38133747705.239685 492
1757536140295 90667449305.0058 493
1757536140767 126655990747.17334 494
1757536141237 14850720696795.102 495
1757536141712 9816062165.1356 496
1757536142181 103677761372.21729 497
1757536142648 184094012581.80255 498
1757536143124 1271170929.064908 499
