1757591167729 1064043486617.6584 0
1757591167791 868231891728.8077 1
1757591167852 729418359801.5448 2
1757591167917 627510525355.273 3
1757591167978 550673920032.1173 4
1757591168040 491583203206.61255 5
1757591168112 445473441241.0152 6
1757591168176 409100990016.3417 7
1757591168238 380170925655.10614 8
1757591168299 357008724325.0188 9
1757591168362 338363324500.08984 10
1757591168424 323283314965.75653 11
1757591168487 311035503405.2014 12
1757591168549 301049165659.08075 13
1757591168611 292876577746.1202 14
1757591168672 286164321479.79755 15
1757591168736 280631989653.67065 16
1757591168800 276056132717.8284 17
1757591168865 272258010315.95114 18
1757591168930 269094157773.9937 19
1757591168992 266449065897.38608 20
1757591169055 264229465498.49277 21
1757591169117 262359841531.28757 22
1757591169180 260778896360.46643 23
1757591169243 259436750198.74512 24
1757591169305 258292717125.447 25
1757591169368 257313532615.35956 26
1757591169431 256471936725.7039 27
1757591169496 255745538490.9486 28
1757591169560 255115903420.8506 29
1757591169623 254567818557.26825 30
1757591169688 254088699249.09384 31
1757591169753 253668109338.5375 32
1757591169815 253297372327.5699 33
1757591169878 252969255694.65216 34
1757591169942 252677714149.1814 35
1757591170004 252417680464.93607 36
1757591170066 252184894792.7825 37
1757591170128 251975765146.47223 38
1757591170191 251787253183.41235 39
1757591170254 251616780542.28204 40
1757591170317 251462151911.5796 41
1757591170380 251321491734.72937 42
1757591170443 251193192045.23438 43
1757591170505 251075869398.62286 44
1757591170567 250968329249.60275 45
1757591170646 250869536431.11868 46
1757591170709 250778590641.3831 47
1757591170776 250694706046.95135 48
1757591170843 250617194273.746 49
1757591170906 250545450190.97452 50
1757591170972 250478940001.04492 51
1757591171035 250417191236.60864 52
1757591171101 250359784337.5786 53
1757591171163 250306345539.46143 54
1757591171227 250256540852.0949 55
1757591171289 250210070946.90668 56
1757591171352 250166666802.73566 57
1757591171415 250126085986.39902 58
1757591171479 250088109465.61963 59
1757591171542 250052538869.5168 60
1757591171605 250019194126.3106 61
1757591171668 249987911419.7749 62
1757591171732 249958541415.76028 63
1757591171795 249930947718.17944 64
1757591171858 249905005520.50668 65
1757591171920 249880600424.35385 66
1757591171983 249857627401.247 67
1757591172048 249835989877.50653 68
1757591172111 249815598925.27975 69
1757591172175 249796372545.38736 70
1757591172238 249778235029.8232 71
1757591172300 249761116393.5717 72
1757591172364 249744951866.92392 73
1757591172427 249729681440.7588 74
1757591172491 249715249458.32288 75
1757591172554 249701604247.9521 76
1757591172619 249688697791.94012 77
1757591172683 249676485427.4064 78
1757591172746 249664925575.5649 79
1757591172810 249653979496.2638 80
1757591172874 249643611065.0622 81
1757591172938 249633786570.45526 82
1757591173002 249624474529.14694 83
1757591173065 249615645517.5267 84
1757591173131 249607272017.72003 85
1757591173196 249599328276.7725 86
1757591173260 249591790177.6906 87
1757591173327 249584635121.20352 88
1757591173390 249577841917.23566 89
1757591173456 249571390685.1862 90
1757591173521 249565262762.2094 91
1757591173595 249559440618.77158 92
1757591173665 249553907780.83456 93
1757591173729 249548648758.08237 94
1757591173792 249543648977.66336 95
1757591173856 249538894722.97333 96
1757591173919 249534373077.04953 97
1757591173984 249530071870.18796 98
1757591174048 249525979631.4302 99
1757591174113 249522085543.6017 100
1757591174177 249518379401.60968 101
1757591174242 249514851573.73816 102
1757591174305 249511492965.6982 103
1757591174369 249508294987.21515 104
1757591174431 249505249520.95245 105
1757591174496 249502348893.59024 106
1757591174560 249499585848.8908 107
1757591174623 249496953522.59937 108
1757591174686 249494445419.0398 109
1757591174752 249492055389.2776 110
1757591174815 249489777610.7329 111
1757591174878 249487606568.13535 112
1757591174943 249485537035.7229 113
1757591175007 249483564060.59238 114
1757591175071 249481682947.12006 115
1757591175134 249479889242.3735 116
1757591175201 249478178722.4458 117
1757591175264 249476547379.6453 118
1757591175331 249474991410.48224 119
1757591175397 249473507204.3958 120
1757591175462 249472091333.17145 121
1757591175527 249470740541.0 122
1757591175590 249469451735.1364 123
1757591175654 249468221977.11658 124
1757591175719 249467048474.49536 125
