1757586616570 1053296075389.5227 0
1757586616650 3131354521331.645 1
1757586616717 6788247263440397.0 2
1757586616793 2.0585649345136505e+19 3
1757586616863 6.242983850069062e+22 4
1757586616927 1.893301843929511e+26 5
1757586617008 5.7417926400718436e+29 6
1757586617109 1.7413062173519265e+33 7
1757586617189 5.280837419009502e+36 8
1757586617283 1.6015129084199887e+40 9
1757586617357 4.856888012880587e+43 10
1757586617424 1.4729423063430568e+47 11
1757586617488 4.466973568386748e+50 12
1757586617558 1.3546934441856168e+54 13
1757586617624 4.1083617344578826e+57 14
1757586617706 1.245937685282333e+61 15
1757586617797 3.778539515122655e+64 16
1757586617885 1.1459129165122e+68 17
1757586617984 3.475195659524206e+71 18
1757586618087 1.0539182077408153e+75 19
1757586618178 3.1962044656780132e+78 20
1757586618269 9.693089000064399e+81 21
1757586618360 2.9396108844757107e+85 22
1757586618448 8.914920880300024e+88 23
1757586618533 2.703616819550057e+92 24
1757586618623 8.199224653924199e+95 25
1757586618692 2.486568526996605e+99 26
1757586618762 7.540985032640661e+102 27
1757586618826 2.2869450266547247e+106 28
1757586618892 6.935589359085783e+109 29
1757586618954 2.1033474437392526e+113 30
1757586619031 6.378795283329171e+116 31
1757586619115 1.9344892061335846e+120 32
1757586619212 5.866701034327943e+123 33
1757586619304 1.7791870286511105e+127 34
1757586619394 5.395718078010063e+130 35
1757586619484 1.636352621086565e+134 36
1757586619570 4.96254597038618e+137 37
1757586619656 1.5049850619509795e+141 38
1757586619723 4.5641492294716995e+144 39
1757586619788 1.38416378444862e+148 40
1757586619856 4.197736063947433e+151 41
1757586619921 1.2730421255447166e+155 42
1757586619988 3.8607388094986796e+158 43
1757586620059 1.1708413929186764e+162 44
1757586620139 3.550795935738924e+165 45
1757586620201 1.0768454082265105e+169 46
1757586620268 3.265735497630635e+172 47
1757586620333 9.903954884340703e+175 48
1757586620393 3.003559915437779e+179 49
1757586620453 9.108858300524399e+182 50
1757586620515 2.7624319765546867e+186 51
1757586620577 8.377592639302032e+189 52
1757586620637 2.540661961118099e+193 53
1757586620702 7.705033508540505e+196 54
1757586620765 2.3366958011842487e+200 55
1757586620828 7.086467905973291e+203 56
1757586620902 2.149104190495772e+207 57
1757586620968 6.517561192527739e+210 58
1757586621037 1.9765725685242093e+214 59
1757586621109 5.99432671705714e+217 60
1757586621174 1.817891908600822e+221 61
1757586621241 5.513097879621032e+224 62
1757586621304 1.671950245582834e+228 63
1757586621370 5.0705024375454256e+231 64
1757586621433 1.5377248836846678e+235 65
1757586621495 4.6634388742108394e+238 66
1757586621557 1.4142752298700897e+242 67
1757586621620 4.2890546649709716e+245 68
1757586621680 1.300736202584771e+249 69
1757586621741 3.944726287898921e+252 70
1757586621801 1.1963121696404617e+256 71
1757586621867 3.628040839285072e+259 72
1757586621932 1.1002713727702199e+263 73
1757586622004 3.3367791250558795e+266 74
1757586622078 1.0119407997843029e+270 75
1757586622141 3.068900109625765e+273 76
1757586622205 9.307014683930629e+276 77
1757586622270 2.8225266132061626e+280 78
1757586622332 8.559840886479083e+283 79
1757586622395 2.5959321573449787e+287 80
1757586622456 7.872650736046169e+290 81
1757586622528 2.3875288665154366e+294 82
1757586622626 7.240628702534445e+297 83
1757586622725 2.195856340974073e+301 84
1757586622824 inf 85
1757586622922 inf 86
