1757568689883 1771081744876.6516 0
1757568689956 822773209364.2842 1
1757568690024 371302027737.08545 2
1757568690088 512899342394.50085 3
1757568690152 924507425869.4092 4
1757568690223 970121892367.5791 5
1757568690290 1501582287589.8708 6
1757568690358 455978755391.91144 7
1757568690421 213658770959.148 8
1757568690491 1047566916156.3103 9
1757568690556 722945076420.333 10
1757568690633 859114634109.3685 11
1757568690698 1364783638059.4602 12
1757568690768 410458851165.6981 13
1757568690836 231876072495.14694 14
1757568690909 434001480987.65936 15
1757568690975 506625735800.55536 16
1757568691053 1058973000891.4641 17
1757568691189 424450267266.7383 18
1757568691252 342846640214.626 19
1757568691323 299780647186.42737 20
1757568691397 318234194459.7759 21
1757568691466 904456475351.7347 22
1757568691536 1017238318935.0852 23
1757568691607 562291464797.6176 24
1757568691675 159402239413.6912 25
1757568691744 1286901577598.7866 26
1757568691817 574937951723.1044 27
1757568691879 311235868926.9891 28
1757568691951 212509364532.55945 29
1757568692019 236444671724.34024 30
1757568692086 122735884690.40627 31
1757568692155 850777258802.684 32
1757568692230 556140372704.9495 33
1757568692300 389224596453.78076 34
1757568692367 355871694438.1828 35
1757568692433 864454959573.5995 36
1757568692501 515215590916.97205 37
1757568692570 378757284600.94257 38
1757568692643 574213368459.3722 39
1757568692707 476784707744.3431 40
1757568692770 459384714556.1273 41
1757568692835 412527653288.7394 42
1757568692903 329279278150.33655 43
1757568692975 138500858323.47296 44
1757568693041 98964955294.6105 45
1757568693108 634504950534.4304 46
1757568693171 421933856270.1556 47
1757568693243 782148943041.9701 48
1757568693313 299164515639.7918 49
1757568693384 219805631830.30786 50
1757568693453 385418657999.49695 51
1757568693525 224219463640.6685 52
1757568693593 219420261694.18576 53
1757568693667 226035059846.88132 54
1757568693741 1135940556075.9446 55
1757568693819 440478471234.3808 56
1757568693904 274236868912.89508 57
1757568693986 912238674557.1432 58
1757568694075 414664974913.61475 59
1757568694146 424576822668.65466 60
1757568694226 156126056004.40558 61
1757568694301 455657813316.1675 62
1757568694384 140941130407.7058 63
1757568694465 129417294273.46822 64
1757568694535 145790716170.7674 65
1757568694605 96827233583.81831 66
1757568694687 389556640952.319 67
1757568694752 133509117751.06456 68
1757568694823 282318781844.26776 69
1757568694888 144510649916.72894 70
1757568694959 337586457384.0605 71
1757568695032 251103656050.8368 72
1757568695101 180279095919.44138 73
1757568695175 168694852944.52466 74
1757568695252 411537264703.16974 75
1757568695325 700545454255.3063 76
1757568695396 780776906018.8906 77
1757568695467 139911422201.7175 78
1757568695544 70774026041.51244 79
1757568695614 120612780569.51665 80
1757568695678 230540440541.49176 81
1757568695748 71490394171.70541 82
1757568695813 146993898414.1543 83
1757568695882 267801182043.6258 84
1757568695945 365911786514.45917 85
1757568696014 104386096876.73607 86
1757568696089 244736336615.93216 87
1757568696161 177923056498.65686 88
1757568696235 67373814135.113846 89
1757568696304 828810063252.0007 90
1757568696369 75844026445.6647 91
1757568696443 447324663512.8016 92
1757568696513 67168798383.341194 93
1757568696585 337307836879.5141 94
1757568696655 169771248832.63788 95
1757568696731 127135090715.05453 96
1757568696799 156056043417.08908 97
1757568696868 312072834030.79364 98
1757568696944 409071114799.03625 99
1757568697017 198718145769.7306 100
1757568697087 307251896513.91516 101
1757568697159 568162076383.6985 102
1757568697229 268802865292.14877 103
1757568697300 76267079587.14934 104
1757568697370 101010129213.68391 105
1757568697439 567287167353.1449 106
1757568697511 184028500024.55066 107
1757568697586 140875109250.11465 108
1757568697655 123715732793.78723 109
1757568697719 172614011981.74493 110
1757568697787 426837103369.5542 111
1757568697858 312963825962.58295 112
1757568697927 278144157643.31396 113
1757568697997 488684027785.4666 114
1757568698070 457708979861.58154 115
1757568698138 80676139511.30736 116
1757568698205 692547256410.3055 117
1757568698278 241948476393.36273 118
1757568698350 813683187313.989 119
1757568698422 62660313657.932365 120
1757568698491 115460561977.09167 121
1757568698565 265157819495.22864 122
1757568698636 319759937438.03687 123
1757568698705 213143969959.8086 124
1757568698775 85011218927.31566 125
1757568698844 281394366214.94006 126
1757568698909 429008933582.60095 127
1757568698983 91272214371.06815 128
1757568699049 206186582556.0234 129
1757568699122 120454905848.55241 130
1757568699192 117067936702.39735 131
1757568699271 120149027069.2819 132
1757568699340 681140893304.6581 133
1757568699414 433398004339.3869 134
1757568699478 104272149450.1067 135
1757568699542 337252992234.84454 136
1757568699611 263879646245.97235 137
1757568699682 202182761960.8733 138
1757568699756 377092022546.39 139
1757568699824 173317222171.0074 140
1757568699895 173804467793.01117 141
1757568699967 567529716347.1075 142
1757568700039 242215222554.31293 143
1757568700109 328806157796.66406 144
1757568700177 859452297016.7196 145
1757568700255 642390525984.231 146
1757568700329 118125376321.30702 147
1757568700400 122218699368.2036 148
1757568700475 220358105484.3263 149
1757568700552 76543932866.55864 150
1757568700632 75896791538.76039 151
1757568700703 284013944234.85925 152
1757568700768 245065705999.17288 153
1757568700855 228579800875.63815 154
1757568700926 90148670355.66869 155
1757568701002 244697391507.62686 156
1757568701077 888949842394.775 157
1757568701146 264343533562.5894 158
1757568701217 740617596176.6233 159
1757568701292 81229757015.21448 160
1757568701362 85326978813.2488 161
1757568701434 340630293729.3505 162
1757568701504 91031067871.08076 163
1757568701574 219641990538.6758 164
1757568701643 381870193130.612 165
1757568701722 258196225735.204 166
1757568701794 182105035442.10703 167
1757568701862 120996042105.74539 168
1757568701930 229634229733.09528 169
1757568702002 294376550836.64667 170
1757568702076 313162555946.0684 171
1757568702141 176754371234.4727 172
1757568702216 278644815046.3863 173
1757568702297 163397006110.0113 174
1757568702362 245603825623.30197 175
1757568702434 127040414155.99548 176
1757568702513 85955011377.17421 177
1757568702577 59640150899.718895 178
1757568702650 569190431594.3394 179
1757568702723 388472058570.7483 180
1757568702800 511065779142.70636 181
1757568702863 276491678403.53107 182
1757568702935 144787731251.93027 183
1757568702999 202513520108.32208 184
1757568703075 95253037101.67883 185
1757568703143 312781279058.62036 186
1757568703210 307193243424.2836 187
1757568703283 248622927332.16742 188
1757568703358 140197246437.27332 189
1757568703432 263669605176.05438 190
1757568703509 157911894489.79657 191
1757568703576 392859533326.54584 192
1757568703643 207164064348.97806 193
1757568703716 405364305886.5534 194
1757568703785 357541491786.46 195
1757568703851 353184926284.4809 196
1757568703921 136366991630.00836 197
1757568703995 492741548235.1059 198
1757568704085 119950552813.34126 199
1757568704153 309172913216.9214 200
1757568704243 157457165058.46384 201
1757568704318 54081045252.98061 202
1757568704399 265517878410.40063 203
1757568704469 104059209841.12914 204
1757568704552 285971480929.7383 205
1757568704638 148331888489.0823 206
1757568704707 614126320954.731 207
1757568704777 280934113296.03424 208
1757568704848 259853634593.60406 209
1757568704930 104380149400.9657 210
1757568705005 161698246334.8269 211
1757568705082 130667371746.45932 212
1757568705149 359738648149.25494 213
1757568705215 75893339154.9882 214
1757568705285 126340707911.48036 215
1757568705362 331539041702.6776 216
1757568705430 263565418776.37827 217
1757568705502 234039140504.72833 218
1757568705580 177778447734.33737 219
1757568705648 323413258799.78033 220
1757568705724 561334131670.2563 221
1757568705793 147885928263.37912 222
1757568705870 146499789138.38565 223
1757568705946 132939733681.59872 224
1757568706013 267891810590.19452 225
1757568706091 85410564125.71844 226
1757568706171 328200274272.8182 227
1757568706241 62313268224.80247 228
1757568706320 196228510216.71417 229
1757568706392 109029320414.33711 230
1757568706460 128616900537.21523 231
1757568706539 110233396421.34889 232
1757568706615 82602799402.2662 233
1757568706685 150370561979.57724 234
1757568706760 257800768865.56894 235
1757568706832 38739445276.81035 236
1757568706899 432426364524.8169 237
1757568706971 106514564658.56517 238
1757568707046 170068703581.75195 239
1757568707119 80718394017.922 240
1757568707188 262957593261.40155 241
1757568707262 449102715126.91205 242
1757568707336 137897947964.6539 243
1757568707416 80325715797.38594 244
1757568707492 254674971976.29556 245
1757568707564 312289870157.15 246
1757568707636 85772216262.43762 247
1757568707712 124858330234.96474 248
1757568707779 94319520597.16309 249
1757568707844 117445754253.3082 250
1757568707920 296562290502.7336 251
1757568707994 214605265137.87363 252
1757568708069 305822784222.0362 253
1757568708138 153832699953.88293 254
1757568708211 101274651059.53868 255
1757568708282 267918696540.02557 256
1757568708357 146741223248.14566 257
1757568708434 216111559617.84763 258
1757568708505 72830694110.6172 259
1757568708581 173770150284.11517 260
1757568708656 107674903457.04909 261
1757568708731 100248497552.47986 262
1757568708797 145758550437.98804 263
1757568708863 143521645266.10043 264
1757568708939 493535098024.9021 265
1757568709009 92684222193.48329 266
1757568709085 173899705741.70602 267
1757568709151 240674185824.50586 268
1757568709224 81154727022.52095 269
1757568709292 343750668809.748 270
1757568709367 149690694185.68253 271
1757568709445 87552857415.63667 272
1757568709515 96836926802.67567 273
1757568709594 74391143261.54474 274
1757568709672 242598841410.42548 275
1757568709750 290857186924.0841 276
1757568709820 103098365367.57768 277
1757568709896 249840206727.28214 278
1757568709971 211663018654.11325 279
1757568710047 80773007617.1565 280
1757568710127 175738375274.94766 281
1757568710197 233077358121.13196 282
1757568710267 146006200799.5423 283
1757568710346 80959828044.25835 284
1757568710416 371966587221.2648 285
1757568710485 144288191202.98227 286
1757568710557 66004067094.57059 287
1757568710633 744129441948.2968 288
1757568710703 183574848977.45862 289
1757568710789 87199400851.10231 290
1757568710869 461438373291.76624 291
1757568710948 148275273340.9376 292
1757568711022 191669988426.37573 293
1757568711102 174728703036.36008 294
1757568711177 564539780450.3058 295
1757568711253 353803901440.28125 296
1757568711322 126915530017.3242 297
1757568711402 251163680026.2998 298
1757568711477 141605841654.59384 299
1757568711551 309293119168.4543 300
1757568711618 376030476086.33545 301
1757568711694 88056814185.22714 302
1757568711769 274387298140.51566 303
1757568711836 123583454361.56197 304
1757568711910 109667240869.16835 305
1757568711982 109752692475.3484 306
1757568712051 274009125709.37415 307
1757568712128 282221342660.03424 308
1757568712200 168039357061.50192 309
1757568712273 115512148421.12268 310
1757568712344 77392002520.57161 311
1757568712420 244145825330.60913 312
1757568712489 184212182946.44656 313
1757568712557 221627334605.9051 314
1757568712632 107780862423.08116 315
1757568712708 87381696832.70866 316
1757568712781 134916691235.79686 317
1757568712853 275138443572.6549 318
1757568712925 177421052000.7481 319
1757568713000 311782967656.2945 320
1757568713072 208146659977.9704 321
1757568713146 333022506455.8313 322
1757568713221 104298725215.03116 323
1757568713288 175415859010.09302 324
1757568713363 159801208686.4852 325
1757568713437 139717051948.02982 326
1757568713511 543676556953.84283 327
1757568713586 81283225381.93156 328
1757568713660 184872464339.65967 329
1757568713742 314798616594.9659 330
1757568713814 269430868665.92383 331
1757568713893 325023548647.3949 332
1757568713966 442125084005.63947 333
1757568714039 108623899196.99724 334
1757568714114 151688371288.93204 335
1757568714190 212667487603.12152 336
1757568714264 352333441186.5929 337
1757568714336 292391994356.89 338
1757568714425 250644273023.9937 339
1757568714496 366107656981.7721 340
1757568714579 71892099712.34085 341
1757568714650 185012015550.04694 342
1757568714735 188541518270.72214 343
1757568714824 151141749118.2976 344
1757568714895 95338543867.7715 345
1757568714968 127106554889.77849 346
1757568715037 195515575768.8466 347
1757568715118 63658798638.62277 348
1757568715189 76664908707.72581 349
1757568715271 719496015809.4508 350
1757568715345 185167060553.10904 351
1757568715424 292364192779.1278 352
1757568715493 143580455653.2721 353
1757568715571 128559285431.70235 354
1757568715640 118145328224.12273 355
1757568715721 436012865077.5934 356
1757568715798 228053675840.82053 357
1757568715872 280894665044.8919 358
1757568715960 300822008380.275 359
1757568716033 62446522722.39548 360
1757568716109 141430475111.57022 361
1757568716192 143703487984.82538 362
1757568716274 273381547378.11218 363
1757568716351 76766824862.82472 364
1757568716427 366983354828.4744 365
1757568716500 97142891812.86972 366
1757568716575 276028170569.075 367
1757568716648 204496438615.29938 368
1757568716721 106026630926.37173 369
1757568716795 207212548162.93546 370
1757568716867 271594932208.1583 371
1757568716948 437877256499.86914 372
1757568717027 431024020396.2139 373
1757568717108 368971548312.04456 374
1757568717182 121231419620.21094 375
1757568717253 97268257779.42343 376
1757568717330 197857936508.02597 377
1757568717410 207522753460.09766 378
1757568717486 287744898451.43176 379
1757568717564 144606623868.2343 380
1757568717637 110328806113.84184 381
1757568717724 199186582331.3407 382
1757568717802 192161255283.13205 383
1757568717888 108716392812.51524 384
1757568717959 185119490111.21118 385
1757568718027 73701212694.42479 386
1757568718111 214193159975.37997 387
1757568718187 179924292349.6566 388
1757568718263 553606971122.484 389
