1757529884031 1019577693594.2081 0
1757529884051 4127760329310.381 1
1757529884071 1.3029386840185826e+16 2
1757529884091 5.280417231661104e+19 3
1757529884112 2.14004342384069e+23 4
1757529884134 8.673151515365867e+26 5
1757529884154 3.515048170187586e+30 6
1757529884174 1.4245760167850487e+34 7
1757529884194 5.773510715475822e+37 8
1757529884214 2.3398839787391824e+41 9
1757529884235 9.483063778308211e+44 10
1757529884257 3.8432887886995954e+48 11
1757529884277 1.5576051219998384e+52 12
1757529884297 6.312650049128972e+55 13
1757529884317 2.55838595289186e+59 14
1757529884338 1.0368606897284781e+63 15
1757529884363 4.202181022331703e+66 16
1757529884383 1.7030566901971025e+70 17
1757529884403 6.902135045138404e+73 18
1757529884463 2.7972919783318643e+77 19
1757529884484 1.133684339826315e+81 20
1757529884504 4.594587166170138e+84 21
1757529884525 1.8620907501262238e+88 22
1757529884546 7.54666705909057e+91 23
1757529884567 3.05850741683251e+95 24
1757529884588 1.2395495316771972e+99 25
1757529884609 5.023636800830094e+102 26
1757529884629 2.0359756558099906e+106 27
1757529884649 8.251386466406125e+109 28
1757529884670 3.344115555787577e+113 29
1757529884691 1.3553005783925274e+117 30
1757529884711 5.492751751990573e+120 31
1757529884732 2.226098202125719e+124 32
1757529884753 9.021913658689353e+127 33
1757529884774 3.6563942231803045e+131 34
1757529884800 1.4818606363440322e+135 35
1757529884821 6.00567338068911e+138 36
1757529884844 2.4339746849948774e+142 37
1757529884868 9.864393868379413e+145 38
1757529884890 3.9978339540834707e+149 39
1757529884910 1.6202390676689822e+153 40
1757529884931 6.566492422026298e+156 41
1757529884951 2.6612629943902842e+160 42
1757529884972 1.0785546179196937e+164 43
1757529884993 4.3711578535755083e+167 44
1757529885014 1.771539490297516e+171 45
1757529885035 7.179681610254551e+174 46
1757529885058 2.9097758366069665e+178 47
1757529885080 1.1792717113261498e+182 48
1757529885101 4.779343314486224e+185 49
1757529885123 1.9369685797039136e+189 50
1757529885143 7.850131350447919e+192 51
1757529885164 3.1814951912490637e+196 52
1757529885185 1.289393922225691e+200 53
1757529885206 5.2256457631791575e+203 54
1757529885227 2.117845692579002e+207 55
1757529885248 8.583188721247534e+210 56
1757529885276 3.47858811823245e+214 57
1757529885303 1.4097995149929794e+218 58
1757529885324 5.7136246227517016e+221 59
1757529885345 2.3156133891759078e+225 60
1757529885366 9.384700119743531e+228 61
1757529885387 3.803424040869697e+232 62
1757529885408 1.5414487676843227e+236 63
1757529885429 6.247171700718925e+239 64
1757529885450 2.5318489382487123e+243 65
1757529885471 1.0261057888601705e+247 66
1757529885492 4.1585936428760314e+250 67
1757529885513 1.685391630601707e+254 68
1757529885534 6.830542227582971e+257 69
1757529885554 2.768276896339947e+261 70
1757529885577 1.1219251297303312e+265 71
1757529885597 4.5469295300069906e+268 72
1757529885619 1.8427761000254065e+272 73
1757529885639 7.468388793832107e+275 74
1757529885661 3.026782861741471e+279 75
1757529885683 1.2266922284091614e+283 76
1757529885704 4.971528821111587e+286 77
1757529885725 2.0148573738986085e+290 78
1757529885746 8.165798456028859e+293 79
1757529885767 3.3094285128213114e+297 80
1757529885788 1.3412426403187206e+301 81
1757529885810 inf 82
1757529885831 inf 83
