1757581216372 1.959929573413661e+19 0
1757581216441 1.4257401424307748e+24 1
1757581216516 2.1380724540113046e+31 2
1757581216589 1.1246342939108053e+38 3
1757581216657 4.177711900499863e+44 4
1757581216733 2.3490140581847232e+50 5
1757581216799 1.4861212222099265e+58 6
1757581216867 3.215063021268421e+65 7
1757581216934 7.123286402165077e+72 8
1757581217003 5.368131387988158e+81 9
1757581217076 7.977106908948036e+89 10
1757581217146 1.547444063149307e+91 11
1757581217213 6.552415294424182e+95 12
1757581217279 6.183985300798251e+103 13
1757581217347 1.9121671635137634e+108 14
1757581217418 4.710135178516253e+115 15
1757581217489 2.808932093214274e+122 16
1757581217562 4.5195353041029483e+129 17
1757581217640 3.8000043558777004e+136 18
1757581217708 7.068314775658731e+143 19
1757581217773 3.1373210861456403e+152 20
1757581217838 2.2496086956124638e+156 21
1757581217904 5.361916882927706e+163 22
1757581217967 1.667742591781678e+169 23
1757581218031 6.99902418528806e+176 24
1757581218095 1.4958491897241089e+181 25
1757581218160 5.732586597746908e+188 26
1757581218239 5.939849329458667e+195 27
1757581218313 2.6754121418850554e+203 28
1757581218385 4.357496460269067e+210 29
1757581218452 3.734293269778493e+216 30
1757581218519 1.113750164146548e+222 31
1757581218593 4.923398085257113e+229 32
1757581218667 2.042596097535865e+235 33
1757581218744 7.042656488126603e+237 34
1757581218812 2.229831675417514e+245 35
1757581218881 1.4384376461936813e+252 36
1757581218952 1.4900558356309312e+258 37
1757581219021 6.192949503713257e+266 38
1757581219093 1.3096383623645216e+274 39
1757581219161 1.3147154124113073e+279 40
1757581219230 9.637688695106291e+286 41
1757581219295 3.024267376456024e+294 42
1757581219361 1.5920612121372857e+301 43
1757581219433 inf 44
1757581219510 inf 45
