1757543706747 1053301891124.559 0
1757543706814 1026185531609.1461 1
1757543706881 987690777927.9733 2
1757543706956 945231586779.3794 3
1757543707021 902347504154.0544 4
1757543707089 860914083124.4535 5
1757543707158 821752484125.4539 6
1757543707221 785096830988.3927 7
1757543707290 750956212687.197 8
1757543707364 719244625304.8441 9
1757543707426 689821163039.5934 10
1757543707494 662525487915.8817 11
1757543707561 637198945783.2352 12
1757543707631 613689973534.5195 13
1757543707705 591855784360.991 14
1757543707780 571563858895.8337 15
1757543707851 552692157061.238 16
1757543707921 535128485994.63055 17
1757543708023 518769825084.501 18
1757543708098 503521684599.2181 19
1757543708154 489297426539.1356 20
1757543708211 476017602441.4458 21
1757543708276 463609347482.66327 22
1757543708334 452005823093.0837 23
1757543708393 441145701717.5651 24
1757543708452 430972694939.265 25
1757543708510 421435123013.7723 26
1757543708571 412485521632.3234 27
1757543708629 404080282654.87384 28
1757543708686 396179326134.731 29
1757543708746 388745800921.4609 30
1757543708810 381745811291.95154 31
1757543708868 375148167342.33887 32
1757543708923 368924157069.888 33
1757543708979 363047338230.9023 34
1757543709037 357493348227.28564 35
1757543709092 352239730433.86127 36
1757543709154 347265775520.2034 37
1757543709211 342552376449.2124 38
1757543709275 338081895952.1619 39
1757543709330 333838045386.2374 40
1757543709391 329805773976.9476 41
1757543709454 325971167535.8295 42
1757543709511 322321355824.41125 43
1757543709571 318844427808.87994 44
1757543709629 315529354116.85114 45
1757543709688 312365916068.55493 46
1757543709743 309344640710.20184 47
1757543709809 306456741327.76483 48
1757543709902 303694062965.41455 49
1757543709960 301049032514.7712 50
1757543710017 298514612979.35834 51
1757543710074 296084261553.4689 52
1757543710133 293751891186.3902 53
1757543710194 291511835331.84314 54
1757543710253 289358815608.8358 55
1757543710315 287287912124.1387 56
1757543710373 285294536228.4684 57
1757543710430 283374405498.4141 58
1757543710490 281523520754.31775 59
1757543710548 279738144940.8922 60
1757543710603 278014783712.46796 61
1757543710664 276350167578.52686 62
1757543710729 274741235477.73953 63
1757543710792 273185119660.1665 64
1757543710855 271679131767.7241 65
1757543710910 270220750012.53082 66
1757543710971 268807607361.4334 67
1757543711027 267437480642.92538 68
1757543711084 266108280499.89407 69
1757543711142 264818042118.21667 70
1757543711210 263564916667.2365 71
1757543711272 262347163393.63214 72
1757543711329 261163142315.19388 73
1757543711387 260011307465.5883 74
1757543711452 258890200645.35657 75
1757543711508 257798445638.19513 76
1757543711571 256734742855.0385 77
1757543711632 255697864371.6345 78
1757543711687 254686649328.1928 79
1757543711746 253699999662.33484 80
1757543711809 252736876148.98108 81
1757543711873 251796294723.02298 82
1757543711937 250877323062.63474 83
1757543711996 249979077412.92548 84
1757543712053 249100719631.31223 85
1757543712108 248241454437.5321 86
1757543712165 247400526852.6178 87
1757543712222 246577219812.44662 88
1757543712282 245770851942.64694 89
1757543712340 244980775482.72424 90
1757543712401 244206374348.24988 91
1757543712456 243447062320.8578 92
1757543712516 242702281356.61877 93
1757543712575 241971500004.11526 94
1757543712636 241254211924.23236 95
1757543712695 240549934504.31137 96
1757543712753 239858207559.89603 97
1757543712816 239178592117.82846 98
1757543712876 238510669274.94373 99
1757543712934 237854039127.05545 100
1757543712994 237208319763.33676 101
1757543713053 236573146321.57648 102
1757543713112 235948170100.13522 103
1757543713173 235333057722.74457 104
1757543713234 234727490352.58154 105
1757543713291 234131162952.32022 106
1757543713350 233543783587.1067 107
1757543713411 232965072767.6307 108
1757543713470 232394762830.67477 109
1757543713531 231832597354.71295 110
1757543713597 231278330608.30765 111
1757543713663 230731727029.21573 112
1757543713725 230192560732.26328 113
1757543713804 229660615044.18765 114
1757543713868 229135682063.7717 115
1757543713932 228617562245.71188 116
1757543714001 228106064006.77148 117
1757543714060 227601003352.86887 118
1757543714121 227102203525.84256 119
1757543714184 226609494668.7231 120
1757543714243 226122713508.41592 121
1757543714305 225641703054.77692 122
1757543714367 225166312315.1274 123
1757543714426 224696396023.3178 124
1757543714483 224231814382.50894 125
1757543714541 223772432820.89212 126
1757543714606 223318121759.61945 127
1757543714664 222868756392.26215 128
1757543714723 222424216475.15842 129
1757543714787 221984386128.0506 130
1757543714847 221549153644.45047 131
1757543714908 221118411311.20468 132
1757543714967 220692055236.7649 133
1757543715024 220269985187.698 134
1757543715085 219852104432.99792 135
1757543715145 219438319595.78827 136
1757543715204 219028540512.02856 137
1757543715266 218622680095.85938 138
1757543715326 218220654211.24323 139
1757543715385 217822381549.5778 140
1757543715442 217427783512.97595 141
1757543715500 217036784102.92578 142
1757543715559 216649309814.0582 143
1757543715620 216265289532.76636 144
1757543715679 215884654440.43433 145
1757543715738 215507337921.04724 146
1757543715797 215133275472.96503 147
1757543715862 214762404624.65698 148
1757543715917 214394664854.20224 149
1757543715977 214029997512.3744 150
1757543716043 213668345749.13556 151
1757543716104 213309654443.3764 152
1757543716164 212953870135.74734 153
1757543716225 212600940964.43106 154
1757543716283 212250816603.72 155
1757543716348 211903448205.2626 156
1757543716406 211558788341.85574 157
1757543716474 211216790953.66144 158
1757543716533 210877411296.73657 159
1757543716597 210540605893.76636 160
1757543716658 210206332486.9007 161
1757543716714 209874549992.5952 162
1757543716771 209545218458.36572 163
1757543716833 209218299021.3678 164
1757543716894 208893753868.71783 165
1757543716954 208571546199.4773 166
1757543717010 208251640188.22363 167
1757543717069 207934000950.13644 168
1757543717132 207618594507.53122 169
1757543717191 207305387757.77457 170
1757543717252 206994348442.5195 171
1757543717315 206685445118.20248 172
1757543717374 206378647127.74472 173
1757543717431 206073924573.40564 174
1757543717489 205771248290.73636 175
1757543717550 205470589823.5856 176
1757543717614 205171921400.11105 177
1757543717672 204875215909.75253 178
1757543717733 204580446881.12457 179
1757543717796 204287588460.78833 180
1757543717859 203996615392.86493 181
1757543717917 203707502999.45328 182
1757543717977 203420227161.81784 183
1757543718037 203134764302.31293 184
1757543718096 202851091367.0122 185
1757543718168 202569185809.01282 186
1757543718229 202289025572.38492 187
1757543718293 202010589076.74033 188
1757543718354 201733855202.3926 189
1757543718414 201458803276.0839 190
1757543718475 201185413057.25485 191
1757543718533 200913664724.8345 192
1757543718591 200643538864.52814 193
1757543718654 200375016456.58215 194
1757543718712 200108078864.00647 195
1757543718773 199842707821.23434 196
1757543718837 199578885423.20288 197
1757543718894 199316594114.83527 198
1757543718957 199055816680.9089 199
1757543719018 198796536236.2937 200
1757543719080 198538736216.54462 201
1757543719138 198282400368.83414 202
1757543719195 198027512743.21143 203
1757543719253 197774057684.17358 204
1757543719322 197522019822.53772 205
1757543719384 197271384067.60016 206
1757543719448 197022135599.57266 207
1757543719510 196774259862.28348 208
1757543719568 196527742556.13245 209
1757543719628 196282569631.2912 210
1757543719687 196038727281.13727 211
1757543719746 195796201935.91382 212
1757543719810 195554980256.60486 213
1757543719873 195315049129.01935 214
1757543719933 195076395658.0738 215
1757543719991 194839007162.2668 216
1757543720051 194602871168.33832 217
1757543720110 194367975406.10492 218
1757543720172 194134307803.46603 219
1757543720235 193901856481.57333 220
1757543720301 193670609750.15717 221
1757543720355 193440556103.0046 222
1757543720417 193211684213.58237 223
1757543720478 192983982930.79993 224
1757543720537 192757441274.90683 225
1757543720602 192532048433.51993 226
1757543720670 192307793757.7743 227
1757543720730 192084666758.5949 228
1757543720787 191862657103.0829 229
1757543720852 191641754611.01358 230
1757543720913 191421949251.44086 231
1757543720971 191203231139.40485 232
1757543721030 190985590532.7387 233
1757543721091 190769017828.971 234
1757543721157 190553503562.32013 235
1757543721234 190339038400.7775 236
1757543721295 190125613143.27615 237
1757543721355 189913218716.94202 238
1757543721416 189701846174.4244 239
1757543721475 189491486691.30328 240
1757543721538 189282131563.57056 241
1757543721600 189073772205.18253 242
1757543721663 188866400145.68127 243
1757543721723 188660007027.8822 244
1757543721784 188454584605.6262 245
1757543721840 188250124741.59302 246
1757543721904 188046619405.175 247
1757543721965 187844060670.40784 248
1757543722026 187642440713.9577 249
1757543722087 187441751813.162 250
1757543722146 187241986344.12164 251
1757543722218 187043136779.84454 252
1757543722281 186845195688.43677 253
1757543722352 186648155731.34116 254
1757543722416 186452009661.62143 255
1757543722474 186256750322.28976 256
1757543722536 186062370644.6775 257
1757543722598 185868863646.84622 258
1757543722661 185676222432.03937 259
1757543722721 185484440187.17184 260
1757543722782 185293510181.35712 261
1757543722845 185103425764.47012 262
1757543723019 184914180365.74585 263
1757543723082 184725767492.4107 264
1757543723153 184538180728.34772 265
1757543723218 184351413732.79272 266
1757543723281 184165460239.06192 267
1757543723344 183980314053.30914 268
1757543723407 183795969053.31143 269
1757543723468 183612419187.28403 270
1757543723527 183429658472.72128 271
1757543723589 183247680995.26462 272
1757543723648 183066480907.59604 273
1757543723718 182886052428.35657 274
1757543723800 182706389841.08856 275
1757543723872 182527487493.20172 276
1757543723932 182349339794.96176 277
1757543723993 182171941218.50137 278
1757543724062 181995286296.85217 279
1757543724127 181819369622.99808 280
1757543724192 181644185848.94858 281
1757543724254 181469729684.8318 282
1757543724319 181295995898.00687 283
1757543724383 181122979312.19476 284
1757543724457 180950674806.6271 285
1757543724520 180779077315.21295 286
1757543724579 180608181825.7225 287
1757543724641 180437983378.98724 288
1757543724708 180268477068.117 289
1757543724770 180099658037.73178 290
1757543724836 179931521483.21014 291
1757543724898 179764062649.95148 292
1757543724958 179597276832.65356 293
1757543725024 179431159374.60397 294
1757543725092 179265705666.98566 295
1757543725155 179100911148.1953 296
1757543725216 178936771303.17578 297
1757543725277 178773281662.76068 298
1757543725335 178610437803.0315 299
1757543725398 178448235344.68707 300
1757543725461 178286669952.425 301
1757543725525 178125737334.33432 302
1757543725587 177965433241.29956 303
1757543725664 177805753466.41605 304
1757543725725 177646693844.41574 305
1757543725789 177488250251.10352 306
1757543725853 177330418602.8039 307
1757543725915 177173194855.81747 308
1757543725981 177016575005.8874 309
1757543726041 176860555087.6751 310
1757543726106 176705131174.2459 311
1757543726168 176550299376.56253 312
1757543726229 176396055842.98898 313
1757543726292 176242396758.802 314
1757543726354 176089318345.7113 315
1757543726418 175936816861.3885 316
1757543726485 175784888599.00342 317
1757543726552 175633529886.769 318
1757543726615 175482737087.49344 319
1757543726679 175332506598.14023 320
1757543726741 175182834849.3954 321
1757543726805 175033718305.24225 322
1757543726866 174885153462.54282 323
1757543726928 174737136850.62646 324
1757543726987 174589665030.88556 325
1757543727049 174442734596.37686 326
1757543727114 174296342171.4309 327
1757543727175 174150484411.26605 328
1757543727236 174005158001.61005 329
1757543727299 173860359658.3271 330
1757543727361 173716086127.05106 331
1757543727425 173572334182.82434 332
1757543727489 173429100629.74292 333
1757543727546 173286382300.60632 334
1757543727611 173144176056.57382 335
1757543727676 173002478786.8254 336
1757543727737 172861287408.22852 337
1757543727801 172720598865.00955 338
1757543727862 172580410128.43066 339
1757543727923 172440718196.4717 340
1757543727982 172301520093.5163 341
1757543728054 172162812870.0438 342
1757543728115 172024593602.32492 343
1757543728180 171886859392.1226 344
1757543728243 171749607366.39713 345
1757543728304 171612834677.0154 346
1757543728367 171476538500.46542 347
1757543728432 171340716037.57373 348
1757543728491 171205364513.22827 349
1757543728554 171070481176.10455 350
1757543728622 170936063298.39597 351
1757543728687 170802108175.5483 352
1757543728749 170668613125.99808 353
1757543728812 170535575490.91418 354
1757543728879 170402992633.94388 355
1757543728946 170270861940.96222 356
1757543729004 170139180819.82477 357
1757543729069 170007946700.12448 358
1757543729132 169877157032.9513 359
1757543729201 169746809290.6557 360
1757543729264 169616900966.6155 361
1757543729327 169487429575.0055 362
1757543729391 169358392650.57104 363
1757543729452 169229787748.4042 364
1757543729518 169101612443.72318 365
1757543729579 168973864331.65488 366
1757543729641 168846541027.0206 367
1757543729702 168719640164.1242 368
1757543729770 168593159396.54373 369
1757543729835 168467096396.9254 370
1757543729895 168341448856.7808 371
1757543729960 168216214486.28638 372
1757543730021 168091391014.0862 373
1757543730089 167966976187.097 374
1757543730153 167842967770.3156 375
1757543730218 167719363546.6296 376
1757543730283 167596161316.62994 377
1757543730347 167473358898.42627 378
1757543730410 167350954127.46475 379
1757543730478 167228944856.3481 380
1757543730541 167107328954.6581 381
1757543730605 166986104308.7805 382
1757543730670 166865268821.73203 383
1757543730740 166744820412.98972 384
1757543730804 166624757018.32266 385
1757543730867 166505076589.6255 386
1757543730934 166385777094.75458 387
1757543730999 166266856517.3655 388
1757543731073 166148312856.75372 389
1757543731146 166030144127.6963 390
1757543731222 165912348360.29584 391
1757543731292 165794923599.8271 392
1757543731352 165677867906.5845 393
1757543731419 165561179355.73218 394
1757543731484 165444856037.15613 395
1757543731552 165328896055.31726 396
1757543731652 165213297529.1074 397
1757543731716 165098058591.7063 398
1757543731782 164983177390.44077 399
1757543731844 164868652086.64548 400
1757543731907 164754480855.52548 401
1757543731974 164640661886.02032 402
1757543732041 164527193380.66986 403
1757543732102 164414073555.4818 404
1757543732165 164301300639.80103 405
1757543732234 164188872876.17987 406
1757543732299 164076788520.25067 407
1757543732366 163965045840.59933 408
1757543732428 163853643118.64096 409
1757543732497 163742578648.49628 410
1757543732563 163631850736.8702 411
1757543732630 163521457702.9314 412
1757543732696 163411397878.19348 413
1757543732760 163301669606.3976 414
1757543732831 163192271243.39645 415
1757543732897 163083201157.03934 416
1757543732965 162974457727.05905 417
1757543733030 162866039344.96005 418
1757543733098 162757944413.90723 419
1757543733164 162650171348.61688 420
1757543733232 162542718575.24863 421
1757543733297 162435584531.29825 422
1757543733362 162328767665.4922 423
1757543733431 162222266437.68314 424
1757543733496 162116079318.7467 425
1757543733563 162010204790.4795 426
1757543733635 161904641345.498 427
1757543733698 161799387487.13928 428
1757543733777 161694441729.36182 429
1757543733856 161589802596.64847 430
1757543733950 161485468623.90976 431
1757543734060 161381438356.3889 432
1757543734166 161277710349.56744 433
1757543734271 161174283169.07187 434
1757543734380 161071155390.58188 435
1757543734479 160968325599.73907 436
1757543734580 160865792392.05673 437
1757543734680 160763554372.8311 438
1757543734782 160661610157.05286 439
1757543734891 160559958369.3205 440
1757543734991 160458597643.75366 441
1757543735083 160357526623.9083 442
1757543735185 160256743962.69217 443
1757543735275 160156248322.28165 444
1757543735365 160056038374.03897 445
1757543735468 159956112798.4312 446
1757543735603 159856470284.94913 447
1757543735677 159757109532.02744 448
1757543735754 159658029246.96628 449
1757543735824 159559228145.85254 450
1757543735893 159460704953.48322 451
1757543735961 159362458403.2885 452
1757543736024 159264487237.25653 453
1757543736089 159166790205.8583 454
1757543736155 159069366067.97406 455
1757543736219 158972213590.81976 456
1757543736282 158875331549.87476 457
1757543736345 158778718728.81024 458
1757543736410 158682373919.4181 459
1757543736475 158586295921.541 460
1757543736542 158490483543.00284 461
1757543736611 158394935599.5401 462
1757543736675 158299650914.73392 463
1757543736741 158204628319.9426 464
1757543736811 158109866654.2353 465
1757543736874 158015364764.32602 466
1757543736940 157921121504.50848 467
1757543737007 157827135736.59158 468
1757543737075 157733406329.83557 469
1757543737142 157639932160.88867 470
1757543737211 157546712113.7249 471
1757543737278 157453745079.58182 472
1757543737342 157361029956.89935 473
1757543737408 157268565651.25934 474
1757543737478 157176351075.32532 475
1757543737541 157084385148.78296 476
1757543737616 156992666798.28165 477
1757543737682 156901194957.37595 478
1757543737749 156809968566.4681 479
1757543737817 156718986572.75095 480
1757543737881 156628247930.15143 481
1757543737949 156537751599.27478 482
1757543738013 156447496547.34903 483
1757543738080 156357481748.17026 484
1757543738146 156267706182.04834 485
1757543738211 156178168835.75348 486
1757543738278 156088868702.4625 487
1757543738344 155999804781.70676 488
1757543738411 155910976079.31964 489
1757543738476 155822381607.38513 490
1757543738542 155734020384.1867 491
1757543738608 155645891434.15656 492
1757543738677 155557993787.8258 493
1757543738744 155470326481.7745 494
1757543738810 155382888558.58282 495
1757543738872 155295679066.7823 496
1757543738943 155208697060.80762 497
1757543739008 155121941600.949 498
1757543739082 155035411753.30484 499
