1757559033904 355538552.7435171 0
1757559034511 17454562613450.818 1
1757559035181 1.7436783791997415e+19 2
1757559035799 8.128133291781971e+21 3
1757559036478 2.2498990772131026e+24 4
1757559037131 3.093325090862184e+27 5
1757559037780 4.725555731821059e+29 6
1757559038363 3.932134523282768e+33 7
1757559039011 2.978959741046501e+35 8
1757559039633 1.1358313728206773e+40 9
1757559040206 2.649414892199886e+46 10
1757559040806 4.844821185183465e+47 11
1757559041426 2.115498393150105e+53 12
1757559041965 1.7467171854308217e+55 13
1757559042631 3.962201078237435e+58 14
1757559043183 8.738347961111115e+62 15
1757559043848 2.0183935498887415e+64 16
1757559044484 1.0110474693550305e+70 17
1757559045072 2.803245151447834e+71 18
1757559045756 1.3619002466443225e+76 19
1757559046350 3.375657131936077e+77 20
1757559046956 2.3088723263048544e+77 21
1757559047612 1.409566737469542e+82 22
1757559048299 4.331973775455191e+86 23
1757559048989 5.37016543805084e+88 24
1757559049683 3.0849199208044274e+93 25
1757559050375 1.0047595818187656e+95 26
1757559051058 1.2114126785518017e+96 27
1757559051764 3.659277429908721e+98 28
1757559052468 7.980030903564177e+102 29
1757559053101 9.339642909573756e+102 30
1757559053769 3.895234371786008e+107 31
1757559054307 5.74663660355425e+111 32
1757559054886 2.021160121874111e+114 33
1757559055507 5.760746555195761e+120 34
1757559056080 9.126289040440689e+123 35
1757559056773 2.276047866460626e+126 36
1757559057463 2.7655920590521784e+131 37
1757559058143 9.745423707833066e+135 38
1757559058827 4.3766675305572625e+138 39
1757559059360 6.24461993644387e+141 40
1757559060032 1.3689850372526744e+146 41
1757559060652 1.1052713585758995e+149 42
1757559061216 1.0683000045844243e+151 43
1757559061879 3.2148235505119656e+156 44
1757559062538 2.822246378118595e+159 45
1757559063157 4.843607825275972e+161 46
1757559063786 1.3936939954746777e+167 47
1757559064370 7.395583372483042e+169 48
1757559065008 1.0929822375403148e+177 49
1757559065509 2.8007174412813266e+175 50
1757559066150 2.349280076486418e+180 51
1757559066703 2.3200985960473633e+179 52
1757559067359 4.2435934732240655e+186 53
1757559068020 7.255065320535541e+186 54
1757559068701 1.202089505463525e+192 55
1757559069394 3.229367998846989e+197 56
1757559070079 1.193452362182664e+196 57
1757559070761 1.215757920540227e+199 58
1757559071368 9.939012278324236e+204 59
1757559071980 6.124080795599437e+204 60
1757559072677 1.3830984731050493e+207 61
1757559073387 2.8896933702058535e+211 62
1757559073986 1.0364609646819892e+216 63
1757559074656 2.7774190887019753e+220 64
1757559075214 1.1142032653644322e+221 65
1757559075719 1.708746144194208e+225 66
1757559076402 1.3607447463321273e+229 67
1757559077110 6.264267288740118e+228 68
1757559077810 4.238425592964463e+236 69
1757559078409 8.808193206716544e+239 70
1757559078990 4.9400183023340665e+243 71
1757559079555 1.313588182127586e+245 72
1757559080181 1.4402763106419036e+247 73
1757559080835 5.374458417529875e+251 74
1757559081397 9.777424493560215e+253 75
1757559081941 6.237533245373492e+257 76
1757559082511 1.0876019136138812e+260 77
1757559083077 4.578624767889555e+260 78
1757559083713 1.0169813919631182e+266 79
1757559084241 2.5569025716598664e+271 80
1757559084897 2.006052497861531e+275 81
1757559085481 4.771772412367911e+276 82
1757559086108 4.3014919571974594e+280 83
1757559086715 3.4489394521258204e+286 84
1757559087302 8.770304148364831e+285 85
1757559087984 2.467218489243877e+290 86
1757559088591 2.50136811666889e+293 87
1757559089141 2.052796305759197e+296 88
1757559089700 2.2194134681663575e+296 89
1757559090331 3.778032688389253e+302 90
1757559090911 4.601737328612762e+306 91
