1757554370968 8909771576014.324 0
1757554371082 6.724895662724189e+18 1
1757554371156 1.7103461427980497e+24 2
1757554371226 2.0584265474088665e+30 3
1757554371289 1.1852683762296698e+35 4
1757554371353 9.385779087962549e+41 5
1757554371421 9.907719512396153e+45 6
1757554371488 4.994505938211189e+50 7
1757554371549 2.766997064954581e+56 8
1757554371622 7.209323379582096e+61 9
1757554371695 3.099330212429508e+67 10
1757554371771 3.4964212231632973e+72 11
1757554371834 2.3921905797721066e+77 12
1757554371901 1.4907163733988664e+83 13
1757554371963 2.1758326757730056e+89 14
1757554372031 1.0518414006291637e+94 15
1757554372109 2.7367800613650605e+99 16
1757554372177 3.678318570188062e+104 17
1757554372248 3.287570307763259e+109 18
1757554372346 1.3211756905727244e+116 19
1757554372418 3.791443572383291e+119 20
1757554372483 3.101573379666837e+125 21
1757554372554 2.5885802876158527e+131 22
1757554372628 3.1710451715559668e+137 23
1757554372700 1.2566052978857837e+141 24
1757554372771 4.228369449972111e+146 25
1757554372836 1.0132339442865037e+153 26
1757554372900 1.4337657056281929e+158 27
1757554372967 3.893057181234821e+163 28
1757554373045 9.74495195598613e+167 29
1757554373113 1.1387559400363645e+173 30
1757554373181 7.24795728767578e+179 31
1757554373247 2.0020499738293993e+184 32
1757554373309 4.804875366918889e+189 33
1757554373378 6.189422854386547e+194 34
1757554373447 5.631119492040794e+199 35
1757554373510 1.4605262387104737e+206 36
1757554373571 2.091819518618551e+211 37
1757554373635 5.5187978137310545e+215 38
1757554373705 3.0662868225110106e+221 39
1757554373774 2.154988659354295e+227 40
1757554373845 5.2536029712060156e+231 41
1757554373910 5.092701421238971e+237 42
1757554373979 4.594809787578943e+243 43
1757554374047 5.457169435378436e+247 44
1757554374114 7.23190938413496e+253 45
1757554374183 8.222573241268778e+258 46
1757554374254 3.9012527347971423e+264 47
1757554374334 1.3147031568364028e+272 48
1757554374400 3.1686880217696826e+275 49
1757554374468 3.686495955648854e+280 50
1757554374536 2.2987508748274076e+286 51
1757554374608 2.6237365179387123e+291 52
1757554374674 1.503627189094792e+297 53
1757554374747 4.19254560613952e+301 54
1757554374819 inf 55
1757554374887 inf 56
