1757541552124 20307816634.982025 0
1757541552588 652559604843.4377 1
1757541553049 377331460.93527025 2
1757541553535 28848959629.854618 3
1757541554029 126236707538.78383 4
1757541554504 13643976938.505135 5
1757541554976 35794086173.82419 6
1757541555456 228069468188.9588 7
1757541555921 40973280612.49834 8
1757541556395 138528509575.94293 9
1757541556860 151436721348.48102 10
1757541557351 40848571148.78982 11
1757541557822 157659339638.4066 12
1757541558328 21845286115.60607 13
1757541558829 2667035461.515955 14
1757541559310 43279146868.42064 15
1757541559802 339138651.1157647 16
1757541560276 26468513302.762722 17
1757541560742 59659885039.38988 18
1757541561205 93283364165.4649 19
1757541561673 55943966511.54873 20
1757541562161 217615633521.61026 21
1757541562633 16417423469.536871 22
1757541563105 12242433189.233194 23
1757541563576 7024696002.387699 24
1757541564046 42433016519.411415 25
1757541564519 602386994.1871028 26
1757541564996 8387602209.869276 27
1757541565462 6274595329.196999 28
1757541565932 152581678015.94675 29
1757541566418 13782289420.139946 30
1757541566892 210760046.8672853 31
1757541567388 34820937144.67139 32
1757541567886 3773575670.3100677 33
1757541568370 2156280149.009988 34
1757541568858 155304759.9170237 35
1757541569337 31395936753.880924 36
1757541569837 49208800539.98196 37
1757541570320 11152684680.759403 38
1757541570814 2573597768.2503476 39
1757541571299 2188190386.9799194 40
1757541571778 79968712246.16219 41
1757541572293 109692887.19725941 42
1757541572770 9392432925.246008 43
1757541573240 20199703416.49932 44
1757541573707 329493258578.9601 45
1757541574173 4898121698.176617 46
1757541574656 130518878447.93614 47
1757541575128 19827791389.00046 48
1757541575640 159939745744.29434 49
1757541576124 40554954551.952446 50
1757541576597 68082294.90626237 51
1757541577062 12008478812.740555 52
1757541577528 157101401.956619 53
1757541578012 33593846853.508526 54
1757541578511 83057081489.44386 55
1757541579003 105080397385.44853 56
1757541579493 495832622.51532745 57
1757541580001 815990156.5087281 58
1757541580473 3681541305.6242566 59
1757541580958 6032879631.503073 60
1757541581454 17677725454.13225 61
1757541581932 7060297512.468997 62
1757541582434 3923711602.6064086 63
1757541582936 328284098748.6717 64
1757541583411 10362213554.234476 65
1757541583904 647305090.8056443 66
1757541584415 990158622.5877733 67
1757541584925 60071231851.61027 68
1757541585428 9490950205.662598 69
1757541585917 37953009987.04185 70
1757541586411 27029161757.94065 71
1757541586904 55285792178.9748 72
1757541587399 180152311.21482533 73
1757541587882 32738048457.716152 74
1757541588364 137376398.77006647 75
1757541588869 9318526821362.664 76
1757541589366 109488905987.13522 77
1757541589884 14793495.76206798 78
1757541590380 53833322205.45105 79
1757541590862 9218775351.80881 80
1757541591346 11348042.741318878 81
1757541591829 29757619173.54442 82
1757541592325 32280751127.63298 83
1757541592819 1545288158.9049382 84
1757541593300 18229800184.758945 85
1757541593787 144987181667.7556 86
1757541594278 163888736688.90814 87
1757541594761 286933790823.82526 88
1757541595281 5255839582.867237 89
1757541595796 27809226916.825882 90
1757541596303 7641907326.4053955 91
1757541596840 174055753372.96368 92
1757541597335 13551141402.020348 93
1757541597857 30981308582.63929 94
1757541598341 29110335596.48465 95
1757541598815 215898481821.05722 96
1757541599312 504117874.6768456 97
1757541599809 31453975248.60507 98
1757541600347 751484938.8917501 99
1757541600840 54255612400.22469 100
1757541601334 44128644807.76797 101
1757541601821 3400224178.3275366 102
1757541602309 344695603730.54065 103
1757541602812 18624875760.779114 104
1757541603302 122912650960.92587 105
1757541603794 294371650633.9389 106
1757541604281 10254989890.985245 107
1757541604772 61264020590.70273 108
1757541605273 195541126738.29526 109
1757541605774 4345665419.45522 110
1757541606283 177656839315.38895 111
1757541606777 70835638689.9942 112
1757541607292 179339690967.59085 113
1757541607782 165433067421.00912 114
1757541608269 118202265.66845764 115
1757541608757 144070501.15965763 116
1757541609246 45451985147.30822 117
1757541609747 462383262742.34235 118
1757541610222 5162759216.287415 119
1757541610722 225553715230.0975 120
1757541611217 110834904113.20107 121
1757541611725 44914496279.126465 122
1757541612217 50377658519.73768 123
1757541612703 62962373844.83583 124
1757541613192 201028211.97784337 125
1757541613676 124377154.6494746 126
1757541614165 5414278463077.947 127
1757541614672 8144069662.758026 128
1757541615156 153626946314.45697 129
1757541615641 6453323588.602872 130
1757541616134 78811851826.6974 131
1757541616620 172310205436.05966 132
1757541617112 13541696802.677193 133
1757541617579 127400578437.68498 134
1757541618083 19246231850.39291 135
1757541618549 168087345068.42645 136
1757541619056 16641484576.656662 137
1757541619550 575780856398.5978 138
1757541620063 117282561343.0535 139
1757541620547 80539484530.06676 140
1757541621048 3606482434.6409454 141
1757541621534 32713797711.82656 142
1757541622028 4063117815.930918 143
1757541622516 494514057747.2132 144
1757541622996 39103780987.717354 145
1757541623483 5493805671223.64 146
1757541623972 226386676268.3853 147
1757541624476 16444357700.249083 148
1757541624959 26473076088.668495 149
1757541625503 1254941178.6400309 150
1757541625983 105119977581.29106 151
1757541626466 102351113512.84976 152
1757541626956 949201134605.8215 153
