1757584615199 1053299415956.6642 0
1757584615265 1053088453436.7401 1
1757584615332 1052772107022.2114 2
1757584615400 1052403194543.3623 3
1757584615463 1052008131970.1205 4
1757584615528 1051600128972.3549 5
1757584615605 1051185790726.4443 6
1757584615667 1050768419825.9668 7
1757584615732 1050349667489.0927 8
1757584615797 1049930359225.3452 9
1757584615858 1049510907684.7568 10
1757584615927 1049091519086.3966 11
1757584615994 1048672296433.6201 12
1757584616060 1048253291121.9429 13
1757584616126 1047834528743.0374 14
1757584616188 1047416021986.748 15
1757584616257 1046997777092.1013 16
1757584616323 1046579797072.8131 17
1757584616390 1046162083330.0416 18
1757584616460 1045744636458.7638 19
1757584616534 1045327456650.9631 20
1757584616598 1044910543897.2253 21
1757584616660 1044493898087.5331 22
1757584616725 1044077519061.6658 23
1757584616791 1043661406634.3986 24
1757584616852 1043245560608.1014 25
1757584616919 1042829980779.0382 26
1757584616983 1042414666940.518 27
1757584617046 1041999618884.4677 28
1757584617113 1041584836402.2214 29
1757584617176 1041170319284.913 30
1757584617245 1040756067323.6719 31
1757584617311 1040342080309.7238 32
1757584617373 1039928358034.4362 33
1757584617437 1039514900289.3466 34
1757584617497 1039101706866.1715 35
1757584617563 1038688777556.8142 36
1757584617628 1038276112153.3668 37
1757584617692 1037863710448.112 38
1757584617764 1037451572233.5238 39
1757584617832 1037039697302.2666 40
1757584617895 1036628085447.1967 41
1757584617961 1036216736461.3612 42
1757584618027 1035805650137.9983 43
1757584618093 1035394826270.5369 44
1757584618157 1034984264652.5963 45
1757584618226 1034573965077.9869 46
1757584618289 1034163927340.7085 47
1757584618357 1033754151234.9512 48
1757584618422 1033344636555.0953 49
1757584618487 1032935383095.7101 50
1757584618554 1032526390651.5552 51
1757584618618 1032117659017.5785 52
1757584618681 1031709187988.9177 53
1757584618745 1031300977360.899 54
1757584618809 1030893026929.0375 55
1757584618877 1030485336489.0366 56
1757584618945 1030077905836.7882 57
1757584619007 1029670734768.3721 58
1757584619070 1029263823080.0562 59
1757584619131 1028857170568.296 60
1757584619197 1028450777029.7347 61
1757584619264 1028044642261.2029 62
1757584619331 1027638766059.7177 63
1757584619398 1027233148222.484 64
1757584619465 1026827788546.8931 65
1757584619536 1026422686830.5231 66
1757584619602 1026017842871.1381 67
1757584619667 1025613256466.6885 68
1757584619732 1025208927415.3113 69
1757584619803 1024804855515.3286 70
1757584619868 1024401040565.2485 71
1757584619942 1023997482363.7646 72
1757584620016 1023594180709.7556 73
1757584620089 1023191135402.2854 74
1757584620158 1022788346240.6024 75
1757584620225 1022385813024.1404 76
1757584620289 1021983535552.5172 77
1757584620352 1021581513625.5352 78
1757584620421 1021179747043.1808 79
1757584620493 1020778235605.624 80
1757584620559 1020376979113.2195 81
1757584620624 1019975977366.5048 82
1757584620687 1019575230166.2009 83
1757584620752 1019174737313.2125 84
1757584620817 1018774498608.6266 85
1757584620883 1018374513853.7133 86
1757584620950 1017974782849.9258 87
1757584621019 1017575305398.8992 88
1757584621084 1017176081302.4512 89
1757584621146 1016777110362.5817 90
1757584621214 1016378392381.4718 91
1757584621279 1015979927161.4852 92
1757584621345 1015581714505.1667 93
1757584621416 1015183754215.2428 94
1757584621485 1014786046094.6204 95
1757584621555 1014388589946.3884 96
1757584621621 1013991385573.8158 97
1757584621686 1013594432780.3525 98
1757584621753 1013197731369.6289 99
1757584621817 1012801281145.4554 100
1757584621881 1012405081911.8228 101
1757584621946 1012009133472.9014 102
1757584622013 1011613435633.0417 103
1757584622077 1011217988196.7733 104
1757584622152 1010822790968.8057 105
1757584622220 1010427843754.0267 106
1757584622291 1010033146357.5039 107
1757584622367 1009638698584.4834 108
1757584622432 1009244500240.3898 109
1757584622508 1008850551130.826 110
1757584622574 1008456851061.5742 111
1757584622654 1008063399838.593 112
1757584622741 1007670197268.0205 113
1757584622808 1007277243156.1716 114
1757584622875 1006884537309.5388 115
1757584622943 1006492079534.7924 116
1757584623018 1006099869638.7794 117
1757584623088 1005707907428.524 118
1757584623161 1005316192711.2277 119
1757584623227 1004924725294.2677 120
1757584623295 1004533504985.1985 121
1757584623364 1004142531591.7501 122
1757584623435 1003751804921.8297 123
1757584623498 1003361324783.519 124
1757584623566 1002971090985.077 125
1757584623635 1002581103334.937 126
1757584623705 1002191361641.7085 127
1757584623771 1001801865714.1757 128
1757584623841 1001412615361.2983 129
1757584623914 1001023610392.2106 130
1757584623984 1000634850616.2214 131
1757584624046 1000246335842.8145 132
1757584624113 999858065881.6477 133
1757584624182 999470040542.5532 134
1757584624252 999082259635.5369 135
1757584624320 998694722970.7784 136
1757584624391 998307430358.6315 137
1757584624459 997920381609.6228 138
1757584624521 997533576534.453 139
1757584624588 997147014943.9949 140
1757584624657 996760696649.2949 141
1757584624727 996374621461.5723 142
1757584624796 995988789192.2181 143
1757584624868 995603199652.7969 144
1757584624937 995217852655.0443 145
1757584625003 994832748010.8689 146
1757584625073 994447885532.3511 147
1757584625141 994063265031.7421 148
1757584625211 993678886321.466 149
1757584625283 993294749214.1172 150
1757584625350 992910853522.4617 151
1757584625417 992527199059.4365 152
1757584625487 992143785638.1495 153
1757584625555 991760613071.879 154
1757584625625 991377681174.0741 155
1757584625694 990994989758.3542 156
1757584625761 990612538638.5088 157
1757584625822 990230327628.4972 158
1757584625893 989848356542.4487 159
1757584625962 989466625194.6625 160
1757584626030 989085133399.6062 161
1757584626101 988703880971.9186 162
1757584626174 988322867726.4058 163
1757584626241 987942093478.0437 164
1757584626310 987561558041.9767 165
1757584626379 987181261233.5182 166
1757584626450 986801202868.1499 167
1757584626537 986421382761.5214 168
1757584626612 986041800729.4508 169
1757584626679 985662456587.924 170
1757584626749 985283350153.0947 171
1757584626814 984904481241.2845 172
1757584626881 984525849668.9817 173
1757584626947 984147455252.8424 174
1757584627018 983769297809.6897 175
1757584627084 983391377156.5137 176
1757584627151 983013693110.471 177
1757584627219 982636245488.8846 178
1757584627294 982259034109.2451 179
1757584627360 981882058789.208 180
1757584627425 981505319346.5951 181
1757584627499 981128815599.3947 182
1757584627567 980752547365.7605 183
1757584627637 980376514464.0117 184
1757584627708 980000716712.6334 185
1757584627780 979625153930.2753 186
1757584627848 979249825935.7523 187
1757584627914 978874732548.0443 188
1757584627986 978499873586.2965 189
1757584628060 978125248869.8176 190
1757584628124 977750858218.0819 191
1757584628193 977376701450.7272 192
1757584628261 977002778387.5548 193
1757584628327 976629088848.5316 194
1757584628393 976255632653.7869 195
1757584628458 975882409623.614 196
1757584628529 975509419578.4695 197
1757584628593 975136662338.9734 198
1757584628660 974764137725.909 199
1757584628731 974391845560.2219 200
1757584628802 974019785663.0214 201
1757584628874 973647957855.5782 202
1757584628939 973276361959.3268 203
1757584629008 972904997795.8624 204
1757584629076 972533865186.9438 205
1757584629146 972162963954.491 206
1757584629212 971792293920.5857 207
1757584629280 971421854907.4717 208
1757584629346 971051646737.5537 209
1757584629409 970681669233.3981 210
1757584629475 970311922217.732 211
1757584629543 969942405513.4445 212
1757584629612 969573118943.5842 213
1757584629677 969204062331.361 214
1757584629745 968835235500.1451 215
1757584629813 968466638273.4674 216
1757584629879 968098270475.0187 217
1757584629948 967730131928.6495 218
1757584630018 967362222458.3706 219
1757584630100 966994541888.3524 220
1757584630170 966627090042.9244 221
1757584630240 966259866746.576 222
1757584630309 965892871823.9557 223
1757584630374 965526105099.8708 224
1757584630446 965159566399.2875 225
1757584630516 964793255547.3309 226
1757584630587 964427172369.2844 227
1757584630656 964061316690.5901 228
1757584630730 963695688336.8483 229
1757584630798 963330287133.817 230
1757584630865 962965112907.4125 231
1757584630941 962600165483.7089 232
1757584631011 962235444688.9374 233
1757584631085 961870950349.4874 234
1757584631153 961506682291.9049 235
1757584631224 961142640342.8934 236
1757584631290 960778824329.3134 237
1757584631360 960415234078.1819 238
1757584631431 960051869416.673 239
1757584631502 959688730172.1166 240
1757584631569 959325816171.9995 241
1757584631639 958963127243.9648 242
1757584631710 958600663215.8113 243
1757584631781 958238423915.4937 244
1757584631849 957876409171.1223 245
1757584631917 957514618810.9631 246
1757584631986 957153052663.4381 247
1757584632054 956791710557.1232 248
1757584632123 956430592320.7505 249
1757584632192 956069697783.2067 250
1757584632260 955709026773.5331 251
1757584632332 955348579120.9257 252
1757584632401 954988354654.7352 253
1757584632466 954628353204.4661 254
1757584632547 954268574599.778 255
1757584632616 953909018670.4832 256
1757584632698 953549685246.549 257
1757584632771 953190574158.0958 258
1757584632848 952831685235.3975 259
1757584632932 952473018308.8815 260
1757584633002 952114573209.1287 261
1757584633076 951756349766.8727 262
1757584633153 951398347813.0 263
1757584633261 951040567178.5502 264
1757584633330 950683007694.7153 265
1757584633397 950325669192.8397 266
1757584633467 949968551504.4202 267
1757584633538 949611654461.1057 268
1757584633611 949254977894.6974 269
1757584633678 948898521637.148 270
1757584633766 948542285520.5615 271
1757584633834 948186269377.1945 272
1757584633903 947830473039.4541 273
1757584633967 947474896339.899 274
1757584634038 947119539111.2391 275
1757584634107 946764401186.3353 276
1757584634176 946409482398.1984 277
1757584634243 946054782579.991 278
1757584634310 945700301565.0251 279
1757584634376 945346039186.7645 280
1757584634446 944991995278.8214 281
1757584634512 944638169674.9596 282
1757584634587 944284562209.0916 283
1757584634656 943931172715.2803 284
1757584634726 943578001027.7383 285
1757584634798 943225046980.8267 286
1757584634867 942872310409.057 287
1757584634936 942519791147.0891 288
1757584635007 942167489029.7323 289
1757584635077 941815403891.9446 290
1757584635144 941463535568.832 291
1757584635209 941111883895.6505 292
1757584635282 940760448707.8032 293
1757584635362 940409229840.8419 294
1757584635431 940058227130.4667 295
1757584635499 939707440412.5248 296
1757584635571 939356869523.0126 297
1757584635640 939006514298.0726 298
1757584635712 938656374573.996 299
1757584635783 938306450187.2205 300
1757584635851 937956740974.3315 301
1757584635917 937607246772.0616 302
1757584635986 937257967417.2897 303
1757584636058 936908902747.0417 304
1757584636132 936560052598.4906 305
1757584636203 936211416808.9548 306
1757584636271 935862995215.9004 307
1757584636345 935514787656.9381 308
1757584636408 935166793969.8263 309
1757584636480 934819013992.4677 310
1757584636547 934471447562.912 311
1757584636611 934124094519.3536 312
1757584636681 933776954700.1327 313
1757584636752 933430027943.7347 314
1757584636824 933083314088.7905 315
1757584636892 932736812974.0756 316
1757584636959 932390524438.5103 317
1757584637030 932044448321.16 318
1757584637104 931698584461.2344 319
1757584637173 931352932698.0873 320
1757584637238 931007492871.2178 321
1757584637312 930662264820.2681 322
1757584637385 930317248385.0247 323
1757584637454 929972443405.4183 324
1757584637532 929627849721.5226 325
1757584637600 929283467173.5555 326
1757584637676 928939295601.8784 327
1757584637751 928595334846.9954 328
1757584637817 928251584749.5537 329
1757584637892 927908045150.3441 330
1757584637957 927564715890.2999 331
1757584638025 927221596810.4971 332
1757584638095 926878687752.154 333
1757584638166 926535988556.6318 334
1757584638238 926193499065.4338 335
1757584638306 925851219120.2053 336
1757584638375 925509148562.7336 337
1757584638448 925167287234.948 338
1757584638518 924825634978.9194 339
1757584638589 924484191636.8601 340
1757584638658 924142957051.1241 341
1757584638726 923801931064.2067 342
1757584638797 923461113518.7439 343
1757584638866 923120504257.5133 344
1757584638932 922780103123.4329 345
1757584639002 922439909959.5614 346
1757584639070 922099924609.0986 347
1757584639144 921760146915.3842 348
1757584639210 921420576721.8982 349
1757584639278 921081213872.2611 350
1757584639350 920742058210.233 351
1757584639422 920403109579.7145 352
1757584639494 920064367824.7454 353
1757584639563 919725832789.5048 354
1757584639633 919387504318.312 355
1757584639719 919049382255.6255 356
1757584639789 918711466446.0426 357
1757584639861 918373756734.2997 358
1757584639931 918036252965.272 359
1757584640004 917698954983.9742 360
1757584640069 917361862635.5588 361
1757584640140 917024975765.3171 362
1757584640215 916688294218.6785 363
1757584640291 916351817841.211 364
1757584640362 916015546478.6205 365
1757584640434 915679479976.7509 366
1757584640501 915343618181.5835 367
1757584640570 915007960939.2375 368
1757584640653 914672508095.9703 369
1757584640726 914337259498.1757 370
1757584640795 914002214992.3849 371
1757584640871 913667374425.2664 372
1757584640943 913332737643.626 373
1757584641014 912998304494.4058 374
1757584641079 912664074824.6847 375
1757584641153 912330048481.6786 376
1757584641226 911996225312.7391 377
1757584641300 911662605165.3549 378
1757584641371 911329187887.15 379
1757584641445 910995973325.8853 380
1757584641512 910662961329.4565 381
1757584641581 910330151745.8961 382
1757584641650 909997544423.3718 383
1757584641717 909665139210.1866 384
1757584641786 909332935954.7789 385
1757584641852 909000934505.7227 386
1757584641927 908669134711.7263 387
1757584641999 908337536421.634 388
1757584642067 908006139484.424 389
1757584642141 907674943749.2094 390
1757584642215 907343949065.2375 391
1757584642283 907013155281.8915 392
1757584642352 906682562248.6868 393
1757584642423 906352169815.2742 394
1757584642496 906021977831.4382 395
1757584642570 905691986147.0972 396
1757584642635 905362194612.3032 397
1757584642733 905032603077.2418 398
1757584642816 904703211392.2323 399
1757584642912 904374019407.727 400
1757584642992 904045026974.3118 401
1757584643075 903716233942.7054 402
1757584643159 903387640163.7592 403
1757584643226 903059245488.458 404
1757584643297 902731049767.9186 405
1757584643366 902403052853.391 406
1757584643441 902075254596.257 407
1757584643510 901747654848.031 408
1757584643580 901420253460.3596 409
1757584643650 901093050285.0214 410
1757584643718 900766045173.9266 411
1757584643790 900439237979.1172 412
1757584643861 900112628552.7672 413
1757584643929 899786216747.1818 414
1757584644004 899460002414.7974 415
1757584644076 899133985408.1818 416
1757584644155 898808165580.034 417
1757584644225 898482542783.184 418
1757584644301 898157116870.592 419
1757584644380 897831887695.3499 420
1757584644460 897506855110.6792 421
1757584644532 897182018969.933 422
1757584644599 896857379126.5931 423
1757584644666 896532935434.2731 424
1757584644743 896208687746.7157 425
1757584644816 895884635917.7935 426
1757584644888 895560779801.5096 427
1757584644961 895237119251.9962 428
1757584645030 894913654123.5149 429
1757584645098 894590384270.4575 430
1757584645173 894267309547.3442 431
1757584645245 893944429808.8246 432
1757584645314 893621744909.6775 433
1757584645383 893299254704.8108 434
1757584645457 892976959049.2604 435
1757584645529 892654857798.1917 436
1757584645599 892332950806.8981 437
1757584645677 892011237930.8014 438
1757584645754 891689719025.4519 439
1757584645830 891368393946.5281 440
1757584645901 891047262549.8359 441
1757584645975 890726324691.3097 442
1757584646050 890405580227.0114 443
1757584646124 890085029013.1302 444
1757584646194 889764670905.9838 445
1757584646263 889444505762.016 446
1757584646345 889124533437.7986 447
1757584646420 888804753790.0304 448
1757584646492 888485166675.5371 449
1757584646564 888165771951.2712 450
1757584646639 887846569474.3123 451
1757584646711 887527559101.866 452
1757584646783 887208740691.2648 453
1757584646854 886890114099.9675 454
1757584646926 886571679185.5592 455
1757584646999 886253435805.751 456
1757584647070 885935383818.3799 457
1757584647147 885617523081.4087 458
1757584647216 885299853452.9265 459
1757584647287 884982374791.1472 460
1757584647360 884665086954.4106 461
1757584647431 884347989801.1823 462
1757584647502 884031083190.0519 463
1757584647572 883714366979.7355 464
1757584647643 883397841029.0732 465
1757584647719 883081505197.0304 466
1757584647791 882765359342.6973 467
1757584647868 882449403325.2883 468
1757584647941 882133637004.1431 469
1757584648013 881818060238.7245 470
1757584648094 881502672888.6206 471
1757584648167 881187474813.5432 472
1757584648242 880872465873.3286 473
1757584648316 880557645927.936 474
1757584648384 880243014837.4491 475
1757584648460 879928572462.0753 476
1757584648539 879614318662.1448 477
1757584648610 879300253298.1118 478
1757584648679 878986376230.554 479
1757584648755 878672687320.1711 480
1757584648835 878359186427.7869 481
1757584648917 878045873414.3478 482
1757584648989 877732748140.9229 483
1757584649062 877419810468.704 484
1757584649136 877107060259.0051 485
1757584649209 876794497373.2632 486
1757584649284 876482121673.0371 487
1757584649357 876169933020.0083 488
1757584649430 875857931275.9797 489
1757584649503 875546116302.8766 490
1757584649574 875234487962.7455 491
1757584649647 874923046117.7555 492
1757584649717 874611790630.1968 493
1757584649796 874300721362.4806 494
1757584649872 873989838177.1401 495
1757584649950 873679140936.8297 496
1757584650024 873368629504.3241 497
1757584650098 873058303742.5199 498
1757584650173 872748163514.4338 499
