1757546017862 95122073979.50798 0
1757546018360 161733962461270.06 1
1757546018882 2.608010669297056e+18 2
1757546019473 6.464757828249061e+21 3
1757546020012 1.0753251213298759e+27 4
1757546020505 7.251907225644718e+29 5
1757546021003 4.556996710477161e+34 6
1757546021484 2.3982203433314885e+36 7
1757546021967 5.049759565588089e+39 8
1757546022443 3.780218988824162e+42 9
1757546022930 1.7107192180747842e+46 10
1757546023418 2.4024424159382882e+50 11
1757546023894 1.0639019945995496e+56 12
1757546024390 4.942192445767736e+57 13
1757546024868 4.48279332222401e+59 14
1757546025351 5.723081424230468e+64 15
1757546025851 1.0046941457268877e+69 16
1757546026356 1.0045546842321546e+72 17
1757546026841 7.970340066079529e+75 18
1757546027335 8.094636632725986e+78 19
1757546027820 7.743292321890813e+81 20
1757546028312 7.715602128454483e+85 21
1757546028808 5.747759384373347e+89 22
1757546029365 2.9654690127016025e+93 23
1757546029841 4.11380134619254e+97 24
1757546030338 1.2489997307084865e+100 25
1757546030817 5.660673437804919e+103 26
1757546031318 1.13891609921062e+108 27
1757546031801 3.61274514080036e+112 28
1757546032297 1.6782220721068678e+116 29
1757546032796 1.0905679259437382e+118 30
1757546033292 2.758658524584106e+122 31
1757546033777 7.8481385453151395e+124 32
1757546034285 6.934586486525568e+129 33
1757546034780 2.445268177759156e+134 34
1757546035255 8.920189966483288e+134 35
1757546035738 2.679567754102555e+139 36
1757546036250 2.3963711783426405e+143 37
1757546036729 4.451066140787437e+146 38
1757546037226 7.683087668260815e+149 39
1757546037694 1.395188291037389e+155 40
1757546038186 5.208238637232589e+156 41
1757546038670 5.929557473660243e+161 42
1757546039166 1.4372153262161845e+164 43
1757546039659 1.5531174130287556e+168 44
1757546040161 3.417616844976277e+171 45
1757546040647 2.040222147924816e+174 46
1757546041133 3.81004619384765e+178 47
1757546041630 4.602748414252165e+181 48
1757546042110 1.3571192644797888e+184 49
1757546042606 2.2296152246232487e+190 50
1757546043109 1.180261500591111e+189 51
1757546043605 3.2648647352840126e+197 52
1757546044108 3.6147361117240643e+201 53
1757546044603 4.123111510396342e+203 54
1757546045088 3.638097877376154e+206 55
1757546045582 3.786825847633261e+212 56
1757546046090 1.6801655533550494e+215 57
1757546046588 4.133067511852243e+218 58
1757546047083 8.648640136438962e+220 59
1757546047587 5.686724321653857e+224 60
1757546048101 1.3602994828167082e+228 61
1757546048580 9.918443308777209e+232 62
1757546049086 1.539140539680128e+235 63
1757546049567 3.7101756531001873e+239 64
1757546050045 2.1648648568625662e+242 65
1757546050534 2.8312032377287584e+247 66
1757546051010 6.967757351302197e+245 67
1757546051589 3.5650246411764466e+254 68
1757546052154 1.7745849753868092e+258 69
1757546052693 1.3958254540947774e+260 70
1757546053185 6.606918690769179e+263 71
1757546053675 9.804663938371604e+267 72
1757546054179 8.041820762757655e+268 73
1757546054714 6.228180679080529e+272 74
1757546055208 1.4915019351748053e+278 75
1757546055709 4.1922252060102243e+279 76
1757546056214 3.6045131740127205e+286 77
1757546056695 1.6048417062326845e+286 78
1757546057198 5.932724376670155e+292 79
1757546057708 1.9465839921250258e+297 80
1757546058222 2.7791640918955805e+298 81
1757546058702 1.279382417596882e+301 82
1757546059188 1.867888886933513e+306 83
