1757581871665 199560735575.23944 0
1757581871759 381058660383.2479 1
1757581871827 329025911921.4338 2
1757581871895 138488972767.6757 3
1757581871960 189851798733.98444 4
1757581872023 91273205884.16899 5
1757581872087 239979233827.9487 6
1757581872149 121298284714.0894 7
1757581872212 77394284304.2648 8
1757581872276 499291699533.9625 9
1757581872338 102094664815.96971 10
1757581872400 199006304286.4319 11
1757581872464 306084294907.54395 12
1757581872525 177021280669.88715 13
1757581872588 110811184772.95872 14
1757581872651 134231851043.19063 15
1757581872715 189558003858.86392 16
1757581872788 301999748948.337 17
1757581872870 223470186328.52505 18
1757581872953 288034959075.15283 19
1757581873052 399525114146.1428 20
1757581873172 267436545985.48163 21
1757581873248 235445939968.49207 22
1757581873322 257162953074.6099 23
1757581873389 131226786288.24434 24
1757581873464 110085192989.44064 25
1757581873530 245310851121.88864 26
1757581873608 143031001402.73782 27
1757581873698 360311279306.13983 28
1757581873790 114521695035.78033 29
1757581873883 62562777829.49148 30
1757581873976 287126025052.5133 31
1757581874067 168084720472.5796 32
1757581874158 82975071518.0479 33
1757581874232 296299047740.01526 34
1757581874299 274749212848.77094 35
1757581874367 127347202395.3648 36
1757581874435 119146261310.51906 37
1757581874506 118318335544.56786 38
1757581874579 139014035004.10492 39
1757581874658 79670354253.20044 40
1757581874752 175117949900.63934 41
1757581874845 163020026148.7946 42
1757581874943 205556343851.94824 43
1757581875035 672438028331.7394 44
1757581875126 367799536826.63513 45
1757581875207 67847177365.486946 46
1757581875273 246216013317.53262 47
1757581875340 111457767563.73334 48
1757581875406 167499311862.82565 49
1757581875476 245778494848.3714 50
1757581875539 351208078920.3294 51
1757581875613 225277467381.6056 52
1757581875681 109959123807.76155 53
1757581875751 82855681164.71855 54
1757581875816 93996227748.34958 55
1757581875887 160036293601.37317 56
1757581875957 416337401698.9147 57
1757581876032 178837236655.0304 58
1757581876100 294382623186.58185 59
1757581876167 239969984994.06757 60
1757581876262 328746203101.7721 61
1757581876354 120639924559.16492 62
1757581876445 860541585470.4636 63
1757581876541 91547368398.5781 64
1757581876640 137691725591.15848 65
1757581876733 137436438384.40613 66
1757581876827 135610852544.92822 67
1757581876920 282659476702.3308 68
1757581877014 160772890026.2873 69
1757581877110 202739828366.79895 70
1757581877205 142417732175.0948 71
1757581877276 168747116644.19714 72
1757581877347 123955914266.28186 73
1757581877415 400203720860.9499 74
1757581877493 172683428402.31775 75
1757581877568 171529895785.65488 76
1757581877649 114770742661.57605 77
1757581877733 135240170399.16167 78
1757581877827 297988892579.5459 79
1757581877922 145417946827.93695 80
1757581878018 178556211294.6684 81
1757581878110 362894774319.5642 82
1757581878203 144402180468.23053 83
1757581878279 96502636284.52235 84
1757581878350 116589685808.9916 85
1757581878421 242170225182.8521 86
1757581878491 206407337940.29666 87
1757581878573 90174317248.51297 88
1757581878647 117802111361.52919 89
1757581878713 101106110146.55377 90
1757581878808 116820524166.8633 91
1757581878901 115635893290.86415 92
1757581878996 185371373317.8716 93
1757581879087 210211531591.72296 94
1757581879181 212648865010.32794 95
1757581879267 121775334686.5599 96
1757581879341 457963870833.9766 97
1757581879410 307798552335.51544 98
1757581879481 115180648725.25516 99
1757581879559 66458659176.32566 100
1757581879627 755721934136.1111 101
1757581879698 334110609233.2025 102
1757581879779 162072704627.5557 103
1757581879878 399094766003.7061 104
1757581879970 139957279817.9494 105
1757581880060 125371901722.71553 106
1757581880151 450991455856.6873 107
1757581880255 310346095321.79126 108
1757581880331 115344116854.13443 109
1757581880405 382995300347.16327 110
1757581880469 95245895747.71684 111
1757581880534 158920906492.78317 112
1757581880611 422383846559.12915 113
1757581880685 220090867232.16885 114
1757581880761 186149125029.4554 115
1757581880857 418181953079.312 116
1757581880957 310596149603.4891 117
1757581881054 94467942884.54007 118
1757581881155 229668046770.9506 119
1757581881251 263195200696.81497 120
1757581881327 145640526934.91837 121
1757581881403 199134274215.03928 122
1757581881479 187176535594.74908 123
1757581881545 154903068180.47888 124
1757581881614 198432782098.37714 125
1757581881686 689263827749.9298 126
1757581881752 99072288403.17194 127
1757581881841 157842023366.45023 128
1757581881935 308077733307.6447 129
1757581882029 169035048028.1654 130
1757581882120 158958206685.5385 131
1757581882215 83935326598.32176 132
1757581882304 416491123349.91486 133
1757581882369 117182159958.4335 134
1757581882444 210913685375.6807 135
1757581882512 182088982558.86435 136
1757581882576 288561801258.57275 137
1757581882649 329232059980.87573 138
1757581882722 170433830609.84518 139
1757581882795 171871435837.9182 140
1757581882890 190225995871.29587 141
1757581882982 153638723027.504 142
1757581883077 73112233366.18602 143
1757581883169 248381414865.31686 144
1757581883262 366842212875.1603 145
1757581883347 1029217286949.2898 146
1757581883419 329951870418.476 147
1757581883491 182551678551.05786 148
1757581883566 84124487276.39436 149
1757581883636 197362949473.27808 150
1757581883723 442895816216.58136 151
1757581883789 104618100407.63028 152
1757581883876 210381955414.15405 153
1757581883976 154495099517.0499 154
1757581884071 301741374309.13275 155
1757581884164 249317324034.0969 156
1757581884263 78095033515.09111 157
1757581884350 169149169460.4597 158
1757581884421 503118331108.661 159
1757581884491 73212195167.20132 160
1757581884563 120550134211.61778 161
1757581884633 92509066732.05785 162
1757581884708 599291773232.6761 163
1757581884775 153107276189.86374 164
1757581884856 79273103126.68002 165
1757581884949 205925031553.64334 166
