1757554780609 1306074201111.2075 0
1757554780744 414740230663.37146 1
1757554780814 527862601204.73834 2
1757554780884 334349215147.1844 3
1757554780950 369088502341.1019 4
1757554781029 132024358474.01543 5
1757554781109 248616350510.67798 6
1757554781177 295422213220.7209 7
1757554781249 922934243119.4257 8
1757554781316 152991195966.1037 9
1757554781388 206844411096.50253 10
1757554781452 207664397097.73752 11
1757554781523 234036922378.37683 12
1757554781588 518553734379.52997 13
1757554781656 233697492390.1771 14
1757554781728 243379914228.93445 15
1757554781840 129643616960.518 16
1757554781906 496987308177.591 17
1757554781980 135797231886.78859 18
1757554782048 107371300181.00287 19
1757554782113 146221062384.43387 20
1757554782191 280625487186.664 21
1757554782265 170652698017.53134 22
1757554782349 343448028939.2957 23
1757554782423 144445593352.3972 24
1757554782501 231027554826.11285 25
1757554782567 253302921655.92862 26
1757554782638 202824727496.43024 27
1757554782708 273016066756.32913 28
1757554782772 84376612321.4982 29
1757554782844 208386515482.22125 30
1757554782911 144812047231.07013 31
1757554782976 189041975347.19257 32
1757554783043 191191333184.41092 33
1757554783109 66744893995.6843 34
1757554783173 279258798118.43146 35
1757554783241 197163864900.77856 36
1757554783306 179686133464.2641 37
1757554783372 131589504582.76855 38
1757554783442 541350481904.13525 39
1757554783510 203683574610.13208 40
1757554783577 257532966749.35263 41
1757554783644 130136401507.9069 42
1757554783706 251209826542.27667 43
1757554783776 151105781353.1826 44
1757554783844 62766708761.403725 45
1757554783912 208634680493.01364 46
1757554783980 311367422974.1805 47
1757554784048 165125425923.3329 48
1757554784114 88356275438.66571 49
1757554784186 42844379365.22292 50
1757554784255 126280834772.32834 51
1757554784324 266892889311.63235 52
1757554784390 109727395297.21646 53
1757554784456 108249599123.49117 54
1757554784524 177978920501.38333 55
1757554784595 100817351114.55785 56
1757554784663 74392690586.52576 57
1757554784727 157557759662.62347 58
1757554784803 132832114961.40967 59
1757554784869 239874025033.9166 60
1757554784936 127739313733.00197 61
1757554785026 86586951851.27477 62
1757554785097 163739011442.50638 63
1757554785169 180706679463.34775 64
1757554785241 157696175429.56396 65
1757554785336 194052700404.62518 66
1757554785414 135772261250.44804 67
1757554785481 152991189648.81772 68
1757554785547 86306382412.16328 69
1757554785620 109175688935.89648 70
1757554785691 208087637426.49612 71
1757554785761 166594985650.64688 72
1757554785829 71289747652.74223 73
1757554785897 128226855360.1053 74
1757554785970 98368366827.48027 75
1757554786040 122974206463.57953 76
1757554786108 111112185098.00981 77
1757554786181 148465950359.5684 78
1757554786259 110174295768.18344 79
1757554786326 52469873904.542534 80
1757554786395 90586265970.54532 81
1757554786460 88934673215.18353 82
1757554786538 102301107755.72308 83
1757554786605 196385098229.52573 84
1757554786672 53199881695.90622 85
1757554786744 218705268899.99374 86
1757554786817 130404369840.53754 87
1757554786883 52932060248.2758 88
1757554786961 165037470531.27295 89
1757554787030 104486106605.71326 90
1757554787108 107449898360.46667 91
1757554787179 128167287093.99638 92
1757554787255 65137250459.24411 93
1757554787326 129921996312.03082 94
1757554787394 114721817716.30573 95
1757554787466 92735729762.18146 96
1757554787539 87130993084.10556 97
1757554787603 420491707620.05365 98
1757554787675 161922620580.81458 99
1757554787743 129093398177.6965 100
1757554787818 69452972171.91502 101
1757554787893 273379991862.1596 102
1757554787967 125056093237.95654 103
1757554788035 83714702527.8161 104
1757554788110 135550270444.3499 105
1757554788196 210251767605.83508 106
1757554788286 215350276272.97083 107
1757554788375 300078298259.91205 108
1757554788464 103675308185.0116 109
1757554788542 136613666586.5336 110
1757554788632 143948445756.81064 111
1757554788725 36335027610.53462 112
1757554788818 148488763809.85126 113
1757554788904 65424858284.00011 114
1757554788974 215491330483.71796 115
1757554789041 46075140017.117294 116
1757554789115 179285863006.40485 117
1757554789178 72036809801.33572 118
1757554789259 82214321455.8541 119
1757554789326 126901403808.94875 120
1757554789397 180615881931.7541 121
1757554789470 86630525165.5003 122
1757554789546 91169633650.12656 123
1757554789613 132198612260.64452 124
1757554789686 123921032844.60207 125
1757554789764 116192680917.82564 126
1757554789828 71525103075.21165 127
1757554789908 108651651780.4258 128
1757554789975 116721553677.38232 129
1757554790046 172432112826.68045 130
1757554790119 84922606770.10893 131
1757554790186 85572258974.77774 132
1757554790259 82654716330.87814 133
1757554790328 163883875278.80936 134
1757554790400 339987546193.75354 135
1757554790471 105333862929.90005 136
1757554790546 86554266116.27686 137
1757554790616 140685518571.5469 138
1757554790680 151033574998.42923 139
1757554790759 106839722237.61275 140
1757554790829 73328769102.50484 141
1757554790902 128020753527.77834 142
1757554790974 65585895096.26609 143
1757554791048 173236836054.05136 144
1757554791119 272845865174.05493 145
1757554791187 115456950021.56721 146
1757554791261 99233309873.29575 147
1757554791328 104838565418.8872 148
1757554791398 53745427117.48872 149
1757554791467 107117378987.62262 150
1757554791548 78174639586.09113 151
1757554791611 132383926481.4919 152
1757554791683 176566363360.2369 153
1757554791750 163277794524.3204 154
1757554791827 138781232415.3541 155
1757554791895 141523796300.47263 156
1757554791966 111143799814.11969 157
1757554792037 58183148465.716255 158
1757554792106 98244895506.63776 159
1757554792181 124620171542.49261 160
1757554792257 78457908554.73631 161
1757554792327 76849503552.19107 162
1757554792389 29173322219.58297 163
1757554792456 150704190829.74277 164
1757554792527 147925491943.53494 165
1757554792592 68091233590.00605 166
1757554792662 60206447966.86189 167
1757554792728 94336312098.43384 168
1757554792793 146535186321.7972 169
1757554792865 131160036615.22568 170
1757554792935 53456383277.8669 171
1757554793010 382998906996.51807 172
1757554793080 44889172693.83047 173
1757554793163 83148623097.14452 174
1757554793235 270428648849.30707 175
1757554793303 42786953725.583435 176
1757554793377 166905915273.40903 177
1757554793451 65000937980.39806 178
1757554793524 74958636700.59303 179
1757554793595 121738162234.49025 180
1757554793665 67106597156.54106 181
1757554793734 78846267080.18024 182
1757554793809 87745439200.04007 183
1757554793878 113220392471.91411 184
1757554793952 204783824934.70972 185
1757554794018 265248633846.17514 186
1757554794089 227666605816.26755 187
1757554794157 210650255700.93207 188
1757554794233 147514461844.26834 189
1757554794312 136640474791.03569 190
1757554794385 94450364142.32953 191
1757554794454 140962443912.19553 192
1757554794523 48401395992.39211 193
1757554794592 161629985466.8165 194
1757554794667 38297841829.67607 195
1757554794741 36457347496.18807 196
1757554794808 44907996587.81176 197
1757554794874 102144100075.27654 198
1757554794943 93988586698.31705 199
1757554795015 253888137578.89886 200
1757554795087 131188800936.86182 201
1757554795154 171100478372.79852 202
1757554795222 85861973368.10547 203
1757554795294 77720582791.86517 204
1757554795363 146493823914.24173 205
1757554795430 53500641084.449 206
1757554795497 58303399357.70754 207
1757554795565 51173663564.63352 208
1757554795632 37499339232.487076 209
1757554795699 55722787358.23489 210
1757554795766 112291493650.45067 211
1757554795833 207608260160.1608 212
1757554795903 44152276972.32033 213
1757554795970 163085613968.0251 214
1757554796037 290815404405.1862 215
1757554796102 62886688924.988655 216
1757554796168 68648367204.62297 217
1757554796237 56321764755.87358 218
1757554796304 41856630620.29744 219
1757554796370 54029326602.46099 220
1757554796439 63636485336.503174 221
1757554796504 65490777047.80293 222
1757554796570 145731507901.13464 223
1757554796636 48551034137.38081 224
1757554796703 42133349410.710106 225
1757554796769 210224720921.46722 226
1757554796835 48173217358.133484 227
1757554796901 44751152927.46189 228
1757554796968 218976682684.0577 229
1757554797035 243539942713.8481 230
1757554797100 121499961106.50468 231
1757554797166 84769679566.28189 232
1757554797232 184091226582.544 233
1757554797301 188400851137.3771 234
1757554797369 249180443391.07202 235
1757554797437 141175951627.68997 236
1757554797506 105294528625.80351 237
1757554797572 89681472620.6849 238
1757554797639 114354755973.67671 239
1757554797712 75882491610.61702 240
1757554797783 122890816729.53023 241
1757554797849 101369327178.04742 242
1757554797915 41768361804.927704 243
1757554797980 98006864440.78151 244
1757554798046 83657636457.91226 245
1757554798112 553570998571.062 246
1757554798180 106126120519.50652 247
1757554798250 162834465780.63593 248
1757554798317 85328494145.49673 249
1757554798383 30416899119.006214 250
1757554798450 26336506635.77633 251
1757554798516 217222425245.20227 252
1757554798587 103359109861.39604 253
1757554798655 49340827808.93618 254
1757554798724 99340857188.5083 255
1757554798794 45723254012.93066 256
1757554798866 49804312626.747604 257
1757554798934 205479013072.19452 258
1757554799004 50965584763.361755 259
1757554799084 110758172797.83104 260
1757554799151 81127166695.21695 261
1757554799218 205421419860.77603 262
1757554799290 198495953816.8525 263
1757554799357 87864071322.6388 264
1757554799424 116982705389.13977 265
1757554799495 141849255534.6504 266
1757554799565 334004281446.44006 267
1757554799635 130865900975.64774 268
1757554799707 89397130181.1355 269
1757554799774 96125741789.22781 270
1757554799842 92979915722.53462 271
1757554799921 213614035406.41876 272
1757554799988 83598215707.81688 273
1757554800058 59651014465.74741 274
1757554800126 74064072276.97076 275
1757554800192 165348572491.96735 276
1757554800259 157415985236.56046 277
1757554800326 91227923377.55688 278
1757554800393 233247383734.84238 279
1757554800472 260820069389.09787 280
1757554800556 121226136449.34473 281
1757554800634 78773863186.72098 282
1757554800708 228042307363.9385 283
1757554800780 87763718307.01935 284
1757554800858 50140899356.44629 285
1757554800935 245455395426.09808 286
1757554801011 69305949664.04994 287
1757554801092 69125318542.33891 288
1757554801162 47398566582.25623 289
1757554801232 20367006724.974915 290
1757554801301 229903601584.72787 291
1757554801370 100653394744.59174 292
1757554801437 103855238002.95474 293
1757554801507 578913305994.8849 294
1757554801576 46884866670.90326 295
1757554801643 82697024531.82547 296
1757554801708 132040249499.56781 297
1757554801780 53096940958.43107 298
1757554801850 76162118979.9773 299
1757554801920 61862933138.531784 300
1757554801987 34600601962.81393 301
1757554802054 186767509158.7074 302
1757554802120 153021372317.07074 303
1757554802187 144408542734.4904 304
1757554802258 91913036038.70934 305
1757554802326 54743336265.981995 306
1757554802391 73958554191.86261 307
1757554802458 45295671979.101776 308
1757554802526 38959811018.54999 309
1757554802593 113798645644.52771 310
1757554802659 66053066347.99381 311
1757554802725 121452868580.94673 312
1757554802797 70721877274.33362 313
1757554802864 205637286237.57208 314
1757554802931 68495282350.86481 315
1757554802998 129415100549.00696 316
1757554803066 107499863942.57594 317
1757554803142 108407763924.80882 318
1757554803213 33646547926.369305 319
1757554803283 109475134200.78026 320
1757554803352 102708392133.84192 321
1757554803419 50622131031.00496 322
1757554803487 131177506724.5038 323
1757554803554 82433325859.29082 324
1757554803624 147909828615.8781 325
1757554803691 63106506753.90981 326
1757554803761 90199556504.90933 327
1757554803827 230855309776.16644 328
1757554803894 303295937512.32434 329
1757554803960 59666450699.64439 330
1757554804027 67557478002.90785 331
1757554804099 82294202356.26616 332
1757554804165 159394793419.9561 333
1757554804235 76619301907.71252 334
1757554804304 137170859409.86295 335
1757554804372 63868468417.16278 336
1757554804439 81413641546.81897 337
1757554804507 60095266096.06489 338
1757554804574 46759347832.809296 339
1757554804642 255212413734.06726 340
1757554804710 125478264057.45268 341
1757554804779 127283111982.55154 342
1757554804846 297015343840.8154 343
1757554804916 107621052478.40788 344
1757554804982 32942888705.070812 345
1757554805049 237886446181.19498 346
1757554805117 68939255113.30927 347
1757554805182 85803952049.19937 348
1757554805250 102002104817.19894 349
1757554805317 29780607539.753853 350
1757554805384 81053170317.80122 351
1757554805449 166337099569.9913 352
1757554805516 40487018560.73285 353
1757554805583 159455509290.02393 354
1757554805649 118431715746.21152 355
1757554805715 126165883281.24191 356
1757554805785 55134366746.01505 357
1757554805853 75950796833.0214 358
1757554805920 50282590562.89182 359
1757554805987 173543117814.6513 360
1757554806053 116920089214.13391 361
1757554806119 37961538368.82948 362
1757554806186 149362391309.4592 363
1757554806267 82046714929.70021 364
1757554806339 101090890413.3705 365
1757554806408 75064364733.29616 366
1757554806478 189169800387.6992 367
1757554806548 96468580198.91237 368
1757554806618 50410454869.62883 369
1757554806686 125411062510.31615 370
1757554806752 37003459627.41666 371
1757554806822 53046358827.72837 372
1757554806889 115498249256.38028 373
1757554806956 58905552619.118454 374
1757554807024 46624614838.428795 375
1757554807090 36419746063.910225 376
1757554807157 63851025282.01812 377
1757554807227 141548034331.94257 378
1757554807295 74521538143.953 379
1757554807364 122437755866.41972 380
1757554807432 69663027764.72958 381
1757554807502 76126428616.98906 382
1757554807569 110568974281.18526 383
1757554807637 55496697049.8081 384
1757554807705 35249887989.70561 385
1757554807773 203098134852.73846 386
1757554807840 202676190950.9051 387
1757554807907 69529825491.74394 388
1757554807975 46783790959.46327 389
1757554808044 76277227322.77686 390
1757554808111 223115185725.69946 391
1757554808180 55124577795.25101 392
1757554808248 164323473084.53622 393
1757554808316 103296782618.87051 394
1757554808383 88401709035.11462 395
1757554808452 118880453535.32558 396
1757554808772 248773396102.00903 397
1757554808854 83258341139.99193 398
1757554808930 90403875763.64954 399
1757554809008 119348989839.58766 400
1757554809083 60447919660.95815 401
1757554809157 237902538347.04147 402
1757554809241 151834124917.9349 403
1757554809349 48052211081.63066 404
1757554809450 147059106203.72162 405
1757554809543 84588635097.69873 406
1757554809641 73513538822.83217 407
1757554809739 72070010180.56136 408
1757554809833 126343227683.38525 409
1757554809929 217862879846.8359 410
1757554810025 26698621982.799385 411
1757554810118 151540109109.74274 412
1757554810213 34794093179.238525 413
1757554810305 36390570174.93221 414
1757554810396 106204163911.30415 415
1757554810484 63432442261.526184 416
1757554810578 40744659178.194244 417
1757554810673 82501868699.18428 418
1757554810766 99727569718.22049 419
1757554810855 45218535911.08303 420
1757554810949 50036850982.50181 421
1757554811048 318618474358.2855 422
1757554811141 62970952077.25102 423
1757554811236 23774882231.57313 424
1757554811391 95904844330.44443 425
1757554811460 60464507582.94072 426
1757554811526 81205081798.65323 427
1757554811592 52840097261.189865 428
1757554811658 100115517094.8816 429
1757554811725 86972747429.48616 430
1757554811795 104439354748.3112 431
1757554811861 29243695010.686256 432
1757554811929 36215449016.197296 433
1757554811995 119062718767.58789 434
1757554812062 70446072828.26393 435
1757554812129 44610876984.973175 436
1757554812197 124539470992.91559 437
1757554812264 79105165435.22966 438
1757554812340 651001273517.7913 439
1757554812414 105501425263.62576 440
1757554812482 85380988503.5088 441
1757554812550 209437659155.40762 442
1757554812618 44858641996.188675 443
1757554812685 90727514208.74788 444
1757554812751 101471035410.11095 445
1757554812823 123927453748.19058 446
1757554812891 135782198716.64355 447
1757554812959 77022538364.02618 448
1757554813028 27034412786.748226 449
1757554813098 37993114531.14715 450
1757554813164 55074173081.183075 451
1757554813231 148821914887.90045 452
1757554813299 103290262461.36604 453
1757554813367 124961773601.4622 454
1757554813435 51729499979.11406 455
1757554813503 101048011549.13498 456
1757554813570 20753626364.150723 457
1757554813636 88347757279.32703 458
1757554813707 89042218758.61414 459
1757554813780 51136169451.04844 460
1757554813850 61687873535.79802 461
1757554813920 171150643248.05685 462
1757554813987 222275057070.608 463
1757554814055 52271461156.68805 464
1757554814123 59492964683.08912 465
1757554814191 93903054386.9018 466
1757554814258 53230213565.035835 467
1757554814327 212488803130.26328 468
1757554814396 60915139853.46201 469
1757554814465 43091206238.212204 470
1757554814533 96663042828.90065 471
1757554814600 107360279240.15068 472
1757554814667 105170954384.66568 473
1757554814735 208970322731.5534 474
1757554814805 298786723046.4345 475
1757554814874 91441447026.47188 476
1757554814941 125044976535.26411 477
1757554815012 115130658221.85736 478
1757554815080 42169412905.88026 479
1757554815149 37760016334.86587 480
1757554815216 106913630404.2271 481
1757554815285 39949108533.322426 482
1757554815352 79079648841.97066 483
1757554815420 53654307795.567566 484
1757554815498 107100569226.19107 485
1757554815566 72339263283.99733 486
1757554815633 97791340855.5165 487
1757554815701 52590973181.26091 488
1757554815769 180521378256.85733 489
1757554815838 125720052083.63953 490
1757554815907 176230402072.08255 491
1757554815975 85659599124.7473 492
1757554816044 42286624200.042336 493
1757554816113 51004024982.85614 494
1757554816182 148779728838.47665 495
1757554816286 130166345879.83188 496
1757554816356 106553585141.85059 497
1757554816426 152094222086.83878 498
1757554816493 138604343063.8091 499
