1757537666800 27057709416.435535 0
1757537667305 16606368718.96633 1
1757537667781 167530850696.03818 2
1757537668253 94268396754.84148 3
1757537668754 4282670119.1883264 4
1757537669252 110469144728.8192 5
1757537669722 29184595155.196976 6
1757537670190 17711216229.50089 7
1757537670664 1757066495712.7124 8
1757537671174 109805177115.20503 9
1757537671694 26607505189.03951 10
1757537672164 506355932181.7891 11
1757537672631 5935510268.893162 12
1757537673115 92233844818.49966 13
1757537673618 88830848749.6313 14
1757537674091 27524524906.05375 15
1757537674570 95369613.38262436 16
1757537675045 105998801799.40762 17
1757537675530 157428263942.20673 18
1757537676019 329474764720.1322 19
1757537676501 110515841981.32828 20
1757537676972 7050997156.004667 21
1757537677444 35583127290.827156 22
1757537677909 31843418276.22117 23
1757537678372 8284996964.967974 24
1757537678853 18265435521.873013 25
1757537679338 5520578103.845828 26
1757537679810 138919005138.17282 27
1757537680283 12622833332.744093 28
1757537680778 679862147.5491449 29
1757537681270 403405222218.3588 30
1757537681746 3887271673.6969137 31
1757537682223 323413631.2199735 32
1757537682703 3307089219710.4575 33
1757537683170 23574177188.050957 34
1757537683648 450127625968.6459 35
1757537684126 985640702643.8502 36
1757537684620 80603847152.40039 37
1757537685109 65853559133.48566 38
1757537685598 3570348563.803885 39
1757537686080 7009703636.392408 40
1757537686598 178580841249.01733 41
1757537687085 365131562148.29016 42
1757537687571 1498089681362.8909 43
1757537688051 214244698.11293918 44
1757537688547 296753108.89498085 45
1757537689034 42796163857.09288 46
1757537689534 16066561.727750564 47
1757537690019 106462639776.61795 48
1757537690501 2052997351.5798051 49
1757537690975 19655430870.825565 50
1757537691453 690676980801.903 51
1757537691925 8197433114.276408 52
1757537692398 2201525323344.9326 53
1757537692861 1300150014.7902575 54
1757537693368 3453552342.969127 55
1757537693881 13767491616.731792 56
1757537694373 11905141888.976673 57
1757537694845 13166599867.118921 58
1757537695320 111047499869.12337 59
1757537695787 4208273047.9207716 60
1757537696256 140304029.80735266 61
1757537696765 384496922.67922753 62
1757537697271 486681265105.5929 63
1757537697758 54074717170.930626 64
1757537698235 638474013480.9135 65
1757537698723 59800645041.00879 66
1757537699208 3375465132817.5425 67
1757537699719 505860698548.27 68
1757537700191 1850077369.616087 69
1757537700660 208280965473.04562 70
1757537701144 1238709861.746629 71
1757537701614 63681187523.21853 72
1757537702095 1598766612.1073158 73
1757537702583 7568301584.397936 74
1757537703058 1641662390828.251 75
1757537703536 60401987559.07232 76
1757537704007 11459817451.167992 77
1757537704500 24178962860.550144 78
1757537704983 23080276208.836765 79
1757537705463 344174437606.6767 80
1757537705936 4725707650.037576 81
1757537706420 45122855816.62633 82
1757537706917 128126983.04978745 83
1757537707401 198192932256.4521 84
1757537707879 31905995070.430183 85
1757537708375 891696415373.3778 86
1757537708864 80467856506.81389 87
1757537709384 97263594911.04616 88
1757537709897 7029263849.984532 89
1757537710423 470579030475.50256 90
1757537710908 412562433158.81116 91
1757537711406 11757053590.489775 92
1757537711914 49764481505.984924 93
1757537712407 14417236700.200743 94
1757537712878 25453424281.108265 95
1757537713362 70311093909.7571 96
1757537713832 5265054690.599686 97
1757537714322 166912943132.09723 98
1757537714799 124678992.70968688 99
1757537715271 466510193115.12463 100
1757537715742 6100799771436.6455 101
1757537716224 42514558546.76454 102
1757537716715 359131934557.5691 103
1757537717182 3307876692.869662 104
1757537717659 337115944736.11536 105
1757537718144 1248225148774.5388 106
1757537718626 91847023866.83334 107
1757537719115 2409942.4548869813 108
1757537719613 47042984645.54872 109
1757537720080 91990407642.487 110
1757537720546 32790824219.71998 111
1757537721016 5776013789.654269 112
1757537721484 130063665787.45549 113
1757537721962 2196808426.389655 114
1757537722435 754915263906.084 115
1757537722914 711664093150.4055 116
1757537723380 7177042775.616219 117
1757537723852 85900974885.21152 118
1757537724331 584649248613.4662 119
1757537724806 12844192459.382174 120
1757537725324 133271045015.94922 121
1757537725791 9565755028.989689 122
1757537726255 12486675020.336706 123
1757537726755 398938116222.3514 124
1757537727243 65820831335.140854 125
1757537727743 15698582953.39891 126
1757537728218 97722484567.27565 127
1757537728700 843016834581.9238 128
1757537729246 158512016168.40118 129
1757537729734 18878453.392574113 130
1757537730224 2188653298.3971815 131
1757537730706 373912717175.0957 132
1757537731172 15896675153.36462 133
1757537731662 13911875717779.172 134
1757537732140 9110066613.24574 135
1757537732621 18702822691.668423 136
1757537733090 9049506068.63346 137
1757537733565 13561468794.31301 138
1757537734045 133245039739.05641 139
1757537734512 61918022700.39082 140
1757537734993 2303353209.602701 141
1757537735480 8028826531682.761 142
1757537735954 665100838890.7034 143
1757537736411 159602605663.0553 144
1757537736902 11625853326605.14 145
1757537737384 8258982874.121022 146
1757537737867 697558701678.8788 147
1757537738360 463855476.81770694 148
1757537738857 5455709395.9886055 149
1757537739349 56677224913.67844 150
1757537739848 46642546180.52388 151
1757537740344 77540386541.88661 152
1757537740832 2499233.7695809095 153
1757537741314 12082354562.99518 154
1757537741816 4461361687.774161 155
1757537742294 50362318001.22078 156
1757537742777 193805215486.5462 157
1757537743262 5117964834521.161 158
1757537743749 118885220250.98897 159
1757537744222 417536081980.3988 160
1757537744720 532922432111.1009 161
1757537745216 121842039283.9462 162
1757537745696 158948026193.77618 163
1757537746178 33451647730.15838 164
1757537746669 186848148489.10907 165
1757537747149 4591089221829.181 166
1757537747637 248159558705.24484 167
1757537748128 15893837632.093737 168
1757537748631 144987093151.91122 169
1757537749133 1187414985535.7708 170
1757537749630 416611195799.60803 171
1757537750150 6801218008.026109 172
1757537750617 37467402157.897766 173
1757537751115 60756225070.23007 174
1757537751609 114114165687.53906 175
1757537752085 508123896499.4927 176
1757537752569 92005772348.82118 177
1757537753065 145817128124.14172 178
1757537753554 5803886522.509604 179
1757537754026 22671113408.451656 180
1757537754508 488196143324.0373 181
1757537755008 5536043255.852323 182
1757537755502 6609987390183.401 183
1757537755994 671934385546.4373 184
1757537756522 70318216150.18207 185
1757537757041 601751333114.9009 186
1757537757527 70831032828.78638 187
1757537758010 156313592857.2899 188
1757537758519 48249076620.93546 189
1757537759007 30865441163.052765 190
1757537759522 162928811115.465 191
1757537760030 628413057382.062 192
1757537760518 442784928333.2123 193
1757537761009 16900845105.728237 194
1757537761500 86932653469.29324 195
1757537761985 1967076747495.4045 196
1757537762486 2561635123.90626 197
1757537762986 3622009816.5552535 198
1757537763466 38703594806.824905 199
1757537763947 279287613.5449331 200
1757537764437 208918757.44809985 201
1757537764945 802002417777.1528 202
1757537765456 33257123281.64013 203
1757537765945 6356506476.71188 204
1757537766427 2267187713.466404 205
1757537766925 60016358227.17693 206
1757537767402 19491922099.5504 207
1757537767889 55565560158.51447 208
1757537768374 10494571046732.945 209
1757537768845 5928807306318.346 210
1757537769362 82759650025.24913 211
1757537769865 55574407210.71969 212
1757537770356 326790971047.3208 213
1757537770843 47969406910.030106 214
1757537771336 238219218.96918318 215
1757537771815 14549652548.264757 216
1757537772319 80069157901.46379 217
1757537772857 4404690389940.083 218
1757537773352 2896644843043.0747 219
1757537773863 2009079310059.6426 220
1757537774355 106552985200.02164 221
1757537774849 122025601718.2041 222
1757537775345 533220065761.1535 223
1757537775840 3769847676.184117 224
1757537776348 101727412968.82869 225
1757537776845 23119471009.14965 226
1757537777343 175422954.97908732 227
1757537777828 160775370135.9763 228
1757537778332 71412752448.24742 229
1757537778819 116876520131.66106 230
1757537779313 15882970839.499264 231
1757537779818 211127283966.18875 232
1757537780302 290770757618.85394 233
1757537780781 405699140319.5403 234
1757537781275 126951824.54993938 235
1757537781763 23260723862.795853 236
1757537782289 134609182982.52206 237
1757537782776 17934783444.092094 238
1757537783259 18261882337.418774 239
1757537783742 48574155.192372344 240
1757537784232 22752017083.87125 241
1757537784743 3733228957369.2827 242
1757537785231 31392234943.766514 243
1757537785735 41050488170.4789 244
1757537786204 444316117517.6197 245
1757537786707 44202979332.259514 246
1757537787190 39104264437.70627 247
1757537787689 5937843203.788531 248
1757537788192 8995449.673052026 249
1757537788694 165922104956.6472 250
1757537789198 7415320289.201063 251
1757537789709 2451673668.103245 252
1757537790247 14619017559.404495 253
1757537790765 79404715213.21414 254
1757537791258 133597937602.96193 255
1757537791778 92086540724.94005 256
1757537792276 1126411670828.2373 257
1757537792761 120543171148.76729 258
1757537793246 5481207693951.674 259
1757537793738 133339934.00861669 260
1757537794216 5898482858.916228 261
1757537794715 13661276548.177391 262
1757537795196 66220881714.98777 263
1757537795683 36392087329.231346 264
1757537796180 35964927045.369514 265
1757537796690 40927210898.338264 266
1757537797176 1042747869598.117 267
1757537797686 51820093403.839905 268
1757537798175 21567800966.546032 269
1757537798685 32952897365.430157 270
1757537799202 18310159175.1148 271
1757537799712 25058499444.361233 272
1757537800189 331504883955.03595 273
1757537800702 28436736199.58436 274
1757537801187 17847384965.94837 275
1757537801679 201589131759.14725 276
1757537802165 151856223370.28693 277
1757537802641 209321184715.57043 278
1757537803127 5488972723.966494 279
1757537803610 461802164645.4154 280
1757537804085 43910714895.48736 281
1757537804598 6486894091.527799 282
1757537805076 10903591384.902966 283
1757537805561 6541581344.982737 284
1757537806042 14788957280.966995 285
1757537806527 33098469628.121437 286
1757537807021 43417948544.409966 287
1757537807503 137679877.7939856 288
1757537807996 169042834.9479907 289
1757537808487 42212364656.281044 290
1757537808968 758230798602.4272 291
1757537809474 7359109210.79466 292
1757537809970 5214924702184.203 293
1757537810458 17270137045.302685 294
1757537810956 819587523520.4065 295
1757537811456 717286944.633103 296
1757537811955 330141252.05430657 297
1757537812448 68089233178.18783 298
1757537812945 7939323452.928854 299
1757537813436 4865339348.057906 300
1757537813917 109850022419.96533 301
1757537814395 3962229062.323882 302
1757537814879 10132490653.69392 303
1757537815367 376775865.2827864 304
1757537815859 6595114274.333414 305
1757537816360 3736108754.554196 306
1757537816847 15412482992.6584 307
1757537817339 1201624279.4702792 308
1757537817818 148178007019.00687 309
1757537818297 352377277430.04486 310
1757537818809 19016971720.266304 311
1757537819411 23990099840.860733 312
1757537819906 32395871075.39568 313
1757537820402 5808375313.455724 314
1757537820896 46806608.21137227 315
1757537821402 801163473.3084257 316
1757537821895 943032501.7025883 317
1757537822394 40712493489.18513 318
1757537822887 882637747.4024299 319
1757537823376 165153177054.93536 320
1757537823860 205524460768.0065 321
1757537824362 13725992161.810026 322
1757537824851 111277828835.66078 323
1757537825346 65348044890.13226 324
1757537825829 663592359839.3342 325
1757537826316 12146166730.225962 326
1757537826827 177747854983.71057 327
1757537827306 133624891152.59721 328
1757537827783 48981264174.99776 329
1757537828266 20901493919.42927 330
1757537828751 17196795263.588 331
1757537829260 25208371.407800052 332
1757537829754 124813428561.16649 333
1757537830242 8249353322.65483 334
1757537830802 87139842302.75684 335
1757537831285 81567297.41757649 336
1757537831803 1879828827576.7283 337
1757537832305 615476506545.2167 338
1757537832816 23947641633.50611 339
1757537833307 33944313371.182274 340
1757537833814 46393886933.06172 341
1757537834317 102978817785.64256 342
1757537834804 7684120724.777638 343
1757537835303 19525168245.14386 344
1757537835799 155328237841.11215 345
1757537836288 162681897030.3492 346
1757537836802 413382937681.58484 347
1757537837371 24045184950.517757 348
1757537837891 475515142730.1681 349
1757537838386 266099130326.9347 350
1757537838896 3363342936150.167 351
1757537839465 172159149749.1901 352
1757537839967 6570567055.070347 353
1757537840450 46363229164.57965 354
1757537840932 311295157061.9454 355
1757537841416 289754703981.92316 356
1757537841898 91520141.53660111 357
1757537842395 172109491148.4161 358
1757537842887 6938552543.716713 359
1757537843406 104967828679.66978 360
1757537843923 13880326375.532303 361
1757537844424 97017007.84276395 362
1757537844945 46393600285.72103 363
1757537845449 14386513.716826769 364
1757537845941 20949828696.77902 365
1757537846435 2277958337.6860437 366
1757537846943 12525734796.221931 367
1757537847444 1491596912.773445 368
1757537847931 17502325255.668404 369
1757537848436 81676033055.35507 370
1757537848926 73576418278.3223 371
1757537849429 380015310.8175192 372
1757537849923 1318209718.7183416 373
1757537850434 45567365290.57474 374
1757537850982 104884915724.19714 375
1757537851505 329487524.54144907 376
1757537851994 41137083275.30289 377
1757537852505 114953823.52833681 378
1757537852997 258891282258.0694 379
1757537853488 352905223011.4667 380
1757537853974 62417636160.03571 381
1757537854466 73099030182.59422 382
1757537854960 5374108219.961117 383
1757537855450 11760448579.166124 384
1757537855934 13755776844.015772 385
1757537856417 52764585276.24142 386
1757537856913 698937688342.7173 387
1757537857403 76887027817.52827 388
1757537857919 737036587387.247 389
1757537858426 5796857126.062786 390
1757537858929 21375785868.03771 391
1757537859432 2380194033.348631 392
1757537859928 38520185536.56633 393
1757537860414 187865525580.45703 394
1757537860901 1303584300668.6365 395
1757537861398 10416354916160.527 396
1757537861913 919881179717.6382 397
1757537862394 748114719347.4078 398
1757537862895 9912249088097.672 399
1757537863379 129221260421.3187 400
1757537863863 1284475732552.6672 401
1757537864362 181666061.44462508 402
1757537864845 21464285938.548378 403
1757537865342 408419918838.4042 404
1757537865825 147307603962.4127 405
1757537866306 628298222.068169 406
1757537866801 26792997287.396915 407
1757537867294 48773868652.54099 408
1757537867777 146319539901.85773 409
1757537868270 296366818979.5437 410
1757537868759 118490330.35026973 411
1757537869284 3758973563.2203717 412
1757537869780 2679398950320.6406 413
1757537870259 56468301094.45681 414
1757537870825 117098182884.17322 415
1757537871327 5676481798.025082 416
1757537871840 198237832505.4015 417
1757537872346 2015487214008.9075 418
1757537872848 465212569489.8989 419
1757537873361 818201028.2582259 420
1757537873868 36034898129.067764 421
1757537874360 454317090106.48816 422
1757537874846 79075208735.31795 423
1757537875336 12586422474.912231 424
1757537875814 54035703059.335304 425
1757537876296 19611408093.047947 426
1757537876794 7628106333.269207 427
1757537877280 1020784880032.9023 428
1757537877772 184135288460.3608 429
1757537878249 327162186989.49786 430
1757537878744 311164556408.2646 431
1757537879247 8216318506.874032 432
1757537879754 25933095968.508507 433
1757537880232 512748079972.1392 434
1757537880723 29167255961.54678 435
1757537881231 22023370358.902954 436
1757537881739 1593637425105.4543 437
1757537882288 179540618181.12738 438
1757537882817 42592065141.59466 439
1757537883328 3685452394.2011404 440
1757537883842 252599369238.3968 441
1757537884355 161202062024.94727 442
1757537884877 10498409751.774971 443
1757537885384 6736371.774079141 444
1757537885887 182264082.10232624 445
1757537886396 3624293014.4689074 446
1757537886897 69435823210.17421 447
1757537887400 212319805969.33957 448
1757537887901 129044352794.5516 449
1757537888425 75505130862.4851 450
1757537888935 119530059748.2373 451
1757537889456 851583872806.0767 452
1757537889954 6282855487.177114 453
1757537890443 50227090610.035675 454
1757537890935 29145253571.24598 455
1757537891489 36807392321.452415 456
1757537892000 271504137703.34738 457
1757537892554 8204151133233.894 458
1757537893091 4346574918.196718 459
1757537893674 21953320.566334527 460
1757537894237 37972489908.47002 461
1757537894788 32107141563.019352 462
1757537895293 16006507871.942406 463
1757537895796 212865025493.4941 464
1757537896285 12217083221920.055 465
1757537896831 14827097031.767359 466
1757537897361 48919565523.88962 467
1757537897876 1104546088.5735562 468
1757537898387 259931258.49693993 469
1757537898888 89986929122.43773 470
1757537899389 2529383360.789624 471
1757537899870 10816485592.247072 472
1757537900396 1241835770.467335 473
1757537900903 1264947147.7414632 474
1757537901439 140538035202.81665 475
1757537901969 6001490870.012183 476
1757537902529 61333800089.145355 477
1757537903073 2227583046.706113 478
1757537903561 151947301648.59918 479
1757537904041 20307057709.736362 480
1757537904522 1258106087.0387902 481
1757537905034 17930743455.375343 482
1757537905525 227728557970.6881 483
1757537906020 26979236589.15411 484
1757537906515 12755846920.92161 485
1757537907026 642513752265.0842 486
1757537907525 2478459369.1990275 487
1757537908027 27715006152.50293 488
1757537908514 92727969758.0662 489
1757537909009 262198962496.77744 490
1757537909530 47328293123.26074 491
1757537910027 7672550319.2257185 492
1757537910515 1219602715673.7969 493
1757537911024 391269094785.0258 494
1757537911518 109377228694.16827 495
1757537912006 753231638584.089 496
1757537912519 248618690105.99344 497
1757537913026 88802781940.66591 498
1757537913504 4679697834.257572 499
