1757559998392 9662570136.130737 0
1757559998894 5.747636894507222e+16 1
1757559999387 4.05286443284079e+19 2
1757559999885 2.872062353664438e+22 3
1757560000385 1.262514693834543e+25 4
1757560000879 1.8471506787849452e+29 5
1757560001362 1.536377051572675e+32 6
1757560001844 4.347503062237983e+36 7
1757560002327 2.8453071883821566e+40 8
1757560002808 5.689876951414294e+43 9
1757560003296 1.0241229521154368e+47 10
1757560003776 1.2483876510829838e+47 11
1757560004260 1.0545329369703765e+53 12
1757560004742 2.577954362043437e+57 13
1757560005225 2.7293346853473453e+62 14
1757560005712 4.923980229648098e+64 15
1757560006209 2.0511332515403348e+67 16
1757560006692 1.7406911437398414e+72 17
1757560007176 9.040710453898236e+75 18
1757560007659 4.065807623534787e+79 19
1757560008148 1.8099505430088783e+81 20
1757560008656 2.677148282081705e+84 21
1757560009164 4.160314907645502e+87 22
1757560009661 1.3862190203421397e+90 23
1757560010160 2.6363059069805644e+96 24
1757560010656 4.5369041512082035e+101 25
1757560011172 2.9563417167913985e+103 26
1757560011685 6.6225741214804725e+106 27
1757560012177 1.6555580248483006e+109 28
1757560012679 3.1860010413836213e+112 29
1757560013160 1.0081504699363891e+117 30
1757560013643 1.690930418836178e+119 31
1757560014132 3.68752449782604e+122 32
1757560014616 1.649340048027495e+126 33
1757560015103 5.223057819684636e+130 34
1757560015587 7.898728095415624e+134 35
1757560016071 3.099077482863847e+135 36
1757560016566 8.009911183922364e+141 37
1757560017043 4.7805790775481446e+145 38
1757560017529 9.870821471587489e+148 39
1757560018018 1.736419916259971e+152 40
1757560018502 9.204491174967862e+155 41
1757560018987 4.535784300324981e+158 42
1757560019476 2.970270622697291e+161 43
1757560019964 3.059895812327068e+169 44
1757560020460 6.292787112496438e+169 45
1757560020952 1.519744947499831e+174 46
1757560021438 5.815005291147721e+177 47
1757560021914 5.614529529828758e+179 48
1757560022396 3.856395522728379e+182 49
1757560022884 1.397423019623757e+188 50
1757560023383 2.227981616966225e+190 51
1757560023864 2.1568293108711063e+196 52
1757560024356 2.2768195390695314e+196 53
1757560024857 2.773032488421012e+203 54
1757560025355 1.5291082623724194e+206 55
1757560025847 5.2619084837630556e+209 56
1757560026338 2.3820547363891664e+210 57
1757560026828 1.2102923858316359e+217 58
1757560027329 2.3790727460636703e+221 59
1757560027824 8.275321940867697e+222 60
1757560028319 7.619105446428353e+226 61
1757560028820 9.010350986986827e+229 62
1757560029316 4.195568683988936e+233 63
1757560029794 2.1436166438845534e+236 64
1757560030284 1.0468226747356693e+242 65
1757560030780 5.232656523305889e+243 66
1757560031281 6.639377536133448e+247 67
1757560031788 2.2368329499757332e+251 68
1757560032301 4.5636502605105e+255 69
1757560032825 8.549577048613418e+258 70
1757560033371 9.955216564521421e+261 71
1757560033888 8.380138779251402e+265 72
1757560034405 1.1237014211806096e+268 73
1757560034919 2.0942719943373948e+272 74
1757560035453 1.4697712290038015e+275 75
1757560035969 2.6578818044427138e+278 76
1757560036488 5.630451305090041e+282 77
1757560036999 6.766646091224133e+285 78
1757560037510 1.6831221398848673e+290 79
1757560038023 6.180924700464107e+291 80
1757560038538 8.078464958813163e+296 81
1757560039048 6.843913872356494e+302 82
1757560039571 4.965101709629414e+304 83
1757560040080 inf 84
