1757571044320 1064044748402.8925 0
1757571044380 1063831951047.3054 1
1757571044441 1063619222353.6759 2
1757571044505 1063406562276.5338 3
1757571044576 1063193970788.276 4
1757571044637 1062981447861.3124 5
1757571044704 1062768993468.0656 6
1757571044761 1062556607580.9718 7
1757571044821 1062344290172.4802 8
1757571044889 1062132041215.0526 9
1757571044950 1061919860681.1647 10
1757571045013 1061707748543.3046 11
1757571045073 1061495704773.9736 12
1757571045135 1061283729345.686 13
1757571045203 1061071822230.9698 14
1757571045277 1060859983402.3651 15
1757571045340 1060648212832.4254 16
1757571045402 1060436510493.7175 17
1757571045467 1060224876358.8206 18
1757571045533 1060013310400.3278 19
1757571045597 1059801812590.8444 20
1757571045666 1059590382902.9889 21
1757571045727 1059379021309.393 22
1757571045789 1059167727782.7015 23
1757571045855 1058956502295.5717 24
1757571045927 1058745344820.6741 25
1757571045992 1058534255330.692 26
1757571046052 1058323233798.3223 27
1757571046109 1058112280196.2742 28
1757571046171 1057901394497.27 29
1757571046233 1057690576674.0448 30
1757571046298 1057479826699.3473 31
1757571046367 1057269144545.9377 32
1757571046436 1057058530186.5913 33
1757571046499 1056847983594.094 34
1757571046563 1056637504741.2461 35
1757571046624 1056427093600.8602 36
1757571046686 1056216750145.7622 37
1757571046748 1056006474348.7903 38
1757571046812 1055796266182.796 39
1757571046876 1055586125620.6434 40
1757571046935 1055376052635.2101 41
1757571047001 1055166047199.3857 42
1757571047063 1054956109286.0731 43
1757571047122 1054746238868.1882 44
1757571047184 1054536435918.6589 45
1757571047251 1054326700410.4274 46
1757571047313 1054117032316.4471 47
1757571047384 1053907431609.6855 48
1757571047474 1053697898263.1221 49
1757571047534 1053488432249.7495 50
1757571047595 1053279033542.5731 51
1757571047655 1053069702114.6113 52
1757571047719 1052860437938.8948 53
1757571047784 1052651240988.4674 54
1757571047848 1052442111236.3855 55
1757571047924 1052233048655.7186 56
1757571048005 1052024053219.5486 57
1757571048069 1051815124900.9702 58
1757571048131 1051606263673.0911 59
1757571048203 1051397469509.0312 60
1757571048266 1051188742381.9237 61
1757571048343 1050980082264.9143 62
1757571048408 1050771489131.1613 63
1757571048477 1050562962953.8358 64
1757571048559 1050354503706.1218 65
1757571048617 1050146111361.2157 66
1757571048686 1049937785892.327 67
1757571048749 1049729527272.677 68
1757571048812 1049521335475.5006 69
1757571048873 1049313210474.0452 70
1757571048936 1049105152241.5704 71
1757571048998 1048897160751.3488 72
1757571049075 1048689235976.6658 73
1757571049139 1048481377890.8188 74
1757571049201 1048273586467.1189 75
1757571049263 1048065861678.8888 76
1757571049324 1047858203499.4642 77
1757571049387 1047650611902.1938 78
1757571049451 1047443086860.4382 79
1757571049517 1047235628347.571 80
1757571049578 1047028236336.9784 81
1757571049645 1046820910802.0594 82
1757571049711 1046613651716.2251 83
1757571049771 1046406459052.8994 84
1757571049836 1046199332785.5187 85
1757571049897 1045992272887.5322 86
1757571049961 1045785279332.4015 87
1757571050023 1045578352093.6005 88
1757571050087 1045371491144.6163 89
1757571050146 1045164696458.9478 90
1757571050209 1044957968010.107 91
1757571050271 1044751305771.618 92
1757571050332 1044544709717.0177 93
1757571050394 1044338179819.8553 94
1757571050460 1044131716053.6929 95
1757571050530 1043925318392.1044 96
1757571050592 1043718986808.6769 97
1757571050675 1043512721277.0099 98
1757571050747 1043306521770.7146 99
1757571050810 1043100388263.4156 100
1757571050871 1042894320728.7496 101
1757571050932 1042688319140.3657 102
1757571050993 1042482383471.9258 103
1757571051053 1042276513697.1036 104
1757571051110 1042070709789.5857 105
1757571051173 1041864971723.0712 106
1757571051238 1041659299471.2712 107
1757571051302 1041453693007.9098 108
1757571051366 1041248152306.7229 109
1757571051429 1041042677341.4595 110
1757571051494 1040837268085.8802 111
1757571051558 1040631924513.7588 112
1757571051619 1040426646598.8809 113
1757571051685 1040221434315.0443 114
1757571051749 1040016287636.0604 115
1757571051812 1039811206535.7513 116
1757571051876 1039606190987.9529 117
1757571051937 1039401240966.5125 118
1757571052005 1039196356445.2902 119
1757571052071 1038991537398.1582 120
1757571052144 1038786783799.0013 121
1757571052209 1038582095621.7166 122
1757571052281 1038377472840.213 123
1757571052346 1038172915428.4126 124
1757571052442 1037968423360.249 125
1757571052517 1037763996609.6688 126
1757571052583 1037559635150.6304 127
1757571052657 1037355338957.1046 128
1757571052742 1037151108003.0746 129
1757571052811 1036946942262.5358 130
1757571052874 1036742841709.4955 131
1757571052951 1036538806317.9742 132
1757571053015 1036334836062.004 133
1757571053079 1036130930915.6292 134
1757571053139 1035927090852.9065 135
1757571053205 1035723315847.9047 136
1757571053272 1035519605874.7056 137
1757571053337 1035315960907.4019 138
1757571053402 1035112380920.0996 139
1757571053464 1034908865886.9161 140
1757571053531 1034705415781.9823 141
1757571053596 1034502030579.4398 142
1757571053664 1034298710253.4431 143
1757571053727 1034095454778.159 144
1757571053790 1033892264127.7661 145
1757571053851 1033689138276.4559 146
1757571053917 1033486077198.431 147
1757571053981 1033283080867.9071 148
1757571054045 1033080149259.1113 149
1757571054115 1032877282346.2838 150
1757571054175 1032674480103.6758 151
1757571054239 1032471742505.5515 152
1757571054304 1032269069526.1871 153
1757571054366 1032066461139.8706 154
1757571054423 1031863917320.9026 155
1757571054489 1031661438043.5948 156
1757571054551 1031459023282.2725 157
1757571054614 1031256673011.2717 158
1757571054679 1031054387204.9417 159
1757571054741 1030852165837.6431 160
1757571054801 1030650008883.7484 161
1757571054865 1030447916317.6431 162
1757571054933 1030245888113.724 163
1757571054998 1030043924246.4001 164
1757571055062 1029842024690.0928 165
1757571055137 1029640189419.2352 166
1757571055201 1029438418408.2723 167
1757571055266 1029236711631.6617 168
1757571055336 1029035069063.8728 169
1757571055405 1028833490679.3866 170
1757571055468 1028631976452.6967 171
1757571055532 1028430526358.3083 172
1757571055602 1028229140370.739 173
1757571055669 1028027818464.518 174
1757571055735 1027826560614.1866 175
1757571055805 1027625366794.2985 176
1757571055871 1027424236979.4188 177
1757571055938 1027223171144.1249 178
1757571056002 1027022169263.006 179
1757571056068 1026821231310.6633 180
1757571056131 1026620357261.7103 181
1757571056192 1026419547090.772 182
1757571056260 1026218800772.4856 183
1757571056325 1026018118281.4998 184
1757571056387 1025817499592.4758 185
1757571056452 1025616944680.0868 186
1757571056520 1025416453519.017 187
1757571056589 1025216026083.9634 188
1757571056655 1025015662349.6351 189
1757571056722 1024815362290.752 190
1757571056787 1024615125882.0466 191
1757571056852 1024414953098.2637 192
1757571056913 1024214843914.1588 193
1757571056983 1024014798304.5009 194
1757571057066 1023814816244.069 195
1757571057131 1023614897707.6555 196
1757571057201 1023415042670.064 197
1757571057270 1023215251106.1099 198
1757571057341 1023015522990.6204 199
1757571057412 1022815858298.4352 200
1757571057474 1022616257004.4049 201
1757571057536 1022416719083.3927 202
1757571057606 1022217244510.273 203
1757571057672 1022017833259.9325 204
1757571057766 1021818485307.2692 205
1757571057846 1021619200627.1938 206
1757571057906 1021419979194.6276 207
1757571057973 1021220820984.5045 208
1757571058037 1021021725971.7704 209
1757571058102 1020822694131.3818 210
1757571058168 1020623725438.3083 211
1757571058235 1020424819867.5304 212
1757571058297 1020225977394.0411 213
1757571058370 1020027197992.8441 214
1757571058440 1019828481638.9559 215
1757571058512 1019629828307.404 216
1757571058581 1019431237973.2283 217
1757571058672 1019232710611.4797 218
1757571058750 1019034246197.2213 219
1757571058817 1018835844705.5277 220
1757571058881 1018637506111.4858 221
1757571058944 1018439230390.1932 222
1757571059007 1018241017516.7598 223
1757571059072 1018042867466.3073 224
1757571059138 1017844780213.9684 225
1757571059208 1017646755734.8885 226
1757571059271 1017448794004.2242 227
1757571059337 1017250894997.1433 228
1757571059403 1017053058688.8258 229
1757571059470 1016855285054.4634 230
1757571059543 1016657574069.2592 231
1757571059609 1016459925708.428 232
1757571059674 1016262339947.196 233
1757571059739 1016064816760.8019 234
1757571059809 1015867356124.4949 235
1757571059873 1015669958013.5365 236
1757571059937 1015472622403.1997 237
1757571060001 1015275349268.7689 238
1757571060072 1015078138585.5404 239
1757571060134 1014880990328.8223 240
1757571060200 1014683904473.933 241
1757571060265 1014486880996.2043 242
1757571060327 1014289919870.9784 243
1757571060392 1014093021073.6095 244
1757571060464 1013896184579.4629 245
1757571060527 1013699410363.9161 246
1757571060590 1013502698402.3577 247
1757571060656 1013306048670.1884 248
1757571060720 1013109461142.8192 249
1757571060783 1012912935795.6743 250
1757571060845 1012716472604.1885 251
1757571060910 1012520071543.8076 252
1757571060978 1012323732589.9901 253
1757571061044 1012127455718.2056 254
1757571061108 1011931240903.9344 255
1757571061187 1011735088122.6698 256
1757571061256 1011538997349.9152 257
1757571061323 1011342968561.1859 258
1757571061391 1011147001732.0094 259
1757571061455 1010951096837.9233 260
1757571061516 1010755253854.4784 261
1757571061582 1010559472757.2355 262
1757571061653 1010363753521.7672 263
1757571061730 1010168096123.6583 264
1757571061794 1009972500538.5043 265
1757571061859 1009776966741.9119 266
1757571061930 1009581494709.5002 267
1757571062004 1009386084416.8989 268
1757571062068 1009190735839.7496 269
1757571062140 1008995448953.7047 270
1757571062207 1008800223734.4291 271
1757571062272 1008605060157.598 272
1757571062340 1008409958198.8984 273
1757571062407 1008214917834.0289 274
1757571062483 1008019939038.6995 275
1757571062545 1007825021788.631 276
1757571062612 1007630166059.556 277
1757571062677 1007435371827.2188 278
1757571062763 1007240639067.3744 279
1757571062829 1007045967755.7894 280
1757571062895 1006851357868.2421 281
1757571062963 1006656809380.5219 282
1757571063031 1006462322268.429 283
1757571063102 1006267896507.7759 284
1757571063196 1006073532074.3857 285
1757571063268 1005879228944.0934 286
1757571063354 1005684987092.7445 287
1757571063428 1005490806496.1968 288
1757571063495 1005296687130.3185 289
1757571063559 1005102628970.9896 290
1757571063632 1004908631994.1014 291
1757571063702 1004714696175.5566 292
1757571063771 1004520821491.2686 293
1757571063835 1004327007917.1626 294
1757571063905 1004133255429.1747 295
1757571063973 1003939564003.2528 296
1757571064040 1003745933615.3553 297
1757571064103 1003552364241.4528 298
1757571064172 1003358855857.5261 299
1757571064236 1003165408439.5684 300
1757571064303 1002972021963.5828 301
1757571064369 1002778696405.5848 302
1757571064437 1002585431741.6003 303
1757571064501 1002392227947.6672 304
1757571064571 1002199084999.8337 305
1757571064635 1002006002874.16 306
1757571064703 1001812981546.717 307
1757571064768 1001620020993.5873 308
1757571064834 1001427121190.8639 309
1757571064903 1001234282114.6516 310
1757571064969 1001041503741.0663 311
1757571065036 1000848786046.2349 312
1757571065101 1000656129006.2957 313
1757571065169 1000463532597.3977 314
1757571065233 1000270996795.7017 315
1757571065307 1000078521577.379 316
1757571065374 999886106918.6127 317
1757571065442 999693752795.5961 318
1757571065504 999501459184.5349 319
1757571065572 999309226061.6447 320
1757571065633 999117053403.1532 321
1757571065702 998924941185.2982 322
1757571065765 998732889384.3298 323
1757571065835 998540897976.5082 324
1757571065901 998348966938.1049 325
1757571065970 998157096245.4031 326
1757571066036 997965285874.6962 327
1757571066103 997773535802.2896 328
1757571066185 997581846004.4988 329
1757571066257 997390216457.6511 330
1757571066323 997198647138.0846 331
1757571066389 997007138022.1483 332
1757571066453 996815689086.2026 333
1757571066524 996624300306.6188 334
1757571066593 996432971659.7789 335
1757571066659 996241703122.0767 336
1757571066731 996050494669.9161 337
1757571066796 995859346279.7125 338
1757571066867 995668257927.8927 339
1757571066934 995477229590.8938 340
1757571066997 995286261245.1641 341
1757571067063 995095352867.1631 342
1757571067127 994904504433.3613 343
1757571067195 994713715920.2399 344
1757571067263 994522987304.2913 345
1757571067329 994332318562.0189 346
1757571067403 994141709669.937 347
1757571067470 993951160604.571 348
1757571067536 993760671342.4567 349
1757571067605 993570241860.1414 350
1757571067672 993379872134.1833 351
1757571067755 993189562141.1516 352
1757571067819 992999311857.6262 353
1757571067894 992809121260.1981 354
1757571067966 992618990325.4688 355
1757571068035 992428919030.0513 356
1757571068104 992238907350.5692 357
1757571068173 992048955263.6573 358
1757571068249 991859062745.961 359
1757571068320 991669229774.1364 360
1757571068385 991479456324.8511 361
1757571068453 991289742374.783 362
1757571068531 991100087900.6212 363
1757571068607 990910492879.0657 364
1757571068681 990720957286.8271 365
1757571068759 990531481100.6272 366
1757571068829 990342064297.1986 367
1757571068913 990152706853.2842 368
1757571068983 989963408745.6385 369
1757571069049 989774169951.0264 370
1757571069120 989584990446.2239 371
1757571069184 989395870208.0175 372
1757571069253 989206809213.2047 373
1757571069319 989017807438.5942 374
1757571069384 988828864861.0045 375
1757571069452 988639981457.2659 376
1757571069524 988451157204.2191 377
1757571069585 988262392078.7157 378
1757571069652 988073686057.618 379
1757571069717 987885039117.799 380
1757571069777 987696451236.1426 381
1757571069843 987507922389.5432 382
1757571069912 987319452554.9069 383
1757571069977 987131041709.1492 384
1757571070044 986942689829.1971 385
1757571070113 986754396891.9888 386
1757571070185 986566162874.4723 387
1757571070282 986377987753.6067 388
1757571070356 986189871506.362 389
1757571070425 986001814109.719 390
1757571070500 985813815540.6688 391
1757571070570 985625875776.2137 392
1757571070631 985437994793.3662 393
1757571070702 985250172569.15 394
1757571070773 985062409080.5991 395
1757571070846 984874704304.7585 396
1757571070915 984687058218.6838 397
1757571071009 984499470799.441 398
1757571071092 984311942024.1072 399
1757571071160 984124471869.77 400
1757571071230 983937060313.5276 401
1757571071295 983749707332.4888 402
1757571071362 983562412903.7733 403
1757571071433 983375177004.5117 404
1757571071501 983187999611.8441 405
1757571071570 983000880702.9226 406
1757571071638 982813820254.9089 407
1757571071720 982626818244.9762 408
1757571071810 982439874650.3076 409
1757571071900 982252989448.0974 410
1757571071986 982066162615.5499 411
1757571072075 981879394129.8802 412
1757571072166 981692683968.3146 413
1757571072257 981506032108.0891 414
1757571072341 981319438526.4512 415
1757571072403 981132903200.6577 416
1757571072473 980946426107.9775 417
1757571072544 980760007225.6892 418
1757571072614 980573646531.0819 419
1757571072688 980387344001.4557 420
1757571072763 980201099614.1206 421
1757571072836 980014913346.3981 422
1757571072908 979828785175.6194 423
1757571072981 979642715079.1266 424
1757571073050 979456703034.2726 425
1757571073116 979270749018.4199 426
1757571073185 979084853008.9429 427
1757571073264 978899014983.2253 428
1757571073349 978713234918.6617 429
1757571073417 978527512792.6577 430
1757571073487 978341848582.6289 431
1757571073553 978156242266.0013 432
1757571073623 977970693820.2117 433
1757571073702 977785203222.7072 434
1757571073774 977599770450.9453 435
1757571073840 977414395482.3945 436
1757571073911 977229078294.5331 437
1757571073975 977043818864.8502 438
1757571074048 976858617170.8457 439
1757571074121 976673473190.0289 440
1757571074191 976488386899.9208 441
1757571074264 976303358278.0519 442
1757571074333 976118387301.9635 443
1757571074404 975933473949.2075 444
1757571074508 975748618197.3462 445
1757571074573 975563820023.9519 446
1757571074648 975379079406.6074 447
1757571074717 975194396322.9069 448
1757571074786 975009770750.4532 449
1757571074855 974825202666.8612 450
1757571074928 974640692049.7554 451
1757571074998 974456238876.7704 452
1757571075072 974271843125.5519 453
1757571075146 974087504773.7557 454
1757571075231 973903223799.0477 455
1757571075302 973719000179.1047 456
1757571075375 973534833891.6132 457
1757571075440 973350724914.2709 458
1757571075506 973166673224.7847 459
1757571075568 972982678800.8729 460
1757571075649 972798741620.2638 461
1757571075719 972614861660.6957 462
1757571075790 972431038899.9181 463
1757571075859 972247273315.6895 464
1757571075926 972063564885.7798 465
1757571075997 971879913587.9688 466
1757571076072 971696319400.0469 467
1757571076135 971512782299.8143 468
1757571076200 971329302265.0818 469
1757571076272 971145879273.6708 470
1757571076342 970962513303.4124 471
1757571076410 970779204332.1481 472
1757571076478 970595952337.7301 473
1757571076544 970412757298.0203 474
1757571076613 970229619190.8914 475
1757571076682 970046537994.2261 476
1757571076748 969863513685.9175 477
1757571076823 969680546243.8684 478
1757571076888 969497635645.9926 479
1757571076961 969314781870.2135 480
1757571077035 969131984894.4655 481
1757571077112 968949244696.6925 482
1757571077178 968766561254.8486 483
1757571077250 968583934546.899 484
1757571077320 968401364550.8185 485
1757571077386 968218851244.5916 486
1757571077462 968036394606.2137 487
1757571077559 967853994613.6904 488
1757571077634 967671651245.0374 489
1757571077703 967489364478.2803 490
1757571077770 967307134291.4554 491
1757571077863 967124960662.6084 492
1757571077944 966942843569.796 493
1757571078011 966760782991.0845 494
1757571078088 966578778904.551 495
1757571078157 966396831288.2816 496
1757571078232 966214940120.3738 497
1757571078305 966033105378.9346 498
1757571078379 965851327042.0812 499
