1757526797080 1064045721456.7168 0
1757526797100 1081874313014.1892 1
1757526797119 16837104078802.967 2
1757526797139 968319188473178.8 3
1757526797158 5.671959195173626e+16 4
1757526797178 3.3233233818673024e+18 5
1757526797198 1.9472176487059246e+20 6
1757526797217 1.1409230199230225e+22 7
1757526797237 6.684950531101055e+23 8
1757526797257 3.916878063299771e+25 9
1757526797278 2.2949958562244758e+27 10
1757526797298 1.3446949061829126e+29 11
1757526797318 7.87890045997301e+30 12
1757526797338 4.616442895164395e+32 13
1757526797358 2.704888215377805e+34 14
1757526797378 1.584860990125838e+36 15
1757526797400 9.28609302130374e+37 16
1757526797420 5.440951865025051e+39 17
1757526797440 3.1879884392287905e+41 18
1757526797462 1.867921374932e+43 19
1757526797483 1.0944613913882052e+45 20
1757526797503 6.412720328140221e+46 21
1757526797524 3.7573716469598685e+48 22
1757526797545 2.2015370967335254e+50 23
1757526797567 1.2899351045605113e+52 24
1757526797588 7.558049221366099e+53 25
1757526797608 4.4284482088000206e+55 26
1757526797628 2.5947374730750176e+57 27
1757526797647 1.5203209424016474e+59 28
1757526797667 8.907936898779334e+60 29
1757526797687 5.219380828056153e+62 30
1757526797709 3.058164481611122e+64 31
1757526797729 1.7918543031608835e+66 32
1757526797749 1.0498918102876769e+68 33
1757526797769 6.151576115115476e+69 34
1757526797790 3.6043607854880087e+71 35
1757526797811 2.1118842437861685e+73 36
1757526797836 1.2374052778260986e+75 37
1757526797860 7.250263957871155e+76 38
1757526797884 4.248109200823453e+78 39
1757526797908 2.489072382327402e+80 40
1757526797930 1.4584091490077712e+82 41
1757526797950 8.545180369245692e+83 42
1757526797970 5.006832793981116e+85 43
1757526797991 2.9336273248375605e+87 44
1757526798011 1.718884898928395e+89 45
1757526798031 1.0071372293096824e+91 46
1757526798052 5.901066437281211e+92 47
1757526798073 3.457580961541349e+94 48
1757526798094 2.0258823100322828e+96 49
1757526798115 1.1870146150596947e+98 50
1757526798136 6.955012585814331e+99 51
1757526798160 4.075114110233866e+101 52
1757526798181 2.3877102746439923e+103 53
1757526798201 1.3990185799516905e+105 54
1757526798222 8.197196317471446e+106 55
1757526798242 4.802940320455766e+108 56
1757526798262 2.8141616753391933e+110 57
1757526798283 1.6488870164009037e+112 58
1757526798305 9.661237364863803e+113 59
1757526798327 5.660758226114045e+115 60
1757526798348 3.316778429547419e+117 61
1757526798369 1.943382619657113e+119 62
1757526798390 1.13867600341958e+121 63
1757526798410 6.671784689483105e+122 64
1757526798431 3.9091638718251916e+124 65
1757526798452 2.290475920314399e+126 66
1757526798472 1.342046563806649e+128 67
1757526798493 7.863383166141338e+129 68
1757526798514 4.6073509284334514e+131 69
1757526798535 2.699561006913681e+133 70
1757526798557 1.581739646761978e+135 71
1757526798578 9.267804297555217e+136 72
1757526798599 5.4302360488728505e+138 73
1757526798620 3.1817097771752484e+140 74
1757526798641 1.8642425513479913e+142 75
1757526798662 1.092305877546748e+144 76
1757526798684 6.400090638744626e+145 77
1757526798705 3.749971599177223e+147 78
1757526798726 2.1972012254804698e+149 79
1757526798748 1.28739461021841e+151 80
1757526798769 7.543163835879382e+152 81
1757526798791 4.4197264928167987e+154 82
1757526798812 2.5896272036930262e+156 83
1757526798834 1.5173267090183575e+158 84
1757526798856 8.890392943884874e+159 85
1757526798878 5.209101390419254e+161 86
1757526798900 3.0521415045363113e+163 87
1757526798921 1.7883252917377795e+165 88
1757526798942 1.0478240751012887e+167 89
1757526798965 6.139460742597715e+168 90
1757526798986 3.5972620887008027e+170 91
1757526799008 2.1077249415441007e+172 92
1757526799030 1.2349682396401515e+174 93
1757526799052 7.235984747623572e+175 94
1757526799074 4.239742657924365e+177 95
1757526799096 2.4841702176510254e+179 96
1757526799119 1.4555368493250727e+181 97
1757526799140 8.528350854099079e+182 98
1757526799162 4.996971964285095e+184 99
1757526799183 2.9278496205218574e+186 100
1757526799204 1.7154995988888674e+188 101
1757526799226 1.0051536981818455e+190 102
1757526799248 5.88944443719507e+191 103
1757526799270 3.4507713438798763e+193 104
1757526799293 2.021892386408829e+195 105
1757526799314 1.184676820000944e+197 106
1757526799337 6.94131486562591e+198 107
1757526799359 4.067088276760646e+200 108
1757526799381 2.383007740057664e+202 109
1757526799403 1.39626324848246e+204 110
1757526799424 8.181052148053954e+205 111
1757526799447 4.793481051794574e+207 112
1757526799469 2.8086192555781773e+209 113
1757526799492 1.6456395754086246e+211 114
1757526799514 9.64220980388314e+212 115
1757526799538 5.649609506930728e+214 116
1757526799560 3.310246118887383e+216 117
1757526799583 1.9395551770731162e+218 118
1757526799606 1.1364334100255792e+220 119
1757526799629 6.658644779424489e+221 120
1757526799652 3.901464873120815e+223 121
1757526799674 2.2859648863129826e+225 122
1757526799697 1.3394034372724965e+227 123
1757526799719 7.847896433225234e+228 124
1757526799742 4.598276868099387e+230 125
1757526799765 2.6942442902509555e+232 126
1757526799789 1.5786244508043806e+234 127
1757526799811 9.249551592982338e+235 128
1757526799834 5.419541337247652e+237 129
1757526799856 3.1754434807867137e+239 130
1757526799879 1.860570973113335e+241 131
1757526799903 1.0901546089348965e+243 132
1757526799925 6.387485823200599e+244 133
1757526799948 3.742586125600209e+246 134
1757526799970 2.192873893615416e+248 135
1757526799998 1.2848591193152185e+250 136
1757526800021 7.528307766780344e+251 137
1757526800043 4.4110219540311235e+253 138
1757526800066 2.584526998856456e+255 139
1757526800089 1.514338372701473e+257 140
1757526800112 8.87288354136287e+258 141
1757526800135 5.198842197873043e+260 142
1757526800160 3.0461303895614917e+262 143
1757526800183 1.784803230612816e+264 144
1757526800205 1.0457604122667001e+266 145
1757526800228 6.127369230997675e+267 146
1757526800251 3.5901773726161937e+269 147
1757526800274 2.1035738309419035e+271 148
1757526800298 1.2325360011388627e+273 149
1757526800321 7.22173365991704e+274 150
1757526800344 4.23139259271851e+276 151
1757526800367 2.479277707663172e+278 152
1757526800390 1.4526702065634757e+280 153
1757526800415 8.511554484254099e+281 154
1757526800439 4.98713055524213e+283 155
1757526800463 2.922083295247714e+285 156
1757526800488 1.712120966111577e+287 157
1757526800512 1.0031740735680654e+289 158
1757526800535 5.877845326342227e+290 159
1757526800558 3.443975137587027e+292 160
1757526800582 2.0179103208383732e+294 161
1757526800605 1.1823436291700385e+296 162
1757526800628 6.927644122748646e+297 163
1757526800651 4.059078249962116e+299 164
1757526800675 2.378314466993486e+301 165
1757526800698 1.3935133435684083e+303 166
1757526800722 inf 167
