1757567994651 334057599468.2561 0
1757567994719 363418238172.0104 1
1757567994789 238445611318.9291 2
1757567994859 191842443628.4209 3
1757567994924 290193206764.36743 4
1757567994993 313180560511.3323 5
1757567995064 414809845214.7902 6
1757567995132 203212152188586.0 7
1757567995197 1164437185730.6172 8
1757567995267 1978297900069.4321 9
1757567995339 2300736085606.4526 10
1757567995419 27215190962876.29 11
1757567995488 406607053294354.6 12
1757567995559 547449833554622.4 13
1757567995634 1009664621899834.8 14
1757567995700 6942974265568209.0 15
1757567995767 3876201187228860.0 16
1757567995841 5.007427604554199e+19 17
1757567995927 6.699280931785556e+17 18
1757567995993 2.3375943598258406e+23 19
1757567996068 1.1872404801389465e+20 20
1757567996144 3.9631153149122535e+19 21
1757567996216 1.3532520930339971e+21 22
1757567996286 1.2943539015955912e+22 23
1757567996349 3.0666497064577656e+20 24
1757567996417 3.061972893700682e+23 25
1757567996496 4.334599883786118e+25 26
1757567996566 3.263869723523648e+23 27
1757567996642 8.209970460784021e+24 28
1757567996710 2.404043359224506e+25 29
1757567996783 5.6556292070788235e+25 30
1757567996852 3.7129888775619096e+27 31
1757567996924 3.0933943514481187e+26 32
1757567997003 8.742569408579586e+27 33
1757567997065 2.4237986337430947e+28 34
1757567997138 6.247466036017535e+28 35
1757567997208 3.321099736122593e+29 36
1757567997278 3.6776556544512314e+30 37
1757567997348 3.640623498251805e+30 38
1757567997418 2.3093256954928944e+31 39
1757567997485 1.047266065899739e+33 40
1757567997560 9.386414355127752e+32 41
1757567997631 1.7812963371081634e+34 42
1757567997704 6.910185093222981e+34 43
1757567997776 1.3292637695940306e+35 44
1757567997843 1.335918836900974e+35 45
1757567997907 9.770525375115256e+35 46
1757567997979 6.473948003562965e+37 47
1757567998045 4.414416940426712e+37 48
1757567998115 1.4013846481098698e+38 49
1757567998191 2.8431867302428637e+38 50
1757567998261 1.4642566457457417e+39 51
1757567998331 2.833557888439096e+40 52
1757567998401 3.79540079417294e+41 53
1757567998466 5.202386120864065e+41 54
1757567998541 4.6498403112669174e+41 55
1757567998610 6.740545902503261e+41 56
1757567998684 4.898218850420467e+43 57
1757567998750 5.812561600735012e+41 58
1757567998820 2.5190687592622987e+41 59
1757567998884 2.2754733388667594e+44 60
1757567998963 4.0479670878684894e+43 61
1757567999031 2.7000591865486417e+44 62
1757567999105 1.0892550419332413e+45 63
1757567999176 9.763982521510956e+45 64
1757567999245 1.477282006018873e+46 65
1757567999320 5.962174541156913e+47 66
1757567999385 2.1809995428793895e+48 67
1757567999461 6.229635959658847e+48 68
1757567999533 3.970438362998574e+48 69
1757567999605 8.498280594074028e+49 70
1757567999680 6.00548224605963e+51 71
1757567999748 4.089903074232004e+50 72
1757567999822 7.786366254936307e+50 73
1757567999891 1.0021706581953833e+52 74
1757567999962 1.4402623760442242e+52 75
1757568000034 1.1965474354742702e+51 76
1757568000099 1.520630562598439e+52 77
1757568000175 2.2629507702152676e+53 78
1757568000249 1.2165780574546127e+54 79
1757568000319 1.3984451193073191e+59 80
1757568000389 2.849469938187056e+55 81
1757568000454 4.067663872426644e+56 82
1757568000524 1.4325576547956083e+58 83
1757568000596 1.4068929005066206e+57 84
1757568000668 1.3948551084883145e+58 85
1757568000738 5.773953530078045e+58 86
1757568000803 2.8560355100727855e+59 87
1757568000879 8.636603124001896e+59 88
1757568000948 4.5602620912168494e+60 89
1757568001018 2.5339462727622843e+62 90
1757568001100 2.4663469265981553e+65 91
1757568001172 6.377772371236774e+62 92
1757568001254 1.4832059673980233e+63 93
1757568001327 2.4709115658289072e+63 94
1757568001411 3.5459739437351726e+63 95
1757568001478 1.296395967553527e+64 96
1757568001568 5.304020682243669e+64 97
1757568001658 2.4821031331220824e+66 98
1757568001740 1.1050210962790557e+65 99
1757568001812 1.724428558305051e+67 100
1757568001895 1.139174678211981e+66 101
1757568001969 1.1867213410281165e+66 102
1757568002039 3.538179003282896e+66 103
1757568002114 8.396897728670941e+66 104
1757568002189 5.514079174895703e+66 105
1757568002264 1.5235678913559448e+67 106
1757568002346 2.673589558339916e+66 107
1757568002423 1.367646750444396e+67 108
1757568002497 7.745658061090078e+66 109
1757568002570 3.119404266591943e+67 110
1757568002641 5.84071105083531e+67 111
1757568002711 7.447710802234107e+68 112
1757568002785 3.37165752565014e+69 113
1757568002853 1.1926147325296026e+70 114
1757568002924 2.394655431466901e+71 115
1757568002997 8.530755076196185e+71 116
1757568003074 3.306267138039325e+71 117
1757568003144 5.2781957289762665e+72 118
1757568003219 5.914588089380876e+73 119
1757568003291 4.189474949567009e+73 120
1757568003363 1.3241011393984983e+75 121
1757568003437 1.4891466968031519e+75 122
1757568003505 1.6337191373811185e+76 123
1757568003578 5.38078413987641e+76 124
1757568003646 1.0288340847975513e+77 125
1757568003720 1.1100104012663993e+78 126
1757568003794 2.2006358377717357e+77 127
1757568003865 1.1931983773057754e+77 128
1757568003938 7.54479607010265e+78 129
1757568004012 5.916137413041672e+79 130
1757568004081 1.2009209956989837e+81 131
1757568004155 2.1949215244405314e+80 132
1757568004228 7.122546201566229e+79 133
1757568004300 8.274078193486497e+79 134
1757568004370 2.6260596580268112e+81 135
1757568004443 6.897162054537636e+80 136
1757568004513 3.134694620538752e+82 137
1757568004577 9.864348181419453e+84 138
1757568004650 5.909172415430834e+82 139
1757568004723 6.298049935729475e+83 140
1757568004796 1.2642191784840676e+87 141
1757568004868 4.973649368236796e+86 142
1757568004944 3.7029805711056734e+85 143
1757568005022 1.2094190070181542e+87 144
1757568005090 2.1514115685069274e+86 145
1757568005162 5.925686718253973e+86 146
1757568005245 7.764412383088833e+87 147
1757568005316 6.035280007545722e+89 148
1757568005384 2.394992833916783e+89 149
1757568005458 1.3739882490013618e+89 150
1757568005526 1.643272552347853e+91 151
1757568005600 2.0999479662767724e+91 152
1757568005688 1.5860701413940785e+92 153
1757568005786 1.451566912065641e+95 154
1757568005867 7.071647097356611e+92 155
1757568005940 1.407083327005116e+93 156
1757568006020 3.1528276010226264e+94 157
1757568006091 8.536418377520409e+94 158
1757568006162 5.891752026261336e+95 159
1757568006246 2.259183953250075e+95 160
1757568006312 2.310870921385333e+97 161
1757568006389 9.66388181038578e+97 162
1757568006466 1.6014576916498477e+99 163
1757568006541 1.0766904648610986e+100 164
1757568006612 3.579501833438419e+100 165
1757568006681 2.407453250031548e+102 166
1757568006750 3.7975396502101635e+101 167
1757568006822 1.1326170408622842e+103 168
1757568006899 9.417938264367086e+103 169
1757568006968 8.096080646017645e+104 170
1757568007037 1.4312781420266039e+104 171
1757568007110 3.0270759017296255e+105 172
1757568007182 1.4699951633380249e+106 173
1757568007257 1.5274683387325677e+107 174
1757568007327 3.8353843532157806e+107 175
1757568007402 2.4994452081754937e+108 176
1757568007491 2.4287920146298355e+109 177
1757568007563 9.574387042743727e+108 178
1757568007638 1.784274897882833e+109 179
1757568007710 2.4594945115252223e+110 180
1757568007782 9.773580500642895e+111 181
1757568007855 4.890027059256095e+111 182
1757568007926 7.5416133321297186e+112 183
1757568007999 2.9630719682386746e+113 184
1757568008074 1.5677783813159783e+114 185
1757568008144 2.654458016513607e+115 186
1757568008224 4.804399379669677e+115 187
1757568008301 7.421215705083658e+115 188
1757568008370 1.116447497378853e+116 189
1757568008449 6.69982655473168e+121 190
1757568008521 1.597991165824971e+118 191
1757568008589 6.39436981533697e+118 192
1757568008666 6.296978888710049e+119 193
1757568008742 1.043750361345525e+121 194
1757568008812 5.575612038869809e+123 195
1757568008892 4.6661116318574815e+122 196
1757568008964 4.0744620823963085e+122 197
1757568009042 7.739125275303318e+122 198
1757568009116 5.599335572773161e+122 199
1757568009195 5.048475660917498e+123 200
1757568009265 3.8867369352992715e+124 201
1757568009338 1.1421648923239427e+125 202
1757568009412 6.4351289685346895e+125 203
1757568009482 1.887414818495666e+126 204
1757568009556 2.3684353839251875e+127 205
1757568009633 1.6695965501753228e+127 206
1757568009708 1.7185090146480556e+127 207
1757568009781 1.0260967829678548e+128 208
1757568009854 5.393516303182407e+128 209
1757568009930 3.17407446645248e+129 210
1757568010001 6.324952912686579e+129 211
1757568010070 2.0935541806589452e+131 212
1757568010141 4.217412560753984e+129 213
1757568010220 4.30053012536493e+131 214
1757568010302 3.607434963527454e+135 215
1757568010380 1.317997931030091e+133 216
1757568010456 8.777196751967375e+132 217
1757568010523 1.011573571588689e+136 218
1757568010595 1.2341819085481818e+135 219
1757568010667 2.818516279105183e+135 220
1757568010748 2.7434801593982474e+136 221
1757568010819 4.1049845137688385e+136 222
1757568010889 9.798750589939198e+137 223
1757568010961 2.639789984988823e+138 224
1757568011034 2.9721551350333327e+138 225
1757568011111 7.855328520606228e+139 226
1757568011183 1.260700463751607e+140 227
1757568011261 4.072664053498971e+140 228
1757568011333 5.101522260340045e+141 229
1757568011415 2.1257466192394938e+142 230
1757568011488 1.5407452834334386e+143 231
1757568011569 1.843508682906076e+143 232
1757568011639 6.756167274756125e+144 233
1757568011725 2.3843932572499344e+145 234
1757568011811 9.289811369311723e+143 235
1757568011888 6.958982545627007e+145 236
1757568011967 5.966726466316499e+147 237
1757568012044 1.0344930346677214e+146 238
1757568012111 1.5083775788889134e+146 239
1757568012189 1.8015264481603272e+149 240
1757568012263 1.8245512997057028e+148 241
1757568012342 1.271030574744896e+149 242
1757568012412 8.6575815813633e+148 243
1757568012485 1.779419108358351e+150 244
1757568012559 1.4294938615229842e+151 245
1757568012645 4.986635531254379e+150 246
1757568012722 2.8336697323745387e+156 247
1757568012795 2.175213045532896e+152 248
1757568012875 4.427668878114218e+153 249
1757568012950 5.832643999247882e+155 250
1757568013031 2.1623799395738958e+154 251
1757568013104 2.3468558817171193e+155 252
1757568013178 1.9846378866187106e+156 253
1757568013251 5.280974523885131e+156 254
1757568013329 2.044630773562848e+157 255
1757568013403 2.7812617403548176e+158 256
1757568013475 2.148793565371708e+159 257
1757568013549 1.9617382313866487e+159 258
1757568013622 9.345748702447728e+160 259
1757568013698 7.233482018354549e+160 260
1757568013771 1.2602420103141616e+161 261
1757568013841 5.795204270446169e+161 262
1757568013920 2.5792566649116628e+162 263
1757568013996 5.32299123407177e+162 264
1757568014073 8.71840424263991e+162 265
1757568014146 8.068259574895895e+163 266
1757568014222 4.914045192960088e+164 267
1757568014300 3.8077243491617474e+164 268
1757568014375 2.4028463457728294e+165 269
1757568014460 2.3003431009655695e+164 270
1757568014533 1.7038102826752845e+166 271
1757568014602 3.4720572761769707e+165 272
1757568014685 1.398763821406645e+166 273
1757568014758 7.846709898044191e+167 274
1757568014837 4.364000005114173e+168 275
1757568014904 1.289415805347049e+168 276
1757568014977 2.8804674371487143e+169 277
1757568015056 4.1824523533259554e+170 278
1757568015131 1.422670800620024e+171 279
1757568015210 3.7380788259649103e+173 280
1757568015289 2.836907298943741e+172 281
1757568015368 2.655074416539181e+171 282
1757568015441 1.1608545489927367e+172 283
1757568015517 3.209738951481287e+172 284
1757568015588 2.239011816867473e+173 285
1757568015661 1.0578386281960771e+175 286
1757568015740 2.4418554102097773e+175 287
1757568015813 1.802042548034543e+176 288
1757568015889 9.246555566063691e+175 289
1757568015973 1.1264148127054505e+177 290
1757568016060 4.181170025094886e+177 291
1757568016133 2.9996901682057272e+178 292
1757568016214 5.5858261258938575e+178 293
1757568016293 2.627520118724529e+179 294
1757568016366 2.5514209851647e+180 295
1757568016438 4.145370951695392e+181 296
1757568016513 1.3557683705273128e+182 297
1757568016580 9.035771262034158e+182 298
1757568016658 2.367868009452938e+183 299
1757568016736 1.359154687272447e+183 300
1757568016810 1.3269233283307518e+187 301
1757568016882 1.0580308989602178e+185 302
1757568016954 1.0910743388839246e+185 303
1757568017030 6.382947666255648e+186 304
1757568017105 1.49156759654697e+188 305
1757568017179 2.616539989867766e+187 306
1757568017257 1.6201580795526144e+188 307
1757568017327 1.23099428409654e+189 308
1757568017411 3.322317041433371e+189 309
1757568017482 7.025983954416462e+189 310
1757568017558 4.1915879183058646e+192 311
1757568017635 1.7864329723285622e+191 312
1757568017714 7.098307432720828e+191 313
1757568017789 1.0182347385878918e+193 314
1757568017864 3.120953043027236e+193 315
1757568017934 6.265827895788219e+193 316
1757568018008 6.589348366371268e+194 317
1757568018086 4.266756584214377e+196 318
1757568018159 1.2349681968145768e+196 319
1757568018235 1.7669701280721991e+196 320
1757568018307 2.161108624341011e+198 321
1757568018384 8.232099415450357e+197 322
1757568018461 1.5644203217648076e+198 323
1757568018540 1.1801291450142697e+199 324
1757568018617 2.3076411640697353e+201 325
1757568018688 1.1005707005621988e+201 326
1757568018763 1.8043600521545443e+201 327
1757568018841 9.812230251858346e+201 328
1757568018923 1.8604354332988017e+202 329
1757568018996 6.664561938006236e+203 330
1757568019071 7.408127313535298e+204 331
1757568019152 1.459918271915466e+206 332
1757568019230 5.8729944979928055e+206 333
1757568019303 9.833646445997597e+207 334
1757568019384 2.4470645062227076e+207 335
1757568019457 2.106923296511521e+208 336
1757568019531 8.605651651436247e+208 337
1757568019599 1.146797037331945e+209 338
1757568019678 1.9741131494580872e+209 339
1757568019759 1.4047981231662173e+210 340
1757568019829 1.128251074791763e+211 341
1757568019907 2.4635085866527243e+213 342
1757568019983 1.4322535124610304e+212 343
1757568020063 5.754392797954793e+213 344
1757568020138 2.646364796288452e+213 345
1757568020208 3.167504701154266e+214 346
1757568020282 1.2698931877742695e+215 347
1757568020360 1.1715717523711443e+215 348
1757568020433 5.604944833683895e+216 349
1757568020515 3.289995881019707e+216 350
1757568020587 4.422996154667684e+218 351
1757568020668 1.5984184112510953e+221 352
1757568020744 3.1917490696138074e+220 353
1757568020818 2.6832045368278548e+219 354
1757568020896 5.734874615893225e+220 355
1757568020969 9.072522316065759e+221 356
1757568021046 1.0836595604122845e+221 357
1757568021123 4.25217851013101e+220 358
1757568021203 8.294987668484875e+220 359
1757568021278 9.824432658638501e+220 360
1757568021349 5.029994778201481e+220 361
1757568021426 1.5736228542672137e+221 362
1757568021507 1.470869645561081e+221 363
1757568021585 1.429740639597335e+227 364
1757568021663 1.2353675573620393e+223 365
1757568021749 8.866703847188018e+223 366
1757568021824 2.0637201512566895e+224 367
1757568021908 2.5415246872632947e+225 368
1757568021997 7.219565984323563e+226 369
1757568022078 2.1942047523506224e+227 370
1757568022151 5.824305879898917e+228 371
1757568022234 3.326875979377012e+228 372
1757568022311 5.569529883749098e+228 373
1757568022385 3.13190626505338e+229 374
1757568022461 3.601557338216257e+229 375
1757568022536 1.045522077849279e+230 376
1757568022610 1.2813167273756491e+231 377
1757568022693 3.159931486113489e+233 378
1757568022774 8.713850301304872e+231 379
1757568022865 3.1123025280473284e+233 380
1757568022948 1.6786029355380834e+234 381
1757568023022 2.977864865561788e+234 382
1757568023098 5.85376537310371e+235 383
1757568023178 2.3262424415430593e+235 384
1757568023257 3.6446151725853516e+236 385
1757568023333 2.417753469640572e+237 386
1757568023414 2.133672822977805e+238 387
1757568023487 7.642883382720406e+237 388
1757568023565 1.8584938849450066e+240 389
1757568023641 1.8267424514379214e+239 390
1757568023717 1.1049624003315665e+241 391
1757568023792 5.271079017278401e+241 392
1757568023863 3.593650789910473e+241 393
1757568023945 7.912841197157121e+242 394
1757568024017 6.950531135510466e+243 395
1757568024094 1.4475993596066198e+244 396
1757568024172 7.45382902225016e+244 397
1757568024250 1.2001849414061187e+246 398
1757568024326 8.794805706524431e+245 399
1757568024401 7.492883464169465e+247 400
1757568024476 2.6507312420917586e+247 401
1757568024577 1.777816106839373e+248 402
1757568024675 1.3831447676538177e+248 403
1757568024772 4.960686586450101e+249 404
1757568024851 2.6752752702628035e+249 405
1757568024929 4.549086878139818e+249 406
1757568025018 4.1730483694832147e+251 407
1757568025098 3.2117100051684194e+252 408
1757568025173 5.360404753432262e+252 409
1757568025255 3.5267365462034073e+252 410
1757568025333 1.1732404538401922e+254 411
1757568025414 1.7176689898368048e+256 412
1757568025492 5.563178852614685e+255 413
1757568025565 9.246343160161698e+255 414
1757568025651 3.809943057374478e+256 415
1757568025727 1.78665126739996e+257 416
1757568025804 1.3992530602631586e+258 417
1757568025887 4.478780026996661e+259 418
1757568025962 7.559575056931488e+259 419
1757568026040 3.880544428579494e+259 420
1757568026116 4.643440892838284e+260 421
1757568026198 1.0416484119987548e+262 422
1757568026278 5.477474288833385e+261 423
1757568026358 1.120598146076392e+263 424
1757568026443 4.872003612434741e+263 425
1757568026518 1.073136945116922e+264 426
1757568026594 7.38124905918329e+264 427
1757568026676 1.2800216709266682e+266 428
1757568026753 1.14165021656603e+266 429
1757568026832 4.991484070709426e+266 430
1757568026907 2.4539670837628294e+267 431
1757568026987 1.4691870324355165e+268 432
1757568027063 3.7041849820718174e+269 433
1757568027144 1.6108721682181803e+269 434
1757568027224 1.365858599587375e+270 435
1757568027309 2.4678404700009578e+269 436
1757568027384 3.8385415782478675e+269 437
1757568027469 8.702641911817688e+269 438
1757568027545 1.0771243872007346e+270 439
1757568027618 1.2193957133119582e+272 440
1757568027709 4.916676668399404e+271 441
1757568027784 1.2369214445561961e+273 442
1757568027859 3.486861478411191e+273 443
1757568027936 7.777693820343615e+273 444
1757568028014 4.142544812377166e+274 445
1757568028091 6.730789371900232e+274 446
1757568028167 6.403511563670263e+275 447
1757568028244 1.0887886290315613e+276 448
1757568028317 5.576568180824716e+276 449
1757568028396 1.2022905782036712e+278 450
1757568028479 4.401705163841268e+278 451
1757568028552 6.596784720652062e+278 452
1757568028632 1.262379534719668e+279 453
1757568028711 9.045379526214146e+281 454
1757568028792 1.4360785315755433e+281 455
1757568028864 9.701535068181638e+281 456
1757568028936 7.22706524549641e+282 457
1757568029019 5.221676166989119e+282 458
1757568029094 7.533952041550467e+283 459
1757568029168 3.338691669171457e+284 460
1757568029259 6.747445241449346e+285 461
1757568029343 2.455902845679556e+285 462
1757568029433 1.040986855982948e+286 463
1757568029509 1.5829723819547134e+287 464
1757568029582 7.90160479301916e+286 465
1757568029663 7.63836024982026e+287 466
1757568029740 7.270968923227456e+288 467
1757568029825 3.221068716756565e+288 468
1757568029901 2.4739635943696364e+289 469
1757568029998 1.0427259505746348e+290 470
1757568030078 2.433992850091224e+289 471
1757568030154 3.904414716911104e+289 472
1757568030237 3.7455940555211183e+289 473
1757568030317 1.4412334176822553e+290 474
1757568030400 7.642555051998272e+289 475
1757568030476 2.0906671813692707e+291 476
1757568030563 6.424739742802587e+291 477
1757568030637 7.85395537719659e+291 478
1757568030718 1.0361060847686894e+295 479
1757568030802 1.2915007524911847e+293 480
1757568030881 1.7426757143003925e+294 481
1757568030965 6.793313877004114e+293 482
1757568031078 4.565611746628039e+295 483
1757568031157 4.892565005085082e+295 484
1757568031234 1.5341036732701628e+296 485
1757568031319 7.112763785440092e+296 486
1757568031430 8.357661552022127e+297 487
1757568031510 6.25248276937619e+298 488
1757568031608 4.069498828345327e+299 489
1757568031689 5.9272437119301895e+299 490
1757568031774 5.0920301867700667e+300 491
1757568031858 3.0201841486968277e+301 492
1757568031945 1.5462788782698765e+301 493
1757568032024 1.2848518558037804e+303 494
1757568032105 1.2511354534036797e+303 495
1757568032194 8.90314450016551e+303 496
1757568032267 5.627205028884864e+304 497
1757568032352 2.661013081168089e+305 498
