1757586820532 1064046163219.7743 0
1757586820591 1081841863523.4315 1
1757586820651 16764194602614.213 2
1757586820714 960256235146475.9 3
1757586820773 5.602442652709205e+16 4
1757586820833 3.269633103090835e+18 5
1757586820892 1.9081942765762855e+20 6
1757586820950 1.1136434329601538e+22 7
1757586821008 6.499347150528922e+23 8
1757586821067 3.793091406552102e+25 9
1757586821126 2.213690404049227e+27 10
1757586821188 1.2919343827200688e+29 11
1757586821247 7.539872993096158e+30 12
1757586821308 4.400353881155914e+32 13
1757586821367 2.568095549770412e+34 14
1757586821426 1.4987691742233534e+36 15
1757586821486 8.746983879953289e+37 16
1757586821545 5.104837243253888e+39 17
1757586821604 2.9792398886015915e+41 18
1757586821665 1.7387175909603018e+43 19
1757586821726 1.0147349572893276e+45 20
1757586821796 5.92210626325045e+46 21
1757586821855 3.4562071939372897e+48 22
1757586821914 2.017081024288721e+50 23
1757586821973 1.1771909582511734e+52 24
1757586822032 6.87021758422908e+53 25
1757586822093 4.009535523851643e+55 26
1757586822151 2.340009602306101e+57 27
1757586822210 1.3656556741576735e+59 28
1757586822268 7.970118663278393e+60 29
1757586822326 4.651450047679033e+62 30
1757586822384 2.714638070037671e+64 31
1757586822442 1.5842930216943758e+66 32
1757586822500 9.246110582080875e+67 33
1757586822558 5.396133147429836e+69 34
1757586822617 3.149243423631848e+71 35
1757586822680 1.8379335480282258e+73 36
1757586822740 1.0726384952078336e+75 37
1757586822799 6.260037761626701e+76 38
1757586822858 3.65342778131408e+78 39
1757586822917 2.1321811563336486e+80 40
1757586822991 1.244364677653242e+82 41
1757586823053 7.262250894542422e+83 42
1757586823113 4.2383305314279416e+85 43
1757586823173 2.473536917752843e+87 44
1757586823233 1.4435837030919046e+89 45
1757586823291 8.424915322168493e+90 46
1757586823352 4.916874444736681e+92 47
1757586823414 2.869542705276964e+94 48
1757586823478 1.674697092626131e+96 49
1757586823542 9.773718812035282e+97 50
1757586823603 5.704051188560709e+99 51
1757586823662 3.328947822977677e+101 52
1757586823721 1.9428110375888952e+103 53
1757586823780 1.1338461665647314e+105 54
1757586823839 6.617252550865811e+106 55
1757586823898 3.861902312075264e+108 56
1757586823958 2.2538492151188708e+110 57
1757586824018 1.3153715122747913e+112 58
1757586824076 7.676654692327385e+113 59
1757586824136 4.48018120472424e+115 60
1757586824197 2.614683665168083e+117 61
1757586824257 1.5259585174117057e+119 62
1757586824316 8.905663915989059e+120 63
1757586824377 5.197444680152544e+122 64
1757586824438 3.033286620523213e+124 65
1757586824497 1.7702598658491327e+126 66
1757586824555 1.0331433803296952e+128 67
1757586824617 6.029539871012565e+129 68
1757586824681 3.5189066443544884e+131 69
1757586824745 2.053673122092263e+133 70
1757586824808 1.198546514205086e+135 71
1757586824877 6.994850988017296e+136 72
1757586824954 4.082272966854114e+138 73
1757586825014 2.382459984416564e+140 74
1757586825075 1.390430190100766e+142 75
1757586825135 8.114705498472801e+143 76
1757586825195 4.735832535553088e+145 77
1757586825255 2.7638846300736583e+147 78
1757586825314 1.613033862791613e+149 79
1757586825372 9.413845332766628e+150 80
1757586825432 5.494025016677584e+152 81
1757586825491 3.20637420914672e+154 82
1757586825551 1.871275710953788e+156 83
1757586825610 1.092097352959147e+158 84
1757586825670 6.373601823391743e+159 85
1757586825729 3.719705032987306e+161 86
1757586825788 2.1708612988108034e+163 87
1757586825849 1.2669388397417618e+165 88
1757586825910 7.393996219498188e+166 89
1757586825970 4.315218570858325e+168 90
1757586826030 2.518409634180792e+170 91
1757586826090 1.4697719203301177e+172 92
1757586826152 8.577752675622905e+173 93
1757586826216 5.0060720269870304e+175 94
1757586826275 2.921599408036335e+177 95
1757586826335 1.705077964324779e+179 96
1757586826394 9.951024964028122e+180 97
1757586826454 5.8075290342471e+182 98
1757586826514 3.389338646575991e+184 99
1757586826574 1.9780557950603302e+186 100
1757586826635 1.1544153996899878e+188 101
1757586826696 6.737296887021073e+189 102
1757586826759 3.93196152407993e+191 103
1757586826820 2.2947365517806116e+193 104
1757586826879 1.339233817479979e+195 105
1757586826940 7.81591776402519e+196 106
1757586827002 4.561456684909141e+198 107
1757586827062 2.66211694090123e+200 108
1757586827126 1.553641105587852e+202 109
1757586827200 9.067222584726396e+203 110
1757586827264 5.291732119166927e+205 111
1757586827325 3.088313820396619e+207 112
1757586827385 1.8023743527581043e+209 113
1757586827446 1.0518857526800818e+211 114
1757586827507 6.138922444153532e+212 115
1757586827569 3.582743532680381e+214 116
1757586827630 2.0909290413316163e+216 117
1757586827692 1.2202894837446306e+218 118
1757586827758 7.121745380653337e+219 119
1757586827818 4.1563299481380425e+221 120
1757586827880 2.425680463769177e+223 121
1757586827941 1.4156541433740933e+225 122
1757586828001 8.261915299998652e+226 123
1757586828074 4.821745815800844e+228 124
1757586828137 2.8140245775936247e+230 125
1757586828199 1.6422960947778093e+232 126
1757586828260 9.584622978768955e+233 127
1757586828321 5.593692753533244e+235 128
1757586828381 3.264541410782668e+237 129
1757586828441 1.905222737874415e+239 130
1757586828502 1.1119092160768254e+241 131
1757586828563 6.489226063803525e+242 132
1757586828625 3.787184627871407e+244 133
1757586828686 2.2102431421812407e+246 134
1757586828749 1.2899225222893101e+248 135
1757586828809 7.52813155147787e+249 136
1757586828869 4.3935014450151554e+251 137
1757586828929 2.5640963916950704e+253 138
1757586828989 1.4964352210156142e+255 139
1757586829051 8.733362669005157e+256 140
1757586829111 5.096887752789462e+258 141
1757586829171 2.97460047740059e+260 142
1757586829232 1.7360099788953127e+262 143
1757586829294 1.0131547647224553e+264 144
1757586829357 5.912884083379549e+265 145
1757586829420 3.450825027019515e+267 146
1757586829482 2.0139399317123135e+269 147
1757586829543 1.1753577816283956e+271 148
1757586829604 6.859518961222726e+272 149
1757586829665 4.003291688270845e+274 150
1757586829727 2.3363656302980335e+276 151
1757586829788 1.3635290114959534e+278 152
1757586829849 7.957707223051263e+279 153
1757586829910 4.64420659288555e+281 154
1757586829971 2.710410709120233e+283 155
1757586830034 1.5818258867655621e+285 156
1757586830113 9.231712107770668e+286 157
1757586830176 5.387730037407734e+288 158
1757586830241 3.144339275003165e+290 159
1757586830310 1.8350714322509803e+292 160
1757586830374 1.0709681325531475e+294 161
1757586830435 6.250289339077389e+295 162
1757586830498 3.6477384933062726e+297 163
1757586830563 2.128860824467435e+299 164
1757586830626 1.2424268949840105e+301 165
1757586830689 7.250941778994736e+302 166
1757586830751 4.2317304055984684e+304 167
