1757586609825 1019574908137.1255 0
1757586609900 4124877947987.2935 1
1757586609971 1.3009417607964068e+16 2
1757586610036 5.269014447469032e+19 3
1757586610106 2.1340804229351134e+23 4
1757586610172 8.643550559001268e+26 5
1757586610248 3.5008505519836907e+30 6
1757586610323 1.4179305718945958e+34 7
1757586610394 5.742967535629608e+37 8
1757586610462 2.326043091886123e+41 9
1757586610533 9.42104657869705e+44 10
1757586610596 3.815755561347301e+48 11
1757586610663 1.5454748453187818e+52 12
1757586610748 6.259553210661537e+55 13
1757586610853 2.5352729949494057e+59 14
1757586610943 1.0268479143163048e+63 15
1757586611010 4.1589865913307145e+66 16
1757586611095 1.6844918537313737e+70 17
1757586611180 6.822606283949242e+73 18
1757586611272 2.7633233371045327e+77 19
1757586611370 1.1192139114565003e+81 20
1757586611469 4.533091595825696e+84 21
1757586611550 1.8360135811217737e+88 22
1757586611622 7.436306544451335e+91 23
1757586611694 3.0118870356755887e+95 24
1757586611776 1.2198883224413911e+99 25
1757586611849 4.940847719725568e+102 26
1757586611912 2.0011648394716237e+106 27
1757586611975 8.105209757324658e+109 28
1757586612044 3.282809287593531e+113 29
1757586612127 1.3296184974079624e+117 30
1757586612212 5.385281914885036e+120 31
1757586612298 2.181171618725567e+124 32
1757586612380 8.8342814833594e+127 33
1757586612469 3.578101267099159e+131 34
1757586612554 1.4492190113856415e+135 35
1757586612621 5.8696934105061864e+138 36
1757586612685 2.3773701878502117e+142 37
1757586612752 9.628933940506339e+145 38
1757586612816 3.8999550555681763e+149 39
1757586612880 1.5795777112426607e+153 40
1757586612947 6.397678204758437e+156 41
1757586613015 2.591217014542523e+160 42
1757586613087 1.0495066181135301e+164 43
1757586613172 4.2507599142890044e+167 44
1757586613256 1.7216623065612398e+171 45
1757586613340 6.973155759443913e+174 46
1757586613426 2.8242995772258438e+178 47
1757586613509 1.143910788327807e+182 48
1757586613586 4.6331200209931185e+185 49
1757586613661 1.876527553368602e+189 50
1757586613732 7.600398095874809e+192 51
1757586613800 3.078348149595778e+196 52
1757586613870 1.2468067080937609e+200 53
1757586613945 5.049873801804154e+203 54
1757586614017 2.0453230840517932e+207 55
1757586614092 8.284061507954045e+210 56
1757586614179 3.35524864519781e+214 57
1757586614273 1.3589582187786178e+218 58
1757586614401 5.5041150021150725e+221 59
1757586614491 2.2293019415811398e+225 60
1757586614579 9.029221127879217e+228 61
1757586614659 3.65705661738747e+232 62
1757586614750 1.4811978700447217e+236 63
1757586614827 5.999215652811884e+239 64
1757586614900 2.4298298813956916e+243 65
1757586614970 9.841408601066214e+246 66
1757586615033 3.9860125186010004e+250 67
1757586615121 1.614433100229427e+254 68
1757586615212 6.538851102332171e+257 69
1757586615304 2.6483955100025235e+261 70
1757586615400 1.0726653149969868e+265 71
1757586615493 4.344558332212575e+268 72
1757586615581 1.7596529726563175e+272 73
1757586615658 7.127027300382234e+275 74
1757586615735 2.886621335553215e+279 75
1757586615812 1.1691526331636381e+283 76
1757586615888 4.735355700443834e+286 77
1757586615972 1.9179355178843803e+290 78
1757586616045 7.768110535851932e+293 79
1757586616128 3.146275812430708e+297 80
1757586616222 1.2743190821242443e+301 81
1757586616313 inf 82
1757586616406 inf 83
