1757571010423 1053300496920.496 0
1757571010482 1053089534159.7367 1
1757571010553 1052878639789.1671 2
1757571010617 1052667813763.3097 3
1757571010677 1052457056054.7681 4
1757571010735 1052246366636.159 5
1757571010796 1052035745480.1123 6
1757571010855 1051825192559.2701 7
1757571010915 1051614707846.2885 8
1757571010974 1051404291313.8351 9
1757571011039 1051193942934.591 10
1757571011102 1050983662681.2504 11
1757571011163 1050773450526.5199 12
1757571011229 1050563306443.119 13
1757571011297 1050353230403.7805 14
1757571011363 1050143222381.2494 15
1757571011427 1049933282348.2838 16
1757571011487 1049723410277.6545 17
1757571011550 1049513606142.1454 18
1757571011613 1049303869914.5526 19
1757571011695 1049094201567.6857 20
1757571011757 1048884601074.3666 21
1757571011816 1048675068407.43 22
1757571011879 1048465603539.7234 23
1757571011940 1048256206444.1075 24
1757571012002 1048046877093.4554 25
1757571012080 1047837615460.6525 26
1757571012145 1047628421518.5975 27
1757571012205 1047419295240.202 28
1757571012268 1047210236598.3899 29
1757571012331 1047001245566.0977 30
1757571012394 1046792322116.2753 31
1757571012450 1046583466221.8844 32
1757571012511 1046374677855.9004 33
1757571012570 1046165956991.3104 34
1757571012637 1045957303601.1151 35
1757571012698 1045748717658.3269 36
1757571012760 1045540199135.9719 37
1757571012819 1045331748007.0884 38
1757571012877 1045123364244.7269 39
1757571012942 1044915047821.9514 40
1757571013000 1044706798711.838 41
1757571013065 1044498616887.4757 42
1757571013134 1044290502321.966 43
1757571013193 1044082454988.4231 44
1757571013259 1043874474859.9738 45
1757571013321 1043666561909.7571 46
1757571013385 1043458716110.9254 47
1757571013459 1043250937436.6433 48
1757571013523 1043043225860.088 49
1757571013588 1042835581354.4492 50
1757571013653 1042628003892.9296 51
1757571013713 1042420493448.7438 52
1757571013805 1042213049995.119 53
1757571013878 1042005673505.2963 54
1757571013938 1041798363952.5276 55
1757571014001 1041591121310.0782 56
1757571014057 1041383945551.226 57
1757571014118 1041176836649.2614 58
1757571014181 1040969794577.4868 59
1757571014243 1040762819309.2178 60
1757571014304 1040555910817.7825 61
1757571014369 1040349069076.5205 62
1757571014432 1040142294058.7858 63
1757571014492 1039935585737.9429 64
1757571014579 1039728944087.37 65
1757571014665 1039522369080.4575 66
1757571014731 1039315860690.6083 67
1757571014791 1039109418891.2373 68
1757571014856 1038903043655.7726 69
1757571014916 1038696734957.6544 70
1757571014981 1038490492770.3356 71
1757571015043 1038284317067.2811 72
1757571015108 1038078207821.9684 73
1757571015177 1037872165007.8877 74
1757571015238 1037666188598.5414 75
1757571015299 1037460278567.4442 76
1757571015365 1037254434888.1239 77
1757571015422 1037048657534.1196 78
1757571015487 1036842946478.9836 79
1757571015548 1036637301696.2805 80
1757571015611 1036431723159.5872 81
1757571015689 1036226210842.4928 82
1757571015751 1036020764718.5991 83
1757571015810 1035815384761.52 84
1757571015874 1035610070944.882 85
1757571015930 1035404823242.3235 86
1757571015997 1035199641627.4962 87
1757571016061 1034994526074.0631 88
1757571016123 1034789476555.7001 89
1757571016188 1034584493046.0953 90
1757571016257 1034379575518.949 91
1757571016319 1034174723947.9741 92
1757571016378 1033969938306.8959 93
1757571016436 1033765218569.4512 94
1757571016494 1033560564709.3899 95
1757571016560 1033355976700.4744 96
1757571016618 1033151454516.4784 97
1757571016681 1032946998131.1887 98
1757571016752 1032742607518.4042 99
1757571016813 1032538282651.9355 100
1757571016879 1032334023505.6066 101
1757571016943 1032129830053.2528 102
1757571017004 1031925702268.7216 103
1757571017069 1031721640125.8739 104
1757571017127 1031517643598.5814 105
1757571017194 1031313712660.7288 106
1757571017255 1031109847286.213 107
1757571017315 1030906047448.9431 108
1757571017377 1030702313122.8401 109
1757571017441 1030498644281.8374 110
1757571017505 1030295040899.881 111
1757571017569 1030091502950.9282 112
1757571017654 1029888030408.9492 113
1757571017720 1029684623247.9265 114
1757571017803 1029481281441.8541 115
1757571017875 1029278004964.7386 116
1757571017940 1029074793790.5988 117
1757571018007 1028871647893.4656 118
1757571018069 1028668567247.3817 119
1757571018137 1028465551826.4025 120
1757571018208 1028262601604.5951 121
1757571018273 1028059716556.0392 122
1757571018334 1027856896654.8259 123
1757571018400 1027654141875.0592 124
1757571018463 1027451452190.8549 125
1757571018529 1027248827576.341 126
1757571018595 1027046268005.6565 127
1757571018658 1026843773452.9546 128
1757571018736 1026641343892.3988 129
1757571018797 1026438979298.1658 130
1757571018856 1026236679644.4434 131
1757571018921 1026034444905.4325 132
1757571018980 1025832275055.3448 133
1757571019046 1025630170068.4058 134
1757571019115 1025428129918.8511 135
1757571019181 1025226154580.9296 136
1757571019248 1025024244028.902 137
1757571019317 1024822398237.0411 138
1757571019383 1024620617179.6313 139
1757571019447 1024418900830.9696 140
1757571019512 1024217249165.3644 141
1757571019574 1024015662157.1362 142
1757571019637 1023814139780.6184 143
1757571019700 1023612682010.1553 144
1757571019759 1023411288820.1036 145
1757571019823 1023209960184.8318 146
1757571019884 1023008696078.7208 147
1757571019951 1022807496476.1632 148
1757571020012 1022606361351.5635 149
1757571020086 1022405290679.3385 150
1757571020149 1022204284433.9163 151
1757571020218 1022003342589.7375 152
1757571020276 1021802465121.2546 153
1757571020341 1021601652002.9316 154
1757571020409 1021400903209.2451 155
1757571020469 1021200218714.683 156
1757571020532 1020999598493.7455 157
1757571020597 1020799042520.9443 158
1757571020659 1020598550770.8037 159
1757571020721 1020398123217.859 160
1757571020788 1020197759836.6581 161
1757571020854 1019997460601.7609 162
1757571020915 1019797225487.7382 163
1757571020993 1019597054469.1732 164
1757571021055 1019396947520.6617 165
1757571021121 1019196904616.8104 166
1757571021190 1018996925732.2382 167
1757571021261 1018797010841.5757 168
1757571021325 1018597159919.4657 169
1757571021388 1018397372940.562 170
1757571021453 1018197649879.5315 171
1757571021535 1017997990711.0518 172
1757571021614 1017798395409.8131 173
1757571021674 1017598863950.5166 174
1757571021737 1017399396307.8761 175
1757571021819 1017199992456.617 176
1757571021904 1017000652371.4757 177
1757571021967 1016801376027.2017 178
1757571022032 1016602163398.5554 179
1757571022093 1016403014460.3091 180
1757571022157 1016203929187.247 181
1757571022226 1016004907554.1652 182
1757571022295 1015805949535.8708 183
1757571022358 1015607055107.1841 184
1757571022423 1015408224242.9355 185
1757571022482 1015209456917.9683 186
1757571022550 1015010753107.1371 187
1757571022613 1014812112785.3081 188
1757571022673 1014613535927.3595 189
1757571022732 1014415022508.181 190
1757571022801 1014216572502.6742 191
1757571022865 1014018185885.7523 192
1757571022927 1013819862632.3401 193
1757571022996 1013621602717.374 194
1757571023059 1013423406115.8029 195
1757571023121 1013225272802.586 196
1757571023181 1013027202752.6954 197
1757571023244 1012829195941.1141 198
1757571023305 1012631252342.8373 199
1757571023374 1012433371932.8713 200
1757571023438 1012235554686.2345 201
1757571023502 1012037800577.9568 202
1757571023567 1011840109583.0796 203
1757571023628 1011642481676.6561 204
1757571023695 1011444916833.751 205
1757571023756 1011247415029.4408 206
1757571023821 1011049976238.8132 207
1757571023881 1010852600436.9683 208
1757571023945 1010655287599.0168 209
1757571024011 1010458037700.0817 210
1757571024071 1010260850715.2974 211
1757571024148 1010063726619.8097 212
1757571024217 1009866665388.7761 213
1757571024283 1009669666997.3661 214
1757571024345 1009472731420.76 215
1757571024410 1009275858634.15 216
1757571024479 1009079048612.7402 217
1757571024541 1008882301331.7455 218
1757571024605 1008685616766.393 219
1757571024683 1008488994891.921 220
1757571024751 1008292435683.5792 221
1757571024813 1008095939116.6295 222
1757571024879 1007899505166.3445 223
1757571024944 1007703133808.0088 224
1757571025011 1007506825016.9183 225
1757571025079 1007310578768.3805 226
1757571025140 1007114395037.7144 227
1757571025200 1006918273800.2504 228
1757571025269 1006722215031.3303 229
1757571025334 1006526218706.3075 230
1757571025402 1006330284800.5472 231
1757571025468 1006134413289.4253 232
1757571025541 1005938604148.3298 233
1757571025633 1005742857352.6599 234
1757571025721 1005547172877.8262 235
1757571025800 1005351550699.251 236
1757571025864 1005155990792.3676 237
1757571025930 1004960493132.6212 238
1757571025992 1004765057695.468 239
1757571026059 1004569684456.3759 240
1757571026122 1004374373390.824 241
1757571026191 1004179124474.3032 242
1757571026273 1003983937682.3153 243
1757571026335 1003788812990.3739 244
1757571026410 1003593750374.0034 245
1757571026481 1003398749808.7405 246
1757571026547 1003203811270.1324 247
1757571026655 1003008934733.7384 248
1757571026724 1002814120175.1282 249
1757571026789 1002619367569.8838 250
1757571026857 1002424676893.5981 251
1757571026921 1002230048121.8756 252
1757571026996 1002035481230.3318 253
1757571027061 1001840976194.5938 254
1757571027128 1001646532990.2998 255
1757571027194 1001452151593.0996 256
1757571027260 1001257831978.6542 257
1757571027323 1001063574122.6359 258
1757571027387 1000869378000.728 259
1757571027464 1000675243588.6257 260
1757571027530 1000481170862.0349 261
1757571027599 1000287159796.6737 262
1757571027669 1000093210368.2701 263
1757571027737 999899322552.5643 264
1757571027811 999705496325.308 265
1757571027882 999511731662.2634 266
1757571027960 999318028539.2043 267
1757571028028 999124386931.9159 268
1757571028103 998930806816.1943 269
1757571028182 998737288167.8475 270
1757571028252 998543830962.6938 271
1757571028323 998350435176.5635 272
1757571028387 998157100785.298 273
1757571028451 997963827764.7494 274
1757571028516 997770616090.7814 275
1757571028584 997577465739.2689 276
1757571028655 997384376686.0983 277
1757571028723 997191348907.1665 278
1757571028787 996998382378.382 279
1757571028858 996805477075.6647 280
1757571028923 996612632974.9452 281
1757571028990 996419850052.1655 282
1757571029060 996227128283.2789 283
1757571029125 996034467644.2496 284
1757571029192 995841868111.0529 285
1757571029266 995649329659.6759 286
1757571029335 995456852266.116 287
1757571029396 995264435906.3823 288
1757571029460 995072080556.4944 289
1757571029526 994879786192.484 290
1757571029591 994687552790.3932 291
1757571029656 994495380326.2753 292
1757571029720 994303268776.1948 293
1757571029787 994111218116.2274 294
1757571029852 993919228322.4597 295
1757571029918 993727299370.9896 296
1757571029986 993535431237.9258 297
1757571030053 993343623899.3887 298
1757571030119 993151877331.5088 299
1757571030181 992960191510.4283 300
1757571030260 992768566412.3008 301
1757571030327 992577002013.2899 302
1757571030389 992385498289.5713 303
1757571030457 992194055217.3313 304
1757571030527 992002672772.7671 305
1757571030593 991811350932.0872 306
1757571030658 991620089671.511 307
1757571030724 991428888967.2688 308
1757571030799 991237748795.6023 309
1757571030871 991046669132.764 310
1757571030933 990855649955.0171 311
1757571031005 990664691238.6362 312
1757571031075 990473792959.907 313
1757571031148 990282955095.1257 314
1757571031211 990092177620.6 315
1757571031280 989901460512.6481 316
1757571031349 989710803747.5995 317
1757571031412 989520207301.7943 318
1757571031473 989329671151.5844 319
1757571031544 989139195273.3315 320
1757571031609 988948779643.4095 321
1757571031685 988758424238.202 322
1757571031774 988568129034.1044 323
1757571031861 988377894007.5227 324
1757571031937 988187719134.8738 325
1757571032011 987997604392.5857 326
1757571032078 987807549757.097 327
1757571032145 987617555204.8577 328
1757571032213 987427620712.3286 329
1757571032276 987237746255.9808 330
1757571032368 987047931812.2969 331
1757571032460 986858177357.7704 332
1757571032528 986668482868.9053 333
1757571032608 986478848322.2168 334
1757571032692 986289273694.2303 335
1757571032759 986099758961.4838 336
1757571032824 985910304100.524 337
1757571032896 985720909087.9095 338
1757571032963 985531573900.2101 339
1757571033024 985342298514.0059 340
1757571033093 985153082905.8877 341
1757571033162 984963927052.4576 342
1757571033242 984774830930.3285 343
1757571033312 984585794516.1237 344
1757571033385 984396817786.4774 345
1757571033453 984207900718.0353 346
1757571033528 984019043287.4528 347
1757571033599 983830245471.397 348
1757571033670 983641507246.5455 349
1757571033734 983452828589.5865 350
1757571033800 983264209477.2195 351
1757571033869 983075649886.1539 352
1757571033933 982887149793.1106 353
1757571034002 982698709174.8212 354
1757571034072 982510328008.0277 355
1757571034142 982322006269.4834 356
1757571034208 982133743935.9517 357
1757571034287 981945540984.2072 358
1757571034356 981757397391.0349 359
1757571034417 981569313133.2313 360
1757571034483 981381288187.6024 361
1757571034546 981193322530.9661 362
1757571034615 981005416140.1503 363
1757571034680 980817568991.9938 364
1757571034748 980629781063.346 365
1757571034815 980442052331.0673 366
1757571034880 980254382772.0288 367
1757571034950 980066772363.1118 368
1757571035014 979879221081.2086 369
1757571035082 979691728903.2224 370
1757571035149 979504295806.0668 371
1757571035220 979316921766.6658 372
1757571035289 979129606761.9546 373
1757571035358 978942350768.879 374
1757571035432 978755153764.3951 375
1757571035495 978568015725.4697 376
1757571035564 978380936629.0806 377
1757571035631 978193916452.216 378
1757571035720 978006955171.8745 379
1757571035786 977820052765.0657 380
1757571035853 977633209208.8098 381
1757571035916 977446424480.1373 382
1757571035985 977259698556.0897 383
1757571036053 977073031413.7185 384
1757571036127 976886423030.0865 385
1757571036196 976699873382.267 386
1757571036263 976513382447.3431 387
1757571036335 976326950202.4095 388
1757571036403 976140576624.571 389
1757571036472 975954261690.9426 390
1757571036537 975768005378.6506 391
1757571036602 975581807664.8315 392
1757571036678 975395668526.6326 393
1757571036747 975209587941.2109 394
1757571036819 975023565885.7351 395
1757571036885 974837602337.3837 396
1757571036956 974651697273.3457 397
1757571037025 974465850670.8213 398
1757571037091 974280062507.0206 399
1757571037163 974094332759.1644 400
1757571037247 973908661404.484 401
1757571037320 973723048420.2211 402
1757571037392 973537493783.6282 403
1757571037456 973351997471.9678 404
1757571037523 973166559462.5137 405
1757571037600 972981179732.5488 406
1757571037682 972795858259.3684 407
1757571037760 972610595020.2769 408
1757571037825 972425389992.5889 409
1757571037893 972240243153.6309 410
1757571037962 972055154480.7382 411
1757571038036 971870123951.2579 412
1757571038102 971685151542.547 413
1757571038174 971500237231.9728 414
1757571038241 971315380996.9132 415
1757571038311 971130582814.7566 416
1757571038386 970945842662.9012 417
1757571038452 970761160518.7571 418
1757571038517 970576536359.7434 419
1757571038585 970391970163.29 420
1757571038653 970207461906.8373 421
1757571038726 970023011567.836 422
1757571038798 969838619123.7477 423
1757571038864 969654284552.0435 424
1757571038934 969470007830.2058 425
1757571039003 969285788935.7263 426
1757571039068 969101627846.1082 427
1757571039134 968917524538.8643 428
1757571039197 968733478991.5182 429
1757571039263 968549491181.6034 430
1757571039331 968365561086.6643 431
1757571039401 968181688684.2554 432
1757571039469 967997873951.9412 433
1757571039535 967814116867.2971 434
1757571039600 967630417407.9084 435
1757571039672 967446775551.3711 436
1757571039742 967263191275.2913 437
1757571039823 967079664557.2849 438
1757571039890 966896195374.9795 439
1757571039958 966712783706.0116 440
1757571040028 966529429528.0286 441
1757571040100 966346132818.688 442
1757571040165 966162893555.658 443
1757571040239 965979711716.6166 444
1757571040310 965796587279.2523 445
1757571040380 965613520221.2638 446
1757571040448 965430510520.3604 447
1757571040532 965247558154.2611 448
1757571040627 965064663100.6954 449
1757571040704 964881825337.4031 450
1757571040772 964699044842.1343 451
1757571040845 964516321592.6492 452
1757571040916 964333655566.7185 453
1757571041009 964151046742.1226 454
1757571041093 963968495096.6525 455
1757571041162 963786000608.1095 456
1757571041227 963603563254.3048 457
1757571041303 963421183013.0603 458
1757571041373 963238859862.2074 459
1757571041445 963056593779.5885 460
1757571041515 962874384743.0555 461
1757571041585 962692232730.4706 462
1757571041654 962510137719.7069 463
1757571041723 962328099688.6466 464
1757571041792 962146118615.1827 465
1757571041863 961964194477.2186 466
1757571041927 961782327252.6671 467
1757571041999 961600516919.4518 468
1757571042117 961418763455.5061 469
1757571042185 961237066838.7739 470
1757571042255 961055427047.2089 471
1757571042327 960873844058.7749 472
1757571042394 960692317851.4463 473
1757571042465 960510848403.2072 474
1757571042530 960329435692.0515 475
1757571042595 960148079695.9843 476
1757571042660 959966780393.0198 477
1757571042730 959785537761.1826 478
1757571042802 959604351778.5077 479
1757571042868 959423222423.0398 480
1757571042936 959242149672.834 481
1757571043004 959061133505.9548 482
1757571043070 958880173900.4781 483
1757571043138 958699270834.4885 484
1757571043206 958518424286.0814 485
1757571043278 958337634233.3623 486
1757571043356 958156900654.446 487
1757571043430 957976223527.4586 488
1757571043502 957795602830.5355 489
1757571043572 957615038541.8217 490
1757571043638 957434530639.4729 491
1757571043713 957254079101.6549 492
1757571043782 957073683906.5435 493
1757571043853 956893345032.3239 494
1757571043921 956713062457.1917 495
1757571043990 956532836159.3529 496
1757571044057 956352666117.023 497
1757571044128 956172552308.4276 498
1757571044203 955992494711.8025 499
