1757581304134 1288350869192.2188 0
1757581304197 367872296332.851 1
1757581304273 806500159412.9232 2
1757581304338 26070430484745.582 3
1757581304400 891612586684118.6 4
1757581304464 2.8699401463852856e+16 5
1757581304528 1.237878989896013e+18 6
1757581304591 2.8808098147477258e+20 7
1757581304655 5.750970850514878e+21 8
1757581304719 1.262932988220357e+24 9
1757581304783 6.764914793392971e+24 10
1757581304847 2.4412210979244666e+28 11
1757581304911 1.9798192201286504e+29 12
1757581304974 1.5385668409420127e+31 13
1757581305038 6.135581359785016e+31 14
1757581305101 1.1360765657884202e+34 15
1757581305169 4.958588494780679e+34 16
1757581305231 3.6895189849784044e+36 17
1757581305295 1.0990254136525623e+39 18
1757581305361 3.8993600863264145e+41 19
1757581305431 8.998206795637428e+41 20
1757581305499 2.4920143750165075e+43 21
1757581305562 1.1823906776766841e+45 22
1757581305625 1.4458238467871723e+47 23
1757581305688 3.987743011897386e+50 24
1757581305753 1.2007146934239453e+51 25
1757581305819 1.0244112549929902e+54 26
1757581305885 4.0463243056634946e+54 27
1757581305949 2.7306863206877547e+55 28
1757581306013 4.614734347599603e+56 29
1757581306077 5.105043899647056e+59 30
1757581306142 3.422163912701188e+61 31
1757581306208 2.19201346643579e+62 32
1757581306274 3.902575931935865e+63 33
1757581306338 4.780468560442099e+65 34
1757581306404 2.807993058898864e+67 35
1757581306468 7.656871851958636e+70 36
1757581306532 3.0232930121483295e+70 37
1757581306596 2.7052741326338423e+72 38
1757581306660 8.870581871583857e+73 39
1757581306724 1.0541193568253739e+76 40
1757581306787 2.916379711686816e+77 41
1757581306851 4.0568355102748746e+79 42
1757581306915 3.0875864295059764e+80 43
1757581306979 8.414457225628578e+81 44
1757581307043 3.5300136108168015e+84 45
1757581307110 1.5453916502543225e+85 46
1757581307175 4.004652131276451e+87 47
1757581307241 2.6599606182744154e+89 48
1757581307305 4.361515611823061e+90 49
1757581307371 3.2041578554335134e+92 50
1757581307435 6.1309416063756275e+93 51
1757581307500 6.612565016785482e+96 52
1757581307563 7.902493372008982e+97 53
1757581307628 1.4419665775389716e+99 54
1757581307693 9.538899899843e+102 55
1757581307756 9.408914388220058e+102 56
1757581307822 1.436677205925696e+104 57
1757581307887 2.2043278921467263e+106 58
1757581307950 2.4980300007246653e+109 59
1757581308016 4.313166964560627e+109 60
1757581308087 2.430624851337785e+111 61
1757581308150 5.83708589760082e+114 62
1757581308214 1.7321648248787985e+114 63
1757581308279 1.2151275896743889e+116 64
1757581308343 6.228939194225811e+118 65
1757581308408 1.4827517572050428e+119 66
1757581308472 7.40680357431346e+120 67
1757581308539 4.463207535490085e+123 68
1757581308611 3.596564773359832e+125 69
1757581308675 1.0311242999413503e+126 70
1757581308746 1.3916014638821908e+128 71
1757581308810 1.089658582719185e+130 72
1757581308877 2.782223834488324e+134 73
1757581308943 5.379438900278954e+132 74
1757581309007 2.2677482701333603e+135 75
1757581309072 2.941555688000066e+136 76
1757581309142 3.956656892156375e+138 77
1757581309208 3.1054471589529845e+139 78
1757581309275 5.182329139402412e+141 79
1757581309339 1.6281304165719037e+144 80
1757581309403 7.823802545353671e+146 81
1757581309466 1.5859603939005137e+146 82
1757581309532 1.536234042533883e+148 83
1757581309597 1.2748235732919229e+151 84
1757581309663 1.9817704581498622e+151 85
1757581309730 1.875902082138978e+154 86
1757581309795 1.1334141281530404e+155 87
1757581309860 6.539160265227319e+156 88
1757581309926 2.338720611947326e+160 89
1757581309994 3.987087748701068e+160 90
1757581310063 3.3084033194363335e+161 91
1757581310126 2.7819038186059145e+165 92
1757581310193 1.2079653431220332e+165 93
1757581310260 7.917801357738349e+166 94
1757581310331 2.1710589782135877e+168 95
1757581310397 3.26283377104913e+170 96
1757581310469 8.195054884404e+171 97
1757581310534 1.2714215479062156e+174 98
1757581310602 3.613253430740232e+176 99
1757581310674 3.453581284810709e+178 100
1757581310741 6.1067104120261225e+178 101
1757581310808 3.138588186189801e+181 102
1757581310873 5.7574472351958225e+181 103
1757581310942 5.751535117890286e+183 104
1757581311008 6.201272506390461e+185 105
1757581311077 8.185649701150996e+186 106
1757581311144 6.248996567645831e+190 107
1757581311209 3.4733334024520417e+190 108
1757581311277 5.999584747209748e+191 109
1757581311343 9.284058599649406e+193 110
1757581311410 1.2039173253403634e+196 111
1757581311480 1.0958506334285132e+198 112
1757581311545 1.5129603668630673e+199 113
1757581311610 5.255190063856808e+200 114
1757581311675 3.340772980905736e+202 115
1757581311758 3.2686692070318495e+204 116
1757581311823 5.217970952877566e+205 117
1757581311890 2.302405612369246e+207 118
1757581311955 6.9276267708420295e+208 119
1757581312020 2.572042488664493e+210 120
1757581312085 3.0847708497792486e+212 121
1757581312149 6.827078618450271e+213 122
1757581312216 6.3662664708824824e+215 123
1757581312282 5.461907197364289e+217 124
1757581312347 2.6002902619335624e+219 125
1757581312414 5.87317737691212e+220 126
1757581312480 5.487141084545195e+223 127
1757581312545 6.2900312022920564e+224 128
1757581312611 4.62322247189712e+227 129
1757581312680 1.0579311310305947e+227 130
1757581312747 4.6067415781334526e+229 131
1757581312812 9.870140743731981e+230 132
1757581312876 6.046621233418186e+232 133
1757581312942 6.3128829687848234e+234 134
1757581313007 1.2829914969150704e+236 135
1757581313073 1.944045508120386e+238 136
1757581313140 5.728192977029356e+240 137
1757581313207 1.869202386862801e+242 138
1757581313272 1.7802395940607484e+242 139
1757581313339 1.5819164708063505e+244 140
1757581313405 6.612508199838825e+246 141
1757581313472 2.4425419418863753e+248 142
1757581313538 3.7421537571930546e+249 143
1757581313604 3.4431635085846987e+251 144
1757581313670 5.1936152240495545e+252 145
1757581313737 7.410337004761773e+254 146
1757581313803 8.80586889266757e+255 147
1757581313870 7.464333728757674e+257 148
1757581313937 9.559461269521708e+259 149
1757581314004 5.6547236798176926e+261 150
1757581314070 1.1640630401036554e+263 151
1757581314135 4.565492284761888e+265 152
1757581314204 4.476225074923584e+266 153
1757581314273 6.784132421342844e+268 154
1757581314339 3.3446010173564767e+270 155
1757581314405 2.528583049534881e+271 156
1757581314471 4.89688515368018e+273 157
1757581314538 6.709548589742185e+274 158
1757581314606 2.1257749081363957e+276 159
1757581314670 1.8235996590608243e+278 160
1757581314737 5.924202193812396e+279 161
1757581314802 1.4647821702710272e+282 162
1757581314873 7.025664421598488e+283 163
1757581314945 1.7502206590694023e+285 164
1757581315011 6.4201824023091065e+286 165
1757581315077 1.2242230446143643e+289 166
1757581315143 2.9241218793655337e+291 167
1757581315209 5.663063528540431e+293 168
1757581315275 7.523488905074034e+294 169
1757581315341 1.5026874381939066e+296 170
1757581315409 1.3260884492866928e+297 171
1757581315475 3.3530626358193204e+300 172
1757581315541 2.377488950424215e+300 173
1757581315606 1.523764879203465e+302 174
1757581315671 4.471489998998744e+303 175
1757581315738 2.1764209804237752e+305 176
