1757542131896 19617047614371.742 0
1757542131959 7090941142404502.0 1
1757542132021 1.4264870493596303e+20 2
1757542132089 1.1532176315068363e+23 3
1757542132158 1.0009255469932189e+26 4
1757542132232 5.952431210790809e+29 5
1757542132300 1.6384570513212342e+32 6
1757542132366 1.266448139978318e+37 7
1757542132433 7.155239489208592e+38 8
1757542132500 1.0975918531371921e+43 9
1757542132574 3.7583076012696454e+45 10
1757542132646 5.888901033014625e+49 11
1757542132711 8.529596670908236e+51 12
1757542132778 1.1711684264931339e+55 13
1757542132842 7.749006430988953e+58 14
1757542132908 6.972526853611122e+63 15
1757542132985 1.6391431840146514e+65 16
1757542133056 1.2203309703424038e+68 17
1757542133126 1.82591294202034e+72 18
1757542133196 1.1114715707671717e+77 19
1757542133264 1.510390110545229e+78 20
1757542133329 8.32632707371849e+80 21
1757542133393 3.8516509719774565e+85 22
1757542133466 3.186494955799864e+88 23
1757542133534 7.632775981787337e+91 24
1757542133600 2.7022931775392777e+97 25
1757542133660 4.520675106108149e+98 26
1757542133728 7.074525738369731e+101 27
1757542133795 6.804704127648695e+105 28
1757542133865 1.3519452170972296e+108 29
1757542133931 2.3794980324159106e+111 30
1757542133994 4.514018748712046e+115 31
1757542134055 4.035032197414558e+118 32
1757542134122 3.0020790402667224e+121 33
1757542134196 2.130195740829084e+125 34
1757542134265 3.721391255526378e+128 35
1757542134332 1.1232007882489617e+132 36
1757542134401 5.730190660132929e+136 37
1757542134470 5.143712186368055e+139 38
1757542134540 7.853925792025585e+144 39
1757542134603 2.6181288271780285e+145 40
1757542134672 1.328821281816755e+149 41
1757542134739 9.606046102333416e+152 42
1757542134812 4.0500052461573733e+155 43
1757542134877 2.340305693919189e+161 44
1757542134945 7.468100975227452e+162 45
1757542135012 8.637312172994491e+165 46
1757542135078 3.911166605658904e+168 47
1757542135150 1.7793652716387026e+172 48
1757542135217 8.433061199578776e+174 49
1757542135280 1.4652575962290231e+178 50
1757542135347 6.368634569655658e+181 51
1757542135413 2.624574052971379e+186 52
1757542135485 5.675374970789694e+189 53
1757542135555 1.0471020520084714e+193 54
1757542135619 6.716118153288031e+196 55
1757542135685 6.017791039815389e+199 56
1757542135745 4.889502257937792e+202 57
1757542135817 8.317949996810855e+205 58
1757542135880 3.704795174023083e+209 59
1757542135944 3.057321845857752e+213 60
1757542136018 1.1084073753215745e+216 61
1757542136103 3.4780901311697535e+219 62
1757542136200 5.856824659967593e+222 63
1757542136277 2.638411309307719e+226 64
1757542136351 1.338458461446606e+230 65
1757542136416 1.664752117218281e+235 66
1757542136481 4.441787809162855e+236 67
1757542136548 1.1693025065207829e+240 68
1757542136619 1.266649051024023e+243 69
1757542136684 2.9298837980895247e+246 70
1757542136750 1.4948462554219e+250 71
1757542136820 7.808673766334536e+253 72
1757542136881 1.1259447085020975e+257 73
1757542136949 6.730272694709418e+259 74
1757542137012 7.702101422012085e+263 75
1757542137076 1.6935326086544223e+267 76
1757542137144 1.4692737431758906e+273 77
1757542137212 3.1323671450490955e+274 78
1757542137285 2.9092215538813404e+277 79
1757542137348 2.8725207669380283e+280 80
1757542137413 7.696989294877435e+283 81
1757542137475 3.428471280374146e+287 82
1757542137548 2.6441015541697693e+290 83
1757542137613 1.274513061173832e+295 84
1757542137683 3.513809119391959e+296 85
1757542137746 1.85255605344182e+301 86
1757542137824 1.0343413541816834e+303 87
1757542137900 inf 88
