1757555332714 897358849957.313 0
1757555332783 1794577287081.7065 1
1757555332849 1051757555616.6093 2
1757555332918 628219337741.158 3
1757555332989 570819794431.6882 4
1757555333060 401162548115.17487 5
1757555333124 736950141396.8126 6
1757555333200 1015528788913.3317 7
1757555333264 274614968103.52344 8
1757555333333 2437757964323.335 9
1757555333405 1412074725114.2297 10
1757555333470 894503558496.9263 11
1757555333537 800610443936.9281 12
1757555333600 337417056438.526 13
1757555333681 590805590446.7683 14
1757555333744 232573114086.9326 15
1757555333816 446029619790.1074 16
1757555333889 446555491642.2177 17
1757555333952 876031206627.0172 18
1757555334020 809222092873.116 19
1757555334103 646991871193.6516 20
1757555334167 457108713296.24255 21
1757555334234 779768085612.9075 22
1757555334307 215854793695.92206 23
1757555334376 1092940589275.1233 24
1757555334439 995687808547.1969 25
1757555334511 1029996006721.2217 26
1757555334578 675860063660.6683 27
1757555334643 265352538499.67566 28
1757555334706 1106172820386.9539 29
1757555334768 211791295149.0251 30
1757555334841 2144594660866.7205 31
1757555334909 151173657702.90063 32
1757555334976 405523550492.83936 33
1757555335044 1120610906291.4216 34
1757555335111 330493053743.8504 35
1757555335179 984508417266.0851 36
1757555335249 428073805648.87866 37
1757555335312 1007986771622.9393 38
1757555335379 703189295066.266 39
1757555335449 267088697350.30493 40
1757555335514 514660022270.83905 41
1757555335583 554872283716.2942 42
1757555335645 608119080174.9209 43
1757555335716 492044464814.8858 44
1757555335783 609161606620.3413 45
1757555335859 786911290441.4248 46
1757555335929 415644284701.39435 47
1757555335999 150955446965.1334 48
1757555336064 578220779367.742 49
1757555336131 650711110212.8428 50
1757555336203 1292499712732.7441 51
1757555336273 1110158746843.628 52
1757555336342 477351728220.2731 53
1757555336405 550178694437.0214 54
1757555336475 504927996437.52814 55
1757555336545 696537845044.3767 56
1757555336613 302112824069.9105 57
1757555336688 1105409744559.8926 58
1757555336760 282382821499.9392 59
1757555336830 391200954183.39197 60
1757555336908 1332819060430.1677 61
1757555336976 571970977897.5537 62
1757555337041 668239660145.1517 63
1757555337111 460423725576.1649 64
1757555337181 312745408073.1029 65
1757555337262 708305049301.6395 66
1757555337342 257161458780.6822 67
1757555337411 532960290579.1323 68
1757555337504 139124929729.89114 69
1757555337595 218686018242.4361 70
1757555337674 202968534093.88834 71
1757555337759 567323433036.3519 72
1757555337833 457454696067.8327 73
1757555337909 537466915571.5252 74
1757555337984 445119274574.89056 75
1757555338068 547225703074.62976 76
1757555338153 118206052370.87483 77
1757555338232 182661090146.03046 78
1757555338314 393440066038.7596 79
1757555338382 135698166626.41364 80
1757555338461 251579808483.674 81
1757555338544 111717149784.13602 82
1757555338623 390916634207.70764 83
1757555338696 1064260838879.3021 84
1757555338781 150138444471.15817 85
1757555338854 166339967316.7358 86
1757555338944 122101402236.31511 87
1757555339035 774964999828.2844 88
1757555339126 520594527659.7183 89
1757555339215 672665534535.1257 90
1757555339295 263971414810.78638 91
1757555339361 162760710295.65942 92
1757555339426 228199638242.52158 93
1757555339497 1065542264471.6514 94
1757555339564 253581329446.43967 95
1757555339637 234693538593.34665 96
1757555339706 101972865593.19812 97
1757555339777 161091626377.71307 98
1757555339847 360360457988.1092 99
1757555339914 407631528522.7492 100
1757555339982 99749871175.46365 101
1757555340059 95202164856.37662 102
1757555340126 388011279759.0285 103
1757555340196 293954481405.8077 104
1757555340282 450485744727.78455 105
1757555340346 117836675177.78734 106
1757555340415 374626219615.6612 107
1757555340484 744374154338.026 108
1757555340559 529195471785.66565 109
1757555340638 138745047597.65344 110
1757555340717 370804920417.3523 111
1757555340787 338159843149.355 112
1757555340849 423618735775.7975 113
1757555340926 792553628784.3649 114
1757555340990 953700178920.6058 115
1757555341060 407240964393.14435 116
1757555341129 374638829622.4407 117
1757555341199 146630221795.76947 118
1757555341279 306409109199.21246 119
1757555341348 239510118262.7803 120
1757555341416 92828834124.14465 121
1757555341489 520148299315.4512 122
1757555341562 195994754380.32248 123
1757555341629 607291240129.1075 124
1757555341696 105357380170.47093 125
1757555341763 621736483756.3015 126
1757555341834 480252428636.5709 127
1757555341907 631565842333.1438 128
1757555341978 240517978865.7123 129
1757555342048 82401697214.05629 130
1757555342116 840650891409.0242 131
1757555342185 271590176168.80002 132
1757555342256 198241610931.3741 133
1757555342324 692211544570.0295 134
1757555342398 94571399283.07678 135
1757555342478 279646951173.94635 136
1757555342548 118806849667.33313 137
1757555342620 160555513497.42276 138
1757555342690 143560247697.98383 139
1757555342758 74175311632.47977 140
1757555342832 902838400227.1937 141
1757555342900 600338127713.5634 142
1757555342971 278161787239.509 143
1757555343039 446121586022.3755 144
1757555343105 121429886853.52464 145
1757555343170 100900449643.71364 146
1757555343241 603179578604.7833 147
1757555343314 370480009036.0128 148
1757555343392 360634125868.03986 149
1757555343459 80874095788.27412 150
1757555343534 71194383408.74814 151
1757555343599 358124018642.27155 152
1757555343667 140931219692.37238 153
1757555343731 151864189763.14587 154
1757555343806 349292953079.2827 155
1757555343883 522255873236.9427 156
1757555343956 124891280901.07184 157
1757555344025 546022923906.6319 158
1757555344095 243333604594.7928 159
1757555344165 620553027491.5142 160
1757555344231 95578374617.21793 161
1757555344305 95610610669.47124 162
1757555344372 120276009872.74295 163
1757555344444 132475463481.10876 164
1757555344517 242386443691.48914 165
1757555344582 344170688768.82434 166
1757555344656 295972653934.0926 167
1757555344726 508375966565.7036 168
1757555344794 188586741647.4965 169
1757555344865 125989638863.83333 170
1757555344927 526822231027.79083 171
1757555345007 458360660433.6289 172
1757555345080 72227413333.3063 173
1757555345169 75640703704.12164 174
1757555345234 116031651255.15776 175
1757555345321 93106098339.14957 176
1757555345389 113954926159.80418 177
1757555345460 706720116005.5873 178
1757555345529 154940240563.1293 179
1757555345598 311225391018.36774 180
1757555345668 343207189278.71173 181
1757555345738 443893430427.8993 182
1757555345812 410639717625.7541 183
1757555345885 264331473044.69073 184
1757555345953 99653110611.2488 185
1757555346024 190989776411.94812 186
1757555346091 310925600416.7907 187
1757555346163 115016698885.74619 188
1757555346236 712809043378.4263 189
1757555346311 360513686611.15784 190
1757555346380 436794282458.8378 191
1757555346451 285048673545.1535 192
1757555346523 512690920582.4292 193
1757555346594 346286631145.33246 194
1757555346663 266599205784.30707 195
1757555346733 102319129955.0714 196
1757555346807 591541889206.8286 197
1757555346878 132267906652.0886 198
1757555346949 166628419651.43823 199
1757555347029 95970961859.40381 200
1757555347101 116000859193.9343 201
1757555347171 623377771537.1979 202
1757555347251 110058110651.59982 203
1757555347326 144847963996.46216 204
1757555347396 269669849178.97556 205
1757555347468 78310715718.48195 206
1757555347537 468225396085.61414 207
1757555347610 71005050112.3715 208
1757555347678 701536457846.3938 209
1757555347749 327190208766.45593 210
1757555347817 93843308013.0637 211
1757555347888 89905114414.91911 212
1757555347957 314896403399.13367 213
1757555348025 175317715796.14594 214
1757555348098 70927183771.93867 215
1757555348174 63569457393.600334 216
1757555348246 107986948473.11388 217
1757555348321 489103099926.46783 218
1757555348396 113679363741.93945 219
1757555348468 175397662944.97617 220
1757555348532 178124976269.7835 221
1757555348604 264065266771.97482 222
1757555348677 70221644865.65898 223
1757555348760 112883380355.28033 224
1757555348831 158403526997.47604 225
1757555348912 77754445947.65349 226
1757555348994 78568708674.42845 227
1757555349086 119379617448.97765 228
1757555349167 161091761892.46194 229
1757555349249 134937608288.67479 230
1757555349328 165676012831.92587 231
1757555349395 514018694485.98 232
1757555349469 360677818330.2312 233
1757555349545 85635207377.28764 234
1757555349619 165619798240.19592 235
1757555349690 109283129061.56422 236
1757555349761 217341711981.8199 237
1757555349835 106013211012.70004 238
1757555349909 74479302228.10413 239
1757555349984 95833539994.72894 240
1757555350054 90043225935.38095 241
1757555350125 123068025045.96242 242
1757555350200 326936788435.78955 243
1757555350278 298960530697.01337 244
1757555350356 169595310807.88855 245
1757555350440 306572690520.7152 246
1757555350513 50899899714.63341 247
1757555350580 309733708541.6681 248
1757555350650 143802293446.03198 249
1757555350723 143005317478.86664 250
1757555350793 152014033701.3237 251
1757555350865 312047474667.70233 252
1757555350932 104736925803.68033 253
1757555351007 459562940259.15234 254
1757555351076 70532494382.44887 255
1757555351148 286222432378.9423 256
1757555351236 301568782416.20966 257
1757555351304 155281622360.78775 258
1757555351375 373343896933.1517 259
1757555351446 124935673074.0193 260
1757555351520 205814666006.788 261
1757555351594 297051715758.4081 262
1757555351669 378919640170.3045 263
1757555351740 86918615496.31204 264
1757555351807 142566664594.9455 265
1757555351877 284321520030.39386 266
1757555351945 446485812855.5193 267
1757555352018 136422460816.19955 268
1757555352085 74079362789.0486 269
1757555352159 744805845196.5757 270
1757555352284 247372576954.51813 271
1757555352359 794434309225.6659 272
1757555352423 99208590474.27512 273
1757555352499 72418061727.03886 274
1757555352571 110736222474.80058 275
1757555352651 123449603025.47173 276
1757555352719 126918307159.96925 277
1757555352790 118035395484.06029 278
1757555352861 422732557695.5788 279
1757555352942 349367313671.35156 280
1757555353011 382225234207.19434 281
1757555353086 181231089393.16193 282
1757555353159 140095694233.36804 283
1757555353231 117320674573.87067 284
1757555353300 366740461362.13086 285
1757555353386 943725447478.6418 286
1757555353462 363504067188.17017 287
1757555353544 149375915381.89755 288
1757555353615 272020607179.79315 289
1757555353683 214941065737.30307 290
1757555353750 116512091766.62169 291
1757555353825 205119801603.08563 292
1757555353891 58007643815.06071 293
1757555353960 68788791860.67918 294
1757555354029 391461687436.21326 295
1757555354095 73969021906.83604 296
1757555354170 324274592704.97565 297
1757555354249 73762035444.78712 298
1757555354319 69526358109.44041 299
1757555354396 306007513987.86865 300
1757555354465 175926614821.4089 301
1757555354539 392931967884.86475 302
1757555354610 346371110739.92584 303
1757555354685 270198311466.2349 304
1757555354752 172933223781.5801 305
1757555354827 298480521719.75146 306
1757555354902 192193063853.15433 307
1757555354979 145329667709.57437 308
1757555355048 62543417679.16064 309
1757555355125 142736406334.966 310
1757555355192 229195832916.603 311
1757555355261 96747746226.19014 312
1757555355331 488038235072.65643 313
1757555355403 262941415277.29837 314
1757555355478 151212382691.5974 315
1757555355545 178370127850.71652 316
1757555355628 443563310801.9321 317
1757555355702 114785202444.73349 318
1757555355780 275500174254.81635 319
1757555355851 531907641128.5532 320
1757555355921 144719137519.879 321
1757555355994 144559556651.22382 322
1757555356067 146261930966.20422 323
1757555356138 295299857028.4751 324
1757555356210 244324143868.7523 325
1757555356288 188859212374.03943 326
1757555356375 105684041830.56934 327
1757555356448 76234306203.23756 328
1757555356526 573803140539.9552 329
1757555356595 509284162884.33185 330
1757555356672 79314188600.85242 331
1757555356741 88044349479.65495 332
1757555356825 123616580834.70412 333
1757555356897 232361098762.1816 334
1757555356970 138090920922.58643 335
1757555357042 403291969535.77655 336
1757555357120 299888570175.9662 337
1757555357187 533487418013.09155 338
1757555357265 92984285588.3593 339
1757555357336 329017411329.62726 340
1757555357410 137707924853.6415 341
1757555357483 128497114406.02116 342
1757555357552 120110600044.84044 343
1757555357630 245241325275.71774 344
1757555357695 271672011515.73944 345
1757555357770 181252347468.31296 346
1757555357841 76655589034.61374 347
1757555357918 253311541399.3829 348
1757555357988 105079380509.55556 349
1757555358060 301683807571.50885 350
1757555358132 151203276151.1786 351
1757555358205 133619015264.01312 352
1757555358280 66423177676.19444 353
1757555358354 178555322179.36124 354
1757555358426 96645160562.86351 355
1757555358494 263918085123.9169 356
1757555358567 274710245746.62772 357
1757555358643 520668277042.2877 358
1757555358712 103846398854.54027 359
1757555358782 281466130480.3618 360
1757555358857 399635770799.60065 361
1757555358936 99364926122.37802 362
1757555359011 87655097592.94359 363
1757555359095 292158456712.8216 364
1757555359164 65307085695.11347 365
1757555359254 213925581712.4719 366
1757555359341 226745308151.00513 367
1757555359415 238773633013.67206 368
1757555359485 451673470685.6328 369
1757555359566 144183965793.5413 370
1757555359658 307288258013.81665 371
1757555359740 89756585135.35713 372
1757555359816 342028395385.8503 373
1757555359898 86481025429.33098 374
1757555359981 244966007804.3249 375
1757555360065 67611486994.61912 376
1757555360144 260612180852.282 377
1757555360234 161914504129.00626 378
1757555360312 466396157578.29205 379
1757555360404 178431373453.12573 380
1757555360485 115054640669.75256 381
1757555360577 105578203882.93263 382
1757555360659 366596444643.7435 383
1757555360741 335181630686.18787 384
1757555360829 213845181592.38055 385
1757555360905 178279234505.8448 386
1757555360984 160517252600.08554 387
1757555361078 87481330515.3808 388
1757555361153 216683533134.81055 389
1757555361237 419905153695.5062 390
1757555361318 335461833521.53436 391
1757555361394 70638750097.62253 392
1757555361464 211994231107.8572 393
1757555361536 148073846159.44443 394
1757555361602 152770354640.6214 395
1757555361674 94466358439.31987 396
1757555361752 122237719316.73306 397
1757555361824 102615895199.51756 398
1757555361899 112875190618.4852 399
1757555361976 341912128923.47 400
1757555362051 121182186986.23589 401
1757555362124 353449087345.2658 402
1757555362201 294952088315.5786 403
1757555362268 250549212445.01648 404
1757555362344 77919646441.5531 405
1757555362424 160454266576.78848 406
1757555362498 309125014341.0682 407
1757555362568 207883689566.2746 408
1757555362643 152681390490.53488 409
1757555362711 72783400741.01907 410
1757555362788 153368903509.27515 411
1757555362859 279020354650.93634 412
1757555362932 85464693972.30992 413
1757555363007 220799834791.5659 414
1757555363081 360776571420.5058 415
1757555363155 110067136446.01991 416
1757555363231 175389499907.08646 417
1757555363304 473425925632.9733 418
1757555363380 198867709113.62415 419
1757555363459 506948854585.11127 420
1757555363535 103402464141.66402 421
1757555363615 299922090404.6905 422
1757555363702 226267069115.7981 423
1757555363774 146549794050.97394 424
1757555363851 99472579773.94574 425
1757555363922 198448669061.34875 426
1757555363996 289628731005.86566 427
1757555364070 276742632830.98706 428
1757555364143 174895906623.35355 429
1757555364215 147335482340.28094 430
1757555364285 115131753874.76611 431
1757555364366 173151689059.15973 432
1757555364446 377508820167.3896 433
1757555364516 143522557196.86945 434
1757555364590 107280223430.57628 435
1757555364661 244280786248.61465 436
1757555364741 155339113440.95142 437
1757555364813 432164728590.6623 438
1757555364888 211140707465.03452 439
1757555364967 139778367578.16876 440
1757555365042 286275077084.9836 441
1757555365118 303161828818.62177 442
1757555365192 160217039913.1496 443
1757555365272 472691562751.83673 444
1757555365347 235288985041.9168 445
1757555365424 168093929082.6584 446
1757555365497 415582165509.75195 447
1757555365568 343639555024.7123 448
1757555365644 122532953835.20837 449
1757555365720 269064517383.73593 450
1757555365794 258885798411.0104 451
1757555365872 307237520864.8999 452
1757555365945 212459376101.3815 453
1757555366019 432200367806.9761 454
1757555366096 255642310052.48013 455
1757555366172 265963478937.9335 456
1757555366240 107635751627.76285 457
1757555366316 322204511747.5386 458
1757555366394 291779309033.5547 459
1757555366476 100771733960.153 460
1757555366555 305992232426.73694 461
1757555366637 144096251480.83926 462
1757555366709 350807700223.6434 463
1757555366788 279152420169.83234 464
1757555366862 329510338308.34247 465
1757555366939 77485405968.79288 466
1757555367012 401352713361.4566 467
1757555367089 204936048182.84985 468
1757555367262 296962591203.20135 469
1757555367337 219981937243.32864 470
1757555367413 431917982926.97076 471
1757555367488 267137129110.2031 472
1757555367561 141265127132.73538 473
1757555367638 95208922338.58403 474
1757555367711 162811370984.9473 475
1757555367789 100451235677.90012 476
1757555367864 183862222703.91946 477
1757555367939 139778343963.68942 478
1757555368010 248455550241.38528 479
1757555368093 294256437090.3858 480
1757555368171 281306158944.21564 481
1757555368245 136292967565.85292 482
1757555368400 337361155589.16736 483
1757555368479 136508069559.93864 484
1757555368562 301103445433.2841 485
1757555368638 334997846309.8897 486
1757555368712 458553204428.06165 487
1757555368797 363160963287.09845 488
1757555368873 83313705497.92293 489
1757555368944 104200744355.2742 490
1757555369013 305373423439.97815 491
1757555369098 255288925602.57736 492
1757555369176 139670685205.94177 493
1757555369286 385961223942.7038 494
1757555369404 520941303824.21185 495
1757555369526 270528789546.19263 496
1757555369634 160946720575.06628 497
1757555369741 132189315123.94658 498
1757555369855 240715159075.3086 499
