1757526818950 1064047539254.5454 0
1757526818970 1081865126672.7228 1
1757526818990 16765529518049.83 2
1757526819009 960334141956197.9 3
1757526819028 5.602897326196324e+16 4
1757526819047 3.26989845556826e+18 5
1757526819067 1.9083491392412867e+20 6
1757526819086 1.1137338125365748e+22 7
1757526819106 6.499874615806344e+23 8
1757526819125 3.793399241164529e+25 9
1757526819145 2.2138700597586545e+27 10
1757526819166 1.2920392317936496e+29 11
1757526819187 7.540484903970896e+30 12
1757526819209 4.400710999159757e+32 13
1757526819229 2.5683039678161413e+34 14
1757526819249 1.4988908093168433e+36 15
1757526819271 8.747693755910361e+37 16
1757526819291 5.1052515347712304e+39 17
1757526819311 2.979481673746773e+41 18
1757526819336 1.7388586994647819e+43 19
1757526819358 1.014817309784645e+45 20
1757526819379 5.922586881588084e+46 21
1757526819399 3.456487688153744e+48 22
1757526819420 2.0172447238384547e+50 23
1757526819441 1.1772864951321887e+52 24
1757526819461 6.870775148110529e+53 25
1757526819482 4.0098609243447225e+55 26
1757526819503 2.3401995096591823e+57 27
1757526819524 1.3657665062047103e+59 28
1757526819546 7.970765491452788e+60 29
1757526819567 4.651827543807988e+62 30
1757526819587 2.7148583809842474e+64 31
1757526819610 1.5844215976173033e+66 32
1757526819631 9.246860965491849e+67 33
1757526819652 5.396571079548579e+69 34
1757526819673 3.1494990056953887e+71 35
1757526819694 1.8380827085679734e+73 36
1757526819714 1.0727255469606386e+75 37
1757526819735 6.260545805354579e+76 38
1757526819756 3.653724281293825e+78 39
1757526819776 2.1323541970251548e+80 40
1757526819797 1.2444656661286643e+82 41
1757526819817 7.262840274536201e+83 42
1757526819839 4.2386745001586476e+85 43
1757526819861 2.473737661736269e+87 44
1757526819881 1.4437008595171365e+89 45
1757526819902 8.425599060118638e+90 46
1757526819923 4.9172734818219797e+92 47
1757526819944 2.869775587765651e+94 48
1757526819964 1.6748330054410922e+96 49
1757526819986 9.774512014365567e+97 50
1757526820008 5.704514110277808e+99 51
1757526820029 3.329217989249232e+101 52
1757526820051 1.942968709634923e+103 53
1757526820072 1.1339381857274304e+105 54
1757526820093 6.617789584951252e+106 55
1757526820114 3.862215731150671e+108 56
1757526820135 2.2540321299831062e+110 57
1757526820156 1.3154782634274287e+112 58
1757526820186 7.677277703947426e+113 59
1757526820206 4.48054480124673e+115 60
1757526820228 2.614895864149473e+117 61
1757526820251 1.526082359101375e+119 62
1757526820273 8.906386669887251e+120 63
1757526820294 5.197866487379808e+122 64
1757526820315 3.0335327919204373e+124 65
1757526820335 1.7704035342191703e+126 66
1757526820357 1.0332272267910721e+128 67
1757526820378 6.030029208302566e+129 68
1757526820399 3.5191922270486834e+131 69
1757526820424 2.0538397913342986e+133 70
1757526820448 1.1986437842316145e+135 71
1757526820472 6.995418666729048e+136 72
1757526820497 4.082604270474846e+138 73
1757526820519 2.3826533369007042e+140 74
1757526820540 1.3905430327646624e+142 75
1757526820563 8.11536406083119e+143 76
1757526820585 4.7362168798825506e+145 77
1757526820608 2.7641089377063468e+147 78
1757526820629 1.6131647712250807e+149 79
1757526820651 9.414609328968975e+150 80
1757526820674 5.494470893373031e+152 81
1757526820695 3.20663442775374e+154 82
1757526820717 1.8714275774319654e+156 83
1757526820738 1.0921859839277675e+158 84
1757526820759 6.374119083599074e+159 85
1757526820781 3.72000691180715e+161 86
1757526820803 2.1710374786533256e+163 87
1757526820824 1.2670416602606912e+165 88
1757526820846 7.394596291501989e+166 89
1757526820868 4.315568779565197e+168 90
1757526820889 2.5186140198838294e+170 91
1757526820910 1.4698912021034875e+172 92
1757526820933 8.578448817341577e+173 93
1757526820956 5.006478303049815e+175 94
1757526820979 2.9218365152729343e+177 95
1757526821001 1.7052163427496917e+179 96
1757526821026 9.951832555932775e+180 97
1757526821049 5.808000353880098e+182 98
1757526821070 3.3896137139648246e+184 99
1757526821093 1.978216327452999e+186 100
1757526821115 1.1545090881828583e+188 101
1757526821137 6.737843663503388e+189 102
1757526821159 3.93228062892669e+191 103
1757526821182 2.2949227849243545e+193 104
1757526821204 1.339342505217505e+195 105
1757526821226 7.816552077770389e+196 106
1757526821250 4.5618268774777936e+198 107
1757526821275 2.6623329894086447e+200 108
1757526821300 1.5537671939037913e+202 109
1757526821323 9.067958450185843e+203 110
1757526821346 5.292161578447394e+205 111
1757526821370 3.088564457617341e+207 112
1757526821392 1.80252062743249e+209 113
1757526821415 1.0519711202097115e+211 114
1757526821438 6.139420658567321e+212 115
1757526821461 3.583034296162919e+214 116
1757526821483 2.0910987341394487e+216 117
1757526821505 1.2203885183578419e+218 118
1757526821528 7.122323357689569e+219 119
1757526821549 4.156667261975676e+221 120
1757526821571 2.425877323882861e+223 121
1757526821594 1.4157690331296732e+225 122
1757526821616 8.262585809412178e+226 123
1757526821641 4.822137132564786e+228 124
1757526821663 2.814252954416753e+230 125
1757526821685 1.6424293780361523e+232 126
1757526821707 9.585400834713841e+233 127
1757526821730 5.594146718928848e+235 128
1757526821752 3.26480635004521e+237 129
1757526821776 1.9053773593797446e+239 130
1757526821799 1.111999454909984e+241 131
1757526821822 6.489752707687435e+242 132
1757526821845 3.787491983109444e+244 133
1757526821867 2.210422518122427e+246 134
1757526821890 1.2900272080870327e+248 135
1757526821913 7.528742509456518e+249 136
1757526821935 4.3938580068982177e+251 137
1757526821958 2.5643044851825112e+253 138
1757526821981 1.4965566666932755e+255 139
1757526822003 8.73407143951034e+256 140
1757526822025 5.097301399152763e+258 141
1757526822049 2.9748418860266815e+260 142
1757526822072 1.7361508676590558e+262 143
1757526822096 1.0132369889746311e+264 144
1757526822120 5.913363953275927e+265 145
1757526822143 3.4511050844373132e+267 146
1757526822166 2.014103376341484e+269 147
1757526822189 1.1754531697349317e+271 148
1757526822212 6.86007565683975e+272 149
1757526822234 4.003616582035131e+274 150
1757526822257 2.3365552419185314e+276 151
1757526822280 1.3636396709501575e+278 152
1757526822303 7.958353043954652e+279 153
1757526822325 4.644583501159907e+281 154
1757526822348 2.7106306769883145e+283 155
1757526822371 1.5819542624640543e+285 156
1757526822397 9.232461322649516e+286 157
1757526822424 5.388167287558101e+288 158
1757526822456 3.144594459062364e+290 159
1757526822486 1.8352203605109545e+292 160
1757526822513 1.0710550487448933e+294 161
1757526822539 6.250796591655819e+295 162
1757526822564 3.6480345315623887e+297 163
1757526822589 2.1290335956918914e+299 164
1757526822615 1.2425277261954627e+301 165
1757526822639 7.251530241178454e+302 166
1757526822664 4.232073838684989e+304 167
