1757538160400 12693135133.916805 0
1757538160874 6930790.344356344 1
1757538161361 3112289276445.866 2
1757538161852 33118094195.3003 3
1757538162386 260928465000.37598 4
1757538162914 68874413.12331262 5
1757538163391 1858839167.5939138 6
1757538163874 402100003.4226775 7
1757538164369 6415196216.084927 8
1757538164844 2147763924.890496 9
1757538165318 1588592064.9507825 10
1757538165792 1555530184.6339402 11
1757538166261 104600259766.8018 12
1757538166756 1520667759.1252654 13
1757538167254 246821919.94840017 14
1757538167736 63103082.89459962 15
1757538168252 711090919.3910547 16
1757538168766 18492496528.043148 17
1757538169261 7635410822.53459 18
1757538169765 21023736674.24048 19
1757538170279 31881306.56573801 20
1757538170757 112013606071.91891 21
1757538171235 18145201988.331497 22
1757538171716 10083117172.217535 23
1757538172200 802317820332.1976 24
1757538172688 24026384862.84628 25
1757538173151 13035016201.642176 26
1757538173623 1670182777.965201 27
1757538174091 62152243.64503216 28
1757538174581 3075584786.512062 29
1757538175054 5551544923.011396 30
1757538175534 1885245888.8887565 31
1757538176008 9985971156.854652 32
1757538176478 45160833386.58198 33
1757538176969 47403014.69101849 34
1757538177436 98728381810.12468 35
1757538177931 262023356.7901552 36
1757538178415 3413872852.5668645 37
1757538178910 122903548077.35304 38
1757538179390 39926401478.65602 39
1757538179875 9957299581.403868 40
1757538180345 128663545634.5199 41
1757538180818 1015737748568.73 42
1757538181295 133355140.09577014 43
1757538181769 341445707924.351 44
1757538182259 31375335984.691093 45
1757538182737 195557740971.0456 46
1757538183207 488804205392.2794 47
1757538183686 35715967132.878105 48
1757538184163 5690656161.027045 49
1757538184646 111512501014.09747 50
1757538185129 145752927099.3201 51
1757538185607 44169265527.117546 52
1757538186079 66260112001.2691 53
1757538186552 1693025279.5384142 54
1757538187049 107552848617.90692 55
1757538187524 4155321730.6870394 56
1757538188015 2080187286.728503 57
1757538188497 915109034729.616 58
1757538189009 116993791093.7153 59
1757538189504 1009617446.5674828 60
1757538190012 540642948.4793106 61
1757538190519 9221019199.537498 62
1757538191001 4429995668134.873 63
1757538191474 10487588675.080633 64
1757538191945 9661632833.253445 65
1757538192434 32405200376.167267 66
1757538192949 124139686371.75986 67
1757538193486 2379751793.7436867 68
1757538193985 27294361.046026114 69
1757538194468 27498407607.03203 70
1757538194938 411813105801.7483 71
1757538195436 119496209653.29823 72
1757538195907 30521607714.17335 73
1757538196382 256813843398.32297 74
1757538196850 129920178685.00626 75
1757538197338 40296585201.520226 76
1757538197807 12431926189.880524 77
1757538198278 420681456778.16003 78
1757538198758 90576294069.81715 79
1757538199228 31346313768.940308 80
1757538199724 1759861235.475213 81
1757538200207 3098545578.9417214 82
1757538200680 7013909273.419071 83
1757538201168 970449281.5718615 84
1757538201647 74145125712.06384 85
1757538202141 322032168008.08954 86
1757538202619 483049226084.1048 87
1757538203094 1217909176.3461084 88
1757538203570 10637412961.892527 89
1757538204041 10658416.73610624 90
1757538204515 177443539.27960238 91
1757538205015 521347134603.40405 92
1757538205506 163713457326.49533 93
1757538205973 141363959135.872 94
1757538206454 72987231061.49185 95
1757538206953 156659311510.2607 96
1757538207447 2005388806.249493 97
1757538207922 3800959822.5132074 98
1757538208402 27130933945.62178 99
1757538208888 17409399799.921097 100
1757538209362 2256817312.4285955 101
1757538209880 61846133799.78409 102
1757538210364 85042680693.7119 103
1757538210834 161857849156.33395 104
1757538211303 129060058421.89914 105
1757538211788 8179125986.840984 106
1757538212253 61277966121.90842 107
1757538212724 21267180847.94447 108
1757538213213 1049906094.2399844 109
1757538213698 10437403900.981325 110
1757538214187 24845310397.883785 111
1757538214678 57165479889.403595 112
1757538215151 98472235798.25636 113
1757538215620 64740511340.475464 114
1757538216084 50516924820.037186 115
1757538216551 48828043957.31766 116
1757538217044 29563010660.305054 117
1757538217523 146422725.9654897 118
1757538218020 9115043264.069286 119
1757538218510 48497549755.332306 120
1757538218991 833194564.8126934 121
1757538219500 617395.0040026488 122
1757538219993 110240672748.0261 123
1757538220547 35554773556.687325 124
1757538221098 548493793414.02185 125
1757538221639 9839837534.954515 126
1757538222149 28624174951.474785 127
1757538222647 27681300.312394165 128
1757538223131 10753678447.328642 129
1757538223623 66311216513.6376 130
1757538224158 4187554804.5043445 131
1757538224723 902691483807.9008 132
1757538225224 5116239.542063462 133
1757538225735 116674512103.98141 134
1757538226230 35686224130.61208 135
1757538226725 717204888223.5507 136
1757538227225 7930104050.507468 137
1757538227730 42630260775.998314 138
1757538228226 5611877424.268905 139
1757538228732 46714749291.38881 140
1757538229215 376866895238.1633 141
1757538229717 86541400043.36969 142
1757538230211 1491811719.573848 143
1757538230711 478233520.4657316 144
1757538231197 111353593.4923961 145
1757538231686 10873673775.104126 146
1757538232170 62578909359.15008 147
1757538232659 51618185466.5868 148
1757538233149 705901299577.6931 149
1757538233633 33327377574.072456 150
1757538234116 13801772332.585022 151
1757538234609 21144412427.990486 152
1757538235099 3543071.018031256 153
1757538235580 118956384.26496536 154
1757538236082 40090244992.54604 155
1757538236580 463511177407.49493 156
1757538237092 5406541312.616636 157
1757538237576 430761853.9343658 158
1757538238077 19662153906.559776 159
1757538238563 9910910639.34048 160
1757538239058 120759092381.84438 161
1757538239548 38447829561.52504 162
1757538240040 70462812160.75108 163
1757538240528 670481723267.1821 164
1757538241029 3251465565.2748437 165
1757538241513 1046539886.5111953 166
1757538242013 49335077.076121256 167
1757538242502 54727118618.826035 168
1757538242989 23799751453.642864 169
1757538243483 4422296835.525682 170
1757538243974 144833516531.71442 171
1757538244475 179413130607.35504 172
1757538244968 16389680428.693533 173
1757538245477 216413.73535629752 174
1757538245995 95410198811.39072 175
1757538246487 81065384329.97215 176
1757538246981 56586083592.278824 177
1757538247475 1297640818.1177258 178
1757538247970 41405642506.643364 179
1757538248470 79927735745.94376 180
1757538248963 6566161735.666568 181
1757538249472 119219141040.89159 182
1757538249983 14430841491.351599 183
1757538250461 11721711167432.246 184
1757538250943 109421597010.9042 185
1757538251440 10901748645.278307 186
1757538251925 40857075590.20303 187
1757538252404 13876084375.85392 188
1757538252912 32105044167.21116 189
1757538253407 58700618749.69988 190
1757538253894 40228525784.08223 191
1757538254391 11646381214.360435 192
1757538254894 752187891.4660562 193
1757538255428 182560976.4379767 194
1757538255920 162776138742.74762 195
1757538256398 195537200263.825 196
1757538256894 216245137968.36023 197
1757538257396 7177553423348.399 198
1757538257888 67954561284.67339 199
1757538258381 2407915313246.176 200
1757538258873 1061839885710.0194 201
1757538259359 99908406040.94214 202
1757538259848 43358039278.4834 203
1757538260380 135314641312.75835 204
1757538260886 20288973820.597965 205
1757538261375 2286602274.320526 206
1757538261857 111676270879.5235 207
1757538262354 345985246.74329096 208
1757538262830 314634089666.05066 209
1757538263329 1132339169352.238 210
1757538263818 983257737120.6067 211
1757538264315 26188971220.735397 212
1757538264802 40486105183.68925 213
1757538265285 29071246730.717903 214
1757538265763 535776358989.9252 215
1757538266249 108861068871.02765 216
1757538266734 9460761025.898005 217
1757538267246 203302463.74804527 218
1757538267734 48819815212.07504 219
1757538268239 125539973563.71715 220
1757538268731 16401486767.865452 221
1757538269222 205377759186.39505 222
1757538269713 775199.6200490862 223
1757538270219 335482102974.2794 224
1757538270715 304622447893.13196 225
1757538271208 2991215373.356545 226
1757538271705 73663885441.61552 227
1757538272204 35826091701.280365 228
1757538272707 1480992199.6593933 229
1757538273213 284183666970.54224 230
1757538273698 685371222873.5726 231
1757538274202 1144582334038.3206 232
1757538274701 5976160711.109377 233
1757538275201 28405370162.891335 234
1757538275679 3164526876.96768 235
1757538276159 123983958744.14468 236
1757538276635 53633631141.2317 237
1757538277121 2700203553.5168705 238
1757538277597 37901072601.18157 239
1757538278079 24067870446.479244 240
1757538278562 387593592.0399939 241
1757538279030 1602125406.7505674 242
1757538279516 8826729733.258282 243
1757538279987 508918990347.73 244
1757538280466 42118485780.58503 245
1757538280946 287914906057.9943 246
1757538281425 296238956319.17993 247
1757538281907 156650691434.86972 248
1757538282388 3653974785.005556 249
1757538282880 287507080502.2904 250
1757538283380 4066001328.61002 251
1757538283869 41491757257.032074 252
1757538284363 1981410703.0645628 253
1757538284856 38664143443.001434 254
1757538285349 2458106783.434128 255
1757538285834 6458307404.716798 256
1757538286326 516367876293.7467 257
1757538286813 137482483387.5997 258
1757538287306 77086078416.49274 259
1757538287778 6782985550.982245 260
1757538288253 2484166683.1088066 261
1757538288731 37302627315.97597 262
1757538289215 63423432715.06053 263
1757538289692 4028219004.522168 264
1757538290171 656545871.2921559 265
1757538290643 2909792418411.2056 266
1757538291125 9954321.050580032 267
1757538291604 333000233194.95703 268
1757538292087 2160438865.9899516 269
1757538292573 16107007474.466114 270
1757538293047 20423335070.393085 271
1757538293542 28864329855.876045 272
1757538294033 51263643434.41639 273
1757538294520 50985351747.07099 274
1757538294998 1847398677924.9905 275
1757538295482 862169020113.559 276
1757538295961 806931663.1458908 277
1757538296437 15125774481.264528 278
1757538296914 69763606916.39423 279
1757538297403 10640378067.234217 280
1757538297889 909229628203.508 281
1757538298372 347464008714.275 282
1757538298842 718487372.0923389 283
1757538299329 9601653425.410006 284
1757538299807 351746081297.64496 285
1757538300278 2855645192.030234 286
1757538300757 4210770956675.718 287
1757538301240 2495778912699.214 288
1757538301712 7709241815849.207 289
1757538302195 37014363133.92099 290
1757538302669 6750949082.115332 291
1757538303143 38048043483.07218 292
1757538303629 14735156028.665554 293
1757538304111 36695.103707551876 294
1757538304593 4292449569302.6436 295
1757538305080 395685487093.7143 296
1757538305558 10999517707.664259 297
1757538306039 14116899576.577852 298
1757538306522 29155932379.334877 299
1757538307020 47395180903.09787 300
1757538307505 62860532368.01768 301
1757538307986 6624782602.530538 302
1757538308461 14369273594.170643 303
1757538308945 84549446672.9398 304
1757538309421 140013639266.2284 305
1757538309908 21302128497.406754 306
1757538310387 2495257482.3726144 307
1757538310863 22683979364.34381 308
1757538311336 297886184355.702 309
1757538311813 62650316485.431274 310
1757538312297 34647938590.23342 311
1757538312776 55058013245.06377 312
1757538313267 531243262794.11365 313
1757538313741 105900399526.24234 314
1757538314226 51709764383.53308 315
1757538314707 470610862250.179 316
1757538315183 16314311816.737272 317
1757538315658 12310069348.285425 318
1757538316140 58656402755.09094 319
1757538316629 6714908346.315833 320
1757538317159 184218107703.7237 321
1757538317669 14486489208.145144 322
1757538318149 10035376534.523403 323
1757538318634 308623039696.6616 324
1757538319119 2912636763.1519303 325
1757538319611 29552655297.054314 326
1757538320090 9255582311.00164 327
1757538320575 7323441540.886975 328
1757538321057 12520287819.955772 329
1757538321541 61775680193.198944 330
1757538322022 3699501262550.669 331
1757538322502 31401762574.637005 332
1757538322979 30517917912.888706 333
1757538323457 14946974414.249516 334
1757538323938 886496578.7768797 335
1757538324402 48913625563.34111 336
1757538324888 4344153506.781342 337
1757538325381 41866214842.37497 338
1757538325871 1171461425.3102298 339
1757538326345 5376807478.372638 340
1757538326820 646956735522.9103 341
1757538327307 4809062306.518806 342
1757538327782 33653749851.876198 343
1757538328263 9395043137.245531 344
1757538328744 45357863766.51972 345
1757538329229 234654445689.89996 346
1757538329711 1964465411700.0896 347
1757538330199 118806250243.27817 348
1757538330679 29788047164.589497 349
1757538331148 517601002016.2482 350
1757538331626 5397812700.269131 351
1757538332106 12108719158.023602 352
1757538332603 81855545889.13945 353
1757538333081 792590556.8896427 354
1757538333575 6369232440.855906 355
1757538334056 47216624773.87086 356
1757538334540 796747946.319408 357
1757538335010 2219030.6618897836 358
1757538335505 20189699333.160194 359
1757538335986 2341454008.9640646 360
1757538336472 14839624934.808697 361
1757538336959 158943803248.29364 362
1757538337449 1358169367.4476569 363
1757538337928 1222369202.681359 364
1757538338411 10240866762.871773 365
1757538338890 776796079895.3053 366
1757538339367 832323868224.3636 367
1757538339853 223329159820.10748 368
1757538340338 1925100146.6795464 369
1757538340813 35282074087.52077 370
1757538341293 251024264.44787058 371
1757538341768 19240081793.476425 372
1757538342252 35682075150.539 373
1757538342724 8343168021.304918 374
1757538343210 66.94757308653757 375
1757538343703 13772236931.897629 376
1757538344190 66392042.24371676 377
1757538344675 225445004.61094227 378
1757538345168 86214267026.08823 379
1757538345646 316471451543.5027 380
1757538346128 351750773087.9438 381
1757538346631 9179306844.307346 382
1757538347136 729188688387.5665 383
1757538347621 86066339638.0214 384
1757538348107 22130295683.885822 385
1757538348602 356040013240.85675 386
1757538349082 39925009720.74447 387
1757538349565 773618762.1304395 388
1757538350066 127139543271.90895 389
1757538350546 425514508914.8063 390
1757538351020 2001272952.19958 391
1757538351489 596397364.4317381 392
1757538351973 19039584312.71857 393
1757538352452 74270457117.88654 394
1757538352934 6395949032.624968 395
1757538353408 70796407886.20303 396
1757538353897 1048980104781.2755 397
1757538354372 12363996933.743303 398
1757538354860 190440919726.5298 399
1757538355342 22587716732.338024 400
1757538355820 208090128337.57257 401
1757538356302 2680469267.37382 402
1757538356784 9879865534.185047 403
1757538357277 157976010035.47037 404
1757538357756 27017785802.88605 405
1757538358235 296781213957.45734 406
1757538358715 26139044593.441544 407
1757538359182 705170173.6388407 408
1757538359668 108662633947.92097 409
1757538360151 186241124369.00217 410
1757538360633 8354988403.230207 411
1757538361110 303954496609.80035 412
1757538361588 161009827198.00336 413
1757538362072 47940234829.16389 414
1757538362549 563369862444.2831 415
1757538363028 9615136976.979385 416
1757538363508 32270721185.139515 417
1757538363994 111478485540.9808 418
1757538364484 603760258.138421 419
1757538364981 20567053014.998898 420
1757538365468 10823355419.033783 421
1757538365952 148877066699.8109 422
1757538366433 2289935127.936997 423
1757538366916 2370606200.070219 424
1757538367407 932557358999.0424 425
1757538367899 23385166020.203823 426
1757538368387 550226905635.125 427
1757538368877 5536071132.079663 428
1757538369357 639035819.9784192 429
1757538369854 12375035815.032137 430
1757538370328 59311747223.00504 431
1757538370816 19559561521.608295 432
1757538371297 3634118061.1213765 433
1757538371777 440266475047.9017 434
1757538372254 155256379425.85092 435
1757538372732 604376816788.1798 436
1757538373218 15585760338.946846 437
1757538373699 29515835408.869114 438
1757538374186 941683579148.3014 439
1757538374670 20952556146.63404 440
1757538375141 12826821240.756653 441
1757538375620 49263789052.44647 442
1757538376106 66890848327.26634 443
1757538376582 38902255.59707561 444
1757538377075 7623740702.45603 445
1757538377562 449531526.0662555 446
1757538378042 373082518155.48267 447
1757538378525 44627818088.48439 448
1757538379030 76473696155.15059 449
1757538379546 733939916.5657258 450
1757538380045 64525638.66265941 451
1757538380526 8061459569.44494 452
1757538381012 12624525.751354437 453
1757538381488 11163289232.430075 454
1757538381968 23513171582.32908 455
1757538382451 93083798441.76894 456
1757538382940 3614689466.3723316 457
1757538383418 304948399.2171693 458
1757538383900 469242959168.86694 459
1757538384379 6541385214799.059 460
1757538384868 21336822861.966854 461
1757538385346 35848298035.65119 462
1757538385817 98142831671.96822 463
1757538386293 50984511.38162413 464
1757538386773 32379373474.393593 465
1757538387257 9978944857678.879 466
1757538387729 147339308848.43832 467
1757538388197 41110556274.4174 468
1757538388675 440208143.5960765 469
1757538389144 816662003975.6123 470
1757538389640 9883758632.54916 471
1757538390124 15484021672.896772 472
1757538390610 3012308871.6445847 473
1757538391088 470922589031.55176 474
1757538391568 1162643411884.5955 475
1757538392053 295204286153.68256 476
1757538392538 24138201.327877957 477
1757538393016 33622629157.56316 478
1757538393488 213233059283.55743 479
1757538393978 107921137039.1992 480
1757538394459 536024730045.95844 481
1757538394944 32701083114.62003 482
1757538395422 2957605107.9341135 483
1757538395906 17314971722.11628 484
1757538396394 3112704271.0850744 485
1757538396872 9765858773.573317 486
1757538397363 30780225142.66587 487
1757538397878 959019554.39579 488
1757538398364 2374465425.1832337 489
1757538398843 9992644808.55646 490
1757538399332 19033753663.23558 491
1757538399826 2292930051.741893 492
1757538400314 8253102549.315378 493
1757538400795 29953703849.066673 494
1757538401272 72121211697.52542 495
1757538401755 13872489296.731487 496
1757538402228 13700958346.674778 497
1757538402714 158673402668.17258 498
1757538403200 4659133334.435365 499
