1757564425475 27896577428.02628 0
1757564425989 11215326412.558214 1
1757564426505 9133652408.435791 2
1757564427081 55221790528.27764 3
1757564427593 6137630038.933472 4
1757564428085 192806712228.8186 5
1757564428585 42024990602.06626 6
1757564429161 8678715539.834234 7
1757564429660 4058753829.482724 8
1757564430174 120078284161.34303 9
1757564430695 70820893879.11595 10
1757564431185 93082640617.81609 11
1757564431689 69879000661.74704 12
1757564432203 144338637458.2482 13
1757564432699 202870444431.4625 14
1757564433182 332378861440.77014 15
1757564433674 75578877654.96161 16
1757564434257 470577273484.4835 17
1757564434761 34675352187.22062 18
1757564435273 211401178884.47638 19
1757564435780 46150812253.6197 20
1757564436302 139994367759.2268 21
1757564436812 8146974329.663959 22
1757564437312 492369915611.532 23
1757564437793 18884960377.350655 24
1757564438286 52394613739.9991 25
1757564438783 1319160288646.2512 26
1757564439351 288052056752.14856 27
1757564439848 156697189332.0196 28
1757564440360 54741986311.28885 29
1757564440874 5081755376.149511 30
1757564441389 703609032.3198934 31
1757564441885 46827594978.17134 32
1757564442402 17139956313.518648 33
1757564442916 4245734620.7090774 34
1757564443432 61157960381.07539 35
1757564443923 6255149072.675708 36
1757564444471 263662832750.1255 37
1757564444983 15404594899.28071 38
1757564445494 169015521892.83536 39
1757564445996 389597198.587233 40
1757564446484 57198185115.040436 41
1757564446967 14179659728.438545 42
1757564447454 410417890.96278673 43
1757564447962 50569782627.60013 44
1757564448456 103900725.15750337 45
1757564448964 22671603817.015453 46
1757564449495 11487601674447.963 47
1757564450034 158238677392.708 48
1757564450620 1874797735355.071 49
1757564451210 80380570897.46959 50
1757564451811 1140858253.2032292 51
1757564452371 30242115950.801197 52
1757564453041 724554836.5421951 53
1757564453536 72795662394.12227 54
1757564454056 5160809.042673384 55
1757564454572 302634792908.74854 56
1757564455130 4850865360.82397 57
1757564455687 607853336262.0901 58
1757564456218 3196059214995.928 59
1757564456732 11881867391.275267 60
1757564457232 15815797193.366375 61
1757564457744 49161271107.77367 62
1757564458232 231630864367.31378 63
1757564458746 66570750998.17658 64
1757564459238 113338693543.11244 65
1757564459737 113759706259.7142 66
1757564460286 369781972846.20557 67
1757564460794 87431515896.85039 68
1757564461286 1084616.6809573355 69
1757564461792 193235229914.88226 70
1757564462282 130001456489.2666 71
1757564462773 3367545579.7580023 72
1757564463273 429796535219.97687 73
1757564463762 87599524850.97293 74
1757564464269 139108423693.4251 75
1757564464771 1279485272798.613 76
1757564465281 42917917986.941826 77
1757564465877 621042956717.6223 78
1757564466380 88737926666.71541 79
1757564466894 405234197401.75397 80
1757564467387 158494292395.59238 81
1757564467881 35832971071.42584 82
1757564468377 106132269744.52235 83
1757564468885 24396523943.659046 84
1757564469381 7272948673.666914 85
1757564469890 384266180172.16486 86
1757564470407 911630658449.5118 87
1757564470968 476721990271.9777 88
1757564471466 6579245310147.988 89
1757564471961 17315904497.25596 90
1757564472453 8828204069.075459 91
1757564472948 2142428424.5018127 92
1757564473496 6937503222.251086 93
1757564474002 1059510448593.0201 94
1757564474504 288990616.8464718 95
1757564475007 119101551244.89778 96
1757564475551 150683281007.3728 97
1757564476061 591356171.9406861 98
1757564476568 92996989627.08354 99
1757564477073 11719721303.074339 100
1757564477577 673257417842.7009 101
1757564478080 8785306178.748793 102
1757564478588 11466434895.901522 103
1757564479088 58690309940.002884 104
1757564479593 42097582526.59785 105
1757564480110 467180332868.07776 106
1757564480701 548447664119.30695 107
1757564481224 348993573584.8458 108
1757564481730 6672383965.694641 109
1757564482239 22797862717.519928 110
1757564482735 148816003727.22174 111
1757564483234 268084705554.4142 112
1757564483742 105853306156.18492 113
1757564484225 171466876603.50595 114
1757564484719 726285270555.7495 115
1757564485211 117208158125.17117 116
1757564485777 4758556363.674774 117
1757564486378 88007996827.17113 118
1757564486929 165341168011.88632 119
1757564487486 219147538461.66122 120
1757564488041 21577987697.859505 121
1757564488605 49830454909.46723 122
1757564489142 310661728080.9962 123
1757564489637 2180026638.8773074 124
1757564490150 70669824863.9121 125
1757564490687 254409913.27678072 126
1757564491224 47996008787.90085 127
1757564491732 374062048225.18085 128
1757564492231 7389650341.486066 129
1757564492753 124770472680.23253 130
1757564493273 43422652710.71058 131
1757564493828 38536006063.254585 132
1757564494332 19390910460.298378 133
1757564494836 14576072413.712069 134
1757564495338 26796328702.59769 135
1757564495857 117372824945.45216 136
1757564496399 30527055438.728897 137
1757564496917 33758429890.144463 138
1757564497423 788837221.1994834 139
1757564497927 133242973663.37517 140
1757564498423 8422753941.622894 141
1757564498917 1370891981116.906 142
1757564499427 378084878.8873247 143
1757564499925 86432407709.52298 144
1757564500421 18243202057.01364 145
1757564500929 680815567147.0726 146
1757564501480 108676106039.38661 147
1757564501984 465482096987.8951 148
1757564502491 65862238966.170815 149
1757564503001 47874964407.14206 150
1757564503494 6437542042.56148 151
1757564504006 61252432575.42441 152
1757564504528 10011543867.204195 153
1757564505042 214635603316.50897 154
1757564505539 920912515.4222417 155
1757564506045 207194147620.48123 156
1757564506613 157861457825.83047 157
1757564507133 28584534736.55161 158
1757564507623 350247299758.2248 159
1757564508125 11271347781.311895 160
1757564508621 50585980715.473274 161
1757564509183 712575181.5110923 162
1757564509694 1177335843641.28 163
1757564510194 416653621712.9859 164
1757564510686 35454495286.45622 165
1757564511220 270459455756.67465 166
1757564511705 18681344346.738766 167
1757564512212 121544432155.46542 168
1757564512717 8484680012.835242 169
1757564513213 67329428.65809985 170
1757564513715 178518318911.1268 171
1757564514251 22498272781.43175 172
1757564514736 3266317474.962644 173
1757564515243 233750204204.53915 174
1757564515760 108626562624.7393 175
1757564516342 145132560335.4938 176
1757564516844 3709393560.1968827 177
1757564517366 10124414271.368345 178
1757564517865 2112270591.797819 179
1757564518360 131620439752.39856 180
1757564518899 391495906147.1816 181
1757564519388 3099943316.854541 182
1757564519948 3111685538418.622 183
1757564520510 15891925059.232456 184
1757564521131 42815546913.622955 185
1757564521703 5427937795.040338 186
1757564522259 35685677018.5637 187
1757564522760 19545492042.9845 188
1757564523262 3212832282.689365 189
1757564523774 149018568489.33765 190
1757564524256 29546757500.869778 191
1757564524763 34635664235.18923 192
1757564525259 316665080083.2137 193
1757564525777 126867312625.30438 194
1757564526351 214424885771.20758 195
1757564526859 171671324.06805474 196
1757564527394 2425444762.5253654 197
1757564527901 83090683010.39029 198
1757564528396 2167139920.7886004 199
1757564528924 606080347468.7097 200
1757564529443 346086926872.803 201
1757564529956 31976906466.504642 202
1757564530447 19444428458.865364 203
1757564530995 1810602290.2959747 204
1757564531542 16266152492.275152 205
1757564532058 406123772585.5993 206
1757564532562 30367953638.572044 207
1757564533081 37146840403.72814 208
1757564533577 6822331685.81995 209
1757564534113 1117080723549.7163 210
1757564534611 98182394555.54596 211
1757564535126 63792833792.75796 212
1757564535676 290477892202.59796 213
1757564536204 223429093120.77704 214
1757564536722 49427466139.92585 215
1757564537232 11451657929.047102 216
1757564537731 15072883964.802996 217
1757564538226 44482806395.166756 218
1757564538726 2271709320.7010784 219
1757564539219 245990157253.8084 220
1757564539716 7378583813.701813 221
1757564540209 10184456614.18648 222
1757564540728 180709542710.00006 223
1757564541271 705672811756.7087 224
1757564541879 8756949354.781126 225
1757564542583 242591744344.60004 226
1757564543288 10171983422.315762 227
1757564543984 320898456801.8723 228
1757564544683 83297080583.50746 229
1757564545374 15159550860.018818 230
1757564546076 12471916218.288906 231
1757564546767 303424759932.46326 232
1757564547465 5998899673.115298 233
1757564548160 870413939481.2971 234
1757564548870 1344142818813.1099 235
1757564549574 373039226792.9666 236
1757564550286 109869402.14012383 237
1757564550983 103978908161.2193 238
1757564551695 10062157642.159662 239
1757564552411 218259466893.4682 240
1757564586531 34482799999.15405 241
1757564587197 17035700094.056997 242
1757564587900 6352339470.552689 243
1757564588535 3636841069.7143655 244
1757564589210 90557364191.59695 245
1757564589893 953778512844.0353 246
1757564590435 33105458285.490482 247
1757564591002 20970924180.887173 248
1757564591648 10022110960.583738 249
1757564592271 327337890354.6158 250
1757564592954 30865315904.686134 251
1757564593656 175683749155.50528 252
1757564594342 2012155269734.899 253
1757564595034 27551139205.809906 254
1757564595750 151688551398.4926 255
1757564596454 11948161006.161953 256
1757564597164 32045438874.828213 257
1757564597862 74856820.5875558 258
1757564598444 596449174478.0577 259
1757564598980 315116364195.4851 260
1757564599609 2460653381195.912 261
1757564600239 3396759170.9793305 262
1757564600934 96280736191.10808 263
1757564601649 159562107922.21545 264
1757564602353 2486809438.9777646 265
1757564603063 167087084293.37036 266
1757564603768 667826679241.6948 267
1757564604471 813297036009.1813 268
1757564605168 140170468275.2386 269
1757564605868 100760151512.40291 270
1757564606578 65762250500.57751 271
1757564607155 4568614792.005716 272
1757564607861 177602368714.2771 273
1757564608555 36295792621.91756 274
1757564609263 18702301577.937813 275
1757564609952 90419149920.0793 276
1757564610646 485960299987.7543 277
1757564611357 279965017291.30304 278
1757564612038 12409126625.279951 279
1757564612736 417024149859.06116 280
1757564613423 321435391551.68634 281
1757564614104 17978843408.562553 282
1757564614808 258880690071.59372 283
1757564615506 9224890649.550476 284
1757564616216 1192886495761.591 285
1757564616913 181036436.04510188 286
1757564617612 82721651265.35419 287
1757564618311 47987242303.317505 288
1757564619017 42471636639.31281 289
1757564619707 561142254155.1066 290
1757564620404 31991762846.44149 291
1757564621102 117136675734.95413 292
1757564621801 57837641448.43861 293
1757564622478 33997232432.461834 294
1757564623169 6609912905.370538 295
1757564623745 135023844177.44194 296
1757564624455 54033271424.689735 297
1757564625073 39352608240.03917 298
1757564625765 70832684.51692261 299
1757564626469 104649742086.53009 300
1757564627174 321496212782.4721 301
1757564627871 2910503960.7355585 302
1757564628566 4744915389.778281 303
1757564629270 5914073870.091094 304
1757564629958 209747113201.42755 305
1757564630650 88041711652.51778 306
1757564631370 11122483677.816847 307
1757564632085 23803947686.87011 308
1757564632783 23812932781.79543 309
1757564633474 14270088120.225142 310
1757564634180 172745089.8770926 311
1757564634888 529450048474.4918 312
1757564635594 632284762308.4825 313
1757564636298 2274667384.146084 314
1757564637008 188620976011.5052 315
1757564637728 111857821281.43253 316
1757564638434 763608057608.5756 317
1757564639136 108999669648.58792 318
1757564639835 2584756430.637977 319
1757564640540 1325236936.517981 320
1757564641232 5427784718.68658 321
1757564641940 119895784152.07317 322
1757564642658 26259690971.724117 323
1757564643358 1017300577409.8452 324
1757564643970 217938988924.2726 325
1757564644540 192395922100.24 326
1757564645220 124422860796.965 327
1757564645890 73426305719.61308 328
1757564646497 2104247375.7882068 329
1757564647183 78029618886.51996 330
1757564647886 120997748691.63684 331
1757564648594 24282221585.245132 332
1757564649296 206353551138.61148 333
1757564649989 1030634854.8423887 334
1757564650690 399427250746.11365 335
1757564651388 13868923519.341166 336
1757564652091 149356924063.51013 337
1757564652801 4258040616.3418107 338
1757564653396 2799905945902.5137 339
1757564654083 141842325.35740948 340
1757564654796 626379396.8171444 341
1757564655488 2150435730.422951 342
1757564656206 142158432968.88785 343
1757564656910 583728754699.4012 344
1757564657575 99181434047.37935 345
1757564658223 109546484439.14308 346
1757564658836 13755619486.022402 347
1757564659515 10067494535.343634 348
1757564660096 7384662391.547652 349
1757564660769 537568158.0857301 350
1757564661394 6467409579.347981 351
1757564662056 9459350695.058346 352
1757564662573 30961847763.79202 353
1757564663263 28392229143.601387 354
1757564663964 591193716851.4691 355
1757564664675 72836347.33982599 356
1757564665384 4525135997.628756 357
1757564666094 2060708829507.0466 358
1757564666798 2988987270.036299 359
1757564667514 18447644404.052975 360
1757564668228 86125559.55306126 361
1757564668930 230636836652.53397 362
1757564669632 24528846245.284153 363
1757564670336 156078858034.57416 364
1757564670991 59054986719.70525 365
1757564671663 1625151162.949446 366
1757564672158 8635311200.113785 367
1757564672742 877970395389.2186 368
1757564673356 8397197.426617743 369
1757564673903 29875690398.81437 370
1757564674447 1210184827601.8008 371
1757564675025 7650211801.146821 372
1757564675610 149509804531.23132 373
1757564676244 339922005317.2801 374
1757564676959 1329757579312.043 375
1757564677663 104623617286.22734 376
1757564678368 83388659364.46173 377
1757564679075 171030328583.729 378
1757564679773 194617400390.37424 379
1757564680473 27582167.699898228 380
1757564681172 1073832903933.7043 381
1757564681871 78890456862.79247 382
1757564682568 20680119033.091652 383
1757564683220 44797308112.5582 384
1757564683812 284552492426.7676 385
1757564684506 112065175584.29807 386
1757564685205 23761252461.23766 387
1757564685903 9359226697.13047 388
1757564686583 4294282372465.171 389
1757564687203 1679980325.3344636 390
1757564687837 139771771545.49237 391
1757564688548 14828527315.9223 392
1757564689256 39293490797.81892 393
1757564689917 1717448730.560998 394
1757564690603 83028691414.53888 395
1757564691220 2258329714.891196 396
1757564691867 114543460637.63802 397
1757564692544 548922514264.88477 398
1757564693208 384199411149.47534 399
1757564693939 3055250609.2247596 400
1757564694676 67098784395.70028 401
1757564695382 335866750736.7503 402
1757564696177 165661401541.3012 403
1757564696887 75746668311.87619 404
1757564697568 296821922872.44934 405
1757564698290 5217769056.168282 406
1757564698990 34156457947.53281 407
1757564699694 4834962032.320546 408
1757564700403 1158204629120.7676 409
1757564701091 207220448446.85474 410
1757564701814 1796134798680.5989 411
1757564702446 4571353413.774711 412
1757564703003 8967217769.283232 413
1757564703697 372087768595.5159 414
1757564704398 3788534515.223666 415
1757564705103 2005937656.0678055 416
1757564705800 14696872562.982876 417
1757564706502 95660873165.87518 418
1757564707214 193660370419.8741 419
1757564707934 8079777451.495875 420
1757564708642 96516773813.12178 421
1757564709348 44191635120.12093 422
1757564710047 1482263408.894794 423
1757564710751 14281697969.387573 424
1757564711483 23896140698.92439 425
1757564712182 45562802443.84132 426
1757564712802 112340914860.45613 427
1757564713443 59813546740.36198 428
1757564714118 49552309.13458392 429
1757564714747 217528905801.16104 430
1757564715440 53013473993.595375 431
1757564716156 50943552199.8683 432
1757564716864 8539455593.617535 433
1757564717562 282671388531.1292 434
1757564718269 262729219.01189867 435
1757564718854 99233121683.26663 436
1757564719559 157438870017.89532 437
1757564720263 482239937.848064 438
1757564720971 73641635662.37804 439
1757564721677 507149293.45516783 440
1757564722378 122206725320.43512 441
1757564723019 85920855551.1229 442
1757564723552 67977805091.981186 443
1757564724187 26767607921.9813 444
1757564724880 19765720352.422478 445
1757564725576 359089241395.20056 446
1757564726294 42159475772.60054 447
1757564726888 513792397593.4882 448
1757564727798 176455953456.42877 449
1757564728413 508252143.28202105 450
1757564729020 99014906498.04634 451
1757564729681 6097978661.107494 452
1757564730344 697167074769.0544 453
1757564731048 34302023039.367645 454
1757564731772 5142851616.189107 455
1757564732481 286626750109.3639 456
1757564733181 1365251.0292118562 457
1757564733907 52495427527.42628 458
1757564734604 457796149362.6393 459
1757564735108 7209324238.437577 460
1757564735827 180343175925.56815 461
1757564736522 11625829196.493855 462
1757564737210 8347940954.020966 463
1757564737898 18970793619.264206 464
1757564738585 364630668.39106405 465
1757564739270 20490711645.249496 466
1757564739991 1438245731.463374 467
1757564740698 3475777927025.062 468
1757564741421 15849886892.292942 469
1757564742149 274999875291.2761 470
1757564742854 80637582012.65016 471
1757564743560 3971064457.3908653 472
1757564744270 59684515343.83729 473
1757564744973 194915392144.0402 474
1757564745671 85025311.93279515 475
1757564746382 8877842699.548056 476
1757564747079 249054658493.09088 477
1757564747785 1354750739980.9353 478
1757564748492 10654081933.55999 479
1757564749201 9142529228.946932 480
1757564749904 820262382.8905686 481
1757564750464 34503671453.87258 482
1757564751115 18793715308.10752 483
1757564751712 19117057635.457596 484
1757564752390 22048075904.49045 485
1757564752891 552502.2562892799 486
1757564753446 8929533002.57156 487
1757564754063 41616195887.57444 488
1757564754718 40279557706.86202 489
1757564755312 314003537717.8865 490
1757564755903 5079064057.233301 491
1757564756607 106474880.33509147 492
1757564757324 4833940618.305845 493
1757564758032 7002732692.120821 494
1757564758730 466078382091.6675 495
1757564759447 107034821039.20935 496
1757564760143 232708792653.6086 497
1757564760856 1936035457.3497162 498
1757564761560 28485499543.521526 499
