1757542177259 156098346780629.3 0
1757542177325 6.501037851859854e+16 1
1757542177389 1.4339244490742288e+21 2
1757542177455 1.5253214540080116e+25 3
1757542177517 5.399577405626712e+29 4
1757542177582 5.911217908449415e+34 5
1757542177651 7.421953596718879e+37 6
1757542177714 1.5682433275516106e+42 7
1757542177781 5.03933055749844e+46 8
1757542177853 6.918033863583086e+50 9
1757542177915 2.650984707000123e+55 10
1757542177985 1.8960525470068662e+59 11
1757542178053 3.957453739422242e+66 12
1757542178120 1.322238811051706e+68 13
1757542178184 1.7055870191903047e+73 14
1757542178243 5.423944626341417e+76 15
1757542178327 1.271772597157045e+81 16
1757542178393 1.4076808093220693e+86 17
1757542178456 6.763167026368203e+89 18
1757542178523 1.1182427095444108e+94 19
1757542178589 2.9652382737263705e+99 20
1757542178661 1.7987896928906465e+103 21
1757542178723 9.953025671466224e+108 22
1757542178788 1.2847274921106304e+112 23
1757542178851 8.356057837585124e+116 24
1757542178920 7.538816255141788e+120 25
1757542178983 5.983323076095455e+124 26
1757542179056 7.479849126035356e+128 27
1757542179121 9.187227079608303e+133 28
1757542179183 2.84010014467716e+138 29
1757542179252 1.782891713972772e+142 30
1757542179321 5.37987870483847e+146 31
1757542179387 3.4389940065745084e+150 32
1757542179457 7.080108959167102e+154 33
1757542179524 7.825116150560053e+160 34
1757542179591 5.4293190062343093e+163 35
1757542179654 1.9261749227784854e+168 36
1757542179722 1.7503831160588732e+173 37
1757542179795 6.863739082152364e+176 38
1757542179860 8.726739336067446e+180 39
1757542179930 1.1641493713638807e+186 40
1757542180002 1.1816612026700804e+190 41
1757542180077 6.25278314111575e+194 42
1757542180142 1.6783709336838267e+199 43
1757542180209 9.365524702888126e+202 44
1757542180274 3.7697187546860044e+208 45
1757542180344 3.618891999279989e+211 46
1757542180410 2.3977421981228043e+217 47
1757542180477 8.901768823873576e+220 48
1757542180538 4.4396742789429255e+224 49
1757542180609 1.0805089408109394e+229 50
1757542180676 4.014108714965566e+233 51
1757542180739 2.012332377874471e+238 52
1757542180811 1.007391875452405e+243 53
1757542180878 4.16067445377125e+247 54
1757542180944 6.585513262737507e+250 55
1757542181011 8.518065705701001e+256 56
1757542181079 3.191343490339835e+259 57
1757542181164 5.61936152652914e+263 58
1757542181225 1.2082674890772691e+268 59
1757542181298 4.848049021153425e+274 60
1757542181360 2.258459697511042e+277 61
1757542181429 4.052252341605945e+280 62
1757542181496 3.6351392853671492e+286 63
1757542181571 5.037562329388903e+290 64
1757542181646 1.1075289536529565e+294 65
1757542181707 1.5735466110470212e+299 66
1757542181772 2.5756201469149664e+303 67
1757542181842 inf 68
1757542181908 inf 69
