1757546310578 6055268430.728108 0
1757546311065 2.8504126992991784e+16 1
1757546311541 2.27609457385333e+20 2
1757546312007 9.987660786274356e+25 3
1757546312468 1.8094039765792827e+30 4
1757546312943 1.076078769616057e+35 5
1757546313417 8.28500811382405e+40 6
1757546313886 2.956508077779275e+48 7
1757546314390 1.3190035608783298e+52 8
1757546314860 1.2423753653304778e+55 9
1757546315349 7.636503671694233e+59 10
1757546315830 1.751519355121789e+65 11
1757546316349 1.0250978326520007e+70 12
1757546316825 2.0535465187108772e+75 13
1757546317298 1.7810575815940874e+80 14
1757546317794 4.563670483857199e+87 15
1757546318288 9.193533074217699e+91 16
1757546318804 5.957592532075664e+96 17
1757546319316 2.591710108765709e+99 18
1757546319807 4.056990259011638e+110 19
1757546320278 6.307421585163096e+115 20
1757546320762 1.4881498620322557e+122 21
1757546321239 4.8289912025701146e+123 22
1757546321718 5.188091705181464e+127 23
1757546322190 5.420097172136354e+133 24
1757546322657 3.3859213132871145e+140 25
1757546323144 1.5017576307195927e+144 26
1757546323648 1.9515112795908917e+151 27
1757546324126 3.595443612183779e+157 28
1757546324620 1.4635764966381002e+160 29
1757546325130 5.4702530641929114e+169 30
1757546325669 2.033131830309844e+175 31
1757546326185 1.564992847012414e+180 32
1757546326685 3.107430427682549e+180 33
1757546327183 4.171878952596885e+186 34
1757546327655 5.751445584312135e+192 35
1757546328144 1.7774578965880136e+198 36
1757546328632 1.3082730902196225e+204 37
1757546329131 1.643039397372107e+209 38
1757546329638 3.3574625447078193e+216 39
1757546330158 5.347183518866125e+219 40
1757546330642 2.84423312614307e+226 41
1757546331134 2.4052984759241185e+232 42
1757546331623 9.064606191527274e+238 43
1757546332105 5.119663991518536e+243 44
1757546332580 6.750510950257745e+248 45
1757546333066 3.031909139969356e+250 46
1757546333560 5.231264451375916e+254 47
1757546334047 2.426571055635432e+261 48
1757546334533 2.3264688811234245e+265 49
1757546334999 1.0645537914032254e+269 50
1757546335476 2.7178255166163758e+274 51
1757546335963 6.204766219952313e+277 52
1757546336431 3.5526245330453513e+285 53
1757546336910 1.1183741515977672e+292 54
1757546337392 5.796678995477033e+290 55
1757546337865 4.732824663811146e+296 56
1757546338351 3.5581591531820835e+302 57
1757546338833 1.2418448340145734e+307 58
1757546339334 inf 59
