1757546889783 10872657632795.588 0
1757546890281 6387880668979508.0 1
1757546890791 4.933355981497591e+19 2
1757546891377 9.389945862915881e+22 3
1757546891918 2.4319526594238595e+26 4
1757546892461 2.1002453462741233e+29 5
1757546892953 2.4697314261653137e+33 6
1757546893455 7.367837179631614e+36 7
1757546893961 5.36756256492555e+40 8
1757546894467 1.0726089865182223e+44 9
1757546894987 2.0816979953059946e+47 10
1757546895505 3.016637720953965e+50 11
1757546896021 4.7978217236062305e+54 12
1757546896538 1.3963556098408483e+56 13
1757546897034 5.919065551105301e+61 14
1757546897538 8.48196300217261e+64 15
1757546898020 9.823654863452744e+66 16
1757546898531 1.1247719750680732e+72 17
1757546899050 4.203532485132116e+74 18
1757546899552 3.123602190260036e+79 19
1757546900061 8.780935555677861e+83 20
1757546900550 3.6776427017258255e+86 21
1757546901046 8.954081701027818e+90 22
1757546901539 1.5410179303826709e+93 23
1757546902031 2.7196335433285257e+97 24
1757546902517 2.2192611383183222e+102 25
1757546903008 4.8915716815637615e+101 26
1757546903521 4.166006060249872e+109 27
1757546904033 1.2530218746736856e+112 28
1757546904538 3.047567601662453e+114 29
1757546905039 6.830652330310443e+117 30
1757546905536 7.2454353444375675e+121 31
1757546906029 3.5311408401338042e+124 32
1757546906525 2.5166585404348413e+126 33
1757546907014 8.586229797135722e+131 34
1757546907507 7.127972653356745e+136 35
1757546907988 3.047508790739488e+140 36
1757546908490 4.5180742263747276e+142 37
1757546908969 2.29338927297476e+143 38
1757546909474 1.2556031638196632e+151 39
1757546909972 3.6708224846285123e+154 40
1757546910449 1.1182160169785756e+159 41
1757546910929 4.641874143072183e+156 42
1757546911409 7.585665454274887e+164 43
1757546911905 1.4882403107464583e+168 44
1757546912403 3.451273900726796e+172 45
1757546912894 1.4610046120824276e+174 46
1757546913387 3.9088356182418737e+177 47
1757546913926 3.2014467566555046e+182 48
1757546914441 1.880921249280209e+187 49
1757546914935 1.813527078149688e+190 50
1757546915429 2.0592827067716277e+193 51
1757546915922 6.776136528179436e+194 52
1757546916425 4.2238433397046386e+199 53
1757546916915 1.899891006499819e+203 54
1757546917409 1.7138539708608926e+208 55
1757546917906 1.4189788739997677e+211 56
1757546918377 1.0420909546951681e+214 57
1757546918871 1.7479697697289913e+216 58
1757546919354 5.252064548441111e+221 59
1757546919841 3.703676133163263e+225 60
1757546920317 1.3610063569458477e+225 61
1757546920805 1.6725916713297692e+232 62
1757546921291 1.5473595832336052e+236 63
1757546921766 6.659303963664152e+239 64
1757546922254 1.4022107033809088e+245 65
1757546922734 6.1864070185337215e+246 66
1757546923275 1.5163915993651455e+249 67
1757546923859 1.888918594268142e+253 68
1757546924432 9.541416158024348e+251 69
1757546924954 8.938453451762545e+258 70
1757546925460 7.346163898725418e+263 71
1757546925957 2.4159022731314457e+268 72
1757546926458 2.6049498973092996e+271 73
1757546926955 6.014937945176879e+274 74
1757546927457 4.31878021653132e+278 75
1757546927952 9.525420516160373e+281 76
1757546928440 6.264861986200556e+284 77
1757546928940 3.924474759204528e+288 78
1757546929440 1.4711032684551871e+293 79
1757546929929 1.320701847860461e+297 80
1757546930417 4.770339396144496e+300 81
1757546930923 6.064137608411461e+302 82
1757546931404 4.4854632067458515e+306 83
