1757568132043 23358462930391.484 0
1757568132115 1.065320009574932e+16 1
1757568132186 1.2927748211707304e+20 2
1757568132255 7.778777731745682e+25 3
1757568132328 1.9035309335757015e+29 4
1757568132398 2.4497361318319624e+33 5
1757568132479 1.3110653071298751e+37 6
1757568132557 1.7149962492744383e+42 7
1757568132626 1.2208318113919081e+46 8
1757568132696 1.158941302607477e+51 9
1757568132765 1.0934379997131666e+54 10
1757568132841 5.682247869897297e+57 11
1757568132909 1.1707910882011353e+63 12
1757568132984 3.970945484393889e+66 13
1757568133058 4.159866851540671e+72 14
1757568133136 1.5169870409678695e+75 15
1757568133210 1.1517088969523579e+80 16
1757568133298 3.795820494771361e+84 17
1757568133379 3.588543648280609e+88 18
1757568133455 3.923217132613641e+92 19
1757568133538 1.8484890118276213e+97 20
1757568133603 2.303831481457627e+102 21
1757568133684 3.314076985235508e+106 22
1757568133757 3.007054852502463e+110 23
1757568133838 1.3216511553294128e+114 24
1757568133902 6.2237964879720325e+119 25
1757568133986 2.198181155388942e+123 26
1757568134067 6.014745325655334e+127 27
1757568134140 3.882884201524914e+133 28
1757568134214 1.3581454329528738e+136 29
1757568134280 1.4563314857507326e+143 30
1757568134353 6.265957245611683e+145 31
1757568134422 1.2950131052053694e+151 32
1757568134487 7.997530488163751e+153 33
1757568134560 4.0000806574194164e+158 34
1757568134627 8.424427655718718e+162 35
1757568134698 2.15292401812252e+167 36
1757568134773 1.290209653184709e+171 37
1757568134837 6.450758001521988e+175 38
1757568134912 7.61667904359125e+180 39
1757568134980 2.858589181224254e+184 40
1757568135046 8.258717663997904e+189 41
1757568135118 1.031744105376068e+194 42
1757568135184 2.662344823343775e+197 43
1757568135257 5.4895539660006386e+202 44
1757568135328 1.9291416025955988e+206 45
1757568135398 4.202500098941764e+209 46
1757568135468 1.0055476100802138e+213 47
1757568135536 2.9248041676126124e+217 48
1757568135612 7.278618993400966e+222 49
1757568135684 9.734894280598663e+225 50
1757568135754 6.613412641068908e+231 51
1757568135826 6.330076073272582e+237 52
1757568135900 4.890134740333724e+240 53
1757568135966 1.4163355282421753e+244 54
1757568136039 2.1990561936258622e+250 55
1757568136115 6.357596776202426e+252 56
1757568136188 1.125703005048829e+258 57
1757568136257 2.608191826553929e+262 58
1757568136323 3.1669694599500775e+266 59
1757568136401 6.86597864967884e+270 60
1757568136467 2.3919563129306814e+275 61
1757568136546 1.9928915719438987e+279 62
1757568136619 1.8922207080794094e+283 63
1757568136695 1.3232504758627808e+287 64
1757568136766 9.70398093919448e+291 65
1757568136849 1.169458776809734e+296 66
1757568136920 2.0421946406450023e+301 67
1757568136989 8.048931691540764e+304 68
1757568137065 inf 69
