1757579245582 39130730462.88345 0
1757579246095 4613349113.914022 1
1757579246591 315855637893.1327 2
1757579247099 161060747900.03732 3
1757579247577 420625523667.9307 4
1757579248058 189519908.10730135 5
1757579248577 2269969733138.8027 6
1757579249083 9492164021.061966 7
1757579249554 37478685.937531784 8
1757579250034 16057809.240694014 9
1757579250562 224710800403.29233 10
1757579251062 417237619.4496236 11
1757579251553 1200957891.256833 12
1757579252048 83891687779.09818 13
1757579252535 111953095451.12881 14
1757579253035 389081882206.6195 15
1757579253534 444312420926.4949 16
1757579254039 17441283.494077433 17
1757579254544 1439960650356.2847 18
1757579255039 58408163152.61508 19
1757579255520 3486538726101.6875 20
1757579256019 57332955806.70098 21
1757579256509 526430956503.0834 22
1757579256996 114914534.04662639 23
1757579257478 27958665166.46449 24
1757579257965 7278497523.413106 25
1757579258442 554699399954.6389 26
1757579258934 39880121268.631226 27
1757579259453 695951719.0938797 28
1757579259954 113935429657.69397 29
1757579260463 458700487094.10034 30
1757579260946 492850528.8233329 31
1757579261446 19460971103.293606 32
1757579261923 84706983015.13043 33
1757579262413 20920703830.93937 34
1757579262912 189420266656.07324 35
1757579263380 21453131175.90732 36
1757579263862 12667695300.562878 37
1757579264357 30208377166.64 38
1757579264830 559415206.003391 39
1757579265301 26442973091.249203 40
1757579265779 172148621267.0322 41
1757579266286 758902597.2445173 42
1757579266797 9786641445.134804 43
1757579267374 7062087038.099837 44
1757579267942 285362629127.872 45
1757579268566 33552663592.011417 46
1757579269140 111077207.36853023 47
1757579269843 177064930920.801 48
1757579270349 330241734371.75183 49
1757579270849 1704417761.0254793 50
1757579271329 52541000242.08727 51
1757579271816 4484688985.715759 52
1757579272316 22961077677.729065 53
1757579272845 7508255714.876962 54
