1757542014523 5210484226321.83 0
1757542014585 8.72206298734882e+17 1
1757542014651 9.777131400088367e+22 2
1757542014719 4.988685086015814e+28 3
1757542014790 1.2688304635654532e+33 4
1757542014861 4.16425335427299e+39 5
1757542014926 5.151833084497059e+45 6
1757542014996 5.319554521493641e+49 7
1757542015058 9.404371105981372e+54 8
1757542015123 2.1431341408394618e+60 9
1757542015197 2.1520532240615744e+65 10
1757542015260 8.652218634512774e+70 11
1757542015327 1.384271348086418e+76 12
1757542015391 1.2131487333529959e+82 13
1757542015459 1.036219348433202e+86 14
1757542015521 1.7677876824483008e+90 15
1757542015587 2.6092007729096417e+97 16
1757542015661 1.7328214649149635e+101 17
1757542015732 1.7213137672957455e+106 18
1757542015880 2.744759642778305e+110 19
1757542015959 1.2726463826407045e+116 20
1757542016035 1.1453569085362823e+122 21
1757542016097 1.031816330118921e+127 22
1757542016164 8.649828807312066e+132 23
1757542016228 2.402892022977427e+139 24
1757542016295 1.3599705784570605e+143 25
1757542016356 1.4540789938836474e+149 26
1757542016425 1.6666885349486127e+154 27
1757542016484 2.1096812433448164e+159 28
1757542016553 2.719257585549262e+165 29
1757542016622 1.3351347415120867e+170 30
1757542016691 1.0978297438596965e+175 31
1757542016751 3.874632073002569e+181 32
1757542016822 8.721208192102917e+186 33
1757542016889 1.4677295012656887e+191 34
1757542016956 9.305468995626388e+195 35
1757542017019 1.0866043994305287e+201 36
1757542017088 1.784717324099563e+206 37
1757542017156 3.281341142129366e+212 38
1757542017230 2.6420919034675915e+217 39
1757542017295 1.9590046083496453e+221 40
1757542017361 1.8796573107138892e+226 41
1757542017432 3.887708792220949e+231 42
1757542017494 1.926791512978163e+236 43
1757542017560 1.8471853292985285e+242 44
1757542017627 1.4148310411806185e+247 45
1757542017695 8.09440446312475e+252 46
1757542017757 6.721732118946927e+257 47
1757542017826 2.959858159412075e+263 48
1757542017892 3.174429409136078e+270 49
1757542017960 1.1179910196776476e+275 50
1757542018029 8.982217673794832e+278 51
1757542018099 4.360713158942001e+284 52
1757542018161 5.288535097583727e+289 53
1757542018232 3.7865691715857313e+294 54
1757542018292 3.49458773680613e+300 55
1757542018358 3.2316174894153343e+305 56
1757542018430 inf 57
