1757570767362 1019578794230.9694 0
1757570767422 999143137885.5376 1
1757570767487 979365958009.4141 2
1757570767554 960221171206.5206 3
1757570767614 941683899115.9517 4
1757570767683 923730405884.7859 5
1757570767754 906338040651.123 6
1757570767828 889485183063.5083 7
1757570767901 873151191672.6967 8
1757570767975 857316355040.6653 9
1757570768045 841961845420.2592 10
1757570768108 827069674866.854 11
1757570768172 812622653650.9941 12
1757570768233 798604350848.1062 13
1757570768296 784999056988.1514 14
1757570768368 771791748654.4645 15
1757570768427 758968054927.0676 16
1757570768490 746514225571.444 17
1757570768551 734417100879.1602 18
1757570768607 722664083071.811 19
1757570768672 711243109184.5865 20
1757570768736 700142625350.3086 21
1757570768796 689351562409.091 22
1757570768860 678859312772.839 23
1757570768920 668655708477.661 24
1757570768980 658731000360.8804 25
1757570769039 649075838302.7915 26
1757570769105 639681252538.9924 27
1757570769166 630538635685.4373 28
1757570769225 621639726017.3416 29
1757570769289 612976591380.021 30
1757570769346 604541613963.9729 31
1757570769405 596327475847.7987 32
1757570769470 588327145268.4198 33
1757570769531 580533863580.2333 34
1757570769598 572941132866.9218 35
1757570769658 565542704171.5911 36
1757570769728 558332566312.7578 37
1757570769791 551304935255.4623 38
1757570769852 544454244008.4326 39
1757570769914 537775133019.7913 40
1757570769973 531262441045.277 41
1757570770036 524911196464.3469 42
1757570770098 518716609020.85333 43
1757570770162 512674061966.23236 44
1757570770227 506779104584.3301 45
1757570770291 501027445078.1035 46
1757570770348 495414943799.497 47
1757570770411 489937606804.78827 48
1757570770470 484591579718.64667 49
1757570770531 479373141891.04065 50
1757570770591 474278700831.97345 51
1757570770655 469304786909.8296 52
1757570770712 464448048299.8674 53
1757570770786 459705246170.1102 54
1757570770847 455073250092.56433 55
1757570770910 450549033668.33057 56
1757570770970 446129670355.785 57
1757570771039 441812329491.5722 58
1757570771101 437594272494.6984 59
1757570771163 433472849244.526 60
1757570771228 429445494623.9494 61
1757570771286 425509725219.4997 62
1757570771349 421663136170.5491 63
1757570771410 417903398160.2065 64
1757570771476 414228254540.8753 65
1757570771537 410635518587.81805 66
1757570771599 407123070874.4171 67
1757570771661 403688856763.1502 68
1757570771718 400330884006.61194 69
1757570771787 397047220453.2051 70
1757570771878 393835991852.4071 71
1757570771978 390695379754.77765 72
1757570772063 387623619502.12714 73
1757570772142 384618998303.498 74
1757570772206 381679853392.83936 75
1757570772267 378804570264.46185 76
1757570772328 375991580982.5659 77
1757570772391 373239362561.3228 78
1757570772451 370546435412.1687 79
1757570772510 367911361855.1426 80
1757570772568 365332744691.26013 81
1757570772627 362809225833.06793 82
1757570772697 360339484990.6676 83
1757570772758 357922238410.63586 84
1757570772828 355556237665.39667 85
1757570772893 353240268490.72437 86
1757570772956 350973149669.1736 87
1757570773030 348753731957.3412 88
1757570773097 346580897054.9704 89
1757570773170 344453556692.9262 90
1757570773233 342370651444.3965 91
1757570773300 340331150043.67633 92
1757570773374 338334048426.6245 93
1757570773434 336378368882.42444 94
1757570773498 334463159237.1567 95
1757570773560 332587492067.7885 96
1757570773620 330750463945.24976 97
1757570773682 328951194705.3342 98
1757570773743 327188826746.2221 99
1757570773812 325462524351.4816 100
1757570773870 323771473037.4579 101
1757570773929 322114878924.0152 102
1757570773993 320491968127.64307 103
1757570774057 318901986175.9865 104
1757570774137 317344197442.90576 105
1757570774201 315817884603.2104 106
1757570774261 314322348106.2563 107
1757570774327 312856905667.62933 108
1757570774386 311420891778.1779 109
1757570774451 310013657229.68884 110
1757570774509 308634568656.53595 111
1757570774581 307283008092.66003 112
1757570774642 305958372543.2687 113
1757570774702 304660073570.67316 114
1757570774765 303387536893.70514 115
1757570774830 302140202000.18243 116
1757570774900 300917521771.915 117
1757570774968 299718962121.7677 118
1757570775032 298544001642.31665 119
1757570775094 297392131265.6557 120
1757570775168 296262853933.93164 121
1757570775241 295155684280.20355 122
1757570775304 294070148319.23846 123
1757570775365 293005783147.8763 124
1757570775427 291962136654.60876 125
1757570775487 290938767238.03424 126
1757570775545 289935243533.8653 127
1757570775608 288951144150.1793 128
1757570775673 287986057410.6141 129
1757570775737 287039581105.2263 130
1757570775801 286111322248.7395 131
1757570775866 285200896845.92 132
1757570775928 284307929663.8329 133
1757570775990 283432054010.7369 134
1757570776056 282572911521.3886 135
1757570776121 281730151948.5363 136
1757570776182 280903432960.39166 137
1757570776245 280092419943.8757 138
1757570776316 279296785813.44604 139
1757570776388 278516210825.31696 140
1757570776450 277750382396.8931 141
1757570776513 276998994931.2456 142
1757570776577 276261749646.4625 143
1757570776639 275538354409.71716 144
1757570776706 274828523575.8995 145
1757570776783 274131977830.6638 146
1757570776852 273448444037.75153 147
1757570776915 272777655090.45328 148
1757570776982 272119349767.0777 149
1757570777043 271473272590.30298 150
1757570777104 270839173690.28864 151
1757570777181 270216808671.4306 152
1757570777248 269605938482.64755 153
1757570777312 269006329291.08997 154
1757570777375 268417752359.16702 155
1757570777436 267839983924.791 156
1757570777500 267272805084.7424 157
1757570777572 266716001681.06128 158
1757570777635 266169364190.37552 159
1757570777696 265632687616.07785 160
1757570777761 265105771383.26895 161
1757570777823 264588419236.3836 162
1757570777889 264080439139.4239 163
1757570777954 263581643178.7215 164
1757570778023 263091847468.15775 165
1757570778082 262610872056.7699 166
1757570778147 262138540838.676 167
1757570778214 261674681465.25174 168
1757570778281 261219125259.49692 169
1757570778344 260771707132.5276 170
1757570778407 260332265502.1373 171
1757570778473 259900642213.3671 172
1757570778545 259476682461.03012 173
1757570778613 259060234714.13638 174
1757570778681 258651150642.1654 175
1757570778747 258249285043.1364 176
1757570778810 257854495773.42648 177
1757570778878 257466643679.2906 178
1757570778938 257085592530.03577 179
1757570779001 256711208952.8068 180
1757570779061 256343362368.93866 181
1757570779130 255981924931.83524 182
1757570779196 255626771466.33276 183
1757570779259 255277779409.5098 184
1757570779325 254934828752.9046 185
1757570779391 254597801986.10336 186
1757570779456 254266584041.66418 187
1757570779523 253941062241.34064 188
1757570779585 253621126243.57257 189
1757570779651 253306667992.21033 190
1757570779713 252997581666.44153 191
1757570779777 252693763631.8889 192
1757570779844 252395112392.8493 193
1757570779910 252101528545.64557 194
1757570779973 251812914733.06152 195
1757570780037 251529175599.83463 196
1757570780098 251250217749.17746 197
1757570780161 250975949700.30408 198
1757570780231 250706281846.935 199
1757570780299 250441126416.7562 200
1757570780365 250180397431.80933 201
1757570780428 249924010669.78903 202
1757570780491 249671883626.22565 203
1757570780561 249423935477.5307 204
1757570780626 249180087044.88455 205
1757570780704 248940260758.94556 206
1757570780773 248704380625.3597 207
1757570780836 248472372191.0526 208
1757570780903 248244162511.28345 209
1757570780967 248019680117.4432 210
1757570781029 247798854985.57928 211
1757570781093 247581618505.62744 212
1757570781159 247367903451.3367 213
1757570781222 247157643950.86746 214
1757570781285 246950775458.04935 215
1757570781355 246747234724.28113 216
1757570781421 246546959771.0586 217
1757570781486 246349889863.1144 218
1757570781547 246155965482.15656 219
1757570781607 245965128301.1901 220
1757570781672 245777321159.40887 221
1757570781741 245592488037.64386 222
1757570781801 245410574034.35526 223
1757570781872 245231525342.15417 224
1757570781939 245055289224.84378 225
1757570781998 244881813994.96524 226
1757570782065 244711048991.83865 227
1757570782130 244542944560.0867 228
1757570782191 244377452028.6288 229
1757570782258 244214523690.1368 230
1757570782318 244054112780.94006 231
1757570782382 243896173461.3697 232
1757570782471 243740660796.5322 233
1757570782551 243587530737.50272 234
1757570782621 243436740102.9274 235
1757570782713 243288246561.02643 236
1757570782779 243142008611.98807 237
1757570782843 242997985570.7446 238
1757570782917 242856137550.12177 239
1757570782983 242716425444.3532 240
1757570783050 242578810912.9511 241
1757570783116 242443256364.9255 242
1757570783187 242309724943.3441 243
1757570783262 242178180510.22437 244
1757570783346 242048587631.75174 245
1757570783410 241920911563.8148 246
1757570783479 241795118237.85187 247
1757570783572 241671174247.00073 248
1757570783649 241549046832.54538 249
1757570783722 241428703870.65344 250
1757570783790 241310113859.39606 251
1757570783853 241193245906.0465 252
1757570783923 241078069714.64883 253
1757570783986 240964555573.85187 254
1757570784051 240852674345.0026 255
1757570784117 240742397450.49246 256
1757570784182 240633696862.35117 257
1757570784251 240526545091.08362 258
1757570784317 240420915174.7426 259
1757570784386 240316780668.2335 260
1757570784456 240214115632.84525 261
1757570784527 240112894626.00308 262
1757570784595 240013092691.23706 263
1757570784666 239914685348.36316 264
1757570784729 239817648583.8705 265
1757570784793 239721958841.51227 266
1757570784861 239627593013.09317 267
1757570784928 239534528429.452 268
1757570784992 239442742851.6328 269
1757570785058 239352214462.24152 270
1757570785129 239262921856.98398 271
1757570785203 239174844036.38107 272
1757570785266 239087960397.6573 273
1757570785332 239002250726.79898 274
1757570785399 238917695190.77832 275
1757570785470 238834274329.9399 276
1757570785535 238751969050.54565 277
1757570785603 238670760617.47562 278
1757570785682 238590630647.08014 279
1757570785750 238511561100.18118 280
1757570785818 238433534275.21878 281
1757570785886 238356532801.5397 282
1757570785951 238280539632.82596 283
1757570786014 238205538040.65836 284
1757570786081 238131511608.21472 285
1757570786147 238058444224.0975 286
1757570786210 237986320076.289 287
1757570786280 237915123646.23245 288
1757570786345 237844839703.03384 289
1757570786411 237775453297.7844 290
1757570786475 237706949757.99954 291
1757570786543 237639314682.1724 292
1757570786611 237572533934.43924 293
1757570786678 237506593639.35504 294
1757570786743 237441480176.7755 295
1757570786813 237377180176.84494 296
1757570786876 237313680515.08603 297
1757570786951 237250968307.59122 298
1757570787023 237189030906.31146 299
1757570787088 237127855894.44202 300
1757570787162 237067431081.9022 301
1757570787238 237007744500.9078 302
1757570787304 236948784401.63333 303
1757570787372 236890539247.9629 304
1757570787441 236832997713.3278 305
1757570787507 236776148676.6287 306
1757570787573 236719981218.24072 307
1757570787645 236664484616.09964 308
1757570787709 236609648341.86774 309
1757570787774 236555462057.17706 310
1757570787839 236501915609.94974 311
1757570787909 236448999030.79144 312
1757570787977 236396702529.45908 313
1757570788041 236345016491.39938 314
1757570788112 236293931474.35745 315
1757570788182 236243438205.05386 316
1757570788250 236193527575.92865 317
1757570788313 236144190641.9517 318
1757570788374 236095418617.49594 319
1757570788440 236047202873.27496 320
1757570788511 235999534933.3414 321
1757570788574 235952406472.14575 322
1757570788642 235905809311.6547 323
1757570788706 235859735418.52652 324
1757570788772 235814176901.34396 325
1757570788839 235769126007.90176 326
1757570788909 235724575122.54932 327
1757570788975 235680516763.5857 328
1757570789046 235636943580.7072 329
1757570789114 235593848352.5063 330
1757570789182 235551223984.01917 331
1757570789245 235509063504.32373 332
1757570789313 235467360064.1847 333
1757570789380 235426106933.74536 334
1757570789451 235385297500.26584 335
1757570789520 235344925265.90634 336
1757570789585 235304983845.55368 337
1757570789655 235265466964.69202 338
1757570789721 235226368457.31494 339
1757570789790 235187682263.87967 340
1757570789854 235149402429.30118 341
1757570789923 235111523100.98648 342
1757570789990 235074038526.9075 343
1757570790059 235036943053.71222 344
1757570790124 235000231124.87332 345
1757570790199 234963897278.87253 346
1757570790268 234927936147.42206 347
1757570790335 234892342453.71985 348
1757570790402 234857111010.7401 349
1757570790468 234822236719.557 350
1757570790536 234787714567.7013 351
1757570790604 234753539627.54953 352
1757570790676 234719707054.7447 353
1757570790743 234686212086.64795 354
1757570790807 234653050040.82043 355
1757570790874 234620216313.53537 356
1757570790945 234587706378.31854 357
1757570791011 234555515784.5181 358
1757570791076 234523640155.90173 359
1757570791143 234492075189.28143 360
1757570791207 234460816653.1653 361
1757570791276 234429860386.43533 362
1757570791342 234399202297.05112 363
1757570791407 234368838360.77878 364
1757570791469 234338764619.94455 365
1757570791539 234308977182.21283 366
1757570791604 234279472219.3876 367
1757570791681 234250245966.23758 368
1757570791750 234221294719.34354 369
1757570791817 234192614835.96863 370
1757570791882 234164202732.9502 371
1757570791953 234136054885.613 372
1757570792016 234108167826.70395 373
1757570792085 234080538145.34647 374
1757570792151 234053162486.01614 375
1757570792217 234026037547.5354 376
1757570792284 233999160082.0878 377
1757570792348 233972526894.25137 378
1757570792420 233946134840.0504 379
1757570792485 233919980826.02563 380
1757570792552 233894061808.32214 381
1757570792619 233868374791.79504 382
1757570792684 233842916829.13184 383
1757570792749 233817685019.99213 384
1757570792814 233792676510.16357 385
1757570792883 233767888490.73398 386
1757570792949 233743318197.27917 387
1757570793019 233718962909.06665 388
1757570793089 233694819948.27408 389
1757570793157 233670886679.22324 390
1757570793226 233647160507.62775 391
1757570793291 233623638879.85583 392
1757570793365 233600319282.2074 393
1757570793440 233577199240.20328 394
1757570793527 233554276317.89014 395
1757570793598 233531548117.1569 396
1757570793676 233509012277.06506 397
1757570793762 233486666473.191 398
1757570793839 233464508416.98166 399
1757570793911 233442535855.12152 400
1757570794007 233420746568.91214 401
1757570794073 233399138373.66318 402
1757570794140 233377709118.0948 403
1757570794211 233356456683.75168 404
1757570794276 233335378984.42792 405
1757570794342 233314473965.60248 406
1757570794413 233293739603.88596 407
1757570794475 233273173906.47687 408
1757570794542 233252774910.62888 409
1757570794615 233232540683.12766 410
1757570794681 233212469319.77765 411
1757570794751 233192558944.89853 412
1757570794825 233172807710.83093 413
1757570794893 233153213797.45142 414
1757570794963 233133775411.69675 415
1757570795035 233114490787.09702 416
1757570795101 233095358183.3169 417
1757570795168 233076375885.70648 418
1757570795240 233057542204.8594 419
1757570795309 233038855476.18002 420
1757570795372 233020314059.45828 421
1757570795441 233001916338.45236 422
1757570795512 232983660720.47934 423
1757570795579 232965545636.0133 424
1757570795644 232947569538.29095 425
1757570795714 232929730902.92444 426
1757570795787 232912028227.52142 427
1757570795857 232894460031.3121 428
1757570795921 232877024854.78323 429
1757570795995 232859721259.31885 430
1757570796067 232842547826.8473 431
1757570796136 232825503159.4954 432
1757570796201 232808585879.24847 433
1757570796268 232791794627.61667 434
1757570796334 232775128065.30765 435
1757570796403 232758584871.90503 436
1757570796475 232742163745.55286 437
1757570796540 232725863402.6458 438
1757570796612 232709682577.52515 439
1757570796677 232693620022.17993 440
1757570796741 232677674505.95398 441
1757570796809 232661844815.25842 442
1757570796882 232646129753.2885 443
1757570796947 232630528139.74692 444
1757570797018 232615038810.5708 445
1757570797087 232599660617.66486 446
1757570797162 232584392428.63834 447
1757570797233 232569233126.5476 448
1757570797299 232554181609.64288 449
1757570797373 232539236791.1196 450
1757570797439 232524397598.8744 451
1757570797507 232509662975.26556 452
1757570797576 232495031876.87753 453
1757570797647 232480503274.28992 454
1757570797714 232466076151.85056 455
1757570797786 232451749507.45255 456
1757570797857 232437522352.31543 457
1757570797922 232423393710.77042 458
1757570797995 232409362620.04913 459
1757570798066 232395428130.07617 460
1757570798137 232381589303.26602 461
1757570798203 232367845214.32242 462
1757570798284 232354194950.04242 463
1757570798356 232340637609.12347 464
1757570798426 232327172301.97385 465
1757570798501 232313798150.52637 466
1757570798567 232300514288.05603 467
1757570798636 232287319859.00012 468
1757570798711 232274214018.78204 469
1757570798780 232261195933.63788 470
1757570798846 232248264780.44662 471
1757570798913 232235419746.56235 472
1757570798985 232222660029.65048 473
1757570799054 232209984837.52658 474
1757570799125 232197393387.99734 475
1757570799192 232184884908.70523 476
1757570799263 232172458636.97543 477
1757570799335 232160113819.66565 478
1757570799401 232147849713.01825 479
1757570799465 232135665582.51535 480
1757570799536 232123560702.73627 481
1757570799603 232111534357.2174 482
1757570799676 232099585838.31467 483
1757570799744 232087714447.0682 484
1757570799815 232075919493.06973 485
1757570799884 232064200294.3317 486
1757570799956 232052556177.15918 487
1757570800026 232040986476.02368 488
1757570800097 232029490533.43958 489
1757570800163 232018067699.8418 490
1757570800237 232006717333.46674 491
1757570800320 231995438800.23425 492
1757570800387 231984231473.63242 493
1757570800469 231973094734.60382 494
1757570800536 231962027971.43372 495
1757570800611 231951030579.64087 496
1757570800680 231940101961.86914 497
1757570800749 231929241527.78177 498
1757570800817 231918448693.9572 499
