1757582316627 342490992825.649 0
1757582316691 170119499778.62427 1
1757582316757 397969185571.5059 2
1757582316832 111425090393.51797 3
1757582316901 358038147554.97284 4
1757582316964 296515389720.4006 5
1757582317027 312111151759.84436 6
1757582317090 288993568231.75336 7
1757582317154 305916717402.22046 8
1757582317217 182104616604.1209 9
1757582317283 158071074088.98502 10
1757582317348 625322615156.2504 11
1757582317412 442457704532.43085 12
1757582317476 285043822729.9684 13
1757582317541 283876476660.1248 14
1757582317603 274884804183.0015 15
1757582317666 310958653589.67535 16
1757582317731 140203937548.24527 17
1757582317801 433326302877.2185 18
1757582317865 100589973765.675 19
1757582317929 212226341287.65396 20
1757582317996 315681758943.5469 21
1757582318075 289912470186.41235 22
1757582318138 124781443412.16328 23
1757582318202 380752693232.6782 24
1757582318266 292175395813.3722 25
1757582318334 183496922496.67587 26
1757582318399 84284703127.08723 27
1757582318463 147280800772.47433 28
1757582318527 115003260561.61218 29
1757582318590 167074300140.54132 30
1757582318653 151273759958.74936 31
1757582318723 162477876784.52753 32
1757582318788 211263429562.39096 33
1757582318855 277657516847.86237 34
1757582318929 105902096904.00928 35
1757582318996 445916602384.0878 36
1757582319071 321051495776.98175 37
1757582319139 223443947205.6279 38
1757582319209 110947466038.67241 39
1757582319278 272634823936.43942 40
1757582319344 425341045668.303 41
1757582319409 310326743726.206 42
1757582319478 178997037660.6709 43
1757582319546 236342520042.81488 44
1757582319626 74453178703.20764 45
1757582319702 271459070165.18008 46
1757582319776 513914347546.28284 47
1757582319849 464513566758.1757 48
1757582319918 436054356487.46204 49
1757582319984 223637266142.17575 50
1757582320052 80420089803.8191 51
1757582320119 344860451484.50183 52
1757582320185 111648115522.5154 53
1757582320252 427772740035.9321 54
1757582320316 506406189594.26996 55
1757582320381 881522567727.7118 56
1757582320450 322991203479.1217 57
1757582320519 260723845157.1285 58
1757582320583 311404117068.88965 59
1757582320648 125863288295.8166 60
1757582320712 448210072913.6524 61
1757582320777 280106701462.634 62
1757582320842 161756467217.44785 63
1757582320907 82283279158.83345 64
1757582320971 137363979383.84804 65
1757582321037 116963833229.07726 66
1757582321101 168899345928.93906 67
1757582321167 210999835730.184 68
1757582321233 157717920554.1219 69
1757582321304 289893266932.421 70
1757582321375 55834572535.04159 71
1757582321441 113469411742.02637 72
1757582321506 313656389819.8045 73
1757582321571 457313754871.6464 74
1757582321636 304606465958.2912 75
1757582321706 467758515498.3937 76
1757582321771 384059411456.4815 77
1757582321835 420117073329.8887 78
1757582321899 293450963305.64435 79
1757582321964 71024331602.38234 80
1757582322029 134056574511.53458 81
1757582322094 160052393170.95145 82
1757582322161 301288545933.63495 83
1757582322228 308628744216.8818 84
1757582322295 117550188041.38272 85
1757582322360 423756621971.8897 86
1757582322424 278538857954.14124 87
1757582322489 333373713397.82104 88
1757582322552 233541341791.91232 89
1757582322615 148625953196.6884 90
1757582322678 143460313211.96814 91
1757582322743 141258153425.9171 92
1757582322807 121892456700.60596 93
1757582322872 356564304445.84393 94
1757582322938 183490161248.30093 95
1757582323005 371717427542.1601 96
1757582323071 505597135259.40845 97
1757582323141 287493111617.1022 98
1757582323205 124007578428.37843 99
1757582323270 724237588869.2451 100
1757582323335 91717542069.1445 101
1757582323398 335299581413.9803 102
1757582323464 458424459062.5265 103
1757582323527 187907389525.38608 104
1757582323591 126485165162.2233 105
1757582323655 271174505547.42407 106
1757582323720 258782353013.39185 107
1757582323785 120060702462.00742 108
1757582323853 306660224505.7531 109
1757582323920 103163377374.06593 110
1757582323987 190861590305.65866 111
1757582324057 353920730478.8021 112
1757582324130 492468472784.49786 113
1757582324196 317504483606.64777 114
1757582324276 385893265672.33435 115
1757582324341 437576650134.98553 116
1757582324405 333392521521.0922 117
1757582324475 257408666448.3823 118
1757582324547 204833287424.4312 119
1757582324615 299402538544.1918 120
1757582324680 111104798719.03853 121
1757582324745 349920225346.92584 122
1757582324811 122122988237.0582 123
1757582324879 338465035794.03217 124
1757582324949 267978478003.28275 125
1757582325018 200710370208.59183 126
1757582325088 334892522066.0847 127
1757582325152 499592081188.4184 128
1757582325218 1036266969616.6042 129
1757582325284 147584534019.98038 130
1757582325351 142674012102.98495 131
1757582325419 62314752126.12049 132
1757582325490 133918205721.44775 133
1757582325557 253231462225.6566 134
1757582325629 264098215938.55286 135
1757582325696 247947478836.97855 136
1757582325763 311045076933.2823 137
1757582325831 117824708686.46524 138
1757582325896 368609751685.18335 139
1757582325962 174883730273.92392 140
1757582326027 436281909470.891 141
1757582326098 87094013783.61755 142
1757582326165 383849763435.38324 143
1757582326245 75987312002.6153 144
1757582326316 288215995481.78656 145
1757582326386 407177142656.6513 146
1757582326456 162413908670.871 147
1757582326533 328808862332.69257 148
1757582326605 161717556690.7436 149
1757582326674 140723785065.67917 150
1757582326744 135119059350.3831 151
1757582326810 109173271862.66516 152
1757582326875 103474450708.11746 153
1757582326941 276830619224.1309 154
1757582327007 167649608027.30743 155
1757582327074 117986133624.42374 156
1757582327140 293269873192.49536 157
1757582327206 161158162795.0972 158
1757582327274 220866692168.78937 159
1757582327344 250212195727.78122 160
1757582327410 230961122252.9235 161
1757582327476 124794664824.04732 162
1757582327542 159470478487.1629 163
1757582327612 227900095430.24826 164
1757582327680 310269527010.4256 165
1757582327759 124877954989.97595 166
1757582327836 275936605909.27374 167
1757582327910 288852037960.90765 168
1757582327980 199226986293.75195 169
1757582328053 321215836911.6869 170
1757582328126 85481038166.13107 171
1757582328202 107592987643.87581 172
1757582328282 76307754058.68379 173
1757582328357 317397255184.3819 174
1757582328432 244553037008.3176 175
1757582328501 271767761225.31198 176
1757582328568 271840629573.89304 177
1757582328637 135067115511.20607 178
1757582328705 113129177022.17079 179
1757582328776 128309654081.89058 180
1757582328846 272674371172.8733 181
1757582328922 264299803732.60995 182
1757582329007 153080114773.31686 183
1757582329090 239875545663.98245 184
1757582329168 117569510479.80626 185
1757582329250 183732283441.36862 186
1757582329324 135092572353.03455 187
1757582329398 603813808835.0203 188
1757582329476 142755838544.79892 189
1757582329548 222330808619.8404 190
1757582329617 168166957637.7297 191
1757582329688 163307606898.37314 192
1757582329768 132192171150.13223 193
1757582329847 350310876011.3869 194
1757582329930 103212304678.0132 195
1757582330011 573074949249.3292 196
1757582330084 131902673683.67111 197
1757582330156 93807501225.38814 198
1757582330237 197168230070.94247 199
1757582330312 404421465815.14087 200
1757582330385 289768699249.12915 201
1757582330462 435142137211.10706 202
1757582330533 184136083851.51212 203
1757582330603 263521077585.38495 204
1757582330673 156257251600.20316 205
1757582330745 326596747737.4784 206
1757582330814 346649366281.6604 207
1757582330882 119259294104.146 208
1757582330947 394790581464.812 209
1757582331014 279776674653.5293 210
1757582331081 357909372210.0073 211
1757582331156 283912530621.0684 212
1757582331236 211861824773.84247 213
1757582331323 111291431834.8923 214
1757582331395 164662481427.34546 215
1757582331472 128198522608.41151 216
1757582331547 218133595735.9987 217
1757582331622 351932765999.9484 218
1757582331692 307479074125.6804 219
1757582331760 540453532668.9802 220
1757582331830 83113230999.36568 221
1757582331898 302541194248.6024 222
1757582331969 469455339203.6172 223
1757582332040 73898363417.91457 224
1757582332110 260171441764.48065 225
1757582332181 239802502384.15472 226
1757582332252 181517616782.25827 227
1757582332320 119347201453.336 228
1757582332389 263724288446.47116 229
1757582332459 124398267152.28398 230
1757582332527 156601170557.24142 231
1757582332595 215016179202.204 232
1757582332670 330064051022.5565 233
1757582332740 75469270100.64238 234
1757582332810 171158723038.06195 235
1757582332878 247678050179.71246 236
1757582332947 120673569682.87428 237
1757582333013 300226518814.0343 238
1757582333081 128920523828.05283 239
1757582333159 214757048304.23672 240
1757582333236 93992659735.54019 241
1757582333314 360346073113.86487 242
1757582333390 232653440618.7808 243
1757582333459 146145474826.89114 244
1757582333527 135513291567.85736 245
1757582333594 284890490634.38574 246
1757582333663 267141455148.76245 247
1757582333730 404555802570.7925 248
1757582333798 105459987105.33269 249
1757582333866 126367697534.7837 250
1757582333935 393120556659.55237 251
1757582334004 268867633141.12704 252
1757582334074 377373659251.61835 253
1757582334142 720260448449.9224 254
1757582334210 187451191569.0241 255
1757582334279 510865314526.6033 256
1757582334346 312379433916.8173 257
1757582334414 122041179170.24521 258
1757582334481 162504887689.11166 259
1757582334547 380622529074.43634 260
1757582334614 120810794482.42535 261
1757582334683 69139027214.06969 262
1757582334764 302014884518.21893 263
1757582334837 339621778869.28357 264
1757582334908 208906198772.72324 265
1757582334976 268796148306.51706 266
1757582335043 96955075606.02652 267
1757582335112 94015714308.01355 268
1757582335181 227648811518.8366 269
1757582335249 300379312866.40955 270
1757582335319 280579060907.05145 271
1757582335387 189463319026.92294 272
1757582335456 115405389696.27838 273
1757582335525 130001397463.0184 274
1757582335599 430311120157.0373 275
1757582335673 156863764369.60556 276
1757582335752 94383125086.80003 277
1757582335818 312192922453.5661 278
1757582335885 89247133239.65672 279
1757582335953 147037870032.31046 280
1757582336021 122000846931.27538 281
1757582336089 108707134700.90077 282
1757582336163 141576503230.27084 283
1757582336249 301058260975.0462 284
1757582336331 318309587073.77966 285
1757582336418 247449327925.24316 286
1757582336502 326730602808.84705 287
1757582336588 144964692243.9995 288
1757582336677 371939952877.76013 289
1757582336759 201497044729.97852 290
1757582336841 308508011451.21075 291
1757582336928 116758088952.0287 292
1757582337016 120310676008.87141 293
1757582337093 121285159108.90233 294
1757582337161 316609546629.3531 295
1757582337229 752334887302.1295 296
1757582337297 168862187077.43335 297
1757582337364 87744300716.0261 298
1757582337433 157036782824.97903 299
1757582337500 399198372909.77216 300
1757582337569 428761104899.8136 301
1757582337636 229542175250.05078 302
1757582337706 113722045828.00368 303
1757582337780 129581723159.45209 304
1757582337866 428582475161.2184 305
1757582337956 311219777551.22705 306
1757582338029 360563531643.174 307
1757582338101 121768579246.21371 308
1757582338182 117174058826.7505 309
1757582338272 602241762634.6272 310
1757582338372 121299519699.32874 311
1757582338462 91599034434.81496 312
1757582338550 387538241959.02515 313
1757582338637 162770166486.3466 314
1757582338725 485420707302.77606 315
1757582338804 254622069018.94998 316
1757582338883 390571615578.09503 317
1757582338967 84300863874.26704 318
1757582339047 174857609025.19012 319
1757582339124 148349446260.35263 320
1757582339203 388500923866.7394 321
1757582339279 90457609160.3548 322
1757582339350 77150795431.71446 323
1757582339423 358701784199.49255 324
1757582339496 150822486274.87637 325
1757582339572 174081888018.0352 326
1757582339655 284988559690.21796 327
1757582339733 363849183583.31976 328
1757582339816 181981139332.83923 329
1757582339907 343582992402.4636 330
1757582339995 215541485949.01364 331
1757582340087 272915281205.20105 332
1757582340182 134032887883.93686 333
1757582340267 165227680214.31052 334
1757582340354 166872871244.51968 335
1757582340441 123885354140.3808 336
1757582340524 1446279039959.766 337
1757582340606 67804242186.39152 338
1757582340691 143545128784.46796 339
1757582340774 167270190028.4962 340
1757582340857 153767289137.25043 341
1757582340946 176359429745.9759 342
1757582341021 166587752916.82056 343
1757582341095 646761385961.3875 344
1757582341164 281398410086.223 345
1757582341234 296224748965.4956 346
1757582341303 132396375173.17442 347
1757582341374 457056995097.8462 348
1757582341445 281190003407.6919 349
1757582341514 140994154051.89093 350
1757582341585 322870769787.2879 351
1757582341655 133400673203.03357 352
1757582341727 118381318771.25009 353
1757582341797 306649521875.42816 354
1757582341866 78355266644.94913 355
1757582341935 294288170393.3716 356
1757582342004 129860677295.20801 357
1757582342090 135902708536.32655 358
1757582342158 509761104467.92224 359
1757582342228 191446182588.4592 360
1757582342296 129957837276.9133 361
1757582342366 229196608768.69717 362
1757582342435 114806474702.3407 363
1757582342504 107791187349.19543 364
1757582342573 523605541252.6808 365
1757582342642 298630770482.3262 366
1757582342710 272230425295.36414 367
1757582342778 234007368544.14713 368
1757582342849 148474573466.2102 369
1757582342916 117914350440.90982 370
1757582342985 99781540398.43738 371
1757582343054 100372549056.74261 372
1757582343124 388253531633.0262 373
1757582343193 110711605675.95345 374
1757582343263 309481727571.86664 375
1757582343332 147788524714.1932 376
1757582343400 86968525049.30533 377
1757582343469 260531547819.07846 378
1757582343539 132310530587.6262 379
1757582343611 304839801835.4383 380
1757582343680 298537507342.2204 381
1757582343750 179323331421.30374 382
1757582343819 125510818462.4981 383
1757582343888 146906506996.8276 384
1757582343958 106768977320.72755 385
1757582344027 131078236557.08902 386
1757582344096 244436145160.44388 387
1757582344165 172134773854.51294 388
1757582344234 169891467133.87457 389
1757582344304 250963140201.54263 390
1757582344375 169080111837.77792 391
1757582344444 151660805241.36917 392
1757582344522 81476498557.20908 393
1757582344599 152057432274.2291 394
1757582344673 178775142560.6907 395
1757582344748 794601817321.0715 396
1757582344822 266447379239.41757 397
1757582344895 373768945343.43463 398
1757582344972 261270589923.77878 399
1757582345046 58229889248.49561 400
1757582345117 315424620739.8709 401
1757582345186 165518563164.5851 402
1757582345256 269722829938.5206 403
1757582345329 111667332801.39627 404
1757582345400 296296441067.4059 405
1757582345481 316646868137.3449 406
1757582345580 478070501817.6732 407
1757582345659 80205981132.08548 408
1757582345752 109857606282.355 409
1757582345842 197659944866.89944 410
1757582345933 148407067992.9976 411
1757582346026 237008498839.71472 412
1757582346125 114626719340.20724 413
1757582346217 137157486066.0535 414
1757582346309 280222164070.6622 415
1757582346397 237232100038.013 416
1757582346487 382883176712.7563 417
1757582346579 454726659142.26135 418
1757582346667 121561055876.92607 419
1757582346755 327593449460.4907 420
1757582346846 306989213374.9944 421
1757582346939 197271845425.69705 422
1757582347026 95155469761.64703 423
1757582347118 478643944664.4473 424
1757582347203 266396231723.13284 425
1757582347294 144247242300.88016 426
1757582347380 331645969937.4028 427
1757582347456 102789740818.98811 428
1757582347529 202992253031.21823 429
1757582347602 315268985266.39374 430
1757582347675 209016303325.5458 431
1757582347746 322903998938.3258 432
1757582347817 139624307800.0432 433
1757582347889 302731995369.2761 434
1757582347966 202723142671.90558 435
1757582348040 151442693233.5821 436
1757582348130 74545094813.18843 437
1757582348216 277757533567.7202 438
1757582348298 209283247957.20618 439
1757582348378 129608740331.79117 440
1757582348449 177552738741.88214 441
1757582348522 328162848752.49664 442
1757582348598 305972075045.44275 443
1757582348675 464308032410.3911 444
1757582348751 282683629442.401 445
1757582348825 172665569203.094 446
1757582348900 124843573857.10834 447
1757582348975 111782267322.66396 448
1757582349047 384583672923.4448 449
1757582349123 126216595348.4258 450
1757582349198 107064435682.61426 451
1757582349271 109601614141.083 452
1757582349342 363006228714.7272 453
1757582349427 164768711500.60712 454
1757582349509 271762750654.3834 455
1757582349581 136871333547.26952 456
1757582349658 65545178385.45814 457
1757582349731 445296638638.0395 458
1757582349806 356524856635.64624 459
1757582349880 111556765431.15244 460
1757582349953 330868724594.70026 461
1757582350025 313385378468.31885 462
1757582350094 290093507743.44525 463
1757582350168 97524944459.1457 464
1757582350244 316337662446.72534 465
1757582350317 520170340436.31946 466
1757582350392 374741831374.4156 467
1757582350464 348483538980.1609 468
1757582350536 149001134152.60056 469
1757582350610 178702048066.53256 470
1757582350682 342773920719.15045 471
1757582350758 133246833046.97606 472
1757582350830 225873992658.62967 473
1757582350906 108931189053.77858 474
1757582350977 115479441043.36308 475
1757582351049 181067178606.14777 476
1757582351119 274983310436.34283 477
1757582351191 361652171095.1139 478
1757582351265 101410288580.80658 479
1757582351335 211915188898.4029 480
1757582351409 129628864986.77858 481
1757582351480 137092690327.34515 482
1757582351552 118745888831.15999 483
1757582351624 132852924656.25336 484
1757582351696 247804696640.9148 485
1757582351771 276116060717.873 486
1757582351843 311726039797.8217 487
1757582351915 264134587637.71835 488
1757582351987 273379418435.26544 489
1757582352058 259358245877.4348 490
1757582352131 137165688495.60797 491
1757582352204 102332718091.0568 492
1757582352281 452533375222.90344 493
1757582352362 219186027406.53754 494
1757582352441 520777617882.3363 495
1757582352513 271010615738.63812 496
1757582352583 327133286083.3356 497
1757582352655 113720594871.67642 498
1757582352727 184185901801.59396 499
