1757584378693 1019579041977.567 0
1757584378768 999143395508.8918 1
1757584378830 969430306826.0576 2
1757584378893 936240249881.2546 3
1757584378958 902460981527.1738 4
1757584379021 869466928552.248 5
1757584379087 837866462555.4397 6
1757584379152 807887906098.6559 7
1757584379220 779575350674.6285 8
1757584379289 752886828168.7643 9
1757584379351 727743014812.0884 10
1757584379419 704051073597.0382 11
1757584379492 681716074334.2231 12
1757584379558 660646243509.2112 13
1757584379622 640755174693.1127 14
1757584379687 621962562373.7744 15
1757584379753 604194236580.7094 16
1757584379817 587381882880.9171 17
1757584379901 571462636246.1777 18
1757584379967 556378639639.8024 19
1757584380034 542076609714.4039 20
1757584380108 528507428119.81683 21
1757584380168 515625765274.0865 22
1757584380232 503389737894.1056 23
1757584380302 491760599041.1587 24
1757584380361 480702458376.2061 25
1757584380427 470182029976.0971 26
1757584380490 460168405055.6932 27
1757584380559 450632847084.75867 28
1757584380624 441548606990.9235 29
1757584380693 432890756357.0992 30
1757584380766 424636036733.14703 31
1757584380827 416762723378.68115 32
1757584380893 409250501933.57526 33
1757584380959 402080356674.6887 34
1757584381023 395234469162.3493 35
1757584381088 388696126209.57275 36
1757584381148 382449636222.3103 37
1757584381212 376480253061.65576 38
1757584381291 370774106670.25867 39
1757584381352 365318139786.41956 40
1757584381419 360100050141.6053 41
1757584381486 355108237601.4089 42
1757584381547 350331755767.191 43
1757584381615 345760267606.5534 44
1757584381675 341384004726.1306 45
1757584381739 337193729940.55475 46
1757584381803 333180702827.4108 47
1757584381866 329336647990.04645 48
1757584381934 325653725778.6648 49
1757584381999 322124505245.6093 50
1757584382066 318741939133.4655 51
1757584382128 315499340714.8961 52
1757584382193 312390362321.2267 53
1757584382256 309408975412.9808 54
1757584382324 306549452060.01416 55
1757584382392 303806347711.82874 56
1757584382453 301174485150.207 57
1757584382519 298648939526.65955 58
1757584382583 296225024396.45184 59
1757584382655 293898278669.28064 60
1757584382719 291664454404.1259 61
1757584382781 289519505382.48773 62
1757584382844 287459576400.2234 63
1757584382917 285480993223.5965 64
1757584382991 283580253160.00226 65
1757584383058 281754016198.2006 66
1757584383129 279999096676.8278 67
1757584383192 278312455443.49805 68
1757584383273 276691192470.0152 69
1757584383348 275132539892.102 70
1757584383411 273633855444.66867 71
1757584383477 272192616266.01108 72
1757584383544 270806413046.46777 73
1757584383612 269472944499.0126 74
1757584383682 268190012131.01938 75
1757584383747 266955515298.041 76
1757584383810 265767446521.90195 77
1757584383875 264623887056.73215 78
1757584383942 263523002687.77817 79
1757584384008 262463039748.93704 80
1757584384077 261442321345.96402 81
1757584384142 260459243773.23145 82
1757584384206 259512273112.7618 83
1757584384273 258599942005.03394 84
1757584384337 257720846581.7743 85
1757584384396 256873643551.5999 86
1757584384461 256057047429.98264 87
1757584384528 255269827905.55975 88
1757584384598 254510807335.3286 89
1757584384667 253778858361.73544 90
1757584384741 253072901645.10776 91
1757584384807 252391903705.28296 92
1757584384871 251734874866.6618 93
1757584384941 251100867301.2649 94
1757584385005 250488973164.6916 95
1757584385074 249898322820.18326 96
1757584385142 249328083146.27203 97
1757584385211 248777455923.75687 98
1757584385275 248245676297.99185 99
1757584385343 247732011312.6994 100
1757584385407 247235758511.73236 101
1757584385476 246756244605.40714 102
1757584385542 246292824198.2167 103
1757584385609 245844878574.9053 104
1757584385678 245411814542.0502 105
1757584385746 244993063322.44867 106
1757584385816 244588079499.75174 107
1757584385888 244196340010.92218 108
1757584385958 243817343184.22052 109
1757584386027 243450607820.54156 110
1757584386093 243095672316.03873 111
1757584386161 242752093824.07648 112
1757584386227 242419447454.65384 113
1757584386296 242097325509.53467 114
1757584386357 241785336751.40884 115
1757584386424 241483105705.4952 116
1757584386487 241190271992.07266 117
1757584386553 240906489688.505 118
1757584386622 240631426719.3915 119
1757584386692 240364764273.5473 120
1757584386765 240106196246.5769 121
1757584386836 239855428707.86716 122
1757584386904 239612179390.88135 123
1757584386973 239376177205.69116 124
1757584387038 239147161772.73444 125
1757584387108 238924882976.83325 126
1757584387174 238709100540.55667 127
1757584387248 238499583616.052 128
1757584387321 238296110394.51355 129
1757584387393 238098467732.4942 130
1757584387462 237906450794.30493 131
1757584387529 237719862709.7811 132
1757584387594 237538514246.72974 133
1757584387659 237362223497.40256 134
1757584387733 237190815578.37097 135
1757584387801 237024122343.20782 136
1757584387878 236861982107.4087 137
1757584387953 236704239385.0113 138
1757584388023 236550744636.39615 139
1757584388098 236401354026.7771 140
1757584388164 236255929194.91028 141
1757584388248 236114337031.57404 142
1757584388332 235976449467.39142 143
1757584388395 235842143269.58636 144
1757584388459 235711299847.28427 145
1757584388524 235583805064.98413 146
1757584388592 235459549063.84674 147
1757584388660 235338426090.45996 148
1757584388726 235220334332.75668 149
1757584388794 235105175762.77548 150
1757584388859 234992855985.96954 151
1757584388926 234883284096.7797 152
1757584388996 234776372540.20355 153
1757584389062 234672036979.10135 154
1757584389127 234570196166.99347 155
1757584389194 234470771826.1135 156
1757584389261 234373688530.49243 157
1757584389331 234278873593.85858 158
1757584389393 234186256962.14813 159
1757584389461 234095771110.42966 160
1757584389529 234007350944.0555 161
1757584389610 233920933703.85944 162
1757584389675 233836458875.23 163
1757584389745 233753868100.89523 164
1757584389814 233673105097.26117 165
1757584389884 233594115574.15546 166
1757584389956 233516847157.83102 167
1757584390027 233441249317.09344 168
1757584390090 233367273292.4212 169
1757584390158 233294872027.9517 170
1757584390222 233224000106.2143 171
1757584390308 233154613685.49503 172
1757584390378 233086670439.72256 173
1757584390447 233020129500.77075 174
1757584390512 232954951403.07693 175
1757584390578 232891098030.47925 176
1757584390643 232828532565.18112 177
1757584390715 232767219438.7548 178
1757584390785 232707124285.0987 179
1757584390854 232648213895.26862 180
1757584390922 232590456174.10468 181
1757584390985 232533820098.58 182
1757584391050 232478275677.80066 183
1757584391121 232423793914.5883 184
1757584391184 232370346768.58047 185
1757584391251 232317907120.78687 186
1757584391318 232266448739.54123 187
1757584391388 232215946247.79205 188
1757584391459 232166375091.67715 189
1757584391522 232117711510.3301 190
1757584391589 232069932506.86792 191
1757584391654 232023015820.51175 192
1757584391722 231976939899.79492 193
1757584391793 231931683876.8144 194
1757584391868 231887227542.48224 195
1757584391939 231843551322.73782 196
1757584392008 231800636255.68112 197
1757584392078 231758463969.59024 198
1757584392145 231717016661.7875 199
1757584392211 231676277078.31973 200
1757584392282 231636228494.42 201
1757584392351 231596854695.71976 202
1757584392414 231558139960.18073 203
1757584392479 231520069040.71823 204
1757584392546 231482627148.48807 205
1757584392611 231445799936.81006 206
1757584392679 231409573485.70364 207
1757584392749 231373934287.01062 208
1757584392819 231338869230.08136 209
1757584392892 231304365588.003 210
1757584392958 231270411004.34756 211
1757584393027 231236993480.41898 212
1757584393098 231204101362.98 213
1757584393169 231171723332.44025 214
1757584393242 231139848391.48563 215
1757584393308 231108465854.13388 216
1757584393381 231077565335.19794 217
1757584393450 231047136740.1415 218
1757584393520 231017170255.31146 219
1757584393583 230987656338.5329 220
1757584393651 230958585710.0514 221
1757584393719 230929949343.81003 222
1757584393805 230901738459.04773 223
1757584393870 230873944512.20612 224
1757584393942 230846559189.13348 225
1757584394019 230819574397.5738 226
1757584394091 230792982259.92963 227
1757584394160 230766775106.28952 228
1757584394231 230740945467.70755 229
1757584394299 230715486069.72748 230
1757584394372 230690389826.14062 231
1757584394439 230665649832.96884 232
1757584394514 230641259362.66452 233
1757584394581 230617211858.51825 234
1757584394651 230593500929.26694 235
1757584394723 230570120343.89502 236
1757584394788 230547064026.61975 237
1757584394862 230524326052.05612 238
1757584394939 230501900640.55182 239
1757584395010 230479782153.6882 240
1757584395078 230457965089.93893 241
1757584395154 230436444080.48206 242
1757584395224 230415213885.15842 243
1757584395288 230394269388.57156 244
1757584395361 230373605596.32355 245
1757584395428 230353217631.3818 246
1757584395496 230333100730.5718 247
1757584395564 230313250241.19098 248
1757584395633 230293661617.73932 249
1757584395706 230274330418.7627 250
1757584395779 230255252303.80334 251
1757584395849 230236423030.45605 252
1757584395917 230217838451.52292 253
1757584395990 230199494512.26608 254
1757584396055 230181387247.75235 255
1757584396129 230163512780.28824 256
1757584396199 230145867316.94073 257
1757584396272 230128447147.14102 258
1757584396349 230111248640.36896 259
1757584396417 230094268243.9139 260
1757584396491 230077502480.71002 261
1757584396561 230060947947.24353 262
1757584396629 230044601311.52832 263
1757584396697 230028459311.14862 264
1757584396765 230012518751.3651 265
1757584396836 229996776503.28333 266
1757584396907 229981229502.08136 267
1757584396980 229965874745.29456 268
1757584397049 229950709291.15622 269
1757584397117 229935730256.99115 270
1757584397189 229920934817.66058 271
1757584397265 229906320204.05685 272
1757584397341 229891883701.64603 273
1757584397414 229877622649.05634 274
1757584397487 229863534436.7111 275
1757584397559 229849616505.50497 276
1757584397626 229835866345.5208 277
1757584397694 229822281494.7875 278
1757584397767 229808859538.0754 279
1757584397832 229795598105.72955 280
1757584397905 229782494872.53824 281
1757584397975 229769547556.6369 282
1757584398052 229756753918.4449 283
1757584398129 229744111759.6346 284
1757584398197 229731618922.13226 285
1757584398283 229719273287.14792 286
1757584398361 229707072774.23538 287
1757584398446 229695015340.3795 288
1757584398528 229683098979.1111 289
1757584398600 229671321719.6478 290
1757584398667 229659681626.06 291
1757584398736 229648176796.46182 292
1757584398803 229636805362.22488 293
1757584398867 229625565487.21548 294
1757584398937 229614455367.05396 295
1757584399010 229603473228.3943 296
1757584399083 229592617328.22577 297
1757584399150 229581885953.19354 298
1757584399224 229571277418.93854 299
1757584399295 229560790069.45654 300
1757584399372 229550422276.47464 301
1757584399449 229540172438.84543 302
1757584399520 229530038981.95786 303
1757584399592 229520020357.16458 304
1757584399663 229510115041.22498 305
1757584399735 229500321535.76312 306
1757584399804 229490638366.74106 307
1757584399878 229481064083.94595 308
1757584399950 229471597260.49106 309
1757584400020 229462236492.33047 310
1757584400096 229452980397.78613 311
1757584400167 229443827617.0881 312
1757584400241 229434776811.92642 313
1757584400310 229425826665.01514 314
1757584400383 229416975879.66748 315
1757584400450 229408223179.382 316
1757584400526 229399567307.43954 317
1757584400595 229391007026.5108 318
1757584400670 229382541118.2735 319
1757584400740 229374168383.03925 320
1757584400814 229365887639.39047 321
1757584400887 229357697723.82562 322
1757584400967 229349597490.41406 323
1757584401037 229341585810.45877 324
1757584401111 229333661572.16812 325
1757584401186 229325823680.33502 326
1757584401262 229318071056.02472 327
1757584401329 229310402636.26923 328
1757584401398 229302817373.76996 329
1757584401500 229295314236.60712 330
1757584401572 229287892207.9561 331
1757584401643 229280550285.81085 332
1757584401712 229273287482.71323 333
1757584401787 229266102825.48938 334
1757584401856 229258995354.99185 335
1757584401933 229251964125.84796 336
1757584402005 229245008206.21347 337
1757584402077 229238126677.53284 338
1757584402150 229231318634.30402 339
1757584402218 229224583183.84924 340
1757584402287 229217919446.0905 341
1757584402361 229211326553.33063 342
1757584402431 229204803650.03857 343
1757584402502 229198349892.64032 344
1757584402571 229191964449.31348 345
1757584402645 229185646499.78708 346
1757584402717 229179395235.14563 347
1757584402787 229173209857.6371 348
1757584402856 229167089580.48532 349
1757584402925 229161033627.70636 350
1757584402998 229155041233.92905 351
1757584403074 229149111644.21878 352
1757584403149 229143244113.90546 353
1757584403214 229137437908.41504 354
1757584403285 229131692303.10437 355
1757584403354 229126006583.09985 356
1757584403426 229120380043.13867 357
1757584403504 229114811987.41443 358
1757584403578 229109301729.4248 359
1757584403649 229103848591.823 360
1757584403717 229098451906.2721 361
1757584403784 229093111013.3019 362
1757584403859 229087825262.16953 363
1757584403930 229082594010.72153 364
1757584404004 229077416625.26004 365
1757584404076 229072292480.41064 366
1757584404153 229067220958.9933 367
1757584404221 229062201451.8953 368
1757584404286 229057233357.94742 369
1757584404354 229052316083.8018 370
1757584404426 229047449043.8124 371
1757584404511 229042631659.91782 372
1757584404581 229037863361.52615 373
1757584404649 229033143585.40234 374
1757584404721 229028471775.55707 375
1757584404790 229023847383.1382 376
1757584404861 229019269866.3246 377
1757584404951 229014738690.2205 378
1757584405025 229010253326.75354 379
1757584405098 229005813254.57355 380
1757584405170 229001417958.95334 381
1757584405246 228997066931.69193 382
1757584405321 228992759671.01846 383
1757584405397 228988495681.49872 384
1757584405469 228984274473.94315 385
1757584405539 228980095565.31598 386
1757584405610 228975958478.64664 387
1757584405683 228971862742.94235 388
1757584405750 228967807893.10226 389
1757584405822 228963793469.83344 390
1757584405896 228959819019.5676 391
1757584405965 228955884094.37997 392
1757584406039 228951988251.9093 393
1757584406115 228948131055.2792 394
1757584406215 228944312073.02072 395
1757584406307 228940530878.99658 396
1757584406377 228936787052.32632 397
1757584406471 228933080177.3128 398
1757584406569 228929409843.37027 399
1757584406664 228925775644.95294 400
1757584406753 228922177181.4856 401
1757584406819 228918614057.29456 402
1757584406892 228915085881.5403 403
1757584406960 228911592268.15112 404
1757584407037 228908132835.75735 405
1757584407115 228904707207.62766 406
1757584407191 228901315011.60532 407
1757584407266 228897955880.0462 408
1757584407337 228894629449.75742 409
1757584407411 228891335361.93726 410
1757584407487 228888073262.11566 411
1757584407564 228884842800.09595 412
1757584407637 228881643629.89746 413
1757584407711 228878475409.69894 414
1757584407798 228875337801.78284 415
1757584407895 228872230472.48074 416
1757584407977 228869153092.11932 417
1757584408062 228866105334.9671 418
1757584408132 228863086879.18253 419
1757584408208 228860097406.7622 420
1757584408290 228857136603.4904 421
1757584408379 228854204158.88907 422
1757584408465 228851299766.1687 423
1757584408537 228848423122.18015 424
1757584408621 228845573927.36658 425
1757584408706 228842751885.7169 426
1757584408774 228839956704.7193 427
1757584408849 228837188095.31583 428
1757584408920 228834445771.85745 429
1757584408990 228831729452.06 430
1757584409062 228829038856.96042 431
1757584409134 228826373710.87405 432
1757584409205 228823733741.3523 433
1757584409284 228821118679.14102 434
1757584409363 228818528258.1395 435
1757584409440 228815962215.35986 436
1757584409513 228813420290.88748 437
1757584409584 228810902227.8417 438
1757584409655 228808407772.33673 439
1757584409727 228805936673.44415 440
1757584409795 228803488683.1548 441
1757584409860 228801063556.34186 442
1757584409931 228798661050.72467 443
1757584410005 228796280926.83212 444
1757584410078 228793922947.96765 445
1757584410147 228791586880.1742 446
1757584410219 228789272492.1995 447
1757584410291 228786979555.46222 448
