1757582727776 1053300496920.496 0
1757582727834 825693207837.4851 1
1757582727898 824612475889.219 2
1757582727968 4613426349953.175 3
1757582728026 68704003648211.59 4
1757582728086 1112850154953510.4 5
1757582728144 1.8104497058924132e+16 6
1757582728202 2.946048346815815e+17 7
1757582728264 4.794012964876915e+18 8
1757582728324 7.80115458407698e+19 9
1757582728383 1.2694587212831234e+21 10
1757582728442 2.065752488453784e+22 11
1757582728501 3.361537695326778e+23 12
1757582728560 5.470130492580073e+24 13
1757582728619 8.901380950590002e+25 14
1757582728679 1.448495295222054e+27 15
1757582728738 2.3570933902580114e+28 16
1757582728801 3.835628095392807e+29 17
1757582728859 6.241603725576712e+30 18
1757582728920 1.015677643876041e+32 19
1757582728999 1.652782075930761e+33 20
1757582729058 2.6895232035366e+34 21
1757582729134 4.376581261197565e+35 22
1757582729193 7.121880752201149e+36 23
1757582729252 1.1589225110079274e+38 24
1757582729312 1.885880195488821e+39 25
1757582729371 3.068836853159228e+40 26
1757582729431 4.99382710197407e+41 27
1757582729490 8.126306583791805e+42 28
1757582729549 1.3223697445927467e+44 29
1757582729609 2.151853026197728e+45 30
1757582729668 3.50164654423666e+46 31
1757582729729 5.698125462792586e+47 32
1757582729789 9.272390396787805e+48 33
1757582729848 1.5088685609303216e+50 34
1757582729908 2.4553370131532e+51 35
1757582729966 3.99549702622406e+52 36
1757582730025 6.5017536904492005e+53 37
1757582730084 1.0580110753134425e+55 38
1757582730144 1.7216700120926437e+56 39
1757582730202 2.8016224968731395e+57 40
1757582730262 4.558997113183918e+58 41
1757582730321 7.418720652484969e+59 42
1757582730381 1.2072263867078874e+61 43
1757582730441 1.964483658345607e+62 44
1757582730501 3.196745934646939e+63 45
1757582730560 5.201969752849871e+64 46
1757582730619 8.465010940118277e+65 47
1757582730678 1.377486098935227e+67 48
1757582730738 2.24154223329719e+68 49
1757582730797 3.64759512821133e+69 50
1757582730856 5.935623260499589e+70 51
1757582730916 9.658863512042345e+71 52
1757582730976 1.57175818359487e+73 53
1757582731037 2.557675429016474e+74 54
1757582731098 4.1620292920840146e+75 55
1757582731160 6.772746702589419e+76 56
1757582731221 1.1021089636413334e+78 57
1757582731288 1.7934291965683322e+79 58
1757582731348 2.918394087347669e+80 59
1757582731409 4.7490160555894116e+81 60
1757582731468 7.72793283608351e+82 61
1757582731527 1.257543567340198e+84 62
1757582731586 2.0463633125467978e+85 63
1757582731646 3.329986265044174e+86 64
1757582731706 5.418787786799343e+87 65
1757582731765 8.817832489761412e+88 66
1757582731826 1.4348997022342928e+90 67
1757582731887 2.3349696854218274e+91 68
1757582731948 3.79962684733256e+92 69
1757582732008 6.183019963431457e+93 70
1757582732068 1.006144482188563e+95 71
1757582732135 1.6372690449420246e+96 72
1757582732207 2.664279308767298e+97 73
1757582732269 4.335502620692927e+98 74
1757582732330 7.055034700071282e+99 75
1757582732392 1.1480448514007541e+101 76
1757582732453 1.868179302951498e+102 77
1757582732512 3.0400327162462452e+103 78
1757582732572 4.9469549851272644e+104 79
1757582732633 8.050032979609959e+105 80
1757582732692 1.3099579674291504e+107 81
1757582732752 2.1316557097064877e+108 82
1757582732813 3.468780050738568e+109 83
1757582732872 5.644642793680124e+110 84
1757582732933 9.185359637161469e+111 85
1757582732993 1.4947063037976245e+113 86
1757582733053 2.432291192577371e+114 87
1757582733113 3.957995246596928e+115 88
1757582733174 6.440728157833654e+116 89
1757582733238 1.0480805715665838e+118 90
1757582733300 1.705510398167166e+119 91
1757582733363 2.775326436886956e+120 92
1757582733424 4.516206315459065e+121 93
1757582733486 7.349088457742058e+122 94
1757582733546 1.1958953463849332e+124 95
1757582733606 1.94604499282969e+125 96
1757582733665 3.166741241669258e+126 97
1757582733727 5.153144006761719e+127 98
1757582733789 8.385558253072335e+128 99
1757582733850 1.364556999055373e+130 100
1757582733911 2.220503092908329e+131 101
1757582733971 3.613358759677117e+132 102
1757582734032 5.879911434410404e+133 103
1757582734093 9.568205311448122e+134 104
1757582734156 1.5570056437627974e+136 105
1757582734218 2.533669058928566e+137 106
1757582734279 4.122964438753146e+138 107
1757582734339 6.709177626541124e+139 108
1757582734400 1.0917645566230678e+141 109
1757582734462 1.7765960501374667e+142 110
1757582734523 2.8910020079116365e+143 111
1757582734583 4.7044417379529794e+144 112
1757582734644 7.655398372338499e+145 113
1757582734703 1.2457402493989331e+147 114
1757582734764 2.027156123683822e+148 115
1757582734824 3.298730976840139e+149 116
1757582734884 5.3679269842276465e+150 117
1757582734945 8.735068215717591e+151 118
1757582735007 1.4214317176338786e+153 119
1757582735067 2.3130536339258763e+154 120
1757582735128 3.763963507387959e+155 121
1757582735189 6.124986069130757e+156 122
1757582735265 9.967007988629541e+157 123
1757582735325 1.621901619435086e+159 124
1757582735385 2.6392723534757232e+160 125
1757582735447 4.294809544766009e+161 126
1757582735508 6.988816065731918e+162 127
1757582735573 1.1372692896279171e+164 128
1757582735633 1.8506445511888575e+165 129
1757582735694 3.0114989352834185e+166 130
1757582735755 4.900522810491713e+167 131
1757582735815 7.974475280327281e+168 132
1757582735876 1.2976626873443732e+170 133
1757582735937 2.1116479654529815e+171 134
1757582735998 3.436222042514792e+172 135
1757582736060 5.591662113496105e+173 136
1757582736124 9.099145749215098e+174 137
1757582736185 1.4806769737682354e+176 138
1757582736247 2.409461680330352e+177 139
1757582736310 3.920845459091391e+178 140
1757582736372 6.380275411547456e+179 141
1757582736435 1.0382432756385841e+181 142
1757582736498 1.6895024585581224e+182 143
1757582736559 2.749277192012917e+183 144
1757582736621 4.4738171526386265e+184 145
1757582736682 7.280109831555128e+185 146
1757582736744 1.1846706593327529e+187 147
1757582736806 1.927779392833832e+188 148
1757582736868 3.1370181730743187e+189 149
1757582736931 5.104776539670567e+190 150
1757582736999 8.306851309832593e+191 151
1757582737061 1.3517492518511e+193 152
1757582737128 2.199661426125655e+194 153
1757582737193 3.5794437340795534e+195 154
1757582737257 5.8247225201418225e+196 155
1757582737324 9.478398029735104e+197 156
1757582737387 1.542391571434012e+199 157
1757582737449 2.509888012897863e+200 158
1757582737511 4.0842662485710337e+201 159
1757582737572 6.646205210549104e+202 160
1757582737636 1.0815172423243634e+204 161
1757582737697 1.759920899806603e+205 162
1757582737762 2.8638670308384723e+206 163
1757582737826 4.660285795358668e+207 164
1757582737890 7.583544717878594e+208 165
1757582737953 1.2340477175314161e+210 166
1757582738017 2.0081292137095793e+211 167
1757582738079 3.2677690511195236e+212 168
1757582738143 5.317543561715711e+213 169
1757582738204 8.653080768072298e+214 170
1757582738268 1.408090143687019e+216 171
1757582738332 2.291343286733508e+217 172
1757582738394 3.728634903949528e+218 173
1757582738469 6.067496881608746e+219 174
1757582738532 9.87345754054289e+220 175
1757582738594 1.6066784327552238e+222 176
1757582738656 2.6145001137451936e+223 177
1757582738718 4.254498414503241e+224 178
1757582738781 6.923218960232422e+225 179
1757582738846 1.1265948673979747e+227 180
1757582738908 1.833274380801686e+228 181
1757582738973 2.98323297270673e+229 182
1757582739037 4.8545264487647675e+230 183
1757582739100 7.899626766452161e+231 184
1757582739166 1.2854828108955102e+233 185
1757582739228 2.091828014110047e+234 186
1757582739292 3.403969624119116e+235 187
1757582739354 5.539178710566835e+236 188
1757582739416 9.013741065781958e+237 189
1757582739477 1.4667793231868822e+239 190
1757582739540 2.3868464461397622e+240 191
1757582739603 3.8840443599054936e+241 192
1757582739665 6.320390075411801e+242 193
1757582739727 1.028498312679826e+244 194
1757582739789 1.6736447696486978e+245 195
1757582739851 2.7234724456416582e+246 196
1757582739915 4.43182585497295e+247 197
1757582739978 7.211778639522536e+248 198
1757582740044 1.1735513273183655e+250 199
1757582740105 1.9096852339631406e+251 200
1757582740166 3.1075740855325292e+252 201
1757582740231 5.056863050164697e+253 202
1757582740296 8.228883110839458e+254 203
1757582740359 1.3390617183048587e+256 204
1757582740421 2.179015379459731e+257 205
1757582740483 3.545847035290312e+258 206
1757582740545 5.770051609637777e+259 207
1757582740607 9.389433680169359e+260 208
1757582740669 1.5279146669510175e+262 209
1757582740732 2.486330176030309e+263 210
1757582740795 4.045931280033383e+264 211
1757582740857 6.583823854355607e+265 212
1757582740920 1.071366109431899e+267 213
1757582740982 1.7434022626226343e+268 214
1757582741044 2.8369867429626124e+269 215
1757582741106 4.616544300933799e+270 216
1757582741168 7.51236548262051e+271 217
1757582741233 1.2224649318983618e+273 218
1757582741297 1.9892808905244712e+274 219
1757582741360 3.2370977343789004e+275 220
1757582741422 5.26763303856917e+276 221
1757582741484 8.571862855524652e+277 222
1757582741547 1.3948737939019617e+279 223
1757582741609 2.269836713101928e+280 224
1757582741671 3.693637895176821e+281 225
1757582741749 6.010547288241714e+282 226
1757582741812 9.78078515800487e+283 227
1757582741875 1.5915981310752359e+285 228
1757582741940 2.5899603865329265e+286 229
1757582742004 4.214565644958469e+287 230
1757582742070 6.858237549896385e+288 231
1757582742138 1.116020635414072e+290 232
1757582742200 1.8160672470273985e+291 233
1757582742264 2.95523231476987e+292 234
1757582742328 4.808961809401734e+293 235
1757582742391 7.825480781562607e+294 236
1757582742454 1.2734172549027618e+296 237
1757582742516 2.0721940930513434e+297 238
1757582742578 3.372019927282021e+298 239
1757582742642 5.487187917442488e+299 240
1757582742706 8.929137991659525e+300 241
1757582742769 1.4530121161088009e+302 242
1757582742833 2.3644434787893655e+303 243
1757582742895 3.847588676246753e+304 244
1757582742958 inf 245
