1757568780424 140092166461.04343 0
1757568780494 1132549433944.2688 1
1757568780562 74823653340.95064 2
1757568780631 460081499311.89014 3
1757568780701 381973674032.7801 4
1757568780765 194352582469.02097 5
1757568780832 300392607128.6107 6
1757568780895 323626313660.5167 7
1757568780964 373753534679.837 8
1757568781036 108950545139.44406 9
1757568781109 67754295332.226456 10
1757568781172 88991983358.91023 11
1757568781240 85820318627.8273 12
1757568781303 316779960707.7964 13
1757568781375 368584056544.2786 14
1757568781442 360239558620.7598 15
1757568781510 275102918045.262 16
1757568781583 266854005650.2753 17
1757568781676 297296366152.051 18
1757568781743 367493339172.58234 19
1757568781814 315642172893.65656 20
1757568781925 355162308483.3632 21
1757568781994 127382760141.92612 22
1757568782071 108222560173.3105 23
1757568782137 153058361690.31454 24
1757568782201 172444028573.66638 25
1757568782275 474824452992.48834 26
1757568782345 87923795024.94221 27
1757568782419 262999265040.77124 28
1757568782485 336101777035.0518 29
1757568782556 115693759790.62602 30
1757568782622 369188306493.9296 31
1757568782694 233346708026.5836 32
1757568782760 368995315602.4199 33
1757568782833 100307182748.61731 34
1757568782900 528812400257.83136 35
1757568782966 158186971224.54587 36
1757568783029 292924887578.33734 37
1757568783101 184739454493.2806 38
1757568783163 90561433201.02605 39
1757568783227 138949234085.57242 40
1757568783291 224935833078.92297 41
1757568783354 164515677995.95697 42
1757568783427 436526574530.3985 43
1757568783495 334469199654.1965 44
1757568783563 144688832373.61063 45
1757568783632 378103499821.4665 46
1757568783694 461956609903.39014 47
1757568783764 475569012507.25195 48
1757568783833 168084355237.00177 49
1757568783898 129762778627.76279 50
1757568783970 279078102305.7169 51
1757568784046 94055880316.54713 52
1757568784121 286591258713.9161 53
1757568784189 314844905876.03613 54
1757568784261 320516445402.6581 55
1757568784329 386204480448.0306 56
1757568784401 248506069748.13437 57
1757568784468 344933004591.28107 58
1757568784544 308280126993.3743 59
1757568784615 204415628427.1057 60
1757568784686 389770285358.49994 61
1757568784766 160495946415.4651 62
1757568784836 226936895813.11948 63
1757568784919 577305245903.6938 64
1757568784994 345603997281.20135 65
1757568785063 165661763216.18216 66
1757568785142 178278016461.8698 67
1757568785210 79920761105.50037 68
1757568785278 270542772788.44974 69
1757568785343 79641120378.21263 70
1757568785407 355234241906.3792 71
1757568785480 174151626261.8256 72
1757568785550 187282659081.50302 73
1757568785622 210211600790.4146 74
1757568785693 149115752799.5043 75
1757568785772 520216472356.34076 76
1757568785851 405712883795.55255 77
1757568785931 408971054870.3887 78
1757568785998 91363629090.68271 79
1757568786092 283988821798.3908 80
1757568786167 217727062993.41992 81
1757568786244 303032949270.13605 82
1757568786316 187004579922.89822 83
1757568786390 111256367871.18124 84
1757568786458 120708811203.6907 85
1757568786529 304067434105.1291 86
1757568786600 181885470723.5885 87
1757568786666 342040752263.2488 88
1757568786731 153543470307.96017 89
1757568786802 228196921265.84247 90
1757568786874 461321605160.8227 91
1757568786937 147626012016.94638 92
1757568787000 232870267535.67883 93
1757568787071 345066572603.3812 94
1757568787144 170179150052.0317 95
1757568787219 76661998545.51698 96
1757568787290 307330145071.40686 97
1757568787364 127422444958.0308 98
1757568787434 170680909840.7593 99
1757568787506 100907178718.63298 100
1757568787577 130687741697.60364 101
1757568787647 183254151494.83975 102
1757568787720 193373576258.16827 103
1757568787794 251253309526.16507 104
1757568787864 149244776961.78265 105
1757568787934 241117587325.97473 106
1757568787999 118306499994.97237 107
1757568788065 230370839914.90613 108
1757568788148 161770675700.2681 109
1757568788218 143019160009.39728 110
1757568788282 260961244943.4223 111
1757568788357 570744301761.35 112
1757568788434 130446153513.83926 113
1757568788502 235185817652.2881 114
1757568788571 96701581135.95015 115
1757568788635 288256984839.1361 116
1757568788703 97072922042.23694 117
1757568788776 246826324279.45782 118
1757568788844 99213882298.35823 119
1757568788914 166665168286.2999 120
1757568788983 350859340971.0071 121
1757568789054 97049845430.25739 122
1757568789123 127150088359.05159 123
1757568789198 92835589316.03214 124
1757568789267 563935054353.5442 125
1757568789337 208410740223.33945 126
1757568789411 165079138701.89133 127
1757568789482 194363496584.60452 128
1757568789553 287952748113.1474 129
1757568789624 354574988946.3963 130
1757568789693 278527231641.8383 131
1757568789768 205067085608.242 132
1757568789838 208080360943.66013 133
1757568789908 393834043818.44775 134
1757568789982 139724977256.15396 135
1757568790055 84462533919.23013 136
1757568790126 442270400820.89557 137
1757568790198 313296102080.0252 138
1757568790264 276780364833.3604 139
1757568790339 190538314666.91083 140
1757568790412 139609742595.77185 141
1757568790482 137618225702.17307 142
1757568790551 342817218182.60455 143
1757568790625 148964648934.68652 144
1757568790690 170948753660.7459 145
1757568790759 188067635292.4575 146
1757568790828 206354543157.28528 147
1757568790901 152816831012.4551 148
1757568790971 162582286388.37543 149
1757568791047 358195525467.8354 150
1757568791112 319088145471.74725 151
1757568791192 157368333097.79456 152
1757568791263 163127383371.87946 153
1757568791334 322283434886.2744 154
1757568791410 160733627353.63544 155
1757568791483 168544320918.35126 156
1757568791552 613008779464.4039 157
1757568791623 506402371475.3656 158
1757568791692 357476990707.36224 159
1757568791767 207698833422.41382 160
1757568791841 90576574364.05318 161
1757568791912 315911062365.115 162
1757568791980 363667454692.9924 163
1757568792056 114005137205.81543 164
1757568792121 800441806712.1143 165
1757568792194 256175486275.7768 166
1757568792261 335967156990.24646 167
1757568792334 551076354651.2721 168
1757568792407 115144078558.72478 169
1757568792482 424352062940.1445 170
1757568792560 66776448529.72014 171
1757568792630 146987966276.79657 172
1757568792702 346317354945.71704 173
1757568792783 200659947893.2469 174
1757568792855 368142192847.2445 175
1757568792928 264975489417.86252 176
1757568793010 103599186587.30772 177
1757568793082 460946166444.166 178
1757568793150 152218287631.77872 179
1757568793227 186980140894.4402 180
1757568793310 105846531169.87132 181
1757568793382 107338343127.69609 182
1757568793456 116428437733.66281 183
1757568793529 391407716688.39886 184
1757568793596 67351429277.88587 185
1757568793669 138640754455.00555 186
1757568793743 139229996638.73892 187
1757568793814 112814342776.78178 188
1757568793889 399022752251.2555 189
1757568793954 492948113329.8472 190
1757568794024 133084271871.75497 191
1757568794100 659965841564.2291 192
1757568794168 179952251877.62363 193
1757568794250 197488758338.44354 194
1757568794322 224986461039.5023 195
1757568794391 373592358511.6676 196
1757568794468 335257486944.2456 197
1757568794541 175224673555.67563 198
1757568794616 245708462748.53958 199
1757568794689 94720682252.30087 200
1757568794764 118889737671.55356 201
1757568794842 101281873603.85426 202
1757568794918 137335849132.97183 203
1757568794997 105103815457.8784 204
1757568795070 59889584773.2943 205
1757568795144 332622903925.6368 206
1757568795219 379394606414.0653 207
1757568795320 314701577836.47314 208
1757568795408 59548735166.52477 209
1757568795476 123012244904.29073 210
1757568795551 80875563990.16129 211
1757568795626 535353776842.37213 212
1757568795705 160103095238.47803 213
1757568795775 69054856020.74934 214
1757568795844 141080304912.1378 215
1757568795914 268622404368.80646 216
1757568796006 103708201324.04752 217
1757568796080 365808078894.59314 218
1757568796153 84102668125.47777 219
1757568796250 270677355766.9008 220
1757568796317 390157496205.54034 221
1757568796394 253224398987.6121 222
1757568796466 267996205082.73468 223
1757568796533 108064243621.84883 224
1757568796612 301924119957.7123 225
1757568796681 64854654174.24272 226
1757568796747 140061984804.17963 227
1757568796823 356774165088.9773 228
1757568796896 145484686418.91928 229
1757568796970 207799976431.69562 230
1757568797043 82915629994.68811 231
1757568797119 301964189075.66 232
1757568797205 295631937207.19366 233
1757568797280 467675687570.0189 234
1757568797351 128438861976.08139 235
1757568797423 298654677228.0841 236
1757568797491 265522556849.8751 237
1757568797568 452660985152.71014 238
1757568797649 222817182282.2592 239
1757568797718 356084766611.10645 240
1757568797792 120988713943.13396 241
1757568797862 302972450511.9162 242
1757568797934 195290590188.13046 243
1757568798005 337952211634.1494 244
1757568798082 494158133825.98334 245
1757568798159 331591001527.2656 246
1757568798247 307026929280.5201 247
1757568798315 580617183808.0873 248
1757568798391 328145509148.287 249
1757568798462 204760241971.78204 250
1757568798527 110703889186.09306 251
1757568798604 157862685823.4113 252
1757568798669 82981363691.95294 253
1757568798742 124724191379.17496 254
1757568798814 51887738867.693954 255
1757568798881 114982840589.95772 256
1757568798956 103266084735.067 257
1757568799028 64590516565.912 258
1757568799094 110706960390.80588 259
1757568799168 78052941514.83745 260
1757568799243 247277020426.32434 261
1757568799323 110482964936.65533 262
1757568799403 243588043300.82343 263
1757568799475 234381908727.22125 264
1757568799544 67265158687.839005 265
1757568799615 243611547364.8124 266
1757568799688 488442525772.02216 267
1757568799756 214757004956.26215 268
1757568799829 255745189949.0331 269
1757568799902 136044225834.39755 270
1757568799972 202438095808.9441 271
1757568800050 79785295245.29172 272
1757568800126 84827043389.39555 273
1757568800196 131042572228.99371 274
1757568800280 169449170516.6062 275
1757568800353 498545302687.7316 276
1757568800429 104290280884.95157 277
1757568800505 177676488770.83377 278
1757568800575 270002962933.27145 279
1757568800651 76539306538.12776 280
1757568800725 121747989642.37262 281
1757568800791 419533499701.67944 282
1757568800866 279827231577.021 283
1757568800942 99765797842.51477 284
1757568801015 475948979232.4514 285
1757568801092 237901032184.23416 286
1757568801164 433573234705.3147 287
1757568801243 214590130011.92212 288
1757568801312 345704976897.76953 289
1757568801390 311374369411.9971 290
1757568801464 304825028329.8653 291
1757568801538 95305241608.11983 292
1757568801619 278662362771.83356 293
1757568801702 245403851737.73685 294
1757568801773 100005377723.24101 295
1757568801845 220034299845.18747 296
1757568801923 156292402185.41333 297
1757568801993 389596174905.34503 298
1757568802071 141374694702.30493 299
1757568802142 192636444235.63138 300
1757568802220 106948938799.94861 301
1757568802296 202103120246.04068 302
1757568802371 90823206167.615 303
1757568802441 611085724684.1271 304
1757568802515 569032354686.1919 305
1757568802597 288107789696.0622 306
1757568802668 503051103402.9097 307
1757568802748 98296029397.47777 308
1757568802818 87409662366.08209 309
1757568802892 115919935742.45555 310
1757568802969 301839034386.3201 311
1757568803041 232922127617.51877 312
1757568803118 210127444924.67538 313
1757568803194 249963572966.70755 314
1757568803273 283662520623.27264 315
1757568803349 97748544397.41812 316
1757568803427 78170410708.4092 317
1757568803496 163673348759.8656 318
1757568803573 478471737608.6573 319
1757568803641 201668771609.29752 320
1757568803712 271173390091.01855 321
1757568803791 434078161118.7569 322
1757568803870 94829977069.75005 323
1757568803942 192314128060.02765 324
1757568804018 318752790504.94006 325
1757568804096 328571418442.0738 326
1757568804164 349472325359.00507 327
1757568804238 116173494557.76341 328
1757568804315 569096453362.5878 329
1757568804385 110440325464.68907 330
1757568804458 359324819334.7656 331
1757568804532 595663324947.8634 332
1757568804613 169075939059.30338 333
1757568804688 190499734211.62683 334
1757568804766 120560953913.2419 335
1757568804837 57784318583.585106 336
1757568804908 411282394555.79254 337
1757568804981 98534198224.75792 338
1757568805054 147355029827.83762 339
1757568805130 115252817076.98192 340
1757568805207 187181789208.11633 341
1757568805286 523912019210.307 342
1757568805356 396630322620.37067 343
1757568805433 235662276422.99905 344
1757568805504 261036739823.8857 345
1757568805581 67434005890.647415 346
1757568805758 266646628143.42188 347
1757568805837 91958310517.63654 348
1757568805910 366291200921.5268 349
1757568805991 172059546938.59705 350
1757568806068 587730089525.5038 351
1757568806152 91292908468.23338 352
1757568806237 112903936127.16934 353
1757568806317 299456172641.25714 354
1757568806394 297901763712.958 355
1757568806487 145456796292.72208 356
1757568806556 331447653474.9599 357
1757568806628 404629941088.81494 358
1757568806705 386801620532.8418 359
1757568806781 106206447968.81276 360
1757568806860 214485404530.14142 361
1757568806934 308684835238.1125 362
1757568807016 497035214395.98987 363
1757568807093 148934119680.52853 364
1757568807171 282673630031.65454 365
1757568807246 233955362452.25226 366
1757568807326 86833832617.50294 367
1757568807397 85606136214.77373 368
1757568807476 195680920984.36197 369
1757568807545 88648212757.51454 370
1757568807619 324098818657.25824 371
1757568807695 194432627696.21976 372
1757568807767 122972074250.83212 373
1757568807848 119228599942.77972 374
1757568807924 205811300134.0541 375
1757568808000 107354001929.20123 376
1757568808074 140403139591.00693 377
1757568808158 109373609904.50456 378
1757568808243 205959953696.3199 379
1757568808318 147045845968.65225 380
1757568808393 347529910901.28406 381
1757568808466 191000624760.81448 382
1757568808533 98101190141.82802 383
1757568808612 242803637873.8328 384
1757568808690 295092812112.448 385
1757568808771 102302056391.7411 386
1757568808846 168414240045.2937 387
1757568808921 364745583026.4038 388
1757568809000 364711707201.40094 389
1757568809069 158565464541.4844 390
1757568809143 180881998320.64706 391
1757568809217 294313271297.90137 392
1757568809289 319640921801.292 393
1757568809368 104701987670.38597 394
1757568809442 126923365088.97769 395
1757568809510 133289462090.88422 396
1757568809588 233180699275.86752 397
1757568809661 97694787599.5994 398
1757568809737 125322682992.08534 399
1757568809808 354064132336.46765 400
1757568809889 91639426557.93536 401
1757568809962 330942614604.78455 402
1757568810035 139714513457.0337 403
1757568810109 113041951128.31091 404
1757568810181 217804139769.98007 405
1757568810254 624354191470.8679 406
1757568810334 232288223734.7181 407
1757568810405 161189050427.9596 408
1757568810481 92915089573.55792 409
1757568810557 114506314267.25076 410
1757568810636 160358538541.6984 411
1757568810709 167678300927.19708 412
1757568810780 166774922484.938 413
1757568810859 109095162000.50264 414
1757568810937 181655888220.34366 415
1757568811010 193596283582.333 416
1757568811082 110277352653.88918 417
1757568811155 61557333389.03628 418
1757568811227 317827466700.66064 419
1757568811308 107286973705.21365 420
1757568811385 218912197911.0124 421
1757568811454 211918339889.63425 422
1757568811530 212109117797.81403 423
1757568811605 117762559834.95943 424
1757568811682 284784042950.17975 425
1757568811763 702730584003.8892 426
1757568811870 387392855194.83405 427
1757568811950 164354086114.17783 428
1757568812022 193834819230.27017 429
1757568812098 100920187721.6199 430
1757568812169 344087098172.7596 431
1757568812244 305041550685.34454 432
1757568812315 201885004227.20197 433
1757568812392 160505315255.44315 434
1757568812463 97260590331.3964 435
1757568812549 260882031427.09058 436
1757568812619 171704634996.2819 437
1757568812691 768325316824.8636 438
1757568812764 185649418791.71823 439
1757568812835 171920597499.8707 440
1757568812909 162415715833.26685 441
1757568812988 411603635276.9892 442
1757568813059 97307015142.28195 443
1757568813134 278301846236.7618 444
1757568813207 248589267315.90286 445
1757568813283 107015276787.40353 446
1757568813359 205809681505.67108 447
1757568813432 161054328484.6758 448
1757568813512 70930393911.54492 449
1757568813586 596885976199.4451 450
1757568813658 156918212124.67627 451
1757568813735 150071785935.22095 452
1757568813810 494734128548.99567 453
1757568813887 106764664359.44823 454
1757568813968 332429462125.8403 455
1757568814041 236372103459.1428 456
1757568814116 139298854639.34143 457
1757568814196 155005153126.7258 458
1757568814268 222646388385.9951 459
1757568814340 148053770490.44635 460
1757568814424 105103514667.35732 461
1757568814493 421288649905.1629 462
1757568814569 319683676349.1155 463
1757568814647 353921695686.2404 464
1757568814723 390995041952.50433 465
1757568814800 164639541333.0795 466
1757568814880 112341926898.10811 467
1757568814955 130211623078.8477 468
1757568815035 217696023079.787 469
1757568815112 242589654720.90887 470
1757568815199 115301971211.41527 471
1757568815278 125681200918.63884 472
1757568815350 121765726759.36118 473
1757568815425 388342876272.22986 474
1757568815504 81354699783.86266 475
1757568815586 143236602835.5577 476
1757568815658 319448064489.3247 477
1757568815737 143182462435.5773 478
1757568815817 308259081171.32886 479
1757568815891 167402333393.35822 480
1757568815964 267525792698.10907 481
1757568816045 214900682246.27823 482
1757568816122 67606001052.45521 483
1757568816195 258468066459.58844 484
1757568816271 247933516313.92813 485
1757568816371 122518134711.89252 486
1757568816456 198278483806.17947 487
1757568816533 316176754592.3957 488
1757568816624 639438917811.1327 489
1757568816704 133388138951.89633 490
1757568816787 781227286495.4999 491
1757568816865 172972415516.10687 492
1757568816955 548775847691.85736 493
1757568817033 105762131123.06543 494
1757568817112 314876031951.74316 495
1757568817193 347134595191.27893 496
1757568817271 532100088986.7505 497
1757568817343 379061939253.5098 498
1757568817427 467984896860.1033 499
