1757581362140 101770049379.34924 0
1757581362211 459535072862.6953 1
1757581362280 5544392009990.604 2
1757581362348 44620126273070.26 3
1757581362415 33461793835135.47 4
1757581362478 227072560919377.4 5
1757581362541 1640322983992622.2 6
1757581362606 7.901296791166349e+16 7
1757581362671 4.1130094748428806e+17 8
1757581362734 7.096035213356126e+16 9
1757581362798 5.306281763233641e+18 10
1757581362864 4.37734225368948e+18 11
1757581362927 5.416030138915444e+19 12
1757581362989 2.597932174520439e+20 13
1757581363053 1.1483187592350705e+21 14
1757581363116 4.313667672874308e+20 15
1757581363180 1.850886718836714e+20 16
1757581363248 1.5494752568930326e+21 17
1757581363310 7.777225115212025e+19 18
1757581363453 1.9271963390071412e+21 19
1757581363519 4.4119469652166916e+23 20
1757581363582 1.791655978582861e+21 21
1757581363648 2.1348477337981915e+21 22
1757581363712 5.2318616658161934e+19 23
1757581363775 1.8142500377883684e+21 24
1757581363838 1.0334920605955355e+24 25
1757581363902 2.4538855626503966e+20 26
1757581363966 4.384444546263458e+23 27
1757581364031 7.794286378557234e+20 28
1757581364095 1.2204908560493322e+22 29
1757581364158 3.567923259070592e+22 30
1757581364222 2.0124699470890588e+21 31
1757581364285 1.658338319429502e+21 32
1757581364348 3.0346335529738856e+20 33
1757581364412 1.3668281210469023e+24 34
1757581364475 9.426552138436087e+23 35
1757581364541 6.0271168969360435e+22 36
1757581364604 1.6126394443851354e+22 37
1757581364666 4.488770858356031e+22 38
1757581364729 1.6540652804898848e+23 39
1757581364793 2.8884552011569313e+23 40
1757581364859 5.185631879263643e+24 41
1757581364931 6.21805923007179e+23 42
1757581364995 3.284401294756592e+23 43
1757581365061 3.419664044634741e+24 44
1757581365123 7.367929034114519e+25 45
1757581365186 2.939982440718515e+28 46
1757581365250 9.149600602354473e+29 47
1757581365314 2.2460265996186594e+31 48
1757581365378 1.5962139760215966e+30 49
1757581365442 1.14005080910303e+31 50
1757581365508 3.349187664452268e+29 51
1757581365572 9.434739990839993e+30 52
1757581365635 8.373774332493159e+31 53
1757581365701 5.790294392584512e+34 54
1757581365765 1.6217546630946302e+35 55
1757581365829 3.938091259357959e+34 56
1757581365895 2.242666743223723e+37 57
1757581365983 5.278485593058326e+35 58
1757581366048 7.658221415136632e+35 59
1757581366113 4.2705107826964087e+36 60
1757581366178 4.935630110188429e+34 61
1757581366242 1.3341030524008718e+36 62
1757581366305 2.6278556925061965e+34 63
1757581366368 3.4703878214609636e+35 64
1757581366434 2.081673541435038e+38 65
1757581366504 1.0933446442454256e+38 66
1757581366574 1.9775905498786046e+39 67
1757581366640 2.075188804609102e+37 68
1757581366708 9.441278801504295e+39 69
1757581366777 5.872452830700598e+38 70
1757581366846 2.9821149028653205e+40 71
1757581366914 9.841407759916868e+40 72
1757581366979 9.19742932814618e+41 73
1757581367046 5.891162717333388e+43 74
1757581367112 1.322656705122472e+43 75
1757581367177 1.5992516213039691e+44 76
1757581367243 6.203528134655976e+44 77
1757581367310 4.0043315925755155e+45 78
1757581367378 7.633077098593575e+45 79
1757581367447 2.8811481322576084e+46 80
1757581367514 1.0668817697518192e+48 81
1757581367579 3.2876216248098586e+48 82
1757581367644 2.157829071877585e+48 83
1757581367714 7.740429094115229e+46 84
1757581367786 5.457652276266368e+46 85
1757581367855 1.1425638711792907e+49 86
1757581367924 2.061915991214096e+49 87
1757581367990 2.431396199535431e+50 88
1757581368056 8.120736872922315e+51 89
1757581368123 3.1529181583931908e+50 90
1757581368187 2.8858631587855492e+50 91
1757581368252 6.00664832275155e+51 92
1757581368317 7.276295189610031e+52 93
1757581368382 5.220837545562752e+52 94
1757581368446 1.0994388521362771e+54 95
1757581368511 1.2698844990267925e+56 96
1757581368578 1.078341178260759e+57 97
1757581368642 4.68739199075366e+56 98
1757581368706 3.259120188476633e+57 99
1757581368771 1.1018918032674755e+57 100
1757581368835 8.499376432747476e+57 101
1757581368901 1.6651960446723243e+60 102
1757581368966 4.124544843000359e+60 103
1757581369031 1.0451325682779993e+62 104
1757581369095 5.606213848582629e+61 105
1757581369160 1.1344917811573632e+62 106
1757581369230 2.6298609874207865e+61 107
1757581369299 4.8520721176519427e+61 108
1757581369375 8.41138095130944e+62 109
1757581369442 2.0208734142625738e+64 110
1757581369508 9.468653745234522e+65 111
1757581369573 3.3026068803502896e+65 112
1757581369638 5.818595971659738e+63 113
1757581369702 7.16487878570008e+62 114
1757581369768 4.5989771876472265e+63 115
1757581369832 5.871761274587732e+62 116
1757581369897 1.3776080606724928e+66 117
1757581369962 3.3147201316246242e+62 118
1757581370027 9.254886823018061e+63 119
1757581370093 5.732394857593304e+65 120
1757581370159 1.4381301115419724e+64 121
1757581370223 1.0139048935416156e+67 122
1757581370288 7.445357003700706e+65 123
1757581370351 1.5302872793711208e+66 124
1757581370417 6.152147737927412e+66 125
1757581370482 6.725980806206265e+69 126
1757581370549 2.482594353690344e+69 127
1757581370615 9.462120986865705e+69 128
1757581370682 1.8286393875967284e+69 129
1757581370748 7.007792286248313e+70 130
1757581370813 1.7000094534310771e+72 131
1757581370878 3.1837463075695644e+74 132
1757581370943 6.988573632717007e+73 133
1757581371007 1.949443329949766e+75 134
1757581371077 3.5682715568485824e+75 135
1757581371142 2.6642737952290223e+77 136
1757581371208 9.542400285021874e+80 137
1757581371273 1.8153712536729612e+81 138
1757581371338 8.049435736867816e+81 139
1757581371407 6.548668021719267e+82 140
1757581371477 1.175748744247182e+84 141
1757581371549 5.595711527988825e+83 142
1757581371620 5.499155912058702e+85 143
1757581371686 3.526154553071856e+85 144
1757581371754 3.610311620716803e+87 145
1757581371824 1.915179654383451e+85 146
1757581371890 5.577373500144611e+85 147
1757581371955 5.441178827720659e+86 148
1757581372021 1.353159264251474e+88 149
1757581372086 1.322516114219614e+89 150
1757581372151 1.5754202156322096e+88 151
1757581372218 3.746110699286788e+91 152
1757581372284 2.1757732049031744e+91 153
1757581372350 1.9780593947655117e+90 154
1757581372416 1.0137482255551757e+91 155
1757581372482 2.963040250532084e+92 156
1757581372563 1.1280599455288814e+93 157
1757581372631 4.842836405629735e+94 158
1757581372701 1.1502872552891462e+93 159
1757581372769 1.506252893355525e+93 160
1757581372835 4.1285408875966064e+95 161
1757581372902 4.817535359866559e+95 162
1757581372971 6.3067940757923135e+97 163
1757581373036 4.044454310899732e+99 164
1757581373102 1.6741806984664519e+99 165
1757581373169 4.899823788830611e+100 166
1757581373236 5.39349250916203e+101 167
1757581373302 2.612518177685308e+103 168
1757581373367 2.6419302225620687e+105 169
1757581373432 3.168827205426999e+105 170
1757581373500 1.6137966129910767e+106 171
1757581373566 2.9363659736832116e+105 172
1757581373636 5.822090667592936e+106 173
1757581373703 1.391771190158476e+106 174
1757581373773 8.47187760974223e+106 175
1757581373839 3.105469203214087e+106 176
1757581373905 1.3949575473612939e+109 177
1757581373971 1.9851199853797765e+109 178
1757581374041 5.834624537693768e+111 179
1757581374108 2.5075332755818524e+110 180
1757581374175 7.223772019326851e+113 181
1757581374241 3.772561021650552e+113 182
1757581374308 1.2807241877902602e+113 183
1757581374375 1.4612965070349878e+114 184
1757581374443 2.230227356151488e+115 185
1757581374509 2.7156812795269967e+115 186
1757581374577 2.2204840892385915e+114 187
1757581374645 4.2404337164663884e+114 188
1757581374710 1.5740562826063346e+115 189
1757581374777 6.87014552675353e+115 190
1757581374844 3.7470730819872044e+116 191
1757581374912 2.5126294216273672e+117 192
1757581374978 2.279358092830889e+118 193
1757581375044 5.112663582535085e+118 194
1757581375111 1.2246151631818164e+120 195
1757581375176 1.2201874706623835e+119 196
1757581375246 1.9925464187123743e+119 197
1757581375314 4.944947177120343e+121 198
1757581375380 9.542596024025529e+120 199
1757581375453 5.905042973032321e+122 200
1757581375526 1.5482358469270484e+123 201
1757581375595 1.3156690492199627e+124 202
1757581375662 3.659117445334411e+125 203
1757581375729 2.1185952335656857e+124 204
1757581375797 1.8054880105764937e+123 205
1757581375865 2.1031250749947003e+124 206
1757581375933 2.51229995824157e+126 207
1757581376000 1.530072795528015e+126 208
1757581376068 2.947439398318493e+127 209
1757581376135 2.1986235012605352e+128 210
1757581376202 1.0387703563927193e+130 211
1757581376269 3.4209739335201827e+130 212
1757581376336 2.6646539788733354e+132 213
1757581376404 8.953414400414986e+134 214
1757581376471 3.1837297708786384e+135 215
1757581376537 4.6546651735909306e+138 216
1757581376604 1.2178465638367281e+135 217
1757581376670 2.1944080359923099e+136 218
1757581376739 3.300129198977437e+136 219
1757581376805 1.6561249884584935e+137 220
1757581376872 5.900091615789496e+139 221
1757581376938 1.4445967965966955e+141 222
1757581377004 2.0308333324196754e+140 223
1757581377070 2.1862139346432183e+141 224
1757581377138 8.087206659963858e+141 225
1757581377204 5.383498306807335e+142 226
1757581377275 2.713738747789553e+144 227
1757581377343 5.876338886693987e+146 228
1757581377410 4.318890555719132e+148 229
1757581377477 1.4984680150019102e+151 230
1757581377544 2.2197107425812e+149 231
1757581377612 8.397064084266753e+148 232
1757581377679 1.2548135354373704e+151 233
1757581377746 5.572630723355742e+151 234
1757581377813 5.786658433079685e+154 235
1757581377879 8.630044936758154e+150 236
1757581377946 5.205323383191846e+152 237
1757581378015 8.116516710922255e+153 238
1757581378083 2.349271475638112e+154 239
1757581378151 1.444405067508229e+155 240
1757581378235 5.1723549536066417e+154 241
1757581378304 5.976488259019127e+155 242
1757581378372 2.629678315335802e+157 243
1757581378439 1.5469713033631011e+158 244
1757581378506 4.880024802830945e+159 245
1757581378576 4.4101840512636324e+159 246
1757581378643 6.4528494979240254e+159 247
1757581378726 6.658300230319871e+159 248
1757581378794 7.413663561400411e+161 249
1757581378862 4.15182125225958e+162 250
1757581378930 1.339432068761791e+164 251
1757581378996 1.3035840000265406e+164 252
1757581379064 2.7603426501537773e+166 253
1757581379131 9.407018697741377e+167 254
1757581379198 9.604238328474407e+168 255
1757581379265 2.980453461611218e+170 256
1757581379332 1.7856027112433397e+170 257
1757581379400 1.7050202284249024e+170 258
1757581379468 2.0226600980802394e+171 259
1757581379534 6.98338641774643e+170 260
1757581379602 4.193934128391028e+171 261
1757581379670 4.7162613129217734e+172 262
1757581379739 2.7340092155242925e+174 263
1757581379807 1.1827201473944253e+174 264
1757581379875 1.0173214649710604e+176 265
1757581379944 2.833832973611042e+176 266
1757581380012 8.719219194143258e+173 267
1757581380083 3.556061819227609e+176 268
1757581380151 1.884866962934347e+177 269
1757581380223 6.741446079127971e+176 270
1757581380291 8.268961373771693e+178 271
1757581380359 1.5183309079466595e+180 272
1757581380427 5.307923920699485e+180 273
1757581380497 1.2956243478698236e+182 274
1757581380565 1.841412867646577e+182 275
1757581380633 2.6513147565913125e+182 276
1757581380703 1.1476554099972404e+182 277
1757581380772 1.6836785836912123e+181 278
1757581380838 3.193185260045461e+182 279
1757581380905 2.3945131124091113e+183 280
1757581380977 3.774770226965839e+185 281
1757581381045 3.679403382563528e+184 282
1757581381113 2.9694614689076214e+184 283
1757581381181 3.127254360927464e+183 284
1757581381248 1.4957521806219762e+183 285
1757581381316 3.513659172346359e+184 286
1757581381383 1.891951179778938e+183 287
1757581381450 2.1823199335292572e+185 288
1757581381518 3.261589369593422e+185 289
1757581381585 5.545903093742098e+185 290
1757581381656 1.7271452141674686e+187 291
1757581381726 1.0050802751751046e+189 292
1757581381808 2.4087940451046087e+189 293
1757581381876 1.791805250132961e+191 294
1757581381946 5.388949451914794e+191 295
1757581382031 4.596394663563172e+193 296
1757581382101 1.1615402261480446e+194 297
1757581382168 4.786044512688175e+195 298
1757581382238 1.2456651089102856e+196 299
1757581382308 7.237387862319227e+197 300
1757581382379 3.2028761400018e+197 301
1757581382449 2.2291812531169538e+198 302
1757581382520 3.4041622601282606e+199 303
1757581382589 2.8980114753229234e+200 304
1757581382657 2.520071704875741e+201 305
1757581382725 5.507067608995033e+198 306
1757581382794 3.327034193911689e+200 307
1757581382862 7.030550501251399e+199 308
1757581382931 1.5409069045295514e+201 309
1757581383000 2.127385821181987e+203 310
1757581383068 1.422216698688527e+203 311
1757581383139 3.8502444508718864e+205 312
1757581383208 6.930444243142373e+206 313
1757581383280 8.813444064497288e+207 314
1757581383349 5.472307320305504e+209 315
1757581383417 1.0062311823541653e+210 316
1757581383485 2.901775447919596e+211 317
1757581383553 1.0092060703242561e+214 318
1757581383621 1.4690912452423167e+215 319
1757581383693 8.382140889925405e+215 320
1757581383762 2.535105061418361e+216 321
1757581383831 5.691778268204363e+218 322
1757581383899 3.776075241832932e+216 323
1757581383967 7.579011524174936e+218 324
1757581384038 5.962073083085126e+219 325
1757581384106 1.4228801905744399e+221 326
1757581384176 1.2122527694484604e+223 327
1757581384245 3.762017083674774e+224 328
1757581384317 3.260332712039195e+226 329
1757581384386 1.88295931890612e+224 330
1757581384455 5.912131407341944e+225 331
1757581384525 1.310188961422037e+227 332
1757581384597 2.7002980749476518e+225 333
1757581384665 2.987205094082156e+226 334
1757581384735 7.723636156141691e+225 335
1757581384803 6.403516818980252e+227 336
1757581384874 1.028166610404533e+228 337
1757581384944 5.0307341506921207e+228 338
1757581385012 6.441586120881817e+227 339
1757581385087 2.871830094225689e+228 340
1757581385158 5.957122906775019e+230 341
1757581385227 1.5192897630937424e+232 342
1757581385296 4.9190951316340684e+232 343
1757581385377 4.758924661199704e+233 344
1757581385449 3.013329880211353e+234 345
1757581385523 2.198321668862342e+234 346
1757581385594 5.114056692911855e+236 347
1757581385665 5.4541263587817115e+237 348
1757581385734 1.3758153451701707e+239 349
1757581385803 1.5354511952646742e+239 350
1757581385872 1.4735993923552988e+239 351
1757581385942 2.2447603152717944e+240 352
1757581386011 9.049824259350248e+239 353
1757581386080 2.963105697978211e+242 354
1757581386149 7.390665805547076e+243 355
1757581386219 6.344973438566079e+244 356
1757581386287 2.5992071870085955e+245 357
1757581386357 6.629187826773832e+244 358
1757581386434 5.39199177800444e+246 359
1757581386506 5.948914188960693e+247 360
1757581386577 1.6830827001139143e+249 361
1757581386647 7.96875608907995e+249 362
1757581386717 3.454613377182272e+251 363
1757581386788 2.5831964533705742e+252 364
1757581386861 2.042625301347376e+252 365
1757581386931 1.0004945980363812e+252 366
1757581387000 6.367996114240042e+251 367
1757581387069 1.4491948976079376e+252 368
1757581387141 2.9443147679291804e+251 369
1757581387211 2.0571402772048148e+251 370
1757581387286 3.317801372376501e+253 371
1757581387357 1.3460021472315871e+253 372
1757581387428 4.7642079432235476e+253 373
1757581387499 2.0973026349144918e+254 374
1757581387571 1.2673867945757413e+256 375
1757581387640 1.6125123429340525e+256 376
1757581387710 6.484600637713249e+255 377
1757581387779 3.347169093436597e+256 378
1757581387849 7.883079581727381e+256 379
1757581387919 2.669882964472627e+257 380
1757581387990 2.5425481687890013e+258 381
1757581388060 2.4348192590519764e+260 382
1757581388130 6.908846779311675e+259 383
1757581388200 4.289484123277924e+262 384
1757581388271 7.581367919210913e+262 385
1757581388342 1.373596004901867e+264 386
1757581388413 3.2207106823815854e+265 387
1757581388483 1.3463003799110997e+267 388
1757581388554 9.536965878594208e+267 389
1757581388624 2.53139404453837e+267 390
1757581388693 5.6619466362788165e+268 391
1757581388763 3.0347276144917393e+270 392
1757581388842 7.805635737194829e+271 393
1757581388915 1.5627497751631764e+273 394
1757581388988 5.117929194548498e+274 395
1757581389060 2.527669300711272e+275 396
1757581389131 1.937713844627527e+277 397
1757581389203 4.345920208152099e+278 398
1757581389273 7.00989662885291e+278 399
1757581389344 6.400895354394252e+279 400
1757581389414 2.378474374680899e+282 401
1757581389484 2.7868197912043484e+280 402
1757581389555 1.5441287725136366e+280 403
1757581389626 5.502214607913098e+282 404
1757581389696 1.0028572898576326e+283 405
1757581389765 9.830200654424576e+282 406
1757581389835 1.086082914420293e+283 407
1757581389907 7.565225915000928e+283 408
1757581389980 4.381944845760158e+283 409
1757581390049 6.841178996114822e+285 410
1757581390119 3.865417572672958e+286 411
1757581390189 4.852108713187918e+289 412
1757581390260 4.555853583199327e+290 413
1757581390331 3.7558544587169073e+292 414
1757581390403 4.6408647958734075e+293 415
1757581390473 4.9740022883685995e+291 416
1757581390544 1.7939265341964466e+293 417
1757581390614 2.2802192593047882e+294 418
1757581390685 3.762184264948725e+294 419
1757581390755 5.024902165828672e+295 420
1757581390826 5.8308964391068815e+295 421
1757581390897 2.02488638717378e+296 422
1757581390969 2.918405031129117e+297 423
1757581391041 4.8815916174153195e+297 424
1757581391112 4.9765466938384e+297 425
1757581391184 1.8805896220507108e+298 426
1757581391258 1.947401077073827e+299 427
1757581391328 9.14947793769567e+300 428
1757581391399 9.339417641019585e+302 429
1757581391472 7.056097406783635e+301 430
1757581391542 1.1192649755794724e+302 431
1757581391612 1.4961701393928194e+303 432
1757581391683 4.162241017948687e+303 433
1757581391752 1.7664194976843453e+305 434
1757581391825 2.260671634779757e+306 435
