1757548321793 4012488433.989732 0
1757548322273 16761855894.194569 1
1757548322767 676131556532.9836 2
1757548323249 107809766130.81412 3
1757548323726 2226300361.342471 4
1757548324218 7168419397.785704 5
1757548324706 174508682224.00174 6
1757548325219 666870636947.0088 7
1757548325716 58954899823.48222 8
1757548326201 53249576555.141396 9
1757548326701 420759530869.54663 10
1757548327189 607225190.4712769 11
1757548327690 71234966258.46904 12
1757548328177 7422286971.79451 13
1757548328669 60017844970.05664 14
1757548329168 22849898511.96115 15
1757548329693 412488541653.6061 16
1757548330197 69049318618.00262 17
1757548330721 1867763289943.1868 18
1757548331205 25622394234.348667 19
1757548331688 29800809024.157734 20
1757548332201 11008931401.658714 21
1757548332735 7708650109.334114 22
1757548333261 5701338593.480202 23
1757548333816 1879130751.134238 24
1757548334329 7767382352.621282 25
1757548334829 118360474875.86122 26
1757548335328 1318827256.6068087 27
1757548335805 531513975.36119545 28
1757548336300 12471416415.719303 29
1757548336794 46399829696.64455 30
1757548337286 4358939428.579288 31
1757548337789 128192120554.0256 32
1757548338275 632743584495.6305 33
1757548338761 192175753812.3939 34
1757548339251 192595445636.93875 35
1757548339737 28333788282.51365 36
1757548340229 51537878496.4028 37
1757548340722 32180985910.370537 38
1757548341241 45614396275.48276 39
1757548341743 26221925546.73145 40
1757548342248 1997619889138.2778 41
1757548342736 570136508894.8196 42
1757548343230 2611710903.80721 43
1757548343714 343262928995.2254 44
1757548344220 412271322659.09454 45
1757548344724 18990280654.601654 46
1757548345248 4150639179.927909 47
1757548345736 2245584859.337504 48
1757548346238 950268517.5385051 49
1757548346765 102939122236.97488 50
1757548347279 727980427903.6516 51
1757548347782 134326958736.32135 52
1757548348282 6129782565.648774 53
1757548348776 17317145636.4816 54
1757548349278 256184531.10774934 55
1757548349760 25223582000.24832 56
1757548350264 36566680842.37943 57
1757548350742 158238840364.13828 58
1757548351222 1862003901.992305 59
1757548351706 404941160027.1109 60
1757548352187 28025947423.480778 61
1757548352671 351707621328.23755 62
1757548353171 638250117211.035 63
1757548353662 2021144580608.3237 64
1757548354157 35428060.78181238 65
1757548354664 28849200345.880173 66
1757548355181 22153165.761643644 67
1757548355664 262346977912.46304 68
1757548356153 416503758101.27747 69
1757548356635 6049565685.2074995 70
1757548357130 13409217726.594028 71
1757548357622 42169220653.66716 72
1757548358141 510725076476.71216 73
1757548358644 260573404.2367627 74
1757548359137 106118929397.42468 75
1757548359628 289716984.7864807 76
1757548360143 20655574939.380188 77
1757548360640 652288333848.8263 78
1757548361124 25620605269.891834 79
1757548361612 1297761659627.4775 80
1757548362091 5851738434.095049 81
1757548362579 16063844427.011251 82
1757548363112 277062091.1747144 83
1757548363613 34880881094.7424 84
1757548364126 29520071749.221664 85
1757548364710 26799319923.27957 86
1757548365317 34630695232.47941 87
1757548365899 41264061042.11775 88
1757548366485 90840178048.47298 89
1757548366966 7820780711.426249 90
1757548367448 6156343.333518719 91
1757548367945 959631110213.4741 92
1757548368438 76907693789.21521 93
1757548368934 457035839974.12177 94
1757548369445 181822906789.88455 95
1757548369950 9747849422.867874 96
1757548370450 420586413.24408 97
1757548370941 1882695746.4809434 98
1757548371413 140977046108.87238 99
1757548371891 42557436237.93187 100
1757548372374 1475173778.677394 101
1757548372863 67039890704.217026 102
1757548373349 36535450121.184975 103
1757548373836 34302401642.10799 104
1757548374328 44971790655.91137 105
1757548374836 32231606.551376075 106
1757548375347 9400734616287.691 107
1757548375855 296819743425.323 108
1757548376356 760498763597.5553 109
1757548376843 21679020361.366993 110
1757548377353 6292525634.669189 111
1757548377863 13457666068.54182 112
1757548378366 26057160468.025204 113
1757548378855 71109108543.01254 114
1757548379353 129529213960.15231 115
1757548379880 60616762148.11898 116
1757548380384 76387007967.05281 117
1757548380879 7414604387.966274 118
1757548381389 7780297622299.807 119
1757548381869 53172297751.79786 120
1757548382364 10635923.588094331 121
1757548382851 496316178980.14886 122
1757548383339 82627135811.68365 123
1757548383828 1020456090.6386322 124
1757548384315 121596032897.65317 125
1757548384818 213124137009.35388 126
1757548385336 6935199165.757497 127
1757548385838 2202179168472.1665 128
1757548386315 24893198057.401836 129
1757548386805 568984836055.6531 130
1757548387292 1265603251.2022831 131
1757548387796 6418902267.934865 132
1757548388285 1487404684953.4775 133
1757548388770 83783482530.60422 134
1757548389267 36356652900.1443 135
1757548389788 1397659829.981627 136
1757548390300 32906335435.561047 137
1757548390791 10969189.314646075 138
1757548391285 113165802161.71045 139
1757548391797 26005537175.182224 140
1757548392305 87662741928.74152 141
1757548392805 77308241733.09998 142
1757548393317 134450074.87151018 143
1757548393808 13987642349.777933 144
1757548394286 84306081485.76816 145
1757548394778 87394963891.59346 146
1757548395288 1503259180051.3508 147
1757548395775 122384081417.48042 148
1757548396265 77148466505.75507 149
1757548396822 453340311.24075145 150
1757548397355 55969456669.41657 151
1757548397867 4965463520.144139 152
1757548398371 1120009620.9433467 153
1757548398853 15727286947.064543 154
1757548399357 494021267.8361996 155
1757548399861 14446131662.098827 156
1757548400359 7073364692322.131 157
1757548400877 7176339657.472826 158
1757548401381 974816420.6980262 159
1757548401914 143607079437.71448 160
1757548402412 10928735349.805729 161
1757548402904 489000874517.43256 162
1757548403403 5557971899313.481 163
1757548403911 375727788364.33563 164
1757548404402 1016013627.0494735 165
1757548404903 22342071350.536736 166
1757548405404 28022342402.60384 167
1757548405908 29412146064.650692 168
1757548406409 165155587553.97467 169
1757548406911 18070965845.602394 170
1757548407404 137495379191.62607 171
1757548407915 3760261126.731526 172
1757548408393 6153702060.93999 173
1757548408882 256965740182.17227 174
1757548409410 5519697832.51925 175
1757548409923 7657507891.899229 176
1757548410423 10313733079.920422 177
1757548410918 92244108659.3384 178
1757548411413 100410486211.22821 179
1757548411909 278476433485.5545 180
1757548412405 19793757021.662594 181
1757548412889 835337517.9018 182
1757548413391 87258989041.59923 183
1757548413885 22084483330.45758 184
1757548414396 66138761.34317727 185
1757548414902 22675762060.70528 186
1757548415433 1344134393.3132212 187
1757548415933 3927815534.0603333 188
1757548416430 165758507.3730635 189
1757548416939 94880406208.09163 190
1757548417439 3645482556873.3457 191
1757548417936 74563298246.0846 192
1757548418439 445001591593.777 193
1757548418941 102157462257.50627 194
1757548419434 2647004625.918964 195
1757548419948 106033327685.48256 196
1757548420445 2843086019.726178 197
1757548420956 6855162919.060652 198
1757548421447 9965078658.229435 199
1757548421927 114270614584.78769 200
1757548422411 17249313540.8984 201
1757548422902 26364419648.458546 202
1757548423392 34722395265.343666 203
1757548423880 121812036.15105915 204
1757548424382 1435720.9997225015 205
1757548424862 8064870218.464269 206
1757548425354 8858943381.892403 207
1757548425845 43354609043.16849 208
1757548426369 36033545816.07783 209
1757548426960 406904121101.3399 210
1757548427497 44791778249.856544 211
1757548428069 483368226006.12103 212
1757548428719 2137420714.3896523 213
1757548429330 90071374.67095195 214
1757548429969 9684777606.303343 215
1757548430470 10303764092.194578 216
1757548430988 13687997011.817137 217
1757548431499 4560130442.219929 218
1757548431999 99784363634.15167 219
1757548432492 8725227650.84975 220
1757548432995 21760541520.554657 221
1757548433479 48174672173.389786 222
1757548433977 15540397633.013266 223
1757548434472 165722400179.9949 224
1757548434982 55399858.7514093 225
1757548435484 399898721076.51904 226
1757548435977 855802025595.5852 227
1757548436463 201518482746.43533 228
1757548436967 631852889537.7432 229
1757548437462 983818539352.7092 230
1757548437962 123043908979.27849 231
1757548438471 131198375782.40485 232
1757548438956 1507805724112.9258 233
1757548439457 8474110185.540314 234
1757548439958 211851943597.37 235
1757548440473 13832445256.888737 236
1757548440955 107369530449.00867 237
1757548441465 7137306414.53696 238
1757548441976 516398583532.19934 239
1757548442475 44076784714.87171 240
1757548442963 140496592621.582 241
1757548443462 68414346.16002764 242
1757548443949 10431633244.83236 243
1757548444449 22301691987.687637 244
1757548444947 219032853.36987814 245
1757548445468 275686162895.5199 246
1757548445978 48294721525.08547 247
1757548446509 26011172426.190075 248
1757548447005 15075845372.27293 249
1757548447541 26874830963.55901 250
1757548448120 68360670728.540306 251
1757548448616 49431560012.95157 252
1757548449116 139400613898.0866 253
1757548449635 20826719203.018055 254
1757548450136 92297333096.83255 255
1757548450621 96186896839.08546 256
1757548451117 711448790774.518 257
1757548451620 3101623292364.6445 258
1757548452127 20246781491.40811 259
1757548452635 64917634399.711105 260
1757548453128 269780952767.96832 261
1757548453633 376110002235.0424 262
1757548454132 8678527237.808882 263
1757548454691 9642087859.379482 264
1757548455284 2548227905.0637345 265
1757548455769 65815748687.240524 266
1757548456263 866674702500.3026 267
1757548456760 128347695388.90968 268
1757548457247 480518387669.9258 269
1757548457741 54552896359.66741 270
1757548458235 492783266649.5238 271
1757548458728 2270585636.124847 272
1757548459217 116216689968.18239 273
1757548459709 327808148893.5393 274
1757548460207 69736803158.87831 275
1757548460735 4912298166.111504 276
1757548461304 21602374203.397972 277
1757548461814 17164312872.932909 278
1757548462360 83773843.3301488 279
1757548462856 734368999.1282017 280
1757548463355 75684181037.36194 281
1757548463857 4054883664492.0986 282
1757548464361 154022750971.02988 283
1757548464853 16019349755.810583 284
1757548465376 1610532657.2261043 285
1757548465875 244595255.5299963 286
1757548466365 127879109220.21309 287
1757548466877 44195494316.4574 288
1757548467380 62649345730.09949 289
1757548467898 40759753772.21803 290
1757548468390 13550327657.619514 291
1757548468875 325531964037.91455 292
1757548469362 8715096120.12141 293
1757548469861 1924884517.170921 294
1757548470353 26917463281.267426 295
1757548470842 3081139583.9235716 296
1757548471328 1626723034.1454804 297
1757548471810 227324782714.78375 298
1757548472286 529039368449.3578 299
1757548472782 305350731721.6428 300
1757548473279 2323645202138.795 301
1757548473773 21540538192.87852 302
1757548474254 11591900615.79713 303
1757548474749 122379115092.24792 304
1757548475265 88493157986.54521 305
1757548475769 51552476425.308685 306
1757548476257 4568318552.149444 307
1757548476755 35303497828.8879 308
1757548477261 5489446242.822795 309
1757548477760 1288228997.0964947 310
1757548478267 31455866373.175026 311
1757548478763 66363550483.911964 312
1757548479261 452162264969.3334 313
1757548479760 10092258419.158342 314
1757548480262 925787059.487288 315
1757548480761 710981712945.1884 316
1757548481269 249508664664.1782 317
1757548481762 982662536292.321 318
1757548482252 31818001931.702366 319
1757548482746 390491827655.9886 320
1757548483250 149415988988.2206 321
1757548483758 49642098074.55407 322
1757548484258 235633321525.87122 323
1757548484738 21804991705.43929 324
1757548485249 69607298846.58772 325
1757548485748 31790735770.223785 326
1757548486239 13954985986.704544 327
1757548486733 163153065799.62802 328
1757548487232 249204465357.1959 329
1757548487744 584419871464.0608 330
1757548488253 134953738263.94408 331
1757548488759 184064915.1554253 332
1757548489267 129742317206.10751 333
1757548489772 625645163473.0503 334
1757548490323 8097235420.806775 335
1757548490888 99722920598.42819 336
1757548491453 64102600937.1014 337
1757548492141 18920588348.184395 338
1757548492752 6048570943.819727 339
1757548493406 17709916479.320984 340
1757548493989 242160006.1755753 341
1757548494502 114044008662.66708 342
1757548494998 340639398.9936809 343
1757548495498 289790714319.8572 344
1757548495983 61343704421.06977 345
1757548496488 13235337328.093779 346
1757548496970 252299873821.17896 347
1757548497501 8664550646.55913 348
1757548498006 416334794588.0702 349
1757548498493 106360776858.51306 350
1757548498974 31549708678.92259 351
1757548499477 41738214479.49895 352
1757548500002 54107982983.816444 353
1757548500644 280355858672.50366 354
1757548501148 31017196316.615013 355
1757548501650 24311143.17296833 356
1757548502155 9138262301.847012 357
1757548502664 63882822707.95802 358
1757548503161 985284692.1567748 359
1757548503654 47790331836.17586 360
1757548504157 8528996415.614137 361
1757548504674 81561307129.50728 362
1757548505212 12417926638.011757 363
1757548505717 1172503820.8541777 364
1757548506209 1535134215099.241 365
1757548506702 144283488459.03925 366
1757548507195 1405573060.5245593 367
1757548507686 401786157478.4977 368
1757548508215 1528133597.2068613 369
1757548508704 416812811671.88495 370
1757548509202 31330784777.166733 371
1757548509700 20100280239.44472 372
1757548510199 21564924912.227924 373
1757548510701 368956478930.0673 374
1757548511215 106527547987.16942 375
1757548511718 403498755772.1496 376
1757548512217 80003071.59322032 377
1757548512714 36842848341.32836 378
1757548513205 853594385.989748 379
1757548513724 110379187477.39687 380
1757548514234 27534392671.145332 381
1757548514759 317936449545.83685 382
1757548515277 6131264184814.586 383
1757548515770 15752402957.60093 384
1757548516275 46304624193.083984 385
1757548516773 118469728530.8215 386
1757548517264 35358226852.490395 387
1757548517761 450265660.25391877 388
1757548518245 35497785288.075516 389
1757548518730 1370667035.507336 390
1757548519220 1096356983708.1793 391
1757548519718 466631.18795836315 392
1757548520210 6569057756.590947 393
1757548520698 1533618689.3833084 394
1757548521187 8396343484.2665 395
1757548521672 114773419978.56737 396
1757548522160 325221622.266436 397
1757548522658 43151158925.17804 398
1757548523149 614677839.6422957 399
1757548523653 55591742236.75404 400
1757548524163 1248080058.0735166 401
1757548524705 1256843893.2476237 402
1757548525330 24714092420.120255 403
1757548525870 1266147245768.276 404
1757548526373 74767843806.9431 405
1757548526875 3150207943.984444 406
1757548527361 2916269311.582622 407
1757548527863 157029805155.72717 408
1757548528399 28357263962.125393 409
1757548528896 8259836831.958854 410
1757548529401 885833206889.6356 411
1757548529897 706728102.7093132 412
1757548530389 7562477303.06769 413
1757548530886 60498739708.588394 414
1757548531380 1841744275.9536457 415
1757548531870 2182761.7269531772 416
1757548532354 17670927778.181965 417
1757548532841 41827780221.481125 418
1757548533324 702263323450.0234 419
1757548533838 14472990535.998535 420
1757548534328 17049867619.025291 421
1757548534842 56336132414.31656 422
1757548535354 7407456450.587779 423
1757548535856 10656147854.301716 424
1757548536363 35977111213.96255 425
1757548536860 253873316519.0879 426
1757548537365 59898428414.98353 427
1757548537861 44008782968.9949 428
1757548538342 20119332958.807022 429
1757548538825 16475360438.007631 430
1757548539329 66889881739.43015 431
1757548539818 89497646880.56117 432
1757548540297 3432960844.600492 433
1757548540775 9555813706.41539 434
1757548541276 3613032701.515712 435
1757548541770 16180377271.39344 436
1757548542254 1556848411.3238194 437
1757548542755 178632329.0487518 438
1757548543260 396853725731.76245 439
1757548543748 1392110573138.6592 440
1757548544240 20850862797.108803 441
1757548544740 76586959454.34344 442
1757548545258 118548308.4092092 443
1757548545808 5544623848.427212 444
1757548546306 312498808819.15186 445
1757548546802 2444972270.5949597 446
1757548547313 25614076510.44021 447
1757548547830 203818866.27902272 448
1757548548316 594255691.2115644 449
1757548548806 3583472914.756427 450
1757548549291 1134915086.1763422 451
1757548549780 16049217639.433363 452
1757548550292 533602987334.32336 453
1757548550791 2016015550.8977711 454
1757548551271 45465149316.26183 455
1757548551757 2474552163.5211325 456
1757548552250 992553783.1141359 457
1757548552738 106549874720.14163 458
1757548553232 819563317601.2776 459
1757548553748 108982288901.84033 460
1757548554253 4199903557.6894393 461
1757548554724 24603197258.353966 462
1757548555310 3439080597264.414 463
1757548555794 412611324784.1907 464
1757548556325 5992779505.6789 465
1757548556854 20653355199.801037 466
1757548557414 3548669280927.2783 467
1757548557906 52725396122.40655 468
1757548558434 251728707493.77603 469
1757548558931 4124584901.53367 470
1757548559437 600540.3401552921 471
1757548559937 619000080861.6299 472
1757548560422 26594726304.90268 473
1757548560911 190342834604.96625 474
1757548561396 2291317669.8254385 475
1757548561888 121641463507.44963 476
1757548562371 477088886908.39667 477
1757548562867 9550391634.240149 478
1757548563342 351787142894.42163 479
1757548563834 96704371516.57425 480
1757548564313 59788978286.43168 481
1757548564805 27621198958.162918 482
1757548565323 1160874175.837601 483
1757548565813 9580255865.416618 484
1757548566303 41053365598.98907 485
1757548566789 305749191034.93646 486
1757548567297 126718636199.08084 487
1757548567803 8117424950.070203 488
1757548568333 2160717851.2220254 489
1757548568824 774568669121.2968 490
1757548569313 12739670934.611233 491
1757548569810 81760903263.4536 492
1757548570304 600272490098.6117 493
1757548570779 143215180658.8241 494
1757548571266 47620476742.28841 495
1757548571744 3416114670.2472305 496
1757548572239 241736043277.95944 497
1757548572739 15754223948.079742 498
1757548573220 22339626919.165024 499
