1757567875980 13269510999.470812 0
1757567876483 37634110872.785736 1
1757567876970 56651066825.105354 2
1757567877444 220318568471.92697 3
1757567877922 2465900548.984381 4
1757567878400 40503229752.522545 5
1757567878879 614531680.2240897 6
1757567879374 490828327383.2089 7
1757567879854 85575168172.20094 8
1757567880361 341819519.5661383 9
1757567880847 175999500572.60602 10
1757567881323 27107900.729429577 11
1757567881801 82748569684.15483 12
1757567882282 99854186815.97018 13
1757567882791 41291527362.50699 14
1757567883315 64210501251.98109 15
1757567883799 240719203071.04755 16
1757567884279 294789375126.6742 17
1757567884779 1901868065.9518526 18
1757567885279 124432109657.19888 19
1757567885762 1549217896.5021782 20
1757567886239 158280249240.5873 21
1757567886730 15860092224.865194 22
1757567887222 2669787790.143295 23
1757567887715 10533867485.181017 24
1757567888194 124435570278.06494 25
1757567888681 6259681083.309954 26
1757567889162 12099332813.221487 27
1757567889653 7301495709.777482 28
1757567890140 2055828975.342037 29
1757567890626 2363821519.7155113 30
1757567891134 31465219046.27576 31
1757567891626 64176589624.77259 32
1757567892115 45852953139.27244 33
1757567892591 356277551537.9984 34
1757567893080 39352981726.43028 35
1757567893571 369605705143.52545 36
1757567894053 42301139759.90111 37
1757567894523 678464773.9489828 38
1757567895014 3649328100.899931 39
1757567895487 5912226291.07912 40
1757567895980 833700541.5244168 41
1757567896459 38656.95978592941 42
1757567896947 1224578055.6386623 43
1757567897443 237611229111.89044 44
1757567897938 99333572362.4274 45
1757567898433 75643373407.85732 46
1757567898932 384674027740.098 47
1757567899409 60291471731.61287 48
1757567899943 2142665416.4571233 49
1757567900447 30174434122.375305 50
1757567900935 34109758121.663975 51
1757567901415 5631863834.153752 52
1757567901915 6633930880.136487 53
1757567902401 287570217.3601012 54
1757567902892 16691283231.073206 55
1757567903375 183423491194.8702 56
1757567903856 17875517493.48047 57
1757567904338 155128380586.8315 58
1757567904820 16152881845.246426 59
1757567905321 39094870815.97895 60
1757567905810 15742507801.802286 61
1757567906290 43600469328.74811 62
1757567906781 320741151174.77985 63
1757567907280 63078287666.36493 64
1757567907761 149642561587.5242 65
1757567908252 215953064925.49026 66
1757567908746 113790209179.17621 67
1757567909220 28823600723.437176 68
1757567909717 10795827005.30163 69
1757567910196 62262375.5834725 70
1757567910679 1849330153.2007842 71
1757567911146 84223089809.42244 72
1757567911631 74147545878.19041 73
1757567912124 18426720929.756947 74
1757567912628 8651274174.228561 75
1757567913122 114561291110.90656 76
1757567913622 37547291266.418625 77
1757567914094 386359131383.55853 78
1757567914569 375406016186.23175 79
1757567915059 59337454169.92032 80
1757567915549 1358520988.803809 81
1757567916027 291576834178.1122 82
1757567916508 22279749733.34536 83
1757567916996 101788527735.06163 84
1757567917478 79383880056.85269 85
1757567917956 79583711871.82837 86
1757567918436 227206769651.74722 87
1757567918907 73163903241.28609 88
1757567919398 274006911476.07034 89
1757567919927 125637505666.52023 90
1757567920421 297624501.5710208 91
1757567920902 134006494352.32352 92
1757567921381 4609332917.662692 93
1757567921873 15626479372.272324 94
1757567922374 156475698644.45853 95
1757567922861 11644516934.912853 96
1757567923364 7754090245.825905 97
1757567923857 30032713117.47383 98
1757567924359 28470063726.20466 99
1757567924844 52115462.31966974 100
1757567925332 163858661308.21027 101
1757567925822 73974675580.87245 102
1757567926306 314037136009.44324 103
1757567926780 5761196169.705612 104
1757567927264 214690225.23114637 105
1757567927743 133975374979.38707 106
1757567928234 276737306360.56274 107
1757567928737 18721092759.82595 108
1757567929214 81496324044.7445 109
1757567929698 1349165.369959496 110
1757567930196 510635923356.7107 111
1757567930702 186175627105.15656 112
1757567931178 146679749313.7798 113
1757567931661 3547569429.109003 114
1757567932139 60381258918.26931 115
1757567932632 17971385181.768948 116
1757567933146 1168975856.7501845 117
1757567933648 3684428533.828023 118
1757567934162 76472391304.21176 119
1757567934633 33026710546.50085 120
1757567935118 67135016445.36321 121
1757567935609 8206525075.293333 122
1757567936121 25575243680.68077 123
1757567936611 2332880382.685386 124
