1757586558376 1053297973067.3582 0
1757586558441 3135180865521.7646 1
1757586558507 6799858733079136.0 2
1757586558575 2.0620863300693565e+19 3
1757586558648 6.253663141989433e+22 4
1757586558733 1.8965405393306776e+26 5
1757586558816 5.7516145907964405e+29 6
1757586558900 1.744284907969191e+33 7
1757586558983 5.289870856502896e+36 8
1757586559065 1.6042524676234193e+40 9
1757586559150 4.86519623954911e+43 10
1757586559214 1.4754619317736379e+47 11
1757586559278 4.4746148046742684e+50 12
1757586559346 1.3570107922839913e+54 13
1757586559409 4.115389526829395e+57 14
1757586559475 1.2480689950174438e+61 15
1757586559550 3.785003111294621e+64 16
1757586559635 1.1478731231769547e+68 17
1757586559706 3.481140353571171e+71 18
1757586559780 1.0557210476121118e+75 19
1757586559855 3.201671915433817e+78 20
1757586559932 9.70967006603046e+81 21
1757586560013 2.944639403453479e+85 22
1757586560083 8.930170806427519e+88 23
1757586560150 2.7082416454266624e+92 24
1757586560233 8.213250305071698e+95 25
1757586560320 2.4908220685430394e+99 26
1757586560408 7.553884694479514e+102 27
1757586560493 2.290857090842651e+106 28
1757586560575 6.9474534268432725e+109 29
1757586560660 2.106945444615319e+113 30
1757586560726 6.389706895239016e+116 31
1757586560792 1.9377983569251535e+120 32
1757586560852 5.876736654227031e+123 33
1757586560922 1.7822305184496264e+127 34
1757586560988 5.404948031163757e+130 35
1757586561052 1.639151777346618e+134 36
1757586561116 4.971034936297198e+137 37
1757586561187 1.5075594999438441e+141 38
1757586561272 4.5719566951260244e+144 39
1757586561358 1.3865315447175555e+148 40
1757586561444 4.204916740673242e+151 41
1757586561528 1.2752198003252678e+155 42
1757586561611 3.8673430163595824e+158 43
1757586561698 1.1728442424098462e+162 44
1757586561784 3.5568699521481165e+165 45
1757586561870 1.078687467527611e+169 46
1757586561955 3.271321887656897e+172 47
1757586562040 9.92089665896593e+175 48
1757586562128 3.008697826075997e+179 49
1757586562211 9.124439977361846e+182 50
1757586562278 2.767157412050993e+186 51
1757586562345 8.391923407975185e+189 52
1757586562410 2.5450080352719804e+193 53
1757586562475 7.718213792851741e+196 54
1757586562539 2.3406929693956967e+200 55
1757586562612 7.09859006763027e+203 56
1757586562681 2.152780463183458e+207 57
1757586562759 6.528710178374219e+210 58
1757586562845 1.9799537074103747e+214 59
1757586562932 6.004580654343415e+217 60
1757586563020 1.8210016072382005e+221 61
1757586563105 5.522528623485874e+224 62
1757586563192 1.6748102953887934e+228 63
1757586563278 5.079176074545657e+231 64
1757586563364 1.5403553266460072e+235 65
1757586563457 4.671416185427234e+238 66
1757586563548 1.416694498988575e+242 67
1757586563633 4.2963915519356143e+245 68
1757586563720 1.3029612510475768e+249 69
1757586563806 3.951474164328928e+252 70
1757586563893 1.1983585896207805e+256 71
1757586563977 3.63424699136756e+259 72
1757586564063 1.1021535046904217e+263 73
1757586564148 3.3424870428090494e+266 74
1757586564236 1.0136718328073975e+270 75
1757586564325 3.0741497916580236e+273 76
1757586564413 9.322935328466095e+276 77
1757586564500 2.827354847009035e+280 78
1757586564585 8.574483410280971e+283 79
1757586564671 2.6003727770838447e+287 80
1757586564759 7.88611774756138e+290 81
1757586564832 2.3916129901246634e+294 82
1757586564904 7.253014572730376e+297 83
1757586564986 2.1996125882180055e+301 84
1757586565059 inf 85
1757586565137 inf 86
