1757531756344 89093339032069.9 0
1757531756824 3.4959035570828115e+17 1
1757531757288 6.266757449799783e+21 2
1757531757755 8.948385240470219e+23 3
1757531758212 9.840828261465065e+27 4
1757531758681 2.597299904351819e+28 5
1757531759146 2.162154230021574e+34 6
1757531759610 4.831311376148566e+35 7
1757531760080 1.527065033785274e+40 8
1757531760552 1.8045267193026102e+43 9
1757531761018 1.6390836641075253e+45 10
1757531761490 5.009845285916469e+48 11
1757531761980 1.047052765159341e+52 12
1757531762448 6.242655558748856e+53 13
1757531762930 1.4313595916110912e+59 14
1757531763399 2.269014572807741e+62 15
1757531763887 8.019766023012947e+61 16
1757531764364 5.164705053588605e+64 17
1757531764831 3.551204277012941e+68 18
1757531765292 2.250431453334177e+73 19
1757531765758 2.3655448036487345e+74 20
1757531766214 1.1742926764647486e+78 21
1757531766673 1.6136525177286816e+83 22
1757531767133 1.0857791934168063e+85 23
1757531767595 9.917571389650634e+85 24
1757531768056 3.1760207242856455e+89 25
1757531768514 5.757765262477683e+93 26
1757531768974 9.103856961894144e+96 27
1757531769434 5.693725544514546e+100 28
1757531769894 4.329377838972512e+105 29
1757531770352 2.0417301141396282e+105 30
1757531770827 1.1735260345921566e+107 31
1757531771290 1.1137863147496466e+112 32
1757531771798 6.520322080799317e+113 33
1757531772268 7.760838464949397e+117 34
1757531772752 4.226230548035769e+119 35
1757531773252 3.221854522846736e+118 36
1757531773743 5.371514924588881e+121 37
1757531774240 1.7635117987792183e+125 38
1757531774730 2.906952096344539e+127 39
1757531775205 2.2137505751453284e+131 40
1757531775703 2.9988885518625874e+133 41
1757531776192 1.7062695394573431e+137 42
1757531776679 1.548338691339096e+140 43
1757531777157 1.3952496586997278e+143 44
1757531777643 6.788361977391404e+145 45
1757531778119 5.365761896123814e+146 46
1757531778584 1.2330897291574558e+150 47
1757531779061 5.406129698851258e+151 48
1757531779533 6.009578210415713e+154 49
1757531780004 8.686962264096753e+160 50
1757531780518 5.927709468922229e+161 51
1757531781000 9.59738080769132e+161 52
1757531781498 3.79759484455537e+166 53
1757531781994 1.397147092779389e+169 54
1757531782461 1.821574571324886e+167 55
1757531782933 8.808929403688616e+168 56
1757531783421 7.06784452203557e+172 57
1757531783893 5.032355818836368e+173 58
1757531784373 5.143615648507334e+178 59
1757531784855 6.3676654297912005e+183 60
1757531785321 3.0653450490439014e+187 61
1757531785823 2.2880370928173054e+190 62
1757531786321 1.5001575887646586e+192 63
1757531786821 1.8583748265731668e+193 64
1757531787286 1.431830270538403e+195 65
1757531787768 2.982406159750086e+195 66
1757531788243 2.2827070086778937e+197 67
1757531788712 2.419600922262929e+197 68
1757531789186 3.869285331835956e+200 69
1757531789659 1.7273528482083383e+203 70
1757531790124 7.509111851547099e+206 71
1757531790584 5.904152350588401e+211 72
1757531791047 9.405779101421114e+213 73
1757531791513 4.618591642650044e+215 74
1757531792001 8.51313771328421e+217 75
1757531792461 9.20683015557833e+220 76
1757531792932 1.1105221078553054e+225 77
1757531793410 1.8016374387878091e+223 78
1757531793874 6.891856942384023e+227 79
1757531794349 4.873255469920918e+225 80
1757531794817 7.4308817324897325e+230 81
1757531795282 4.286904233431394e+232 82
1757531795756 3.3036329356389525e+234 83
1757531796234 4.805949145540624e+236 84
1757531796718 1.2188099376553073e+239 85
1757531797191 8.630745207466177e+241 86
1757531797665 6.0855673575459075e+245 87
1757531798135 1.0872826068861938e+249 88
1757531798615 1.9160788119874722e+251 89
1757531799089 2.0083751643579338e+253 90
1757531799555 4.945318935000114e+255 91
1757531800019 1.4397237455002345e+258 92
1757531800487 2.437050216209581e+257 93
1757531800950 9.345334124361124e+261 94
1757531801416 3.1709035502881083e+260 95
1757531801895 2.6580555979529036e+265 96
1757531802350 1.612715215063162e+266 97
1757531802828 4.07084082401647e+271 98
1757531803289 4.2698328297084404e+273 99
1757531803762 7.010759807030082e+274 100
1757531804225 2.2135406856123044e+279 101
1757531804696 3.267112216010947e+282 102
1757531805157 4.796856279046755e+286 103
1757531805621 1.4685449703682907e+292 104
1757531806088 2.594569367833728e+293 105
1757531806552 2.515422489187753e+297 106
1757531807034 9.323595998114921e+301 107
1757531807504 2.1098440093442604e+304 108
1757531807997 1.0215370743342217e+308 109
