1757591244367 1064045443619.3113 0
1757591244430 868233278822.2416 1
1757591244494 729419384394.1028 2
1757591244558 627511306169.6248 3
1757591244622 550674528685.674 4
1757591244685 491583685387.7694 5
1757591244750 445473827710.4887 6
1757591244814 409101302482.51044 7
1757591244878 380171180028.43005 8
1757591244941 357008932603.9223 9
1757591245004 338363495921.4048 10
1757591245067 323283456744.9094 11
1757591245132 311035621236.93414 12
1757591245196 301049264071.13635 13
1757591245260 292876660357.8627 14
1757591245335 286164391196.3419 15
1757591245400 280632048814.4313 16
1757591245465 276056183211.77094 17
1757591245532 272258053671.90878 18
1757591245600 269094195231.96008 19
1757591245664 266449098465.09763 20
1757591245731 264229493996.524 21
1757591245795 262359866629.1088 22
1757591245859 260778918605.35223 23
1757591245923 259436770039.00266 24
1757591245986 258292734929.11526 25
1757591246048 257313548685.2869 26
1757591246112 256471951311.72345 27
1757591246174 255745551799.72205 28
1757591246238 255115915623.8365 29
1757591246301 254567829797.17938 30
1757591246365 254088709645.1347 31
1757591246428 253668118990.6571 32
1757591246493 253297381319.9178 33
1757591246556 252969264098.39008 34
1757591246620 252677722024.77222 35
1757591246684 252417687864.00955 36
1757591246748 252184901759.65747 37
1757591246810 251975771719.3999 38
1757591246874 251787259395.5927 39
1757591246937 251616786422.69653 40
1757591247000 251462157485.67365 41
1757591247063 251321497024.97278 42
1757591247127 251193197071.5826 43
1757591247192 251075874178.8976 44
1757591247257 250968333799.80545 45
1757591247318 250869540765.69086 46
1757591247380 250778594773.42252 47
1757591247498 250694709988.39175 48
1757591247562 250617198035.50726 49
1757591247626 250545453783.0889 50
1757591247693 250478943432.76288 51
1757591247755 250417194516.48853 52
1757591247818 250359787473.5628 53
1757591247891 250306348538.94113 54
1757591247953 250256543721.96558 55
1757591248016 250210073693.61612 56
1757591248077 250166669432.32538 57
1757591248139 250126088504.53998 58
1757591248200 250088111877.644 59
1757591248261 250052541180.44583 60
1757591248322 250019196340.8788 61
1757591248385 249987913542.45193 62
1757591248446 249958543450.77048 63
1757591248510 249930949669.5192 64
1757591248571 249905007391.95996 65
1757591248633 249880602219.50674 66
1757591248697 249857629123.50046 67
1757591248760 249835991530.0881 68
1757591248825 249815600511.25452 69
1757591248889 249796374067.66754 70
1757591248952 249778236491.1778 71
1757591249021 249761117796.63434 72
1757591249086 249744953214.20102 73
1757591249153 249729682734.63654 74
1757591249221 249715250701.07428 75
1757591249286 249701605441.7428 76
1757591249348 249688698938.83466 77
1757591249410 249676486529.37314 78
1757591249473 249664926634.48175 79
1757591249536 249653980513.9224 80
1757591249598 249643612043.17294 81
1757591249661 249633787510.65094 82
1757591249723 249624475432.98706 83
1757591249785 249615646386.50113 84
1757591249849 249607272853.25235 85
1757591249913 249599329080.22345 86
1757591249976 249591790950.3611 87
1757591250038 249584635864.3377 88
1757591250101 249577842632.02344 89
1757591250168 249571391372.76593 90
1757591250231 249565263423.6705 91
1757591250294 249559441255.15665 92
1757591250389 249553908393.1417 93
1757591250451 249548649347.26727 94
1757591250513 249543649544.64133 95
1757591250575 249538895268.62094 96
1757591250638 249534373602.2067 97
1757591250702 249530072375.65936 98
1757591250765 249525980117.987 99
1757591250830 249522086011.98306 100
1757591250892 249518379852.52417 101
1757591250955 249514852007.8651 102
1757591251028 249511493383.68915 103
1757591251092 249508295389.6948 104
1757591251155 249505249908.52014 105
1757591251222 249502349266.82086 106
1757591251287 249499586208.33594 107
1757591251350 249496953868.7883 108
1757591251413 249494445752.48038 109
1757591251477 249492055710.45743 110
1757591251544 249489777920.11987 111
1757591251607 249487606866.1787 112
1757591251671 249485537322.8539 113
1757591251735 249483564337.22525 114
1757591251798 249481683213.6525 115
1757591251859 249479889499.18753 116
1757591251922 249478178969.90826 117
1757591251985 249476547618.1087 118
1757591252052 249474991640.2851 119
1757591252115 249473507425.86343 120
1757591252177 249472091546.6164 121
1757591252241 249470740746.72263 122
1757591252305 249469451933.42545 123
1757591252368 249468222168.24942 124
1757591252432 249467048658.7387 125
