1757591663220 1019578260781.3147 0
1757591663286 830197841214.214 1
1757591663351 694946477501.6643 2
1757591663415 595468083666.6062 3
1757591663480 520547858878.65845 4
1757591663546 463071628702.0221 5
1757591663611 418348347748.3737 6
1757591663676 383167696867.01373 7
1757591663744 355258189284.1515 8
1757591663810 332966569021.9996 9
1757591663889 315061741697.3445 10
1757591663957 300610431550.96515 11
1757591664021 288895361325.0796 12
1757591664088 279359458953.563 13
1757591664150 271566587980.07974 14
1757591664213 265173150638.98346 15
1757591664274 259907097513.74036 16
1757591664334 255552141267.95187 17
1757591664402 251935724323.37534 18
1757591664466 248919753046.10025 19
1757591664531 246393405536.50443 20
1757591664678 244267514229.57938 21
1757591664738 242470156695.10413 22
1757591664805 240943180700.302 23
1757591664879 239639456195.13965 24
1757591664957 238520695713.13782 25
1757591665032 237555721064.76172 26
1757591665106 236719081651.19266 27
1757591665178 235989950640.3057 28
1757591665250 235351241303.20135 29
1757591665317 234788898212.4247 30
1757591665386 234291327631.22137 31
1757591665453 233848938928.5731 32
1757591665516 233453774726.14798 33
1757591665578 233099212090.72495 34
1757591665640 232779720711.2776 35
1757591665701 232490666860.17245 36
1757591665762 232228154199.67966 37
1757591665824 231988894287.3596 38
1757591665892 231770101057.1808 39
1757591665961 231569404685.62256 40
1757591666027 231384781154.6178 41
1757591666094 231214494543.87915 42
1757591666164 231057049661.53702 43
1757591666231 230911153083.72382 44
1757591666298 230775681420.66763 45
1757591666368 230649653631.1935 46
1757591666437 230532210267.1212 47
1757591666502 230422594843.12787 48
1757591666569 230320138683.06287 49
1757591666635 230224248282.42892 50
1757591666701 230134394740.79025 51
1757591666771 230050104900.14548 52
1757591666840 229970953892.00223 53
1757591666909 229896558850.01648 54
1757591666980 229826573589.04916 55
1757591667053 229760684087.2729 56
1757591667124 229698604637.10736 57
1757591667199 229640074554.5317 58
1757591667270 229584855355.72705 59
1757591667356 229532728325.8704 60
1757591667423 229483492417.8885 61
1757591667490 229436962429.6262 62
1757591667560 229392967492.58356 63
1757591667627 229351349447.42532 64
1757591667694 229311961874.75967 65
1757591667760 229274668937.06775 66
1757591667826 229239344431.85635 67
1757591667893 229205870951.98212 68
1757591667963 229174139138.43393 69
1757591668033 229144047013.15594 70
1757591668106 229115499381.39655 71
1757591668173 229088407294.66132 72
1757591668241 229062687566.6722 73
1757591668310 229038262335.8476 74
1757591668380 229015058668.74948 75
1757591668453 228993008199.72714 76
1757591668519 228972046802.64685 77
1757591668587 228952114291.15543 78
1757591668659 228933154144.39737 79
1757591668726 228915113255.5063 80
1757591668794 228897941700.5343 81
1757591668862 228881592525.77222 82
1757591668931 228866021551.6654 83
1757591669000 228851187191.743 84
1757591669067 228837050285.16278 85
1757591669134 228823573941.63385 86
1757591669203 228810723397.61703 87
1757591669270 228798465882.82153 88
1757591669342 228786770496.12256 89
1757591669410 228775608090.11368 90
1757591669477 228764951163.58917 91
1757591669544 228754773761.3201 92
1757591669612 228745051380.5511 93
1757591669682 228735760883.69754 94
1757591669750 228726880416.77292 95
1757591669817 228718389333.11734 96
1757591669884 228710268122.03763 97
1757591669952 228702498342.00253 98
1757591670022 228695062558.06766 99
1757591670095 228687944283.23123 100
1757591670166 228681127923.4481 101
1757591670238 228674598726.0489 102
1757591670310 228668342731.33386 103
1757591670383 228662346727.12744 104
1757591670451 228656598206.0961 105
1757591670521 228651085325.6479 106
1757591670590 228645796870.24475 107
1757591670674 228640722215.9712 108
1757591670742 228635851297.21472 109
1757591670807 228631174575.3232 110
1757591670873 228626683009.1146 111
1757591670941 228622368027.12158 112
1757591671006 228618221501.46484 113
1757591671071 228614235723.25137 114
1757591671137 228610403379.40604 115
1757591671201 228606717530.8475 116
1757591671266 228603171591.92642 117
1757591671330 228599759311.04977 118
1757591671394 228596474752.41934 119
1757591671457 228593312278.81726 120
1757591671522 228590266535.37665 121
1757591671586 228587332434.2771 122
1757591671651 228584505140.312 123
1757591671714 228581780057.27402 124
1757591671778 228579152815.11227 125
1757591671841 228576619257.81433 126
