1757526857450 104326786011.5154 0
1757526857475 118788978660.43686 1
1757526857502 307642777128.5582 2
1757526857528 278971721235.85675 3
1757526857554 62847188305.04333 4
1757526857580 121699279164.45811 5
1757526857606 264343123146.22882 6
1757526857633 171537633328.30862 7
1757526857661 72608482469.44832 8
1757526857688 127952077050.10487 9
1757526857714 149434291021.83698 10
1757526857741 174758786756.09344 11
1757526857768 608897519943.4387 12
1757526857794 390481512242.9338 13
1757526857820 311161193915.81976 14
1757526857846 113534958331.66081 15
1757526857874 265510882567.5447 16
1757526857903 176610895452.7276 17
1757526857934 378518073919.03546 18
1757526857964 120430281155.0758 19
1757526857992 107399565193.96388 20
1757526858020 197891210126.97318 21
1757526858048 111481905257.48633 22
1757526858076 157170113398.9171 23
1757526858104 376262757099.41187 24
1757526858130 359738614974.72174 25
1757526858156 400018864782.46857 26
1757526858181 271370540041.3826 27
1757526858208 265982706084.1112 28
1757526858233 279830021927.02875 29
1757526858259 171937325214.66492 30
1757526858287 202359302342.95938 31
1757526858313 431957904612.366 32
1757526858340 202431759930.36893 33
1757526858366 716650343647.1951 34
1757526858394 143450354651.1002 35
1757526858420 264399788662.87305 36
1757526858447 130861749073.54904 37
1757526858477 310849540486.1073 38
1757526858504 123121477559.79979 39
1757526858531 328187487284.32623 40
1757526858557 456930144267.9501 41
1757526858583 209784317090.50476 42
1757526858611 102997318980.4084 43
1757526858640 350106912514.86224 44
1757526858670 217390819460.6088 45
1757526858713 269809223672.14923 46
1757526858741 468556729474.5112 47
1757526858768 59507870828.377884 48
1757526858794 80250287533.55931 49
1757526858821 369656651113.71893 50
1757526858848 227073104892.60815 51
1757526858874 66159130230.86892 52
1757526858900 205492502710.737 53
1757526858927 144360086445.37952 54
1757526858955 82519459499.10876 55
1757526858982 144731206296.52542 56
1757526859009 96056123364.45189 57
1757526859036 180476584587.58423 58
1757526859063 509335482270.3453 59
1757526859091 464070546904.01624 60
1757526859119 109525440344.89316 61
1757526859146 110222532956.6332 62
1757526859173 114966366089.72755 63
1757526859200 405613967113.0926 64
1757526859228 429466652928.87775 65
1757526859255 294937920522.379 66
1757526859282 223494614916.8541 67
1757526859309 276125402906.2861 68
1757526859336 93762248456.61966 69
1757526859363 483010255426.8883 70
1757526859391 277058030724.7193 71
1757526859418 94909995651.05606 72
1757526859445 296191791508.62744 73
1757526859472 295090127853.4785 74
1757526859500 233368914021.4045 75
1757526859527 330381124616.93384 76
1757526859554 250672843376.48868 77
1757526859581 114684009778.14816 78
1757526859609 424905870851.5612 79
1757526859636 250643959698.60165 80
1757526859664 192807068820.63257 81
1757526859691 134560588839.50208 82
1757526859718 210427030035.01205 83
1757526859745 1060284692992.2048 84
1757526859772 195418084221.5112 85
1757526859801 480174135756.6882 86
1757526859829 350497673613.65674 87
1757526859857 306744022835.98914 88
1757526859885 144469574021.65768 89
1757526859912 209855276323.15958 90
1757526859939 477350848937.10706 91
1757526859967 60718579355.621994 92
1757526859995 333947790509.13086 93
1757526860023 109422372392.21056 94
1757526860051 55854231019.77667 95
1757526860078 106366339029.37746 96
1757526860105 186652207040.91565 97
1757526860134 131932050161.56555 98
1757526860163 732709145112.5417 99
1757526860192 405938817310.49335 100
1757526860222 312263134889.54144 101
1757526860251 197426494245.97882 102
1757526860279 324203531257.928 103
1757526860306 140538660643.39117 104
1757526860333 113208341787.66248 105
1757526860361 535505516690.7771 106
1757526860389 240885935716.89584 107
1757526860419 283254364327.1166 108
1757526860449 311621228356.16693 109
1757526860477 212401568557.17676 110
1757526860507 250187037837.0743 111
1757526860537 71326696915.23618 112
1757526860566 569225379279.8883 113
1757526860593 239657115470.0039 114
1757526860621 211226619569.76443 115
1757526860650 171004217031.56546 116
1757526860678 219464312658.96558 117
1757526860706 158757785005.77747 118
1757526860735 108940207764.71953 119
1757526860763 195611042979.43307 120
1757526860792 209389125242.9398 121
1757526860820 249987664644.97403 122
1757526860847 194233691109.03192 123
1757526860876 376559647619.90076 124
1757526860904 273559797361.25803 125
1757526860932 401582700067.2703 126
1757526860959 404912795539.2875 127
1757526860988 250572015647.6084 128
1757526861016 205848976902.84866 129
1757526861044 238330278497.32306 130
1757526861072 329444823952.12976 131
1757526861101 475084822155.3615 132
1757526861129 334587487559.8985 133
1757526861159 139668557714.21854 134
1757526861188 274405282234.1757 135
1757526861217 467254470804.1747 136
1757526861245 677237703179.0109 137
1757526861273 268248164716.33884 138
1757526861302 204924813463.00922 139
1757526861336 261366009663.681 140
1757526861364 285689090492.3917 141
1757526861392 88946853908.37708 142
1757526861420 97518642154.23409 143
1757526861449 204150432174.91687 144
1757526861479 107233914858.51872 145
1757526861508 291667411699.7951 146
1757526861538 686159762625.9364 147
1757526861567 123286069385.5479 148
1757526861596 220276535106.08942 149
1757526861624 390902322877.18384 150
1757526861653 563132734895.2562 151
1757526861683 181724762923.23285 152
1757526861713 228260719449.15277 153
1757526861742 111891045304.95465 154
1757526861770 391213871208.30994 155
1757526861800 67874908276.3138 156
1757526861828 245729332822.6304 157
1757526861857 230531122102.2944 158
1757526861885 116451629146.52849 159
1757526861914 125036346640.56277 160
1757526861943 302918888033.7696 161
1757526861974 322698191667.00275 162
1757526862003 86952059424.36847 163
1757526862032 99520575290.767 164
1757526862064 82878683059.30367 165
1757526862094 181791822137.2086 166
1757526862123 371327119928.0809 167
1757526862152 154361999473.2344 168
1757526862182 88562731888.84918 169
1757526862213 122356146728.43495 170
1757526862245 771749232595.7349 171
1757526862275 208711629056.6391 172
1757526862307 133767626689.24928 173
1757526862337 143807306631.7778 174
1757526862369 315260659119.64026 175
1757526862399 213300259504.63773 176
1757526862429 92250059914.18588 177
1757526862458 199577864758.44727 178
1757526862488 261234987499.5017 179
1757526862517 149365343579.64706 180
1757526862546 488671205964.3201 181
1757526862574 78255059969.23523 182
1757526862603 271564716946.57837 183
1757526862631 250724810206.8951 184
1757526862660 89414979062.00664 185
1757526862690 1624403496976.2698 186
1757526862719 387585134007.0649 187
1757526862749 162525335227.20682 188
1757526862780 305675050962.51447 189
1757526862809 149812409000.78607 190
1757526862840 181180836167.38953 191
1757526862871 190139765320.5465 192
1757526862900 81791455738.92386 193
1757526862929 61859746199.94848 194
1757526862958 185799059363.0083 195
1757526862987 279707220552.7293 196
1757526863016 162412940980.8294 197
1757526863046 118916685929.60776 198
1757526863077 174428769822.39093 199
1757526863108 98927022132.86816 200
1757526863137 238184825095.4808 201
1757526863166 92819492424.20525 202
1757526863196 230514088317.89224 203
1757526863225 154237975992.46558 204
1757526863259 262010435484.66354 205
1757526863289 138726027848.48593 206
1757526863320 379306427066.2588 207
1757526863351 318096819879.3296 208
1757526863380 137552582562.59302 209
1757526863410 203878043984.24313 210
1757526863441 293179379474.3086 211
1757526863470 446924455692.70917 212
1757526863499 542342680764.79816 213
1757526863530 675904845814.7224 214
1757526863562 308390400614.61444 215
1757526863591 69398219464.2921 216
1757526863621 352885655412.4708 217
1757526863650 176809814650.56195 218
1757526863680 126134427982.09053 219
1757526863709 378464796138.78143 220
1757526863739 352572166850.7148 221
1757526863770 154441540096.44122 222
1757526863801 169948896989.7486 223
1757526863832 356158385212.1279 224
1757526863862 113433983073.49115 225
1757526863891 322832741573.23956 226
1757526863921 554166045770.009 227
1757526863951 74456828256.41226 228
1757526863980 152338876851.3117 229
1757526864010 359190471211.42017 230
1757526864041 357199462827.98065 231
1757526864072 154146049377.58548 232
1757526864102 346686930438.37585 233
1757526864133 115768979983.5286 234
1757526864163 188825908792.34494 235
1757526864193 59248853981.99213 236
1757526864223 110172433487.50598 237
1757526864254 88882706848.35568 238
1757526864285 147271357919.68555 239
1757526864316 190231674735.5379 240
1757526864347 327514701477.1605 241
1757526864378 284876791619.79626 242
1757526864410 346435394057.50006 243
1757526864439 132209597329.7155 244
1757526864469 374796123387.87384 245
1757526864499 534820351936.7934 246
1757526864529 466887523831.4223 247
1757526864558 140063961144.80396 248
1757526864589 407371941026.18726 249
1757526864622 245022890217.58627 250
1757526864651 108689454297.40788 251
1757526864682 164773563065.36526 252
1757526864711 343172394543.0835 253
1757526864741 123351409058.91245 254
1757526864772 106753734841.28705 255
1757526864803 381968825891.5443 256
1757526864833 88080157391.72989 257
1757526864864 311400361178.9684 258
1757526864893 129900037871.49667 259
1757526864923 173797934867.31757 260
1757526864953 243092163261.18555 261
1757526864984 201935240194.69968 262
1757526865016 155346532451.21072 263
1757526865047 282731472899.0138 264
1757526865079 93651749685.851 265
1757526865110 669374323973.0421 266
1757526865142 186925535643.9545 267
1757526865174 318502958277.25226 268
1757526865206 111782851314.84924 269
1757526865237 91819659319.425 270
1757526865271 203351780310.6671 271
1757526865303 413510161730.08417 272
1757526865334 192944082714.07034 273
1757526865366 313317493825.558 274
1757526865398 236706393339.89075 275
1757526865433 208325675688.94098 276
1757526865466 435518287950.82056 277
1757526865497 307832930547.65106 278
1757526865528 236166366062.84787 279
1757526865559 98005352554.80573 280
1757526865591 395457355910.9888 281
1757526865623 66111853634.58236 282
1757526865655 164847023419.14706 283
1757526865686 259324508708.76587 284
1757526865718 140637511855.87567 285
1757526865748 154353196286.9757 286
1757526865779 1194130326350.663 287
1757526865812 137773467640.20633 288
1757526865844 140169375957.35196 289
1757526865876 150421946029.80353 290
1757526865907 365271017395.172 291
1757526865940 193645938461.6109 292
1757526865972 170231786541.96466 293
1757526866005 118878875352.85538 294
1757526866037 160566961305.15363 295
1757526866069 322703377153.5479 296
1757526866101 242508403103.53128 297
1757526866133 140402670131.32077 298
1757526866164 345912251084.818 299
1757526866196 450435346970.74786 300
1757526866228 299744506562.31256 301
1757526866259 725101432647.0143 302
1757526866293 408502915730.0339 303
1757526866325 260603887514.29233 304
1757526866357 180982587989.71152 305
1757526866390 183274005314.60898 306
1757526866424 354560888031.56305 307
1757526866457 194590546635.13107 308
1757526866489 106846913284.40771 309
1757526866521 220062791019.68292 310
1757526866553 210344793402.76608 311
1757526866585 79668308832.05127 312
1757526866617 73028800535.78299 313
1757526866648 395961600651.99585 314
1757526866680 286795690151.9445 315
1757526866712 102858777437.98659 316
1757526866744 384651703170.12524 317
1757526866780 179023838318.50494 318
1757526866814 165361043877.37003 319
1757526866847 56647209814.46611 320
1757526866880 408134953081.6753 321
1757526866912 83442634301.93251 322
1757526866945 292331823990.3061 323
1757526866977 411258510923.98737 324
1757526867008 455511754390.09314 325
1757526867041 462086391372.16705 326
1757526867073 346828720713.41876 327
1757526867104 239856093013.2323 328
1757526867136 539628690527.74585 329
1757526867167 290002497716.20245 330
1757526867199 165699360739.25204 331
1757526867231 129972278424.83604 332
1757526867264 127491779214.0842 333
1757526867297 328944681448.9695 334
1757526867330 336970760040.7023 335
1757526867362 256745662522.38647 336
1757526867394 137048004766.64336 337
1757526867427 230828012673.04318 338
1757526867460 650965359388.6398 339
1757526867493 193393848025.1055 340
1757526867525 118158997015.79678 341
1757526867559 94200499541.31166 342
1757526867591 85407647979.66039 343
1757526867625 248046157308.39896 344
1757526867657 118416907431.1874 345
1757526867689 314925868972.8488 346
1757526867722 203677908456.6186 347
1757526867754 129023875369.3459 348
1757526867786 459465184763.78467 349
1757526867820 217521872461.665 350
1757526867853 238810720099.5838 351
1757526867888 148261669351.21118 352
1757526867926 283018241714.5862 353
1757526867963 473000016055.19135 354
1757526867997 626708757552.1517 355
1757526868028 542374620204.5979 356
1757526868061 397193092935.2502 357
1757526868092 299543602198.92126 358
1757526868124 479784038069.82385 359
1757526868157 337678175055.94385 360
1757526868189 292512770492.9378 361
1757526868220 201489750718.54895 362
1757526868253 234812027762.73438 363
1757526868285 115088233107.19334 364
1757526868318 139875870313.3023 365
1757526868350 390339185877.719 366
1757526868382 58690606873.51389 367
1757526868414 151256012328.35522 368
1757526868446 288063881830.5721 369
1757526868478 83470246588.73 370
1757526868510 87877379305.67235 371
1757526868547 74025949538.17088 372
1757526868580 285996770028.42834 373
1757526868612 307592161703.84564 374
1757526868646 334109031573.2891 375
1757526868678 168487682015.95728 376
1757526868710 139682419831.95795 377
1757526868744 271283177902.25064 378
1757526868777 82838000909.2524 379
1757526868809 156389451894.9372 380
1757526868843 303539336571.91565 381
1757526868876 171710734523.3791 382
1757526868909 344768676661.2307 383
1757526868942 585184463722.094 384
1757526868976 360217407092.5389 385
1757526869008 660774459897.622 386
1757526869041 123418297896.71788 387
1757526869074 361048428446.50854 388
1757526869107 611702024167.0771 389
1757526869140 135200981348.04602 390
1757526869173 390160761524.33356 391
1757526869207 145601653548.7212 392
1757526869240 192754029080.89203 393
1757526869273 136961399745.57433 394
1757526869307 360722997697.02765 395
1757526869340 187242740865.07446 396
1757526869374 216745418315.2905 397
1757526869408 126934257841.27861 398
1757526869442 497099526944.97327 399
1757526869476 290107091850.5798 400
1757526869511 62437402261.19518 401
1757526869545 266790805323.88815 402
1757526869577 148159080245.34338 403
1757526869610 401565821128.8036 404
1757526869644 465805907814.11096 405
1757526869676 77849399256.84976 406
1757526869711 145846032483.4333 407
1757526869745 362214555714.6427 408
1757526869779 114604113427.8738 409
1757526869812 154587892370.20526 410
1757526869845 91195048522.74942 411
1757526869879 341402284471.0927 412
1757526869912 196662231432.83075 413
1757526869946 145111727144.67136 414
1757526869980 112538028830.54367 415
1757526870013 921484579898.2383 416
1757526870045 186173641150.48218 417
1757526870078 79963036719.17137 418
1757526870112 331165589898.691 419
1757526870146 204356707500.64603 420
1757526870179 395309023272.5241 421
1757526870214 189560412596.6704 422
1757526870247 126420806302.61436 423
1757526870281 297157013869.568 424
1757526870314 249979487198.47556 425
1757526870347 608237120038.6985 426
1757526870380 516784819510.288 427
1757526870417 124222385934.14912 428
1757526870453 99863544467.19905 429
1757526870488 73729807043.60925 430
1757526870526 349298453953.57874 431
1757526870560 220449033200.8326 432
1757526870595 171562519774.80927 433
1757526870630 154020824972.25616 434
1757526870665 156146472929.31662 435
1757526870699 146968528585.5144 436
1757526870733 95184927129.9802 437
1757526870767 170681906789.532 438
1757526870801 283076028092.64923 439
1757526870836 302038224062.3981 440
1757526870874 94008022857.84883 441
1757526870908 313571554722.6493 442
1757526870946 96229705840.55205 443
1757526870982 255978004882.60236 444
1757526871017 325504127460.0687 445
1757526871051 427128767127.89215 446
1757526871085 243750171562.50946 447
1757526871120 145343046222.7255 448
1757526871154 145682120658.8998 449
1757526871189 169616429934.1987 450
1757526871224 282762508681.82623 451
1757526871258 203628778300.4528 452
1757526871292 158951658901.80682 453
1757526871326 352945186953.4189 454
1757526871362 235439408531.299 455
1757526871397 214820962647.9745 456
1757526871434 166910673555.7622 457
1757526871470 386983457439.62823 458
1757526871506 356879588442.6898 459
1757526871541 112681914289.2355 460
1757526871576 126271307640.02484 461
1757526871610 79080319434.54971 462
1757526871643 296232866445.9309 463
1757526871678 73985762065.03052 464
1757526871713 566319971160.7985 465
1757526871748 245270389674.8368 466
1757526871782 142965519500.57477 467
1757526871816 122645872286.95811 468
1757526871852 200532777003.13223 469
1757526871887 243135428625.1705 470
1757526871923 224187355108.42255 471
1757526871958 259561570116.29623 472
1757526871993 409930757259.1278 473
1757526872030 315872475598.0732 474
1757526872067 89638458131.81313 475
1757526872104 71551992386.18304 476
1757526872141 203031454737.55038 477
1757526872175 330712999329.0889 478
1757526872209 162474641729.5357 479
1757526872250 217783289250.04565 480
1757526872284 184027125736.46808 481
1757526872318 257061482447.37643 482
1757526872355 174576794768.63132 483
1757526872390 217681132007.5601 484
1757526872425 423568676010.2275 485
1757526872463 295240848260.6625 486
1757526872499 260422522215.20526 487
1757526872534 123210439789.97694 488
1757526872571 86778557286.14941 489
1757526872606 440582079614.9358 490
1757526872641 191726037376.7758 491
1757526872676 234595684510.70163 492
1757526872712 479600202916.82697 493
1757526872748 341099164829.6755 494
1757526872783 229138638527.23764 495
1757526872819 288286042548.20123 496
1757526872868 375307871063.6629 497
1757526872903 1386372685982.8083 498
1757526872939 212530510105.51077 499
