1757584162013 1019578794230.9694 0
1757584162081 1017520252678.7803 1
1757584162149 1015468353906.666 2
1757584162226 1013423071623.9092 3
1757584162292 1011384379660.8514 4
1757584162356 1009352251968.2838 5
1757584162417 1007326662616.8405 6
1757584162483 1005307585796.3966 7
1757584162550 1003294995815.4669 8
1757584162614 1001288867100.611 9
1757584162680 999289174195.8381 10
1757584162747 997295891762.0181 11
1757584162825 995308994576.2928 12
1757584162886 993328457531.4939 13
1757584162949 991354255635.559 14
1757584163016 989386364010.9562 15
1757584163079 987424757894.1075 16
1757584163149 985469412634.8175 17
1757584163409 983520303695.7045 18
1757584163483 981577406651.6338 19
1757584163568 979640697189.1555 20
1757584163634 977710151105.9442 21
1757584163705 975785744310.2418 22
1757584163775 973867452820.3031 23
1757584163840 971955252763.8455 24
1757584163920 970049120377.4991 25
1757584163998 968149032006.2632 26
1757584164059 966254964102.9614 27
1757584164125 964366893227.7042 28
1757584164187 962484796047.3503 29
1757584164250 960608649334.9731 30
1757584164315 958738429969.33 31
1757584164379 956874114934.3328 32
1757584164446 955015681318.5225 33
1757584164505 953163106314.5469 34
1757584164568 951316367218.6394 35
1757584164633 949475441430.102 36
1757584164695 947640306450.7909 37
1757584164762 945810939884.6033 38
1757584164827 943987319436.969 39
1757584164898 942169422914.3439 40
1757584164964 940357228223.7047 41
1757584165029 938550713372.0488 42
1757584165095 936749856465.8945 43
1757584165162 934954635710.7859 44
1757584165228 933165029410.7981 45
1757584165292 931381015968.0471 46
1757584165363 929602573882.2013 47
1757584165431 927829681749.9952 48
1757584165492 926062318264.747 49
1757584165563 924300462215.8766 50
1757584165626 922544092488.428 51
1757584165687 920793188062.5941 52
1757584165768 919047728013.2427 53
1757584165836 917307691509.4456 54
1757584165903 915573057814.0111 55
1757584165969 913843806283.0173 56
1757584166036 912119916365.3491 57
1757584166103 910401367602.2382 58
1757584166167 908688139626.8013 59
1757584166236 906980212163.5884 60
1757584166304 905277565028.1255 61
1757584166368 903580178126.4644 62
1757584166432 901888031454.7343 63
1757584166497 900201105098.694 64
1757584166561 898519379233.2877 65
1757584166630 896842834122.2042 66
1757584166695 895171450117.4354 67
1757584166765 893505207658.8397 68
1757584166831 891844087273.707 69
1757584166909 890188069576.3257 70
1757584166977 888537135267.5518 71
1757584167043 886891265134.3806 72
1757584167111 885250440049.5216 73
1757584167169 883614640970.9727 74
1757584167250 881983848941.5996 75
1757584167312 880358045088.7168 76
1757584167379 878737210623.6696 77
1757584167442 877121326841.4186 78
1757584167502 875510375120.1279 79
1757584167563 873904336920.753 80
1757584167626 872303193786.6338 81
1757584167697 870706927343.0859 82
1757584167764 869115519296.9983 83
1757584167830 867528951436.4296 84
1757584167896 865947205630.2084 85
1757584167971 864370263827.5356 86
1757584168033 862798108057.5878 87
1757584168098 861230720429.123 88
1757584168168 859668083130.09 89
1757584168236 858110178427.2368 90
1757584168303 856556988665.7242 91
1757584168371 855008496268.7391 92
1757584168443 853464683737.1113 93
1757584168513 851925533648.9312 94
1757584168577 850391028659.1697 95
1757584168650 848861151499.3016 96
1757584168716 847335884976.9286 97
1757584168781 845815211975.4055 98
1757584168850 844299115453.4685 99
1757584168916 842787578444.8652 100
1757584168984 841280584057.9862 101
1757584169046 839778115475.499 102
1757584169112 838280155953.984 103
1757584169183 836786688823.5714 104
1757584169249 835297697487.5814 105
1757584169314 833813165422.1652 106
1757584169379 832333076175.948 107
1757584169448 830857413369.6749 108
1757584169513 829386160695.857 109
1757584169576 827919301918.4199 110
1757584169643 826456820872.3555 111
1757584169713 824998701463.373 112
1757584169781 823544927667.5546 113
1757584169852 822095483531.0096 114
1757584169922 820650353169.5339 115
1757584169989 819209520768.2689 116
1757584170057 817772970581.362 117
1757584170133 816340686931.6316 118
1757584170194 814912654210.2299 119
1757584170278 813488856876.3102 120
1757584170352 812069279456.6962 121
1757584170424 810653906545.5502 122
1757584170487 809242722804.0465 123
1757584170552 807835712960.0433 124
1757584170617 806432861807.7594 125
1757584170684 805034154207.4492 126
1757584170752 803639575085.0833 127
1757584170821 802249109432.0264 128
1757584170887 800862742304.7208 129
1757584170953 799480458824.3689 130
1757584171022 798102244176.619 131
1757584171085 796728083611.2512 132
1757584171148 795357962441.8662 133
1757584171216 793991866045.5758 134
1757584171284 792629779862.6926 135
1757584171349 791271689396.4257 136
1757584171416 789917580212.5729 137
1757584171485 788567437939.2195 138
1757584171551 787221248266.4338 139
1757584171617 785878996945.9684 140
1757584171681 784540669790.96 141
1757584171749 783206252675.6327 142
1757584171814 781875731535.0013 143
1757584171884 780549092364.5784 144
1757584171950 779226321220.079 145
1757584172017 777907404217.1323 146
1757584172082 776592327530.989 147
1757584172150 775281077396.2344 148
1757584172221 773973640106.5017 149
1757584172290 772670002014.186 150
1757584172361 771370149530.1602 151
1757584172429 770074069123.4937 152
1757584172499 768781747321.1697 153
1757584172566 767493170707.8073 154
1757584172630 766208325925.3824 155
1757584172701 764927199672.9514 156
1757584172771 763649778706.3761 157
1757584172837 762376049838.0494 158
1757584172906 761105999936.6228 159
1757584172970 759839615926.7366 160
1757584173037 758576884788.7485 161
1757584173105 757317793558.4672 162
1757584173170 756062329326.8843 163
1757584173237 754810479239.9087 164
1757584173300 753562230498.1036 165
1757584173370 752317570356.4231 166
1757584173440 751076486123.9508 167
1757584173504 749838965163.6395 168
1757584173577 748604994892.0533 169
1757584173637 747374562779.1095 170
1757584173720 746147656347.8225 171
1757584173800 744924263174.0499 172
1757584173869 743704370886.2382 173
1757584173950 742487967165.1711 174
1757584174018 741275039743.7184 175
1757584174096 740065576406.5867 176
1757584174185 738859564990.071 177
1757584174252 737656993381.8081 178
1757584174319 736457849520.53 179
1757584174383 735262121395.8206 180
1757584174450 734069797047.8716 181
1757584174525 732880864567.2408 182
1757584174595 731695312094.6116 183
1757584174663 730513127820.5532 184
1757584174728 729334299985.2827 185
1757584174797 728158816878.428 186
1757584174867 726986666838.7914 187
1757584174934 725817838254.1158 188
1757584175005 724652319560.8514 189
1757584175074 723490099243.9226 190
1757584175141 722331165836.4973 191
1757584175205 721175507919.7576 192
1757584175269 720023114122.671 193
1757584175334 718873973121.762 194
1757584175400 717728073640.8871 195
1757584175466 716585404451.0089 196
1757584175531 715445954369.9723 197
1757584175593 714309712262.2811 198
1757584175662 713176667038.8772 199
1757584175726 712046807656.9199 200
1757584175801 710920123119.5654 201
1757584175872 709796602475.7491 202
1757584175937 708676234819.9694 203
1757584176004 707559009292.0696 204
1757584176072 706444915077.0244 205
1757584176134 705333941404.7258 206
1757584176205 704226077549.7692 207
1757584176275 703121312831.2437 208
1757584176340 702019636612.5187 209
1757584176408 700921038301.0372 210
1757584176475 699825507348.1053 211
1757584176546 698733033248.6855 212
1757584176613 697643605541.1904 213
1757584176686 696557213807.2771 214
1757584176769 695473847671.6431 215
1757584176884 694393496801.8228 216
1757584176970 693316150907.9856 217
1757584177035 692241799742.7346 218
1757584177107 691170433100.9069 219
1757584177175 690102040819.373 220
1757584177247 689036612776.841 221
1757584177328 687974138893.6572 222
1757584177393 686914609131.6116 223
1757584177459 685858013493.7418 224
1757584177526 684804342024.1399 225
1757584177589 683753584807.7582 226
1757584177653 682705731970.2178 227
1757584177720 681660773677.6174 228
1757584177791 680618700136.343 229
1757584177858 679579501592.8783 230
1757584177925 678543168333.6174 231
1757584177988 677509690684.6763 232
1757584178059 676479059011.7076 233
1757584178124 675451263719.7144 234
1757584178192 674426295252.866 235
1757584178264 673404144094.3145 236
1757584178333 672384800766.0122 237
1757584178400 671368255828.5298 238
1757584178469 670354499880.8759 239
1757584178533 669343523560.3165 240
1757584178603 668335317542.1973 241
1757584178672 667329872539.764 242
1757584178744 666327179303.9869 243
1757584178811 665327228623.3839 244
1757584178885 664330011323.8446 245
1757584178956 663335518268.457 246
1757584179026 662343740357.3331 247
1757584179093 661354668527.4373 248
1757584179160 660368293752.4125 249
1757584179229 659384607042.4115 250
1757584179297 658403599443.926 251
1757584179372 657425262039.617 252
1757584179441 656449585948.1469 253
1757584179512 655476562324.012 254
1757584179582 654506182357.3756 255
1757584179650 653538437273.903 256
1757584179720 652573318334.5951 257
1757584179787 651610816835.6252 258
1757584179857 650650924108.1765 259
1757584179929 649693631518.2773 260
1757584179999 648738930466.642 261
1757584180066 647786812388.5082 262
1757584180138 646837268753.4777 263
1757584180210 645890291065.3572 264
1757584180283 644945870861.9995 265
1757584180356 644003999715.1462 266
1757584180419 643064669230.2712 267
1757584180487 642127871046.4233 268
1757584180557 641193596836.0729 269
1757584180625 640261838304.9556 270
1757584180692 639332587191.9204 271
1757584180757 638405835268.7753 272
1757584180840 637481574340.1354 273
1757584180917 636559796243.2726 274
1757584180981 635640492847.9637 275
1757584181052 634723656056.341 276
1757584181131 633809277802.7434 277
1757584181199 632897350053.568 278
1757584181271 631987864807.122 279
1757584181337 631080814093.4767 280
1757584181407 630176189974.3203 281
1757584181475 629273984542.8137 282
1757584181547 628374189923.4447 283
1757584181611 627476798271.8853 284
1757584181676 626581801774.8466 285
1757584181748 625689192649.9386 286
1757584181821 624798963145.5271 287
1757584181889 623911105540.5924 288
1757584181963 623025612144.5896 289
1757584182028 622142475297.3088 290
1757584182098 621261687368.7361 291
1757584182168 620383240758.9153 292
1757584182232 619507127897.8099 293
1757584182308 618633341245.1674 294
1757584182377 617761873290.3818 295
1757584182446 616892716552.3589 296
1757584182517 616025863579.3815 297
1757584182590 615161306948.9744 298
1757584182659 614299039267.7717 299
1757584182733 613439053171.3842 300
1757584182803 612581341324.2661 301
1757584182872 611725896419.5851 302
1757584182949 610872711179.0897 303
1757584183022 610021778352.981 304
1757584183091 609173090719.7815 305
1757584183158 608326641086.2073 306
1757584183226 607482422287.0392 307
1757584183303 606640427184.9957 308
1757584183376 605800648670.6053 309
1757584183446 604963079662.0809 310
1757584183515 604127713105.1935 311
1757584183587 603294541973.1482 312
1757584183652 602463559266.4576 313
1757584183722 601634758012.8209 314
1757584183793 600808131266.9977 315
1757584183866 599983672110.6879 316
1757584183936 599161373652.4081 317
1757584184016 598341229027.3711 318
1757584184085 597523231397.3644 319
1757584184171 596707373950.631 320
1757584184244 595893649901.7487 321
1757584184324 595082052491.512 322
1757584184399 594272574986.8135 323
1757584184480 593465210680.5258 324
1757584184549 592659952891.3845 325
1757584184619 591856794963.8715 326
1757584184686 591055730268.0992 327
1757584184757 590256752199.6948 328
1757584184825 589459854179.6854 329
1757584184903 588665029654.3837 330
1757584184979 587872272095.2739 331
1757584185050 587081574998.8999 332
1757584185119 586292931886.7504 333
1757584185191 585506336305.1487 334
1757584185265 584721781825.1403 335
1757584185338 583939262042.3824 336
1757584185405 583158770577.0328 337
1757584185483 582380301073.641 338
1757584185556 581603847201.0378 339
1757584185624 580829402652.2273 340
1757584185692 580056961144.2784 341
1757584185771 579286516418.2172 342
1757584185869 578518062238.9194 343
1757584185944 577751592395.0043 344
1757584186013 576987100698.7278 345
1757584186083 576224580985.8782 346
1757584186154 575464027115.6694 347
1757584186233 574705432970.6377 348
1757584186305 573948792456.5371 349
1757584186376 573194099502.2361 350
1757584186449 572441348059.6144 351
1757584186522 571690532103.4602 352
1757584186594 570941645631.3693 353
1757584186663 570194682663.6422 354
1757584186734 569449637243.1838 355
1757584186810 568706503435.4031 356
1757584186889 567965275328.1128 357
1757584186971 567225947031.4299 358
1757584187050 566488512677.6765 359
1757584187131 565752966421.2817 360
1757584187198 565019302438.6833 361
1757584187275 564287514928.2303 362
1757584187345 563557598110.0857 363
1757584187413 562829546226.1296 364
1757584187483 562103353539.8644 365
1757584187555 561379014336.3168 366
1757584187628 560656522921.9448 367
1757584187746 559935873624.5426 368
1757584187816 559217060793.1448 369
1757584187890 558500078797.9343 370
1757584187960 557784922030.1487 371
1757584188032 557071584901.9861 372
1757584188099 556360061846.5148 373
1757584188178 555650347317.5791 374
1757584188261 554942435789.71 375
1757584188338 554236321758.0322 376
1757584188404 553531999738.1744 377
1757584188480 552829464266.1796 378
1757584188551 552128709898.4141 379
1757584188622 551429731211.479 380
1757584188690 550732522802.1217 381
1757584188762 550037079287.1467 382
1757584188834 549343395303.32745 383
1757584188901 548651465507.3202 384
1757584188977 547961284575.57526 385
1757584189048 547272847204.25104 386
1757584189118 546586148109.12775 387
1757584189199 545901182025.52155 388
1757584189264 545217943708.1987 389
1757584189340 544536427931.2913 390
1757584189409 543856629488.2119 391
1757584189481 543178543191.56976 392
1757584189551 542502163873.08685 393
1757584189616 541827486383.5146 394
1757584189691 541154505592.5509 395
1757584189764 540483216388.75757 396
1757584189833 539813613679.47797 397
1757584189910 539145692390.7553 398
1757584189974 538479447467.2519 399
1757584190045 537814873872.16705 400
1757584190121 537151966587.1573 401
1757584190188 536490720612.25616 402
1757584190261 535831130965.7939 403
1757584190329 535173192684.3186 404
1757584190402 534516900822.5169 405
1757584190469 533862250453.13544 406
1757584190539 533209236666.9024 407
1757584190609 532557854572.44995 408
1757584190676 531908099296.2364 409
1757584190748 531259965982.4694 410
1757584190821 530613449793.02924 411
1757584190893 529968545907.39166 412
1757584190960 529325249522.5531 413
1757584191032 528683555852.95416 414
1757584191106 528043460130.4044 415
1757584191174 527404957604.008 416
1757584191250 526768043540.08875 417
1757584191324 526132713222.11554 418
1757584191398 525498961950.62933 419
1757584191467 524866785043.1691 420
1757584191538 524236177834.1993 421
1757584191609 523607135675.03613 422
1757584191677 522979653933.776 423
1757584191743 522353727995.2233 424
1757584191813 521729353260.8185 425
1757584191885 521106525148.5666 426
1757584191966 520485239092.9667 427
1757584192050 519865490544.94073 428
1757584192121 519247274971.76355 429
1757584192199 518630587856.99255 430
1757584192271 518015424700.39844 431
1757584192339 517401781017.89557 432
1757584192406 516789652341.473 433
1757584192477 516179034219.1259 434
1757584192548 515569922214.7873 435
1757584192621 514962311908.2599 436
1757584192689 514356198895.14844 437
1757584192759 513751578786.79266 438
1757584192826 513148447210.1996 439
1757584192899 512546799807.9777 440
1757584192973 511946632238.2699 441
1757584193046 511347940174.68744 442
1757584193119 510750719306.2448 443
1757584193191 510154965337.29364 444
1757584193265 509560673987.45776 445
1757584193337 508967840991.5686 446
1757584193406 508376462099.6004 447
1757584193473 507786533076.6064 448
1757584193543 507198049702.6544 449
1757584193613 506611007772.76385 450
1757584193686 506025403096.842 451
1757584193756 505441231499.62134 452
1757584193831 504858488820.59674 453
1757584193904 504277170913.96295 454
1757584193979 503697273648.5529 455
1757584194053 503118792907.77576 456
1757584194127 502541724589.55505 457
1757584194222 501966064606.26843 458
1757584194300 501391808884.68567 459
1757584194378 500818953365.9089 460
1757584194449 500247494005.31195 461
1757584194537 499677426772.4802 462
1757584194623 499108747651.1513 463
1757584194694 498541452639.1551 464
1757584194769 497975537748.35504 465
1757584194838 497410999004.58887 466
1757584194910 496847832447.6105 467
1757584194979 496286034131.0308 468
1757584195059 495725600122.2608 469
1757584195130 495166526502.45276 470
1757584195200 494608809366.4432 471
1757584195273 494052444822.6957 472
1757584195346 493497428993.2437 473
1757584195421 492943758013.6343 474
1757584195494 492391428032.87115 475
1757584195565 491840435213.3588 476
1757584195634 491290775730.84686 477
1757584195716 490742445774.37366 478
1757584195791 490195441546.212 479
1757584195859 489649759261.8131 480
1757584195970 489105395149.75256 481
1757584196049 488562345451.67474 482
1757584196121 488020606422.23975 483
1757584196196 487480174329.06836 484
1757584196267 486941045452.6886 485
1757584196337 486403216086.48236 486
1757584196421 485866682536.6316 487
1757584196496 485331441122.0659 488
1757584196566 484797488174.40924 489
1757584196640 484264820037.9278 490
1757584196715 483733433069.4769 491
1757584196789 483203323638.45026 492
1757584196864 482674488126.72705 493
1757584196936 482146922928.6209 494
1757584197011 481620624450.82806 495
1757584197086 481095589112.37714 496
1757584197154 480571813344.57764 497
1757584197228 480049293590.9693 498
1757584197300 479528026307.2724 499
