1757585021096 1064042059746.8054 0
1757585021160 1042930716291.9854 1
1757585021221 1004076562441.8729 2
1757585021288 951451125533.6669 3
1757585021350 889227132656.1394 4
1757585021417 821440172754.047 5
1757585021484 751728695155.9727 6
1757585021553 683157942097.3029 7
1757585021617 618125244638.4799 8
1757585021680 558337645086.5934 9
1757585021751 504848357895.7742 10
1757585021814 458136201717.0435 11
1757585021887 418211669011.65454 12
1757585021951 384734427996.1487 13
1757585022016 357129358444.2277 14
1757585022086 334691254459.83575 15
1757585022155 316671645754.18555 16
1757585022221 302344413126.96356 17
1757585022293 291049707284.27185 18
1757585022358 282217924637.8997 19
1757585022421 275377050401.58527 20
1757585022487 270147539028.39694 21
1757585022552 266229128654.0105 22
1757585022622 263383695359.52383 23
1757585022689 261417589814.84076 24
1757585022754 260166016686.84064 25
1757585022823 259481060229.1689 26
1757585022886 259224049249.56934 27
1757585022951 259262181874.07407 28
1757585023016 259468751708.54428 29
1757585023079 259725955411.15924 30
1757585023142 259929111662.59058 31
1757585023207 259991154964.26334 32
1757585023275 259846441732.264 33
1757585023339 259453170822.2026 34
1757585023405 258794025805.74274 35
1757585023466 257874947336.4994 36
1757585023531 256722205417.31717 37
1757585023598 255378139355.5477 38
1757585023662 253896055573.7179 39
1757585023726 252334819058.9269 40
1757585023792 250753650882.44867 41
1757585023856 249207566103.46484 42
1757585023925 247743771318.67868 43
1757585023989 246399207945.18527 44
1757585024066 245199293564.51794 45
1757585024134 244157793877.74536 46
1757585024202 243277662564.17938 47
1757585024270 242552621688.0812 48
1757585024336 241969223032.51913 49
1757585024400 241509128893.3872 50
1757585024467 241151374611.67807 51
1757585024545 240874417787.8818 52
1757585024608 240657833228.1 53
1757585024671 240483570857.1288 54
1757585024733 240336749609.43118 55
1757585024804 240206008575.7738 56
1757585024864 240083474013.6973 57
1757585024927 239964425520.88763 58
1757585024993 239846756606.75665 59
1757585025058 239730325274.31085 60
1757585025126 239616281184.10413 61
1757585025187 239506440209.75497 62
1757585025252 239402757578.7361 63
1757585025312 239306930038.42276 64
1757585025380 239220137908.37463 65
1757585025448 239142921224.0207 66
1757585025513 239075171556.19513 67
1757585025573 239016212987.78027 68
1757585025642 238964942067.1301 69
1757585025705 238919996819.2273 70
1757585025771 238879928257.49506 71
1757585025840 238843353320.53683 72
1757585025901 238809074751.47095 73
1757585025968 238776160219.73083 74
1757585026042 238743979197.1896 75
1757585026106 238712201194.75934 76
1757585026176 238680762622.29443 77
1757585026243 238649811650.27963 78
1757585026310 238619641107.84003 79
1757585026370 238590618869.31546 80
1757585026431 238563123671.04434 81
1757585026498 238537492209.50198 82
1757585026565 238513981043.53278 83
1757585026630 238492744557.45795 84
1757585026696 238473828272.9719 85
1757585026763 238457175282.62262 86
1757585026831 238442642593.33563 87
1757585026892 238430023719.53064 88
1757585026953 238419073897.70535 89
1757585027024 238409534712.11377 90
1757585027090 238401155605.31488 91
1757585027155 238393710572.9277 92
1757585027224 238387009192.59897 93
1757585027292 238380901916.21628 94
1757585027356 238375280191.23422 95
1757585027424 238370072429.9178 96
1757585027486 238365237100.4068 97
1757585027554 238360754280.8752 98
1757585027622 238356616926.12436 99
1757585027685 238352822884.9741 100
1757585027762 238349368422.2644 101
1757585027832 238346243686.0036 102
1757585027901 238343430257.65973 103
1757585027964 238340900662.69028 104
1757585028031 238338619519.73654 105
1757585028094 238336545880.4918 106
1757585028160 238334636258.45102 107
1757585028229 238332847856.01715 108
1757585028299 238331141562.6264 109
1757585028364 238329484395.35385 110
1757585028431 238327851170.73352 111
1757585028498 238326225316.30957 112
1757585028563 238324598839.401 113
1757585028626 238322971558.985 114
1757585028689 238321349768.69598 115
1757585028751 238319744532.77417 116
1757585028819 238318169823.78378 117
1757585028885 238316640695.0396 118
1757585028949 238315171647.6156 119
1757585029018 238313775307.9964 120
1757585029085 238312461484.29132 121
1757585029150 238311236622.15753 122
1757585029223 238310103640.69934 123
1757585029288 238309062096.73138 124
1757585029357 238308108604.51422 125
1757585029422 238307237427.62552 126
1757585029489 238306441159.0947 127
1757585029556 238305711413.54193 128
1757585029622 238305039468.55823 129
1757585029700 238304416809.50293 130
1757585029793 238303835549.95148 131
1757585029879 238303288717.19116 132
1757585029953 238302770406.9168 133
1757585030021 238302275822.622 134
1757585030091 238301801222.6706 135
1757585030170 238301343801.69067 136
1757585030244 238300901533.178 137
1757585030318 238300472997.70135 138
1757585030383 238300057216.70105 139
1757585030451 238299653506.4122 140
1757585030546 238299261360.71802 141
1757585030614 238298880366.40488 142
1757585030685 238298510149.8249 143
1757585030749 238298150350.6643 144
1757585030818 238297800616.47064 145
1757585030896 238297460610.75922 146
1757585030960 238297130027.72263 147
1757585031028 238296808607.5588 148
1757585031095 238296496147.9285 149
1757585031160 238296192508.7733 150
1757585031227 238295897609.4118 151
1757585031297 238295611418.30856 152
1757585031363 238295333937.02585 153
1757585031427 238295065180.57605 154
1757585031490 238294805156.67825 155
1757585031552 238294553846.33456 156
1757585031619 238294311187.75848 157
1757585031685 238294077065.10706 158
1757585031755 238293851302.79385 159
1757585031826 238293633665.48264 160
1757585031897 238293423863.26602 161
1757585031964 238293221561.06567 162
1757585032033 238293026390.99225 163
1757585032094 238292837966.2703 164
1757585032161 238292655895.3664 165
1757585032225 238292479795.1176 166
1757585032297 238292309301.91263 167
1757585032366 238292144080.28824 168
1757585032435 238291983828.6258 169
1757585032504 238291828281.93533 170
1757585032577 238291677211.9693 171
1757585032644 238291530425.10004 172
1757585032706 238291387758.51367 173
1757585032769 238291249075.3201 174
1757585032848 238291114259.164 175
1757585032915 238290983208.85437 176
1757585032981 238290855833.42944 177
1757585033052 238290732047.952 178
1757585033118 238290611770.20688 179
1757585033180 238290494918.35583 180
1757585033242 238290381409.5085 181
1757585033312 238290271159.0925 182
1757585033376 238290164080.86316 183
1757585033447 238290060087.36597 184
1757585033513 238289959090.6719 185
1757585033580 238289861003.22058 186
1757585033651 238289765738.63834 187
1757585033715 238289673212.436 188
1757585033788 238289583342.52866 189
1757585033853 238289496049.55652 190
