1757581498343 265120080326.83398 0
1757581498435 307846016694.5647 1
1757581498530 763699358470.4425 2
1757581498623 994045024859.1366 3
1757581498716 793685096740.7688 4
1757581498808 334102905641.8565 5
1757581498902 529069579550.8201 6
1757581498996 448992880209.48285 7
1757581499087 672042132584.8916 8
1757581499180 207282580315.848 9
1757581499272 796717245692.0852 10
1757581499365 146112837993.4621 11
1757581499459 306149625870.6177 12
1757581499551 389201582557.973 13
1757581499649 371354258584.9466 14
1757581499742 242681825989.40063 15
1757581499833 357431641863.3509 16
1757581499923 260502411478.3549 17
1757581500022 223199686739.27243 18
1757581500115 224893678981.98947 19
1757581500211 101409811818.08647 20
1757581500304 174758045123.34747 21
1757581500397 166404582961.41046 22
1757581500489 258816826564.18924 23
1757581500581 343334020157.93115 24
1757581500675 265335204811.22345 25
1757581500768 255449031209.3866 26
1757581500862 599328221651.2329 27
1757581500954 553530961688.4912 28
1757581501044 102054350778.02481 29
1757581501137 201189919813.47614 30
1757581501228 91783256288.0004 31
1757581501325 581188805058.6925 32
1757581501417 270844773856.0412 33
1757581501507 177021323526.06488 34
1757581501601 77996163637.35632 35
1757581501694 158894723433.38406 36
1757581501786 262552226919.18704 37
1757581501876 374834121004.6389 38
1757581501967 369577744332.039 39
1757581502058 168711300527.98666 40
1757581502150 280475462861.8934 41
