1757591315387 1053300213168.117 0
1757591315453 859256556379.5417 1
1757591315515 722009447422.9629 2
1757591315582 621539107713.0869 3
1757591315646 546007517044.5321 4
1757591315708 488074939156.1689 5
1757591315769 442969933931.3692 6
1757591315829 407452337861.9966 7
1757591315891 379237970259.2619 8
1757591315953 356667035199.8879 9
1757591316013 338504623015.8892 10
1757591316074 323815226697.7579 11
1757591316134 311880362574.58246 12
1757591316197 302142374828.4789 13
1757591316260 294164840047.8176 14
1757591316322 287603928613.3639 15
1757591316384 282187260131.4928 16
1757591316447 277698039622.397 17
1757591316509 273963005494.10834 18
1757591316573 270843181843.35403 19
1757591316651 268226725047.5461 20
1757591316717 266023353106.28003 21
1757591316781 264159982694.19434 22
1757591316844 262577295111.30927 23
1757591316907 261227021513.64954 24
1757591316971 260069788367.57404 25
1757591317032 259073401492.1896 26
1757591317092 258211475042.9645 27
1757591317154 257462332909.0238 28
1757591317217 256808126053.89523 29
1757591317281 256234121619.84497 30
1757591317343 255728129079.66183 31
1757591317404 255280036046.7981 32
1757591317467 254881432056.05078 33
1757591317527 254525303083.75916 34
1757591317589 254205783075.34454 35
1757591317650 253917951505.67865 36
1757591317713 253657668179.1513 37
1757591317778 253421438207.613 38
1757591317841 253206301482.67453 39
1757591317907 253009742059.19458 40
1757591317968 252829613747.48932 41
1757591318028 252664078918.3371 42
1757591318090 252511558092.8767 43
1757591318152 252370688347.04352 44
1757591318215 252240288929.39694 45
1757591318279 252119332789.59543 46
1757591318342 252006922956.3099 47
1757591318406 251902272899.13556 48
1757591318468 251804690167.93527 49
1757591318531 251713562732.13187 50
1757591318594 251628347547.4596 51
1757591318657 251548560963.17526 52
1757591318720 251473770652.4043 53
1757591318782 251403588805.14005 54
1757591318844 251337666369.83096 55
1757591318906 251275688167.42633 56
1757591318969 251217368732.7863 57
1757591319033 251162448763.773 58
1757591319096 251110692079.1678 59
1757591319160 251061883003.6412 60
1757591319223 251015824112.03656 61
1757591319285 250972334276.75568 62
1757591319347 250931246971.5277 63
1757591319410 250892408792.6569 64
1757591319473 250855678165.29324 65
1757591319536 250820924207.59283 66
1757591319598 250788025730.0366 67
1757591319661 250756870350.8212 68
1757591319726 250727353711.2564 69
1757591319790 250699378777.615 70
1757591319853 250672855217.9669 71
1757591319928 250647698844.2713 72
1757591319996 250623831111.45142 73
1757591320059 250601178666.39246 74
1757591320121 250579672940.82202 75
1757591320184 250559249782.88776 76
1757591320248 250539849122.9681 77
1757591320312 250521414669.8601 78
1757591320382 250503893634.0025 79
1757591320448 250487236474.83063 80
1757591320515 250471396669.72937 81
1757591320585 250456330502.36902 82
1757591320650 250441996868.4793 83
1757591320713 250428357097.34998 84
1757591320776 250415374787.54648 85
1757591320839 250403015655.503 86
1757591320901 250391247395.80353 87
1757591320963 250380039552.0932 88
1757591321026 250369363397.67545 89
1757591321089 250359191824.94736 90
1757591321151 250349499242.9165 91
1757591321214 250340261482.11526 92
1757591321277 250331455706.2974 93
1757591321339 250323060330.36185 94
1757591321402 250315054944.0002 95
1757591321465 250307420240.61246 96
1757591321527 250300137951.07593 97
1757591321589 250293190781.9919 98
1757591321652 250286562358.06555 99
1757591321715 250280237168.3056 100
1757591321778 250274200515.75925 101
1757591321840 250268438470.51797 102
1757591321903 250262937825.75607 103
1757591321965 250257686056.58063 104
1757591322028 250252671281.49152 105
1757591322090 250247882226.26562 106
1757591322156 250243308190.09317 107
1757591322221 250238939013.81107 108
1757591322288 250234765050.08545 109
