1757586460099 1019579749844.9927 0
1757586460159 4124960390181.318 1
1757586460220 1.3009730404179756e+16 2
1757586460283 5.269141137400602e+19 3
1757586460344 2.1341317354731255e+23 4
1757586460405 8.643758387399773e+26 5
1757586460465 3.500934727596322e+30 6
1757586460524 1.4179646650878886e+34 7
1757586460584 5.743105621447181e+37 8
1757586460644 2.32609902003826e+41 9
1757586460704 9.42127310146792e+44 10
1757586460768 3.8158473086404984e+48 11
1757586460828 1.5455120052289198e+52 12
1757586460891 6.259703717436526e+55 13
1757586460951 2.5353339538947685e+59 14
1757586461011 1.0268726041883736e+63 15
1757586461075 4.1590865913847105e+66 16
1757586461135 1.6845323562126e+70 17
1757586461194 6.822770328959209e+73 18
1757586461256 2.7633897793680165e+77 19
1757586461327 1.119240822207263e+81 20
1757586461394 4.533200590984596e+84 21
1757586461456 1.836057726841708e+88 22
1757586461517 7.436485345474077e+91 23
1757586461577 3.011959454487152e+95 24
1757586461637 1.219917653841111e+99 25
1757586461698 4.940966519108063e+102 26
1757586461757 2.0012129561432357e+106 27
1757586461817 8.10540464167826e+109 28
1757586461879 3.282888220549638e+113 29
1757586461939 1.329650467196423e+117 30
1757586461999 5.385411400390802e+120 31
1757586462069 2.18122406353991e+124 32
1757586462156 8.83449389775553e+127 33
1757586462242 3.5781873001536126e+131 34
1757586462321 1.449253856888555e+135 35
1757586462392 5.869834543362743e+138 36
1757586462459 2.3774273501280722e+142 37
1757586462525 9.629165461789913e+145 38
1757586462593 3.9000488273819526e+149 39
1757586462657 1.579615691133424e+153 40
1757586462722 6.397832032656636e+156 41
1757586462824 2.5912793186244665e+160 42
1757586462912 1.0495318527989959e+164 43
1757586462999 4.2508621209712466e+167 44
1757586463087 1.7217037027811727e+171 45
1757586463175 6.973323424315444e+174 46
1757586463262 2.824367485622288e+178 47
1757586463340 1.1439382928984756e+182 48
1757586463410 4.633231421268675e+185 49
1757586463485 1.87657267321993e+189 50
1757586463559 7.600580842369253e+192 51
1757586463622 3.0784221664204167e+196 52
1757586463694 1.2468366867280762e+200 53
1757586463759 5.0499952226459384e+203 54
1757586463837 2.045372262478881e+207 55
1757586463922 8.284260692678475e+210 56
1757586464009 3.3553293199098633e+214 57
1757586464096 1.358990894021077e+218 58
1757586464189 5.5042473448830316e+221 59
1757586464278 2.2293555436569415e+225 60
1757586464357 9.029438229468875e+228 61
1757586464426 3.657144548870582e+232 62
1757586464504 1.4812334844579284e+236 63
1757586464568 5.999359899944222e+239 64
1757586464636 2.4298883050318376e+243 65
1757586464704 9.841645231161064e+246 66
1757586464768 3.9861083596089895e+250 67
1757586464844 1.6144719181947336e+254 68
1757586464930 6.539008324638383e+257 69
1757586465016 2.6484591889031957e+261 70
1757586465105 1.0726911065178482e+265 71
1757586465193 4.344662794215117e+268 72
1757586465279 1.7596952823364376e+272 73
1757586465358 7.127198664992166e+275 74
1757586465425 2.886690742434702e+279 75
1757586465490 1.1691807446576022e+283 76
1757586465560 4.735469558908e+286 77
1757586465627 1.917981633362552e+290 78
1757586465695 7.768297314879966e+293 79
1757586465771 3.146351462530618e+297 80
1757586465837 1.2743497222752093e+301 81
1757586465925 inf 82
1757586466013 inf 83
