1757543936393 1019578053869.4889 0
1757543936450 992840776437.296 1
1757543936509 967700433914.5887 2
1757543936568 943587430735.0814 3
1757543936625 920399007072.9006 4
1757543936682 898090448138.1716 5
1757543936738 876625419893.3864 6
1757543936802 855969883735.3281 7
1757543936862 836091303301.4362 8
1757543936922 816958496560.142 9
1757543936978 798541568690.218 10
1757543937040 780811856946.021 11
1757543937119 763741878994.7325 12
1757543937193 747305283581.4912 13
1757543937255 731476803294.0342 14
1757543937313 716232209319.2339 15
1757543937376 701548268103.9933 16
1757543937430 687402699839.2758 17
1757543937488 673774138690.0355 18
1757543937545 660642094697.2477 19
1757543937606 647986917281.4044 20
1757543937664 635789760279.8491 21
1757543937720 624032548453.1945 22
1757543937782 612697945398.8016 23
1757543937853 601769322811.9374 24
1757543937911 591230731037.7241 25
1757543937967 581066870859.4171 26
1757543938034 571263066470.8398 27
1757543938105 561805239583.0183 28
1757543938164 552679884617.1709 29
1757543938221 543874044938.2285 30
1757543938272 535375290085.0047 31
1757543938329 527171693954.9857 32
1757543938387 519251813903.4923 33
1757543938449 511604670718.66504 34
1757543938510 504219729435.3547 35
1757543938573 497086880952.5621 36
1757543938634 490196424420.5656 37
1757543938690 483539050365.3056 38
1757543938752 477105824518.9669 39
1757543938806 470888172327.01373 40
1757543938870 464877864103.1877 41
1757543938929 459067000805.18396 42
1757543938992 453448000404.8744 43
1757543939050 448013584828.0498 44
1757543939109 442756767439.71155 45
1757543939164 437670841051.9556 46
1757543939228 432749366432.4606 47
1757543939285 427986161292.5236 48
1757543939347 423375289734.47205 49
1757543939413 418911052139.13635 50
1757543939470 414587975474.88055 51
1757543939531 410400804010.47266 52
1757543939585 406344490414.8199 53
1757543939646 402414187227.3162 54
1757543939704 398605238683.23096 55
1757543939762 394913172879.2269 56
1757543939822 391333694264.72516 57
1757543939880 387862676445.4373 58
1757543939938 384496155285.9601 59
1757543939998 381230322298.88513 60
1757543940061 378061518308.40076 61
1757543940135 374986227376.87384 62
1757543940213 372001070983.38293 63
1757543940274 369102802443.6394 64
1757543940332 366288301561.17957 65
1757543940390 363554569500.13635 66
1757543940450 360898723870.3079 67
1757543940511 358317994015.63135 68
1757543940565 355809716497.5458 69
1757543940621 353371330765.0858 70
1757543940680 351000375003.8917 71
1757543940751 348694482156.65155 72
1757543940810 346451376107.80414 73
1757543940873 344268868025.6364 74
1757543940929 342144852855.1959 75
1757543940995 340077305955.71576 76
1757543941054 338064279876.5162 77
1757543941115 336103901265.5999 78
1757543941174 334194367905.4027 79
1757543941233 332333945870.3908 80
1757543941295 330520966801.4243 81
1757543941359 328753825292.01624 82
1757543941428 327030976381.82184 83
1757543941487 325350933152.8907 84
1757543941547 323712264424.4015 85
1757543941605 322113592541.77496 86
1757543941667 320553591256.241 87
1757543941725 319030983691.0936 88
1757543941781 317544540391.02747 89
1757543941836 316093077451.10504 90
1757543941892 314675454722.04083 91
1757543941954 313290574088.636 92
1757543942012 311937377818.324 93
1757543942071 310614846976.91736 94
1757543942130 309321999908.7691 95
1757543942196 308057890778.67554 96
1757543942258 306821608172.963 97
1757543942318 305612273757.3069 98
1757543942378 304429040988.9315 99
1757543942435 303271093880.9433 100
1757543942497 302137645816.63776 101
1757543942556 301027938411.71643 102
1757543942612 299941240422.4319 103
1757543942666 298876846697.7657 104
1757543942732 297834077173.82043 105
1757543942791 296812275908.6845 106
1757543942849 295810810156.10114 107
1757543942914 294829069476.34216 108
1757543942970 293866464882.7545 109
1757543943026 292922428022.5109 110
1757543943092 291996410390.15784 111
1757543943153 291087882572.612 112
1757543943211 290196333524.31476 113
1757543943270 289321269871.3038 114
1757543943331 288462215243.01825 115
1757543943392 287618709630.6978 116
1757543943451 286790308771.2879 117
1757543943510 285976583555.8049 118
1757543943571 285177119461.1619 119
1757543943638 284391516004.49554 120
1757543943698 283619386219.0731 121
1757543943758 282860356150.9009 122
1757543943816 282114064375.18774 123
1757543943875 281380161531.8551 124
1757543943948 280658309879.31775 125
1757543944025 279948182865.79083 126
1757543944082 279249464717.4113 127
1757543944142 278561850042.49054 128
1757543944202 277885043451.2423 129
1757543944264 277218759190.35944 130
1757543944340 276562720791.8367 131
1757543944403 275916660735.4633 132
1757543944468 275280320124.4321 133
1757543944527 274653448373.53497 134
1757543944593 274035802909.4367 135
1757543944652 273427148882.53967 136
1757543944715 272827258889.97244 137
1757543944775 272235912709.2544 138
1757543944836 271652897042.20682 139
1757543944898 271078005268.69928 140
1757543944960 270511037209.83572 141
1757543945023 269951798900.20276 142
1757543945085 269400102368.8162 143
1757543945145 268855765428.41922 144
1757543945204 268318611472.79657 145
1757543945263 267788469281.787 146
1757543945326 267265172833.68488 147
1757543945386 266748561124.73862 148
1757543945446 266238477995.46255 149
1757543945505 265734771963.49167 150
1757543945561 265237296062.71997 151
1757543945629 264745907688.47372 152
1757543945684 264260468448.4798 153
1757543945746 263780844019.401 154
1757543945806 263306904008.71832 155
1757543945873 262838521821.74954 156
1757543945938 262375574533.60144 157
1757543945998 261917942765.86264 158
1757543946055 261465510567.85016 159
1757543946114 261018165302.23163 160
1757543946176 260575797534.85184 161
1757543946233 260138300928.59937 162
1757543946292 259705572141.15558 163
1757543946355 259277510726.4748 164
1757543946420 258854019039.85065 165
1757543946485 258435002146.4287 166
1757543946555 258020367733.03278 167
1757543946618 257610026023.17584 168
1757543946679 257203889695.13278 169
1757543946738 256801873802.9568 170
1757543946793 256403895700.3262 171
1757543946854 256009874967.11258 172
1757543946916 255619733338.56598 173
1757543946984 255233394637.0173 174
1757543947042 254850784706.0004 175
1757543947104 254471831346.7031 176
1757543947160 254096464256.65735 177
1757543947221 253724614970.58368 178
1757543947280 253356216803.30826 179
1757543947340 252991204794.6738 180
1757543947396 252629515656.3693 181
1757543947455 252271087720.606 182
1757543947516 251915860890.56995 183
1757543947580 251563776592.58484 184
1757543947638 251214777729.92035 185
1757543947699 250868808638.185 186
1757543947760 250525815042.24405 187
1757543947817 250185744014.60583 188
1757543947881 249848543935.2216 189
1757543947945 249514164452.6471 190
1757543948008 249182556446.51428 191
1757543948078 248853671991.26636 192
1757543948140 248527464321.10867 193
1757543948202 248203887796.1304 194
1757543948263 247882897869.5553 195
1757543948321 247564451056.07892 196
1757543948385 247248504901.25427 197
1757543948447 246935017951.88535 198
1757543948522 246623949727.3948 199
1757543948594 246315260692.12827 200
1757543948665 246008912228.56207 201
1757543948723 245704866611.3831 202
1757543948781 245403086982.40686 203
1757543948839 245103537326.3068 204
1757543948903 244806182447.1228 205
1757543948972 244510987945.52377 206
1757543949030 244217920196.7957 207
1757543949094 243926946329.5301 208
1757543949154 243638034204.98843 209
1757543949219 243351152397.1177 210
1757543949282 243066270173.19574 211
1757543949354 242783357475.0824 212
1757543949416 242502384901.057 213
1757543949477 242223323688.22067 214
1757543949546 241946145695.44455 215
1757543949629 241670823386.8441 216
1757543949699 241397329815.76242 217
1757543949769 241125638609.2442 218
1757543949834 240855723952.98386 219
1757543949894 240587560576.7314 220
1757543949956 240321123740.14087 221
1757543950014 240056389219.04544 222
1757543950075 239793333292.14575 223
1757543950138 239531932728.09644 224
1757543950200 239272164772.97858 225
1757543950260 239014007138.14398 226
1757543950319 238757437988.41965 227
1757543950380 238502435930.66003 228
1757543950440 238248980002.63562 229
1757543950502 237997049662.24667 230
1757543950570 237746624777.0514 231
1757543950639 237497685614.09814 232
1757543950699 237250212830.0518 233
1757543950760 237004187461.60443 234
1757543950820 236759590916.16132 235
1757543950885 236516404962.79288 236
1757543950946 236274611723.445 237
1757543951007 236034193664.39764 238
1757543951070 235795133587.96548 239
1757543951132 235557414624.43195 240
1757543951197 235321020224.209 241
1757543951260 235085934150.21637 242
1757543951325 234852140470.4723 243
1757543951392 234619623550.89008 244
1757543951464 234388368048.2725 245
1757543951525 234158358903.49994 246
1757543951588 233929581334.90417 247
1757543951653 233702020831.82333 248
1757543951717 233475663148.33188 249
1757543951781 233250494297.1403 250
1757543951841 233026500543.65906 251
1757543951904 232803668400.22263 252
1757543951966 232581984620.46738 253
1757543952027 232361436193.8593 254
1757543952090 232142010340.36786 255
1757543952149 231923694505.27994 256
1757543952211 231706476354.1503 257
1757543952279 231490343767.88568 258
1757543952340 231275284837.95612 259
1757543952399 231061287861.73206 260
1757543952460 230848341337.9418 261
1757543952527 230636433962.24707 262
1757543952593 230425554622.93167 263
1757543952658 230215692396.70187 264
1757543952719 230006836544.59344 265
1757543952783 229798976507.98297 266
1757543952843 229592101904.70096 267
1757543952905 229386202525.24258 268
1757543952968 229181268329.07468 269
1757543953029 228977289441.0344 270
1757543953092 228774256147.81927 271
1757543953153 228572158894.5636 272
1757543953218 228370988281.50034 273
1757543953280 228170735060.70602 274
1757543953345 227971390132.9251 275
1757543953405 227772944544.47305 276
1757543953467 227575389484.2149 277
1757543953531 227378716280.61765 278
1757543953592 227182916398.87427 279
1757543953655 226987981438.0975 280
1757543953714 226793903128.58148 281
1757543953781 226600673329.12888 282
1757543953843 226408284024.44254 283
1757543953907 226216727322.57935 284
1757543953990 226025995452.46484 285
1757543954053 225836080761.4663 286
1757543954119 225646975713.02408 287
1757543954183 225458672884.33813 288
1757543954247 225271164964.10916 289
1757543954313 225084444750.33264 290
1757543954376 224898505148.14462 291
1757543954441 224713339167.7167 292
1757543954508 224528939922.20132 293
1757543954572 224345300625.72324 294
1757543954636 224162414591.4178 295
1757543954697 223980275229.51443 296
1757543954766 223798876045.46384 297
1757543954830 223618210638.10773 298
1757543954895 223438272697.8904 299
1757543954960 223259056005.11115 300
1757543955026 223080554428.21558 301
1757543955089 222902761922.12573 302
1757543955154 222725672526.60806 303
1757543955218 222549280364.6772 304
1757543955285 222373579641.03598 305
1757543955355 222198564640.55005 306
1757543955416 222024229726.7561 307
1757543955477 221850569340.4033 308
1757543955541 221677577998.0269 309
1757543955602 221505250290.55307 310
1757543955666 221333580881.9344 311
1757543955731 221162564507.81528 312
1757543955794 220992195974.22617 313
1757543955854 220822470156.3065 314
1757543955919 220653381997.055 315
1757543955988 220484926506.107 316
1757543956053 220317098758.5383 317
1757543956121 220149893893.69473 318
1757543956184 219983307114.04623 319
1757543956242 219817333684.06604 320
1757543956303 219651968929.13336 321
1757543956366 219487208234.4595 322
1757543956433 219323047044.0366 323
1757543956494 219159480859.60852 324
1757543956558 218996505239.66364 325
1757543956620 218834115798.4483 326
1757543956680 218672308205.00156 327
1757543956743 218511078182.20926 328
1757543956812 218350421505.8785 329
1757543956878 218190334003.83102 330
1757543956941 218030811555.01508 331
1757543956998 217871850088.6362 332
1757543957064 217713445583.3051 333
1757543957126 217555594066.204 334
1757543957194 217398291612.2688 335
1757543957257 217241534343.38922 336
1757543957320 217085318427.62418 337
1757543957384 216929640078.4336 338
1757543957442 216774495553.92578 339
1757543957508 216619881156.11945 340
1757543957569 216465793230.2213 341
1757543957634 216312228163.91772 342
1757543957700 216159182386.68048 343
1757543957758 216006652369.0867 344
1757543957824 215854634622.15186 345
1757543957885 215703125696.6767 346
1757543957949 215552122182.6062 347
1757543958013 215401620708.40204 348
1757543958078 215251617940.42657 349
1757543958142 215102110582.33984 350
1757543958206 214953095374.50726 351
1757543958272 214804569093.4202 352
1757543958337 214656528551.1263 353
1757543958398 214508970594.6724 354
1757543958472 214361892105.55676 355
1757543958533 214215289999.19336 356
1757543958591 214069161224.38513 357
1757543958658 213923502762.80814 358
1757543958729 213778311628.50534 359
1757543958788 213633584867.3903 360
1757543958851 213489319556.75955 361
1757543958941 213345512804.81543 362
1757543959044 213202161750.19702 363
1757543959144 213059263561.51996 364
1757543959249 212916815436.92563 365
1757543959358 212774814603.63812 366
1757543959470 212633258317.52963 367
1757543959566 212492143862.69427 368
1757543959665 212351468551.02957 369
1757543959769 212211229721.82565 370
1757543959866 212071424741.36224 371
1757543959960 211932051002.5131 372
1757543960059 211793105924.3575 373
1757543960166 211654586951.7992 374
1757543960269 211516491555.19202 375
1757543960380 211378817229.97247 376
1757543960482 211241561496.29926 377
1757543960582 211104721898.69873 378
1757543960725 210968296005.7175 379
1757543960807 210832281409.58063 380
1757543960884 210696675725.85654 381
1757543960958 210561476593.12775 382
1757543961044 210426681672.6671 383
1757543961117 210292288648.12067 384
1757543961193 210158295225.19513 385
1757543961277 210024699131.3521 386
1757543961363 209891498115.50635 387
1757543961457 209758689947.73065 388
1757543961545 209626272418.96484 389
1757543961617 209494243340.731 390
1757543961697 209362600544.8524 391
1757543961777 209231341883.17834 392
1757543961854 209100465227.3137 393
1757543961927 208969968468.35214 394
1757543962011 208839849516.61557 395
1757543962085 208710106301.39645 396
1757543962159 208580736770.70605 397
1757543962229 208451738891.0256 398
1757543962295 208323110647.06287 399
1757543962361 208194850041.51224 400
1757543962429 208066955094.81894 401
1757543962498 207939423844.94754 402
1757543962565 207812254347.15396 403
1757543962632 207685444673.7618 404
1757543962703 207558992913.942 405
1757543962774 207432897173.4962 406
1757543962852 207307155574.64444 407
1757543962918 207181766255.81522 408
1757543962998 207056727371.4399 409
1757543963068 206932037091.75037 410
1757543963154 206807693602.5798 411
1757543963233 206683695105.1669 412
1757543963311 206560039815.96323 413
1757543963392 206436725966.44388 414
1757543963462 206313751802.9208 415
1757543963536 206191115586.35995 416
1757543963601 206068815592.20047 417
1757543963674 205946850110.1774 418
1757543963739 205825217444.14713 419
1757543963807 205703915911.9156 420
1757543963872 205582943845.0691 421
1757543963944 205462299588.80814 422
1757543964016 205341981501.78363 423
1757543964085 205221987955.93573 424
1757543964146 205102317336.33548 425
1757543964211 204982968041.02847 426
1757543964274 204863938480.88144 427
1757543964339 204745227079.43106 428
1757543964404 204626832272.73505 429
1757543964471 204508752509.22568 430
1757543964535 204390986249.5654 431
1757543964603 204273531966.50507 432
1757543964670 204156388144.74387 433
1757543964737 204039553280.79184 434
1757543964803 203923025882.83414 435
1757543964869 203806804470.59766 436
1757543964936 203690887575.21957 437
1757543965001 203575273739.1178 438
1757543965070 203459961515.86337 439
1757543965142 203344949470.0552 440
1757543965215 203230236177.19598 441
1757543965279 203115820223.57062 442
1757543965347 203001700206.12613 443
1757543965411 202887874732.3533 444
1757543965473 202774342420.17035 445
1757543965544 202661101897.808 446
1757543965612 202548151803.69666 447
1757543965681 202435490786.35468 448
1757543965743 202323117504.2789 449
1757543965811 202211030625.8362 450
1757543965879 202099228829.15723 451
1757543965944 201987710802.0309 452
1757543966011 201876475241.8013 453
1757543966077 201765520855.2653 454
1757543966149 201654846358.57236 455
1757543966215 201544450477.1249 456
1757543966281 201434331945.48105 457
1757543966346 201324489507.25806 458
1757543966408 201214921915.03726 459
1757543966473 201105627930.27075 460
1757543966536 200996606323.18887 461
1757543966606 200887855872.70914 462
1757543966668 200779375366.3466 463
1757543966735 200671163600.12546 464
1757543966800 200563219378.49173 465
1757543966869 200455541514.227 466
1757543966932 200348128828.36386 467
1757543966995 200240980150.1021 468
1757543967059 200134094316.7263 469
1757543967162 200027470173.5239 470
1757543967229 199921106573.70575 471
1757543967303 199815002378.32605 472
1757543967372 199709156456.2048 473
1757543967435 199603567683.8505 474
1757543967499 199498234945.38397 475
1757543967569 199393157132.46353 476
1757543967637 199288333144.21088 477
1757543967696 199183761887.13815 478
1757543967764 199079442275.07547 479
1757543967833 198975373229.1005 480
1757543967903 198871553677.46762 481
1757543967964 198767982555.53894 482
1757543968034 198664658805.716 483
1757543968101 198561581377.37213 484
1757543968168 198458749226.78607 485
1757543968232 198356161317.0761 486
1757543968300 198253816618.13522 487
1757543968369 198151714106.56702 488
1757543968442 198049852765.62265 489
1757543968514 197948231585.13834 490
1757543968580 197846849561.4736 491
1757543968644 197745705697.45074 492
1757543968713 197644799002.29443 493
1757543968780 197544128491.57288 494
1757543968847 197443693187.13867 495
1757543968916 197343492117.07147 496
1757543968981 197243524315.62073 497
1757543969043 197143788823.14923 498
1757543969104 197044284686.0775 499
