1757555736605 1151058948942.9468 0
1757555736666 601001836449.3501 1
1757555736726 1917618857776.0615 2
1757555736790 1170938638155.1218 3
1757555736852 1439848701999.4382 4
1757555736914 703720860430.6335 5
1757555736973 1474254617847.8103 6
1757555737033 1198569947407.2603 7
1757555737093 184757488113.96445 8
1757555737154 557985068786.8356 9
1757555737214 549014793832.20874 10
1757555737275 1469535195672.906 11
1757555737334 792108848202.9678 12
1757555737396 490483227162.20154 13
1757555737458 983128089079.657 14
1757555737518 539844651022.59686 15
1757555737578 893422993737.3146 16
1757555737640 247790040542.79764 17
1757555737707 1025004209430.4307 18
1757555737770 1015885166196.9332 19
1757555737841 1543331300282.5593 20
1757555737936 820041356847.5992 21
1757555737998 508793710311.0019 22
1757555738059 640218113949.3053 23
1757555738121 626746614206.8818 24
1757555738184 626862094282.6536 25
1757555738246 728087600798.2429 26
1757555738307 155448669608.30927 27
1757555738368 1740279521012.696 28
1757555738428 1298732662600.6426 29
1757555738490 391323807084.3835 30
1757555738553 153664233990.362 31
1757555738613 933246053847.908 32
1757555738674 562826018251.1204 33
1757555738734 358180721721.2191 34
1757555738796 693967359336.289 35
1757555738855 1144215909866.1006 36
1757555738917 624657789985.6785 37
1757555738980 647039665853.3048 38
1757555739041 785429138167.7388 39
1757555739103 630879432211.2822 40
1757555739165 125636286712.70085 41
1757555739226 662890328698.359 42
1757555739286 413823353269.7652 43
1757555739351 564890150092.2472 44
1757555739414 620241670453.8124 45
1757555739476 608133263610.5869 46
1757555739536 216923470489.88293 47
1757555739598 235263516080.668 48
1757555739660 152165487231.60965 49
1757555739720 396820167490.28595 50
1757555739781 976497083569.828 51
1757555739841 310727921810.3284 52
1757555739904 677503869145.0521 53
1757555739965 150223780251.09143 54
1757555740026 353499975065.8366 55
1757555740087 446466469731.961 56
1757555740147 256248238730.15048 57
1757555740209 160661812868.14087 58
1757555740270 145875863536.2725 59
1757555740331 885021209693.179 60
1757555740394 191728504763.68515 61
1757555740454 639908483488.2631 62
1757555740516 119516460417.30626 63
1757555740577 530470976752.355 64
1757555740638 307632260039.06006 65
1757555740714 1238767345114.4375 66
1757555740776 122423410143.382 67
1757555740837 510213069730.74225 68
1757555740900 453653394715.88324 69
1757555740965 962277175378.0708 70
1757555741030 221380603070.40527 71
1757555741092 443497802252.26917 72
1757555741156 210906600293.0642 73
1757555741218 475732377971.35895 74
1757555741280 475949282896.2557 75
1757555741346 128981049236.59398 76
1757555741409 221961641292.1943 77
1757555741470 683503814448.6364 78
1757555741531 287699771964.89014 79
1757555741592 797612663133.3871 80
1757555741654 350948276888.9259 81
1757555741714 368479775210.29346 82
1757555741774 165816171947.85037 83
1757555741834 328840492830.04553 84
1757555741895 850413198579.9344 85
1757555741956 134716245843.14568 86
1757555742018 135001979279.29556 87
1757555742085 551270874209.3173 88
1757555742146 222206138231.54514 89
1757555742207 532487955480.16406 90
1757555742270 1255451331401.014 91
1757555742332 107263494151.46513 92
1757555742393 125190821219.54031 93
1757555742455 1130189441815.9841 94
1757555742516 163812754248.39337 95
1757555742578 265763928169.9553 96
1757555742641 630736989540.7982 97
1757555742701 687749635876.1326 98
1757555742762 306868655449.7417 99
1757555742825 152859772032.3809 100
1757555742895 91322653330.56021 101
1757555742958 373492415357.5557 102
1757555743020 141156932209.5001 103
1757555743081 439512410526.8902 104
1757555743142 537824858324.31525 105
1757555743206 909918385288.5752 106
1757555743267 176005545450.47794 107
1757555743330 128457414635.46718 108
1757555743393 420721095054.53534 109
1757555743456 399803621009.97394 110
1757555743533 346030514910.40924 111
1757555743595 603429092439.7278 112
1757555743658 619132853070.095 113
1757555743720 356738620684.18414 114
1757555743782 95559630151.76929 115
1757555743845 715610835814.6567 116
1757555743907 751792710942.0579 117
1757555743968 106406215582.27495 118
1757555744029 229267650930.8474 119
1757555744090 132079828109.57292 120
1757555744152 949032136649.1997 121
1757555744215 81945908280.52617 122
1757555744276 523770007571.33795 123
1757555744338 453756116643.1537 124
1757555744402 505551209488.1512 125
1757555744466 317446545183.3236 126
1757555744528 441392328163.4664 127
1757555744590 364810971313.2876 128
1757555744652 187006414695.91577 129
1757555744714 675665660634.461 130
1757555744775 305633943259.1198 131
1757555744837 125821550263.04564 132
1757555744899 587646836715.4725 133
1757555744960 588025672655.1595 134
1757555745021 871067882890.5339 135
1757555745082 65660736562.32172 136
1757555745144 300767736343.1655 137
1757555745207 357980589233.23236 138
1757555745269 403231209453.2416 139
1757555745332 114182939119.08777 140
1757555745394 353960378442.4953 141
1757555745457 274179007648.0442 142
1757555745521 227313222333.32 143
1757555745584 222211172372.22458 144
1757555745647 627692302993.5781 145
1757555745710 93080911522.60025 146
1757555745772 437598171218.9959 147
1757555745835 636351820876.254 148
1757555745897 587747401145.9319 149
1757555745959 155218991015.45093 150
1757555746022 144579785522.39148 151
1757555746089 175858914374.61325 152
1757555746154 372681777033.9657 153
1757555746219 120076160723.21019 154
1757555746281 597343498556.0441 155
1757555746347 185296531908.98676 156
1757555746413 433429657418.07556 157
1757555746480 454363911397.752 158
1757555746559 107019336974.51079 159
1757555746624 110402186445.37805 160
1757555746687 261251189891.04385 161
1757555746751 340269624711.839 162
1757555746814 401447656429.9487 163
1757555746877 152579851071.6104 164
1757555746941 281829681576.62445 165
1757555747005 98886718638.48236 166
1757555747068 102315762565.53246 167
1757555747130 142810365058.5113 168
1757555747193 520681622258.557 169
1757555747255 195479392549.05444 170
1757555747318 100824711481.432 171
1757555747381 161002422597.60657 172
1757555747444 103443895763.20297 173
1757555747507 356027722990.0181 174
1757555747569 291313452213.4106 175
1757555747632 234917632809.12558 176
1757555747698 277193705759.2988 177
1757555747762 544086611286.6526 178
1757555747826 435407990553.8272 179
1757555747891 67090660077.98784 180
1757555747954 183938472513.47974 181
1757555748017 162603134262.88174 182
1757555748080 100690263290.40218 183
1757555748143 474689653288.13165 184
1757555748207 398610639871.7889 185
1757555748271 112927196686.39687 186
1757555748334 408498160310.0751 187
1757555748400 61894837964.22363 188
1757555748463 282343107107.8929 189
1757555748525 631677244218.8035 190
1757555748591 206501820289.78275 191
1757555748654 89561611555.59892 192
1757555748717 86914952656.07668 193
1757555748781 404249911172.2129 194
1757555748844 490506993674.5394 195
1757555748907 162625188154.72052 196
1757555748970 193412530872.40442 197
1757555749032 337753523789.7697 198
1757555749095 534919664722.61975 199
1757555749159 227081054155.16873 200
1757555749223 185915764460.35947 201
1757555749287 122053488235.51535 202
1757555749350 285720444681.6858 203
1757555749417 208560945316.14825 204
1757555749481 165286225530.25638 205
1757555749544 125920436802.17433 206
1757555749618 562708372386.1405 207
1757555749682 204424415955.96786 208
1757555749744 207422856695.93887 209
1757555749809 219048357693.87036 210
1757555749874 346893373086.2248 211
1757555749938 254961967751.8264 212
1757555750003 345812563191.7871 213
1757555750066 353053054296.1218 214
1757555750131 555508256098.5092 215
1757555750194 284086567260.4853 216
1757555750262 490724522058.4525 217
1757555750326 721714706281.8247 218
1757555750390 240275087237.42883 219
1757555750454 108755535919.10481 220
1757555750519 582061395488.1305 221
1757555750582 96747158029.89653 222
1757555750650 301035544950.1726 223
1757555750715 322266134416.7903 224
1757555750781 311977483061.18994 225
1757555750848 565758314821.0913 226
1757555750912 99040824798.9279 227
1757555750975 341668705138.6855 228
1757555751040 337539375325.5845 229
1757555751103 535535743528.2597 230
1757555751167 236200523323.8162 231
1757555751232 250626856433.86124 232
1757555751296 560747258826.8007 233
1757555751361 721082995482.8369 234
1757555751424 84320966623.63971 235
1757555751492 76536602377.20451 236
1757555751556 248732658558.21878 237
1757555751626 354343727575.79694 238
1757555751690 218056336671.71542 239
1757555751753 98578743143.8962 240
1757555751817 308376738932.60046 241
1757555751882 101016910188.8995 242
1757555751945 293012176191.0608 243
1757555752010 84309909969.3231 244
1757555752079 130234546445.33513 245
1757555752144 309407532872.5494 246
1757555752209 89824027962.32152 247
1757555752273 725278878447.4612 248
1757555752336 182925991581.34424 249
1757555752432 377017996500.3316 250
1757555752498 395749468864.1177 251
1757555752563 766172421410.5333 252
1757555752628 117561449525.32768 253
1757555752703 387239625860.71765 254
1757555752768 256987610393.04535 255
1757555752832 376031046027.5367 256
1757555752897 229509231725.24725 257
1757555752961 302348471567.49866 258
1757555753025 130914437056.75531 259
1757555753090 90261052403.77165 260
1757555753154 653092926467.0077 261
1757555753218 226209055037.2757 262
1757555753283 290875352663.2976 263
1757555753348 442662608924.6862 264
1757555753412 424461901951.24994 265
1757555753475 299473165542.4538 266
1757555753540 412360850009.6154 267
1757555753606 259033418638.8786 268
1757555753670 483204474243.82764 269
1757555753736 117664618416.10037 270
1757555753801 124597882033.7773 271
1757555753865 418149433057.7476 272
1757555753930 63833221529.942406 273
1757555753995 143121699757.7962 274
1757555754059 453940380224.17535 275
1757555754123 287468615491.1019 276
1757555754188 332100069815.5427 277
1757555754259 67336773690.406624 278
1757555754328 223284450034.55136 279
1757555754398 369244409291.67413 280
1757555754468 239823093116.76944 281
1757555754537 83875236382.76233 282
1757555754606 89012349006.16179 283
1757555754674 333179283383.9196 284
1757555754744 128295888679.57265 285
1757555754812 525254705475.96576 286
1757555754882 349216901945.5851 287
1757555754952 239306027137.0008 288
1757555755020 535140287991.8763 289
1757555755089 103977711033.50917 290
1757555755158 237235900920.21313 291
1757555755239 156446430319.53574 292
1757555755307 322427864011.67096 293
1757555755377 359058765639.18805 294
1757555755446 347412243403.91736 295
1757555755516 132543118202.25113 296
1757555755587 688070227187.0018 297
1757555755696 183673112527.16364 298
1757555755827 89127268192.80006 299
1757555755937 133871825657.13579 300
1757555756046 329499806456.8016 301
1757555756133 273443671185.8853 302
1757555756231 259740567760.3623 303
1757555756336 318283963574.1534 304
1757555756437 793136365322.3927 305
1757555756523 402467820616.39026 306
1757555756616 380337407241.9743 307
1757555756706 106000245244.19495 308
1757555756783 464812687068.6256 309
1757555756860 72581965528.764 310
1757555756939 139473375241.84915 311
1757555757013 337316508902.49396 312
1757555757098 327482653887.7812 313
1757555757171 306474761351.7216 314
1757555757248 366028282936.45703 315
1757555757322 401422516717.41833 316
1757555757396 431372473557.35706 317
1757555757474 366483376668.47437 318
1757555757553 101727705630.16379 319
1757555757628 90396410295.21028 320
1757555757706 118804151005.83513 321
1757555757783 127714510714.91478 322
1757555757868 394027261282.50885 323
1757555757945 88666974205.35704 324
1757555758022 372859450152.10443 325
1757555758096 112579954928.12788 326
1757555758173 509519039393.58014 327
1757555758248 235297749912.77225 328
1757555758324 428124277242.77954 329
1757555758408 208598049279.7203 330
1757555758481 594171201471.3992 331
1757555758555 369103381959.4752 332
1757555758639 100212909165.40224 333
1757555758722 522520918275.73914 334
1757555758798 274531188779.85852 335
1757555758874 117487792282.40338 336
1757555758950 280883375371.7186 337
1757555759024 167866181511.47354 338
1757555759102 382896797999.7617 339
1757555759178 284185075438.1169 340
1757555759256 256282633604.24863 341
1757555759338 199622490971.1253 342
1757555759422 102248982168.63063 343
1757555759508 142814477603.53714 344
1757555759615 160453503751.9555 345
1757555759711 448374663739.72345 346
1757555759810 493713532376.85156 347
1757555759895 105962954442.31586 348
1757555759979 261402961660.28622 349
1757555760070 89416020758.35855 350
1757555760153 170999280755.22275 351
1757555760236 126213636928.06894 352
1757555760323 246335390260.92566 353
1757555760409 89386513699.51575 354
1757555760493 281801649761.70325 355
1757555760582 375137992023.5511 356
1757555760670 399744151481.14154 357
1757555760754 270157459216.50433 358
1757555760845 363182761839.68494 359
1757555760939 93459937702.20836 360
1757555761031 73607975568.98347 361
1757555761118 142553237503.76898 362
1757555761213 611302488297.8617 363
1757555761292 202061174068.89337 364
1757555761368 129746101888.26021 365
1757555761446 352648405103.9818 366
1757555761526 191427110304.77765 367
1757555761604 264638790107.54514 368
1757555761680 417002103083.1138 369
1757555761758 93911623139.14217 370
1757555761833 388413226308.25354 371
1757555761908 98792189593.24382 372
1757555761982 398957286656.1093 373
1757555762058 286040574394.9277 374
1757555762136 295664504323.8793 375
1757555762213 173189185851.36993 376
1757555762290 279795939487.12787 377
1757555762364 234182212084.11548 378
1757555762440 362078116848.0955 379
1757555762523 126849006681.36191 380
1757555762601 112698173994.69603 381
1757555762678 271159430815.21344 382
1757555762752 115208678014.77452 383
1757555762826 199741133962.0359 384
1757555762910 109459524780.71674 385
1757555762985 284572049098.2004 386
1757555763066 504022905067.82574 387
1757555763145 194286381763.82346 388
1757555763252 243433895920.97638 389
1757555763333 381709975912.7418 390
1757555763412 167433975997.86417 391
1757555763489 211532502140.39767 392
1757555763568 261671269611.57684 393
1757555763647 69825958866.35132 394
1757555763725 595617579159.2383 395
1757555763801 321292912814.20917 396
1757555763880 236591600190.43802 397
1757555763960 490394043674.3414 398
1757555764039 145749211481.3804 399
1757555764117 160805936645.63388 400
1757555764194 346419983261.2618 401
1757555764270 133625573745.87965 402
1757555764346 204645444675.81088 403
1757555764420 106867023788.32169 404
1757555764501 408479127002.2996 405
1757555764581 437305875449.02936 406
1757555764660 92760384419.0637 407
1757555764738 393150375709.5824 408
1757555764815 221474460125.316 409
1757555764890 395359394532.58905 410
1757555764964 229834929975.63794 411
1757555765039 113043284665.68018 412
1757555765118 301974204978.4908 413
1757555765200 242906390465.54523 414
1757555765291 235713770302.70703 415
1757555765367 300726871963.3353 416
1757555765445 359666136564.4312 417
1757555765523 113475990784.54662 418
1757555765607 316277071161.1783 419
1757555765693 79216226392.15579 420
1757555765779 141799661568.72473 421
1757555765860 229699688188.8094 422
1757555765934 293790223330.0905 423
1757555766011 210941330215.91278 424
1757555766086 273714906330.41318 425
1757555766161 155917234392.53812 426
1757555766243 342073897675.97314 427
1757555766320 109610852051.32498 428
1757555766402 309886572062.3589 429
1757555766496 387419576112.17035 430
1757555766577 537301439045.72314 431
1757555766667 85362061509.46053 432
1757555766771 371424151302.48236 433
1757555766861 234411820834.33972 434
1757555766939 314374871863.0848 435
1757555767017 112467454155.74788 436
1757555767092 107258203761.23183 437
1757555767170 141439463269.0818 438
1757555767264 303155832150.36615 439
1757555767353 145672440133.32977 440
1757555767431 356238967369.63885 441
1757555767516 577559852097.2811 442
1757555767592 441619800922.8907 443
1757555767672 154355826798.25485 444
1757555767749 254878946440.47656 445
1757555767826 199371264277.9166 446
1757555767908 281578336713.4147 447
1757555768043 89725066923.92683 448
1757555768121 143315462151.15356 449
1757555768198 164451306660.48886 450
1757555768278 297967071123.7238 451
1757555768358 98189637669.21028 452
1757555768434 131710539302.04709 453
1757555768513 291578785887.15027 454
1757555768591 54768965549.471756 455
1757555768669 109597749468.71288 456
1757555768743 172539724924.8685 457
1757555768818 171977243753.14667 458
1757555768896 176454732263.23428 459
1757555768976 334079220600.507 460
1757555769053 56851794142.38826 461
1757555769128 843936906238.5515 462
1757555769207 453348169343.2383 463
1757555769286 421644115881.68097 464
1757555769378 164173293093.793 465
1757555769453 124077402428.89508 466
1757555769532 286266573569.0058 467
1757555769615 300742179759.6226 468
1757555769701 123381924361.50732 469
1757555769778 136955749217.02077 470
1757555769858 518458847400.13416 471
1757555769934 147816108580.70505 472
1757555770011 363640790363.3808 473
1757555770086 326829117588.3646 474
1757555770162 111448170200.66287 475
1757555770239 452992845777.26013 476
1757555770349 280995141683.0556 477
1757555770432 125489654219.9915 478
1757555770516 481255679949.5571 479
1757555770597 345890033584.66205 480
1757555770683 138422777134.47867 481
1757555770761 85664731306.3536 482
1757555770840 100639894152.23262 483
1757555770918 364601716368.22125 484
1757555770996 322538304713.9051 485
1757555771079 176513167664.24466 486
1757555771158 183402906745.10056 487
1757555771236 333716944553.87775 488
1757555771316 392793869368.36444 489
1757555771397 221186095229.8009 490
1757555771474 268306482906.40372 491
1757555771553 90296540943.90442 492
1757555771632 197879709074.53775 493
1757555771708 313875123414.467 494
1757555771784 120596256197.58598 495
1757555771872 390397964579.55 496
1757555771949 131721189830.7172 497
1757555772028 178123006190.33475 498
1757555772103 112526809303.25461 499
