1757571924121 773518401338.0413 0
1757571924798 12536404480818.568 1
1757571925475 504782691384.46783 2
1757571926150 2821811860756.2617 3
1757571926832 25048361781038.44 4
1757571927528 2.0158781296165516e+16 5
1757571928158 1.340854822296409e+16 6
1757571928741 1.6640386016205584e+17 7
1757571929354 8.161045121291923e+18 8
1757571929995 1.610263529147846e+18 9
1757571930603 1.1357894999356874e+18 10
1757571931203 4.066178888932434e+16 11
1757571931787 1.9510793702831695e+20 12
1757571932489 4.264349344789696e+19 13
1757571933180 1.7665940321684693e+22 14
1757571933883 1.399366226889549e+23 15
1757571934568 1.7748657228872067e+25 16
1757571935252 8.340947815118038e+25 17
1757571935869 5.916424824089301e+23 18
1757571936542 5.167576626795797e+24 19
1757571937249 2.3258787217732555e+26 20
1757571937947 7.019558807117578e+25 21
1757571938642 1.0456339332795148e+25 22
1757571939331 7.995314789476533e+24 23
1757571940049 4.82391713319231e+25 24
1757571940765 7.506499245706998e+24 25
1757571941481 9.83692131810732e+24 26
1757571942163 8.850849062089857e+23 27
1757571942773 6.587619419873762e+26 28
1757571943491 1.9438557612600602e+26 29
1757571944225 8.969949289530207e+26 30
1757571944900 8.569338753307555e+26 31
1757571945572 2.95249345458506e+27 32
1757571946294 2.9269028936744175e+27 33
1757571946995 2.3750476990651205e+28 34
1757571947696 2.702052529168148e+28 35
1757571948417 1.9111504801030455e+28 36
1757571949137 2.9904369447823255e+30 37
1757571949838 1.395265293799609e+30 38
1757571950391 6.125600421675569e+30 39
1757571951001 1.2031094326162238e+33 40
1757571951616 1.2680253572209965e+34 41
1757571952231 1.0308063013566584e+35 42
1757571952892 4.542197085343241e+35 43
1757571953455 3.796533531802713e+35 44
1757571954061 1.061121286827386e+38 45
1757571954653 1.3721274552251346e+38 46
1757571955295 2.528759118209603e+38 47
1757571955947 1.6103575686821182e+38 48
1757571956526 6.063707255085565e+39 49
1757571957126 5.613877027206442e+39 50
1757571957754 3.469639684842586e+38 51
1757571958487 5.1365738679000575e+35 52
1757571959211 6.619553685506282e+43 53
1757571959938 9.836269033400314e+41 54
1757571960591 7.375368378207177e+43 55
1757571961331 3.735895779607791e+46 56
1757571962063 1.5231600359961424e+46 57
1757571962765 1.252432779051283e+48 58
1757571963466 1.9781196940141297e+47 59
1757571964179 2.303434252613601e+47 60
1757571964899 2.3186609449364096e+48 61
1757571965651 4.5420262917474955e+49 62
1757571966330 1.3778151267509353e+50 63
1757571967017 1.9593054042404214e+52 64
1757571967737 1.219367406060949e+52 65
1757571968467 4.079728491829858e+56 66
1757571969178 1.448294661807086e+56 67
1757571969890 1.2035379083449178e+56 68
1757571970591 2.950972631960477e+56 69
1757571971319 2.9870902851491744e+58 70
1757571972048 1.0618262241196917e+56 71
1757571972761 4.522781803767073e+60 72
1757571973481 6.894240228644125e+60 73
1757571974183 5.568722837322163e+61 74
1757571974855 2.410792857368745e+63 75
1757571975516 6.960359978064173e+63 76
1757571976241 3.652374545106379e+62 77
1757571976944 2.7299495635985743e+63 78
1757571977659 1.399673506106843e+65 79
1757571978362 4.959557798212359e+65 80
1757571979059 3.244237493195032e+67 81
1757571979729 2.2279105085796114e+68 82
1757571980455 2.638895190330971e+70 83
1757571981113 8.438104827691851e+68 84
1757571981808 2.848849302142273e+69 85
1757571982517 4.300302499397257e+70 86
1757571983213 4.1959480188996615e+72 87
1757571983795 2.1658060558602696e+72 88
1757571984467 1.3022625356392157e+75 89
1757571985123 1.3240440825025015e+75 90
1757571985836 5.809236306473803e+75 91
1757571986570 6.609185969904487e+77 92
1757571987229 6.889972715104983e+76 93
1757571987942 4.167739659760617e+77 94
1757571988660 1.5221875656058297e+78 95
1757571989379 1.8286652963781819e+74 96
1757571990100 5.481711076301186e+78 97
1757571990807 2.2903552242018577e+79 98
1757571991506 4.125722714282626e+81 99
1757571992146 3.9271731055048286e+83 100
1757571992866 5.821518285684108e+82 101
1757571993513 6.566951594664078e+84 102
1757571994259 5.680197002767881e+86 103
1757571994978 1.5277651700259216e+84 104
1757571995700 1.2984396493334027e+86 105
1757571996441 2.1057240895654756e+87 106
1757571997158 5.421146103060319e+87 107
1757571997803 3.540515994067862e+88 108
1757571998451 5.519414735682273e+87 109
1757571999121 1.2022893171502886e+89 110
1757571999809 1.8859679947070414e+90 111
1757572000512 2.3607018261685123e+91 112
1757572001226 2.154220764862119e+93 113
1757572001958 2.7738685888610025e+94 114
1757572002658 6.1798102387490745e+94 115
1757572003320 4.08606669699825e+95 116
1757572004044 5.53612085190356e+95 117
1757572004773 5.686073838025826e+98 118
1757572005492 1.8383676147474338e+101 119
1757572006215 9.382638546752491e+100 120
1757572006970 2.1093855964090523e+101 121
1757572007631 2.4080952868447455e+100 122
1757572008347 8.99834675027135e+100 123
1757572009064 3.404332205622057e+101 124
1757572009799 2.373546599849913e+101 125
1757572010507 1.1445602653035076e+104 126
1757572011235 1.9735958827003553e+104 127
1757572011960 3.9239560618947803e+105 128
1757572012672 5.795350740898906e+104 129
1757572013381 2.6102563073218773e+106 130
1757572014045 7.452245096476785e+103 131
1757572014770 3.5029462676361295e+104 132
1757572015484 1.034919691692562e+103 133
1757572016190 4.331429567803167e+104 134
1757572016894 7.173839643328643e+104 135
1757572017450 1.5265854453540573e+107 136
1757572017985 6.215708308065895e+107 137
1757572018716 1.0845756140929561e+108 138
1757572019332 1.3910938889327174e+109 139
1757572020044 1.5324612124558216e+106 140
1757572020706 1.2335697642183013e+107 141
1757572021444 2.777391037580801e+108 142
1757572022153 5.344028370011531e+105 143
1757572022872 2.1091298969952973e+108 144
1757572023624 9.35494137894915e+108 145
1757572024362 5.8814788416672095e+110 146
1757572025086 6.859313128727146e+107 147
1757572025814 8.260670102543759e+107 148
1757572026537 7.770229435659474e+108 149
1757572027281 9.122611977710457e+111 150
1757572027997 2.862336163065318e+108 151
1757572028712 5.313455489133318e+110 152
1757572029430 6.918932772473902e+111 153
1757572030151 8.147223618627078e+112 154
1757572030821 4.476769146422365e+112 155
1757572031565 4.1663706447634e+114 156
1757572032221 1.0079679482293168e+118 157
1757572032921 1.569727699089823e+117 158
1757572033644 8.587948459190402e+114 159
1757572034365 2.2842691564684935e+120 160
1757572035084 3.214076239091812e+120 161
1757572035817 3.231226954503399e+122 162
1757572036542 3.0149321371455508e+119 163
1757572037268 1.4009731359441544e+124 164
1757572037994 5.416346593468648e+123 165
1757572038728 4.2971080187228275e+124 166
1757572039457 1.3062509195001725e+127 167
1757572040126 2.0733631777949505e+127 168
1757572040825 8.639226047385026e+128 169
1757572041545 5.788691830245381e+132 170
1757572042255 3.290568277608846e+133 171
1757572042965 1.2318472433132806e+135 172
1757572043667 1.2124305032671346e+134 173
1757572044397 3.42686502018693e+135 174
1757572045118 4.332916144762114e+137 175
1757572045815 6.984013997203573e+138 176
1757572046510 6.111665637832915e+139 177
1757572047221 7.10491867036362e+140 178
1757572047923 2.4603585355291036e+142 179
1757572048636 1.5043024125388376e+141 180
1757572049342 1.1518157969047467e+142 181
1757572050064 1.0569082183702573e+144 182
1757572050761 5.907725569766166e+143 183
1757572051411 4.85935031354336e+143 184
1757572052084 5.780943673749926e+146 185
1757572052801 2.194247949946349e+144 186
1757572053497 2.871318408849442e+147 187
1757572054236 2.6193962684402375e+149 188
1757572054972 1.1852961743001777e+150 189
1757572055628 1.0793861328661769e+151 190
1757572056305 7.511209392680668e+151 191
1757572056984 8.677032128691435e+152 192
1757572057684 3.677227452468459e+150 193
1757572058227 1.0539918937403873e+153 194
1757572058925 4.0650378304451007e+151 195
1757572059628 9.232821718066737e+152 196
1757572060302 1.901110746824497e+153 197
1757572060862 3.6290713364318935e+152 198
1757572061427 1.4607256958295843e+155 199
1757572062108 5.9169819990724534e+156 200
1757572062781 2.168123254538058e+157 201
1757572063463 4.39578520817806e+157 202
1757572064143 9.079525448077255e+158 203
1757572064831 2.277541022108023e+160 204
1757572065498 5.944199906787416e+157 205
1757572066191 1.783145496624336e+159 206
1757572066888 6.364766423334506e+160 207
1757572067575 5.933558165138741e+160 208
1757572068209 2.1056528419727943e+162 209
1757572068743 2.15787946674565e+163 210
1757572069403 1.9553543877234595e+163 211
1757572070088 6.925179442896421e+163 212
1757572070778 3.166970773167829e+163 213
1757572071483 2.4526647630022603e+162 214
1757572072154 9.62285773575401e+165 215
1757572072831 9.607923123523656e+163 216
1757572073545 5.610991250071982e+165 217
1757572074233 9.066790011010101e+166 218
1757572075020 4.59860521973875e+166 219
1757572075799 8.43433391439468e+168 220
1757572076519 4.424614061918267e+169 221
1757572077268 1.7742098075122004e+169 222
1757572078001 5.640566378220761e+169 223
1757572078708 7.4022293206578605e+171 224
1757572079306 1.6724990309640782e+173 225
1757572079920 1.8017530162203512e+176 226
1757572080620 2.1852810535594966e+173 227
1757572081263 1.4279997127651385e+175 228
1757572081855 7.48285795207202e+176 229
1757572082495 2.781632340427423e+176 230
1757572083193 2.5387196530487575e+177 231
1757572083897 8.036346163393031e+178 232
1757572084529 4.1008535682552366e+179 233
1757572085198 1.733934690996954e+181 234
1757572085882 3.2603594806124054e+181 235
1757572086577 1.3804095523990354e+181 236
1757572087264 7.58116000170617e+180 237
1757572087972 2.7940432203551274e+183 238
1757572088681 1.232387898676186e+183 239
1757572089380 1.9993543399096437e+182 240
1757572090070 6.039011609083742e+184 241
1757572090755 1.7132571764966322e+186 242
1757572091447 4.736614033742799e+187 243
1757572092141 1.006259580082169e+188 244
1757572092860 1.407095771127059e+189 245
1757572093591 5.094183473489691e+190 246
1757572094388 1.9868591722753256e+190 247
1757572095095 1.7566416894905668e+192 248
1757572095797 5.334897418972927e+194 249
1757572096480 5.884654925743045e+195 250
1757572097190 1.5521410672551805e+197 251
1757572097879 2.157483216515076e+198 252
1757572098595 2.010749015560074e+197 253
1757572099293 6.153158966150706e+200 254
1757572099994 6.738601236783898e+200 255
1757572100692 2.3369482256975654e+203 256
1757572101401 3.895393266396523e+203 257
1757572102093 6.585057736494753e+206 258
1757572102790 9.520463246660008e+204 259
1757572103474 1.04332772724506e+207 260
1757572104179 2.693717406963886e+205 261
1757572104885 2.0391104592288433e+207 262
1757572105578 2.3779698723393973e+209 263
1757572106184 9.067582246120865e+209 264
1757572106898 3.2659894876628053e+210 265
1757572107595 1.0117515519844383e+212 266
1757572108313 1.3169279638335877e+211 267
1757572109039 3.991697605935433e+212 268
1757572109764 3.484680364028696e+212 269
1757572110472 4.2941350258053113e+214 270
1757572111177 1.5423624525444503e+216 271
1757572111878 7.607299195769869e+215 272
1757572112589 1.3805338539517592e+217 273
1757572113292 1.843895186315858e+219 274
1757572113993 2.6114568321765287e+220 275
1757572114690 5.037200317121234e+218 276
1757572115393 6.862636588886262e+220 277
1757572116080 1.1016311196514964e+218 278
1757572116781 5.8817322413691e+217 279
1757572117484 2.924283514119948e+217 280
1757572118187 1.509723892520644e+219 281
1757572118888 8.268526906716716e+220 282
1757572119601 6.995330756673756e+221 283
1757572120308 1.4482133059756953e+222 284
1757572121023 1.2361182104070643e+223 285
1757572121732 1.0009070521101956e+223 286
1757572122446 2.4061884015634447e+226 287
1757572123149 2.1772069641135528e+228 288
1757572123871 1.322981474048788e+229 289
1757572124573 9.987220230473033e+227 290
1757572125275 1.3514633910026177e+228 291
1757572125970 7.886501764941587e+230 292
1757572126678 1.648080917122922e+231 293
1757572127313 1.654657347092909e+235 294
1757572128002 8.053255618096558e+233 295
1757572128686 1.7040161039555958e+235 296
1757572129362 8.558163502024105e+234 297
1757572130070 1.0429558683350631e+237 298
1757572130781 4.33581965270288e+235 299
1757572131483 1.1303032225365327e+237 300
1757572132201 5.563726678749802e+237 301
1757572132852 6.149103210300768e+236 302
1757572133530 1.830400884312501e+239 303
1757572134227 2.8746840200088567e+240 304
1757572134929 5.8524720429971636e+240 305
1757572135614 2.5833762896018606e+239 306
1757572136301 3.131828514001046e+239 307
1757572136988 6.943332037462111e+241 308
1757572137705 1.1675246208433774e+241 309
1757572138403 1.9884470674718843e+241 310
1757572139135 7.723479933740213e+239 311
1757572139832 3.6012166963859885e+241 312
1757572140539 1.2619915452513207e+243 313
1757572141249 6.628629538266112e+242 314
1757572141906 2.568519665203129e+242 315
1757572142563 9.12344664802968e+243 316
1757572143239 1.707486415680689e+244 317
1757572143808 1.4661430378463038e+244 318
1757572144480 2.9294040627478547e+245 319
1757572145079 6.696146634559727e+247 320
1757572145718 9.278814229769369e+247 321
1757572146294 4.405975461499523e+248 322
1757572146979 3.123974655283051e+249 323
1757572147673 1.9939520499475091e+251 324
1757572148366 7.215633739715868e+253 325
1757572149051 4.0580197211904595e+254 326
1757572149733 1.013650103586497e+256 327
1757572150412 1.2226460295249784e+257 328
1757572151094 3.7337895043460905e+256 329
1757572151805 2.0826206555426954e+255 330
1757572152510 3.265520781977644e+258 331
1757572153201 7.279800771601955e+258 332
1757572153881 8.448707252739793e+258 333
1757572154556 4.967553185936464e+259 334
1757572155257 9.429707810965994e+260 335
1757572155937 5.389486405687396e+256 336
1757572156637 1.147016643576311e+262 337
1757572157336 1.2879191421505745e+263 338
1757572157979 1.2069410915577543e+262 339
1757572158628 1.5872535091709713e+261 340
1757572159260 4.7933869067564934e+263 341
1757572159996 7.782456712358313e+263 342
1757572160691 1.1950329670548155e+265 343
1757572161381 6.849114111998144e+263 344
1757572162076 3.345860479094978e+261 345
1757572162771 6.570541593442542e+264 346
1757572163495 1.348238433721374e+267 347
1757572164114 4.8072661140677195e+268 348
1757572164637 2.215441905172369e+268 349
1757572165317 1.6473246748513165e+270 350
1757572166001 7.307662604762946e+268 351
1757572166682 4.244368879017656e+269 352
1757572167356 9.640229526635205e+271 353
1757572168033 6.514834824587134e+270 354
1757572168741 1.745361853876956e+271 355
1757572169450 1.1598431241179954e+275 356
1757572170161 1.5532625480856235e+275 357
1757572170859 9.831559819360319e+274 358
1757572171556 4.6221657049278194e+275 359
1757572172251 1.860755000760982e+276 360
1757572172956 4.1718720804336035e+276 361
1757572173604 7.649377788654282e+273 362
1757572174313 8.065639517989699e+275 363
1757572175027 4.742797008499376e+275 364
1757572175758 5.285196348984997e+275 365
1757572176469 5.2074067540398864e+277 366
1757572177174 1.8653720140146127e+278 367
1757572177862 3.4365037036947354e+281 368
1757572178569 5.3903802634489e+280 369
1757572179265 1.1023738866373851e+282 370
1757572179974 1.3569860246324733e+282 371
1757572180675 6.114779377179277e+282 372
1757572181401 7.159729789246138e+281 373
1757572182106 6.184797460038946e+280 374
1757572182806 1.520210588725301e+280 375
1757572183518 7.823051450380032e+280 376
1757572184237 3.703653475130863e+280 377
1757572184897 4.1483366012596035e+279 378
1757572185609 2.2210001425309124e+281 379
1757572186322 5.765869815393927e+280 380
1757572187042 1.1629275772197116e+284 381
1757572187747 7.358339441135617e+282 382
1757572188461 2.0262940691100307e+286 383
1757572189158 2.3504723333124208e+285 384
1757572189871 3.7352688531419667e+286 385
1757572190572 6.9548638922131754e+286 386
1757572191295 1.0296236160380107e+284 387
1757572192013 2.7645733715682453e+285 388
1757572192740 2.378804390324094e+287 389
1757572193441 7.046784241154483e+287 390
1757572194178 1.3156825052057086e+285 391
1757572194903 6.45521643975061e+285 392
1757572195627 2.331005700460386e+289 393
1757572196328 2.2873785305879217e+289 394
1757572197038 3.353455631850113e+287 395
1757572197731 1.456514375932175e+290 396
1757572198432 1.5789108271779227e+290 397
1757572199065 1.048857008539052e+292 398
1757572199717 3.844251009957331e+293 399
1757572200241 1.0003896232586625e+294 400
1757572200945 6.495265869626291e+288 401
1757572201592 1.0558242675230392e+294 402
1757572202174 4.614924466889751e+292 403
1757572202857 1.8855826144798443e+295 404
1757572203539 1.624712028108605e+295 405
1757572204231 1.3873119493015425e+295 406
1757572204928 8.137961859290584e+295 407
1757572205625 3.706633554505473e+296 408
1757572206335 2.2134838471653657e+296 409
1757572206927 2.0208914695783476e+295 410
1757572207641 6.558266233136414e+295 411
1757572208345 3.059984808535946e+295 412
1757572209034 2.419288313282913e+293 413
1757572209732 1.8644339484997272e+295 414
1757572210428 9.743266637356986e+296 415
1757572211123 2.426381240884482e+297 416
1757572211823 3.4820028378330415e+297 417
1757572212502 3.246721783749406e+298 418
1757572212989 1.6523113758725592e+297 419
1757572213554 1.3965882752256133e+297 420
1757572214114 1.1155879664588006e+298 421
1757572214653 4.73484303646048e+294 422
1757572215215 4.5287708700917025e+298 423
1757572215760 6.74830981122687e+297 424
1757572216316 3.4178511997536286e+300 425
1757572217009 6.214279937035355e+300 426
1757572217727 3.563812408799057e+300 427
1757572218427 1.6747915278398933e+300 428
1757572219121 6.931128797534256e+299 429
1757572219807 2.5645090038342393e+301 430
1757572220508 2.402644522109101e+301 431
