1757542569423 1506872659017.1287 0
1757542569484 288586287746.87665 1
1757542569545 1025945580959.6656 2
1757542569611 1198049172594.4792 3
1757542569679 1056281885341.0577 4
1757542569750 956951900554.9956 5
1757542569811 530885490512.5715 6
1757542569875 748436549322.8754 7
1757542569938 500545315399.1986 8
1757542570011 479537195748.18945 9
1757542570071 974503220004.1101 10
1757542570141 342859713840.8177 11
1757542570204 525233154350.37994 12
1757542570275 405570091111.0671 13
1757542570356 2470137310430.62 14
1757542570427 687562190864.614 15
1757542570493 213170048737.835 16
1757542570557 783594279948.5668 17
1757542570634 1377119962889.2888 18
1757542570700 1473395232485.121 19
1757542570761 809934825519.3604 20
1757542570828 244459229536.17596 21
1757542570892 429950308690.60345 22
1757542570959 372472935684.2898 23
1757542571026 728109499440.9875 24
1757542571091 286354714961.39923 25
1757542571157 816541014008.8844 26
1757542571223 994906464288.5585 27
1757542571285 249274642696.45355 28
1757542571349 738691039945.3612 29
1757542571419 1476999983637.2717 30
1757542571485 736929461194.8302 31
1757542571548 245416834722.66687 32
1757542571613 287116027060.8228 33
1757542571673 493935612508.75806 34
1757542571740 339878268380.1394 35
1757542571805 691946923782.9578 36
1757542571867 484997649675.3889 37
1757542571932 714376817690.6047 38
1757542572002 1030320373385.429 39
1757542572069 393139891513.95355 40
1757542572133 693116123425.6427 41
1757542572200 716443494789.0392 42
1757542572261 200637256068.00064 43
1757542572332 846446034524.7765 44
1757542572404 205236259439.91623 45
1757542572485 119303955652.52705 46
1757542572565 1534719324068.5408 47
1757542572633 212453139117.03708 48
1757542572697 846025728257.9159 49
1757542572766 316163407349.5213 50
1757542572836 592020279362.5492 51
1757542572909 1109687324405.7312 52
1757542572990 206402495111.71234 53
1757542573058 510129812959.1233 54
1757542573123 398055193204.0154 55
1757542573194 105585932313.46663 56
1757542573259 544614385492.69403 57
1757542573328 534819962977.2269 58
1757542573399 619476604733.1642 59
1757542573468 221361435729.61993 60
1757542573528 739017843480.582 61
1757542573605 456849792076.2832 62
1757542573676 321693465805.5339 63
1757542573738 307967940935.74615 64
1757542573808 176022087774.24063 65
1757542573872 338795701452.61224 66
1757542573933 298546355608.0874 67
1757542574000 550745013282.6957 68
1757542574064 799612086331.705 69
1757542574127 144641573951.4729 70
1757542574188 158965429393.39615 71
1757542574258 995597824038.4675 72
1757542574323 184479882695.36096 73
1757542574392 170810780058.1438 74
1757542574460 93270851822.12979 75
1757542574527 1031092881805.3712 76
1757542574595 185843150504.22412 77
1757542574665 398582920091.0911 78
1757542574733 792745932413.4103 79
1757542574797 464892879475.5597 80
1757542574864 479358066137.78595 81
1757542574929 1425176742701.0632 82
1757542574998 348286817231.73236 83
1757542575066 682608278436.6125 84
1757542575179 114743835433.66922 85
1757542575244 749185221144.6259 86
1757542575308 207827470837.73273 87
1757542575376 123117297775.76505 88
1757542575443 166649057005.7943 89
1757542575511 219987568426.09943 90
1757542575577 152243454744.97012 91
1757542575646 447349954695.46436 92
1757542575715 762697381463.0548 93
1757542575779 740284446290.6729 94
1757542575850 1096464159178.1227 95
1757542575912 177658160957.3341 96
1757542575980 517850536975.9091 97
1757542576048 556405840070.0057 98
1757542576116 207567516467.4207 99
1757542576179 548431409509.95483 100
1757542576250 69850551070.50375 101
1757542576316 1125617377070.6118 102
1757542576384 275238172720.2568 103
1757542576458 128553210262.4827 104
1757542576538 269206445223.31247 105
1757542576602 120810791076.86986 106
1757542576671 141179185523.78558 107
1757542576739 522741400448.56006 108
1757542576806 119414975759.68414 109
1757542576872 431989097612.05725 110
1757542576940 108710356517.59174 111
1757542577005 548655657727.1083 112
1757542577072 146666077886.53854 113
1757542577145 135082872991.85356 114
1757542577212 412886079461.3018 115
1757542577280 97285626183.6838 116
1757542577348 545396191018.20337 117
1757542577415 704131985016.5889 118
1757542577489 98280428996.5372 119
1757542577561 720492278769.622 120
1757542577627 863903258866.3983 121
1757542577692 197018991804.38586 122
1757542577755 173146505280.84482 123
1757542577821 729789843294.5524 124
1757542577890 734961837768.2749 125
1757542577964 124295248421.76428 126
1757542578032 98886234902.03761 127
1757542578101 122617083504.78923 128
1757542578168 559150892282.374 129
1757542578233 178691242125.29327 130
1757542578301 169671953850.99493 131
1757542578362 153859496564.95547 132
1757542578429 505015083211.0603 133
1757542578500 314230265949.63745 134
1757542578570 92892709089.85745 135
1757542578633 680260910798.5682 136
1757542578702 409813783289.50385 137
1757542578764 138004351504.37735 138
1757542578829 450621021066.6307 139
1757542578897 108688802442.43945 140
1757542578963 718033374938.9042 141
1757542579026 394349501227.077 142
1757542579097 113057892622.1224 143
1757542579166 99480786478.8633 144
1757542579233 328734623492.4207 145
1757542579303 92805574379.30508 146
1757542579370 201384958772.81488 147
1757542579445 325365386692.8723 148
1757542579513 216276965211.06964 149
1757542579575 654854634653.1294 150
1757542579642 71518524328.29317 151
1757542579711 842455023249.4192 152
1757542579780 112914883702.86176 153
1757542579847 173775840457.9154 154
1757542579925 748927889407.6594 155
1757542579992 107663536982.23514 156
1757542580057 362059914389.7726 157
1757542580125 81179026578.67917 158
1757542580189 566760590011.8639 159
1757542580250 379903243257.2565 160
1757542580330 88136369320.14488 161
1757542580402 494823628106.2294 162
1757542580468 891742654098.4246 163
1757542580538 189173663210.23566 164
1757542580606 281283694228.9963 165
1757542580678 390254335298.3373 166
1757542580740 66846442635.12039 167
1757542580801 307791391998.5044 168
1757542580865 598376679852.5265 169
1757542580931 126909938610.71896 170
1757542580999 108727770379.14069 171
1757542581067 270806757117.15063 172
1757542581132 123343731927.52066 173
1757542581205 73938114908.8843 174
1757542581279 98667320580.27405 175
1757542581344 104885665252.9606 176
1757542581412 437721627866.57385 177
1757542581474 261900410912.07935 178
1757542581549 498443951948.83826 179
1757542581610 146659032725.59525 180
1757542581679 167173641528.56348 181
1757542581745 270255429272.2256 182
1757542581806 274222215466.8547 183
1757542581868 825251171955.4862 184
1757542581958 561129116007.334 185
1757542582043 636214936408.3461 186
1757542582131 63453809522.41789 187
1757542582219 92545390167.08327 188
1757542582304 541238842345.36523 189
1757542582400 224817754884.04156 190
1757542582484 71969122198.56615 191
1757542582576 101433352833.98758 192
1757542582658 71071766913.26657 193
1757542582741 422485481123.84955 194
1757542582829 399503894305.0814 195
1757542582915 80302330675.81305 196
1757542582996 668233903819.0687 197
1757542583068 319659003463.9181 198
1757542583139 100203908145.66351 199
1757542583206 236852096549.21915 200
1757542583277 189993870775.37708 201
1757542583346 357112576504.1938 202
1757542583408 50819526183.186966 203
1757542583475 125031142095.37468 204
1757542583545 133129645767.93828 205
1757542583613 321822851997.95984 206
1757542583680 119603438369.57567 207
1757542583754 138645109890.81848 208
1757542583821 135735962233.88133 209
1757542583885 382129212989.919 210
1757542583957 106609186434.06087 211
1757542584024 141420907400.6987 212
1757542584092 537860373171.0764 213
1757542584156 79135647491.42897 214
1757542584224 98433935829.21727 215
1757542584291 406851816908.80316 216
1757542584360 287229067545.2625 217
1757542584430 265787308956.03992 218
1757542584494 83906449869.51926 219
1757542584564 91365508766.33539 220
1757542584630 55683610853.402916 221
1757542584701 200175987600.74207 222
1757542584771 257895024021.22177 223
1757542584844 148755021002.15915 224
1757542584912 643988323954.7582 225
1757542584980 90107516909.28923 226
1757542585043 440786554306.69806 227
1757542585113 68267748350.40273 228
1757542585183 64759134052.535355 229
1757542585255 417871383209.53015 230
1757542585320 116577058855.43945 231
1757542585388 111373497686.93468 232
1757542585458 152864913447.51825 233
1757542585520 151891695505.45044 234
1757542585602 276522338680.35065 235
1757542585671 582023330987.0201 236
1757542585743 272238998733.05118 237
1757542585811 268550265379.1581 238
1757542585880 104042230547.74667 239
1757542585945 73936364683.49574 240
1757542586016 911009934316.1661 241
1757542586085 306352886679.40704 242
1757542586153 536987527784.9561 243
1757542586218 75779175580.79518 244
1757542586288 103091993709.68974 245
1757542586357 103095990510.64095 246
1757542586428 67248650746.88446 247
1757542586496 1006485051611.4935 248
1757542586564 115375241532.63649 249
1757542586635 81304617892.72826 250
1757542586703 326013467084.26886 251
1757542586775 131380761886.76718 252
1757542586842 358930469656.2422 253
1757542586919 412744652405.2629 254
1757542586991 859536964206.821 255
1757542587060 231921426702.08466 256
1757542587125 46177012978.76271 257
1757542587197 247373599704.0309 258
1757542587263 96949736966.63535 259
1757542587333 110225099050.87878 260
1757542587402 112117853281.20583 261
1757542587475 135537691351.15472 262
1757542587546 235762188038.28192 263
1757542587614 579171516182.6531 264
1757542587680 551139191679.339 265
1757542587752 255731321617.5767 266
1757542587821 149170980958.58508 267
1757542587892 364223529316.4562 268
1757542587959 84339612402.1729 269
1757542588026 362370026564.06995 270
1757542588099 114962699589.40732 271
1757542588166 542374222874.7954 272
1757542588237 539265914820.77515 273
1757542588310 231895738924.01855 274
1757542588385 168795098867.0208 275
1757542588454 395600567129.6577 276
1757542588526 82681925526.24522 277
1757542588595 105654855483.17882 278
1757542588675 183005010233.13507 279
1757542588744 216709362216.9902 280
1757542588814 108453011608.3878 281
1757542588879 346475241741.8553 282
1757542588956 239401469363.26788 283
1757542589024 327298720697.1882 284
1757542589091 311082283303.63904 285
1757542589159 96701205929.91098 286
1757542589227 281603275967.1773 287
1757542589296 60937949732.2168 288
1757542589371 632187851170.9408 289
1757542589442 82786507929.97655 290
1757542589514 186742305431.58075 291
1757542589586 420941445685.4098 292
1757542589662 266317737756.32852 293
1757542589727 286690007967.5801 294
1757542589795 229483613654.44626 295
1757542589865 145438245805.90567 296
1757542589936 300449261461.453 297
1757542590008 561791232107.1028 298
1757542590076 642051242798.6976 299
1757542590148 131940463401.13889 300
1757542590219 275373009395.6146 301
1757542590291 728661187131.7596 302
1757542590380 494078602440.2329 303
1757542590451 276428632591.62494 304
1757542590519 484380597104.8149 305
1757542590592 520012431001.6379 306
1757542590665 69937866896.42348 307
1757542590740 271800877743.1297 308
1757542590804 214254078015.77853 309
1757542590877 320592364179.597 310
1757542590948 268955886250.05173 311
1757542591016 451247722756.5035 312
1757542591095 104527350802.80836 313
1757542591165 112616660166.23395 314
1757542591234 119053542662.78738 315
1757542591310 86240797263.93787 316
1757542591377 275934820092.81384 317
1757542591444 80271039988.62907 318
1757542591509 326965532124.217 319
1757542591586 326041319505.9941 320
1757542591662 357765749566.5234 321
1757542591728 74070547082.94917 322
1757542591796 392627494160.6396 323
1757542591882 130801153358.1857 324
1757542591948 135357778205.01764 325
1757542592018 317742925030.67523 326
1757542592085 175479054631.7466 327
1757542592156 387796349782.9004 328
1757542592228 127242786425.81023 329
1757542592294 121304407719.8752 330
1757542592368 664891377846.8157 331
1757542592432 250598717791.93536 332
1757542592505 339976620590.07825 333
1757542592583 147466170390.8899 334
1757542592654 114565233809.53674 335
1757542592722 805230496720.6685 336
1757542592799 495214234260.14777 337
1757542592871 163094931877.297 338
1757542592959 245511580249.5409 339
1757542593029 545794437200.1458 340
1757542593099 176341115149.28574 341
1757542593175 267106410395.1515 342
1757542593249 378371535520.82874 343
1757542593319 54574334484.31163 344
1757542593392 411701175055.4084 345
1757542593462 56902576110.61212 346
1757542593538 55505101470.99138 347
1757542593607 271388094586.79105 348
1757542593678 80019818516.04747 349
1757542593747 627686939803.1366 350
1757542593820 483122978323.66797 351
1757542593891 479661742332.1654 352
1757542593956 313261751546.4702 353
1757542594027 487426063822.7118 354
1757542594094 290249271174.32623 355
1757542594161 110088442541.24544 356
1757542594229 404396350573.9395 357
1757542594299 85089301633.58633 358
1757542594366 178982558628.48538 359
1757542594437 703919755463.3643 360
1757542594503 285075239750.38525 361
1757542594580 51881250407.22274 362
1757542594651 101819264964.34267 363
1757542594725 88127900119.5637 364
1757542594794 340665132809.12775 365
1757542594864 107547722838.7635 366
1757542594941 208027571798.31387 367
1757542595012 456119069405.5356 368
1757542595078 89280446281.33882 369
1757542595146 56567019733.40112 370
1757542595225 345461225319.3419 371
1757542595302 126498009338.01074 372
1757542595371 71324285670.06056 373
1757542595438 59628946888.58472 374
1757542595511 106010877256.93971 375
1757542595587 97361581816.87587 376
1757542595656 186271625199.53372 377
1757542595726 376040691133.4345 378
1757542595797 269852295451.9093 379
1757542595873 267292903322.04572 380
1757542595940 192266931404.0666 381
1757542596012 97911564168.39665 382
1757542596083 352949396648.92755 383
1757542596151 116283594777.66768 384
1757542596215 77397874167.16336 385
1757542596283 414448660499.5608 386
1757542596356 650904672038.9285 387
1757542596428 473074392278.508 388
1757542596498 95316584340.32452 389
1757542596571 129707281675.43721 390
1757542596645 219198512903.06412 391
1757542596721 282363008974.86096 392
1757542596793 269590629612.9645 393
1757542596863 363489313811.4548 394
1757542596932 684950309054.4458 395
1757542597002 188191332990.01865 396
1757542597077 440304286910.502 397
1757542597151 643504087894.8064 398
1757542597222 100231311941.27603 399
1757542597295 364226026747.62054 400
1757542597368 266082504839.19434 401
1757542597439 101059444737.22987 402
1757542597509 95073898394.19452 403
1757542597580 65277275818.84985 404
1757542597647 548600510905.93756 405
1757542597720 662592060682.4528 406
1757542597791 231112305930.7619 407
1757542597859 140557848135.88358 408
1757542597930 103988360409.9445 409
1757542598002 107264954184.34328 410
1757542598087 224587078917.25214 411
1757542598159 178039042840.59335 412
1757542598224 510721714638.6187 413
1757542598296 469498792253.67346 414
1757542598373 467961900270.60834 415
1757542598443 54023929996.635254 416
1757542598513 118602586331.18597 417
1757542598589 94063945793.49112 418
1757542598660 293734938425.8029 419
1757542598733 616029030778.369 420
1757542598805 521488897647.4712 421
1757542598874 619164821471.2474 422
1757542598950 523514792412.9915 423
1757542599017 332497260629.32916 424
1757542599083 361247286283.237 425
1757542599151 532166773526.0321 426
1757542599227 240105383310.29092 427
1757542599299 99252745581.71068 428
1757542599371 273836857054.65778 429
1757542599453 79348776670.15282 430
1757542599524 297761571719.46234 431
1757542599596 83729476391.4663 432
1757542599662 160170233067.11026 433
1757542599734 292339222553.0846 434
1757542599805 72597946222.3597 435
1757542599876 195273017115.14322 436
1757542599948 105967207278.27666 437
1757542600025 55462336477.50166 438
1757542600096 126181440346.93811 439
1757542600168 74327533619.37852 440
1757542600237 238827049616.46725 441
1757542600313 89049028935.95468 442
1757542600412 262589440438.87772 443
1757542600487 268817622918.3952 444
1757542600562 295604428493.3687 445
1757542600633 729305102111.1143 446
1757542600706 396333761144.2732 447
1757542600781 108267756186.53824 448
1757542600855 172567090270.9237 449
1757542600927 96328607563.83034 450
1757542601001 81609536984.93239 451
1757542601076 731914108381.8647 452
1757542601145 71403274166.04791 453
1757542601225 75855482002.96848 454
1757542601295 471423232902.0123 455
1757542601372 293393916337.8334 456
1757542601448 135565386046.20314 457
1757542601561 121482569587.98943 458
1757542601631 293151490835.4083 459
1757542601702 242463274527.93042 460
1757542601784 344916436291.24646 461
1757542601853 103060403755.40733 462
1757542601930 95540703854.62457 463
1757542602005 254975214252.34027 464
1757542602076 70038253932.58687 465
1757542602151 435815904971.86414 466
1757542602225 74858724501.1716 467
1757542602298 143296476617.25302 468
1757542602379 194379593404.14786 469
1757542602454 292129650006.49286 470
1757542602525 195009777565.47507 471
1757542602597 261264571908.05164 472
1757542602663 126589069632.58728 473
1757542602733 197491913449.67664 474
1757542602806 57705710427.996086 475
1757542602881 441411057055.3204 476
1757542602974 68429995269.26504 477
1757542603040 290786876795.0507 478
1757542603116 222762824671.79907 479
1757542603193 314192175329.6626 480
1757542603264 289800286398.77844 481
1757542603333 367323286160.2115 482
1757542603410 77932958224.30522 483
1757542603479 399633585167.86993 484
1757542603557 234584311910.3885 485
1757542603639 468733457776.7388 486
1757542603709 219597570415.9046 487
1757542603793 194961262527.24313 488
1757542603872 108232044832.44048 489
1757542603944 634576633392.2772 490
1757542604019 294801092851.0415 491
1757542604089 83579560154.39655 492
1757542604162 148209206606.18274 493
1757542604236 473744260617.5451 494
1757542604317 355617916363.62885 495
1757542604407 123008195359.75908 496
1757542604478 505926326723.8031 497
1757542604555 123866271813.28716 498
1757542604642 33809019004.993122 499
