1757591827758 1053301486034.2926 0
1757591827830 859257345021.4518 1
1757591827903 720759772193.6049 2
1757591827979 618848475098.0695 3
1757591828053 542033807022.0028 4
1757591828128 483057383520.3365 5
1757591828202 437137392561.6028 6
1757591828278 400997582698.2678 7
1757591828351 372315074569.6724 8
1757591828421 349395807887.8847 9
1757591828490 330976469941.85297 10
1757591828555 316098676596.33826 11
1757591828620 304025831972.2105 12
1757591828686 294186145503.707 13
1757591828751 286132329353.2411 14
1757591828814 279512345617.84937 15
1757591828882 274047734422.57336 16
1757591828948 269517301821.78424 17
1757591829018 265744691706.33575 18
1757591829080 262588827705.24475 19
1757591829149 259936508139.77322 20
1757591829218 257696635145.39325 21
1757591829282 255795695414.56494 22
1757591829343 254174206444.02222 23
1757591829404 252783911895.9649 24
1757591829465 251585560985.40176 25
1757591829529 250547145069.91064 26
1757591829591 249642493460.55533 27
1757591829651 248850152395.05872 28
1757591829713 248152487888.53616 29
1757591829775 247534966082.9346 30
1757591829836 246985574692.3942 31
1757591829898 246494356884.65466 32
1757591829961 246053034970.2824 33
1757591830040 245654705985.81454 34
1757591830121 245293594953.0749 35
1757591830202 244964854503.25403 36
1757591830282 244664401845.94766 37
1757591830362 244388785874.96558 38
1757591830437 244135078638.46933 39
1757591830512 243900786541.55475 40
1757591830587 243683777557.5144 41
1757591830662 243482221448.6196 42
1757591830737 243294540576.63907 43
1757591830808 243119369347.46536 44
1757591830873 242955520706.77475 45
1757591830941 242801958403.20563 46
1757591831015 242657773976.82266 47
1757591831089 242522167625.29208 48
1757591831155 242394432257.4856 49
1757591831216 242273940171.52002 50
1757591831279 242160131897.40005 51
1757591831343 242052506828.15344 52
1757591831409 241950615331.39014 53
1757591831470 241854052088.58722 54
1757591831532 241762450454.519 55
1757591831594 241675477666.06512 56
1757591831656 241592830759.7026 57
1757591831719 241514233081.58783 58
1757591831782 241439431294.28223 59
1757591831852 241368192800.69858 60
1757591831919 241300303519.41113 61
1757591831984 241235565956.6295 62
1757591832049 241173797529.31833 63
1757591832112 241114829101.51782 64
1757591832186 241058503702.1683 65
1757591832314 241004675466.1092 66
1757591832388 240953208445.20044 67
1757591832461 240903975907.5186 68
1757591832534 240856859503.15884 69
1757591832612 240811748566.61832 70
1757591832689 240768539492.99823 71
1757591832763 240727135178.43393 72
1757591832839 240687444516.59622 73
1757591832913 240649381944.3079 74
1757591832989 240612867030.328 75
1757591833071 240577824102.2013 76
1757591833150 240544181906.7842 77
1757591833225 240511873300.66153 78
1757591833299 240480834967.1755 79
1757591833377 240451007157.22342 80
1757591833454 240422333451.34537 81
1757591833533 240394760540.93918 82
1757591833615 240368238026.70462 83
1757591833692 240342718232.6515 84
1757591833758 240318156034.20038 85
1757591833824 240294508699.07788 86
1757591833891 240271735739.85138 87
1757591833970 240249798777.07928 88
1757591834049 240228661412.16058 89
1757591834115 240208289109.0641 90
1757591834181 240188649084.20462 91
1757591834245 240169710203.80298 92
1757591834313 240151442888.13492 93
1757591834379 240133819022.13016 94
1757591834440 240116811871.83298 95
1757591834501 240100396006.2805 96
1757591834562 240084547224.3963 97
