1757556885062 1064044826677.1194 0
1757556885126 1061374519592.9503 1
1757556885187 1058714945187.0713 2
1757556885249 1056066041541.526 3
1757556885310 1053427747664.5935 4
1757556885371 1050800003169.3053 5
1757556885433 1048182748264.3983 6
1757556885495 1045575923745.4241 7
1757556885559 1042979470986.0128 8
1757556885625 1040393331929.2904 9
1757556885684 1037817449079.4431 10
1757556885773 1035251765493.429 11
1757556885835 1032696224772.834 12
1757556885901 1030150771055.8684 13
1757556885960 1027615349009.5024 14
1757556886020 1025089903821.736 15
1757556886080 1022574381194.0059 16
1757556886140 1020068727333.7205 17
1757556886258 1017572888946.9257 18
1757556886329 1015086813231.0956 19
1757556886419 1012610447868.0491 20
1757556886481 1010143741016.9874 21
1757556886542 1007686641307.6525 22
1757556886606 1005239097833.6003 23
1757556886680 1002801060145.5941 24
1757556886742 1000372478245.107 25
1757556886806 997953302577.9377 26
1757556886865 995543484027.9369 27
1757556886928 993142973910.837 28
1757556886988 990751723968.1929 29
1757556887048 988369686361.4213 30
1757556887140 985996813665.9445 31
1757556887201 983633058865.4331 32
1757556887264 981278375346.1483 33
1757556887329 978932716891.3771 34
1757556887392 976596037675.9657 35
1757556887452 974268292260.9438 36
1757556887516 971949435588.2402 37
1757556887577 969639422975.4895 38
1757556887638 967338210110.924 39
1757556887704 965045753048.3542 40
1757556887767 962762008202.2341 41
1757556887828 960486932342.8075 42
1757556887888 958220482591.3391 43
1757556887948 955962616415.4243 44
1757556888010 953713291624.3767 45
1757556888071 951472466364.6967 46
1757556888133 949240099115.6118 47
1757556888197 947016148684.6954 48
1757556888290 944800574203.5558 49
1757556888361 942593335123.5999 50
1757556888423 940394391211.8655 51
1757556888490 938203702546.9255 52
1757556888559 936021229514.857 53
1757556888631 933846932805.2811 54
1757556888701 931680773407.466 55
1757556888764 929522712606.4949 56
1757556888830 927372711979.4998 57
1757556888893 925230733391.9535 58
1757556888951 923096738994.0276 59
1757556889013 920970691217.0063 60
1757556889083 918852552769.7627 61
1757556889143 916742286635.2902 62
1757556889212 914639856067.2933 63
1757556889275 912545224586.8341 64
1757556889338 910458355979.0306 65
1757556889421 908379214289.8142 66
1757556889496 906307763822.7352 67
1757556889560 904243969135.8239 68
1757556889624 902187795038.5017 69
1757556889686 900139206588.5415 70
1757556889754 898098169089.0785 71
1757556889843 896064648085.6696 72
1757556889907 894038609363.3999 73
1757556889969 892020018944.0354 74
1757556890034 890008843083.2233 75
1757556890092 888005048267.7361 76
1757556890156 886008601212.7598 77
1757556890218 884019468859.2269 78
1757556890277 882037618371.191 79
1757556890336 880063017133.2438 80
1757556890398 878095632747.9733 81
1757556890460 876135433033.4631 82
1757556890519 874182386020.8302 83
1757556890577 872236459951.8035 84
1757556890636 870297623276.3383 85
1757556890695 868365844650.2726 86
1757556890761 866441092933.0157 87
1757556890822 864523337185.2762 88
1757556890881 862612546666.8262 89
1757556890940 860708690834.297 90
1757556890998 858811739339.0139 91
1757556891071 856921662024.8618 92
1757556891135 855038428926.1858 93
1757556891227 853162010265.7227 94
1757556891286 851292376452.5662 95
1757556891350 849429498080.1641 96
1757556891412 847573345924.3442 97
1757556891474 845723890941.3732 98
1757556891536 843881104266.0441 99
1757556891596 842044957209.7926 100
1757556891658 840215421258.8448 101
1757556891721 838392468072.3905 102
1757556891788 836576069480.7858 103
1757556891848 834766197483.7828 104
1757556891909 832962824248.7867 105
1757556891970 831165922109.1388 106
1757556892032 829375463562.4253 107
1757556892093 827591421268.8124 108
1757556892154 825813768049.406 109
1757556892221 824042476884.6366 110
1757556892282 822277520913.3289 111
1757556892345 820518873429.1761 112
1757556892435 818766507881.1279 113
1757556892525 817020397871.2333 114
1757556892591 815280517153.1437 115
1757556892653 813546839630.6349 116
1757556892716 811819339356.1548 117
1757556892780 810097990529.3881 118
1757556892841 808382767495.8452 119
1757556892903 806673644745.4711 120
1757556892966 804970596911.274 121
1757556893028 803273598767.9749 122
1757556893091 801582625230.6749 123
1757556893154 799897651353.5452 124
1757556893224 798218652328.5312 125
1757556893293 796545603484.0817 126
1757556893355 794878480283.889 127
1757556893418 793217258325.6538 128
1757556893481 791561913339.8625 129
1757556893543 789912421188.5859 130
1757556893605 788268757864.2922 131
1757556893671 786630899488.6785 132
1757556893733 784998822311.5176 133
1757556893796 783372502709.5225 134
1757556893859 781751917185.2245 135
1757556893964 780137042365.8704 136
1757556894029 778527855002.3313 137
1757556894090 776924331968.0299 138
1757556894154 775326450257.8799 139
1757556894215 773734186987.2429 140
1757556894278 772147519390.8964 141
1757556894339 770566424822.0195 142
1757556894402 768990880751.1891 143
1757556894463 767420864765.3922 144
1757556894525 765856354567.051 145
1757556894586 764297327973.0609 146
1757556894649 762743762913.8405 147
1757556894710 761195637432.3976 148
1757556894774 759652929683.4043 149
1757556894840 758115617932.2854 150
1757556894901 756583680554.3206 151
1757556894962 755057096033.7568 152
1757556895025 753535842962.9319 153
1757556895108 752019900041.413 154
1757556895178 750509246075.1415 155
1757556895244 749003859975.5929 156
1757556895306 747503720758.9476 157
1757556895370 746008807545.2683 158
1757556895442 744519099557.6943 159
1757556895510 743034576121.6409 160
1757556895578 741555216664.011 161
1757556895642 740081000712.4183 162
1757556895707 738611907894.4183 163
1757556895772 737147917936.749 164
1757556895837 735689010664.5834 165
1757556895904 734235166000.7886 166
1757556895966 732786363965.1967 167
1757556896030 731342584673.8826 168
1757556896092 729903808338.4531 169
1757556896153 728470015265.343 170
1757556896214 727041185855.12 171
1757556896281 725617300601.7998 172
1757556896343 724198340092.1671 173
1757556896406 722784285005.1075 174
1757556896468 721375116110.9458 175
1757556896530 719970814270.7919 176
1757556896592 718571360435.897 177
1757556896687 717176735647.0144 178
1757556896751 715786921033.771 179
1757556896816 714401897814.0433 180
1757556896888 713021647293.3439 181
1757556896968 711646150864.2115 182
1757556897042 710275390005.6124 183
1757556897113 708909346282.3455 184
1757556897173 707548001344.4554 185
1757556897237 706191336926.6531 186
1757556897305 704839334847.7424 187
1757556897367 703491977010.053 188
1757556897430 702149245398.8804 189
1757556897494 700811122081.932 190
1757556897560 699477589208.7799 191
1757556897634 698148629010.319 192
1757556897700 696824223798.2317 193
1757556897766 695504355964.4587 194
1757556897830 694189007980.6765 195
1757556897896 692878162397.7773 196
1757556897960 691571801845.3604 197
1757556898047 690269909031.2227 198
1757556898114 688972466740.8601 199
1757556898178 687679457836.9717 200
1757556898242 686390865258.9686 201
1757556898307 685106672022.4912 202
1757556898373 683826861219.104 203
1757556898469 682551416015.298 204
1757556898548 681280319652.5411 205
1757556898618 680013555446.6426 206
1757556898688 678751106787.2926 207
1757556898759 677492957137.6074 208
1757556898838 676239090033.681 209
1757556898905 674989489084.1372 210
1757556898975 673744137969.6917 211
1757556899039 672503020442.714 212
1757556899107 671266120326.7965 213
1757556899172 670033421516.3268 214
1757556899236 668804907976.0652 215
1757556899301 667580563740.7253 216
1757556899401 666360372914.5602 217
1757556899464 665144319670.9514 218
1757556899530 663932388252.0028 219
1757556899594 662724562968.1383 220
1757556899657 661520828197.7034 221
1757556899721 660321168386.5704 222
1757556899788 659125568047.7484 223
1757556899858 657934011760.9957 224
1757556899925 656746484172.4373 225
1757556899995 655562969994.1844 226
1757556900065 654383454003.9598 227
1757556900129 653207921044.7242 228
1757556900192 652036356024.3088 229
1757556900257 650868743915.0483 230
1757556900322 649705069753.421 231
1757556900390 648545318639.6876 232
1757556900454 647389475737.5387 233
1757556900521 646237526273.7402 234
1757556900592 645089455537.787 235
1757556900663 643945248882.6348 236
1757556900762 642804891721.1392 237
1757556900836 641668369528.916 238
1757556900909 640535667842.9445 239
1757556900986 639406772261.2344 240
1757556901060 638281668442.4952 241
1757556901132 637160342105.8092 242
1757556901204 636042779030.3059 243
1757556901276 634928965054.8406 244
1757556901349 633818886077.6758 245
1757556901423 632712528056.1644 246
1757556901495 631609877006.436 247
1757556901566 630510919003.0868 248
1757556901639 629415640178.8701 249
1757556901712 628324026724.3922 250
1757556901782 627236064887.8076 251
1757556901883 626151740974.5206 252
1757556901962 625071041346.8853 253
1757556902048 623993952423.9105 254
1757556902134 622920460680.9677 255
1757556902213 621850552649.4988 256
1757556902293 620784214916.729 257
1757556902370 619721434125.3804 258
1757556902451 618662196973.3875 259
1757556902528 617606490213.6171 260
1757556902608 616554300653.588 261
1757556902685 615505615155.1952 262
1757556902761 614460420634.4332 263
1757556902838 613418704061.1262 264
1757556902914 612380452458.6549 265
1757556902991 611345652903.6898 266
1757556903070 610314292525.924 267
1757556903145 609286358507.8097 268
1757556903223 608261838084.2958 269
1757556903296 607240718542.5668 270
1757556903370 606222987221.7861 271
1757556903473 605208631512.8383 272
1757556903553 604197638858.0759 273
1757556903625 603189996751.0662 274
1757556903702 602185692736.3408 275
1757556903776 601184714409.1471 276
1757556903856 600187049415.2012 277
1757556903933 599192685450.4429 278
1757556904009 598201610260.7927 279
1757556904084 597213811641.9097 280
1757556904157 596229277438.9518 281
1757556904236 595247995546.3387 282
1757556904312 594269953907.5144 283
1757556904394 593295140514.7125 284
1757556904472 592323543408.724 285
1757556904540 591355150678.6655 286
1757556904606 590389950461.7494 287
1757556904671 589427930943.0558 288
1757556904736 588469080355.3055 289
1757556904827 587513386978.6366 290
1757556904891 586560839140.3784 291
1757556904957 585611425214.8323 292
1757556905022 584665133623.0492 293
1757556905112 583721952832.6119 294
1757556905177 582781871357.4172 295
1757556905243 581844877757.4597 296
1757556905308 580910960638.6177 297
1757556905375 579980108652.4402 298
1757556905469 579052310495.9343 299
1757556905539 578127554911.3563 300
1757556905604 577205830686.0017 301
1757556905670 576287126651.998 302
1757556905736 575371431686.0984 303
1757556905814 574458734709.4775 304
1757556905880 573549024687.527 305
1757556905945 572642290629.6538 306
1757556906011 571738521589.0791 307
1757556906078 570837706662.6393 308
1757556906147 569939834990.5859 309
1757556906294 569044895756.3906 310
1757556906369 568152878186.5476 311
1757556906454 567263771550.38 312
1757556906532 566377565159.8457 313
1757556906617 565494248369.3456 314
1757556906697 564613810575.5323 315
1757556906777 563736241217.1202 316
1757556906861 562861529774.6969 317
1757556906942 561989665770.5352 318
1757556907023 561120638768.4075 319
1757556907096 560254438373.3993 320
1757556907164 559391054231.7262 321
1757556907233 558530476030.55 322
1757556907318 557672693497.7974 323
1757556907400 556817696401.9775 324
1757556907480 555965474552.0044 325
1757556907559 555116017797.0164 326
1757556907657 554269316026.1991 327
1757556907753 553425359168.6085 328
1757556907869 552584137192.9958 329
1757556907986 551745640107.6318 330
1757556908099 550909857960.1345 331
1757556908205 550076780837.2952 332
1757556908295 549246398864.9079 333
1757556908392 548418702207.59796 334
1757556908497 547593681068.6531 335
1757556908578 546771325689.854 336
1757556908672 545951626351.3067 337
1757556908758 545134573371.2763 338
1757556908837 544320157106.02045 339
1757556908918 543508367949.6247 340
1757556909001 542699196333.8384 341
1757556909088 541892632727.91144 342
1757556909179 541088667638.43286 343
1757556909267 540287291609.16833 344
1757556909345 539488495220.90045 345
1757556909427 538692269091.2688 346
1757556909500 537898603874.6121 347
1757556909574 537107490261.8093 348
1757556909646 536318918980.1234 349
1757556909717 535532880793.04486 350
1757556909784 534749366500.13684 351
1757556909858 533968366936.88025 352
1757556909941 533189872974.52075 353
1757556910025 532413875519.9153 354
1757556910111 531640365515.3808 355
1757556910193 530869333938.54224 356
1757556910274 530100771802.1833 357
1757556910340 529334670154.0958 358
1757556910407 528571020076.9319 359
1757556910486 527809812688.0548 360
1757556910564 527051039139.393 361
1757556910639 526294690617.29285 362
1757556910724 525540758342.37305 363
1757556910803 524789233569.38 364
1757556910885 524040107587.0433 365
1757556910956 523293371717.9323 366
1757556911026 522549017318.3138 367
1757556911095 521807035778.00934 368
1757556911164 521067418520.25494 369
1757556911234 520330157001.5594 370
1757556911302 519595242711.56525 371
1757556911371 518862667172.9098 372
1757556911438 518132421941.08575 373
1757556911508 517404498604.30475 374
1757556911575 516678888783.3593 375
1757556911670 515955584131.487 376
1757556911741 515234576334.2347 377
1757556911809 514515857109.32355 378
1757556911879 513799418206.51483 379
1757556911944 513085251407.47595 380
1757556912044 512373348525.64795 381
1757556912115 511663701406.1128 382
1757556912180 510956301925.46173 383
1757556912244 510251141991.66486 384
1757556912313 509548213543.9395 385
1757556912380 508847508552.6217 386
1757556912447 508149019019.03674 387
1757556912516 507452736975.3701 388
1757556912584 506758654484.5404 389
1757556912653 506066763640.0715 390
1757556912723 505377056565.9665 391
1757556912790 504689525416.581 392
1757556912859 504004162376.4984 393
1757556912928 503320959660.40454 394
1757556912994 502639909512.96405 395
1757556913071 501961004208.6958 396
1757556913141 501284236051.8512 397
1757556913210 500609597376.2903 398
1757556913281 499937080545.3613 399
1757556913352 499266677951.77826 400
1757556913421 498598382017.5007 401
1757556913488 497932185193.6137 402
1757556913555 497268079960.208 403
1757556913621 496606058826.26135 404
1757556913691 495946114329.5197 405
1757556913760 495288239036.3792 406
1757556913826 494632425541.7695 407
1757556913897 493978666469.0362 408
1757556913966 493326954469.8249 409
1757556914036 492677282223.96594 410
1757556914106 492029642439.3584 411
1757556914175 491384027851.85596 412
1757556914246 490740431225.1526 413
1757556914316 490098845350.66925 414
1757556914415 489459263047.4403 415
1757556914483 488821677162.0016 416
1757556914552 488186080568.2778 417
1757556914620 487552466167.4715 418
1757556914686 486920826887.95154 419
1757556914756 486291155685.1435 420
1757556914825 485663445541.41833 421
1757556914896 485037689465.984 422
1757556914967 484413880494.776 423
1757556915036 483792011690.3493 424
1757556915104 483172076141.76935 425
1757556915173 482554066964.5057 426
1757556915249 481937977300.3242 427
1757556915324 481323800317.1808 428
1757556915395 480711529209.1154 429
1757556915468 480101157196.1462 430
1757556915574 479492677524.1645 431
1757556915653 478886083464.8303 432
1757556915739 478281368315.4681 433
1757556915808 477678525398.96277 434
1757556915877 477077548063.6567 435
1757556915949 476478429683.247 436
1757556916019 475881163656.68286 437
1757556916089 475285743408.0642 438
1757556916158 474692162386.5395 439
1757556916229 474100414066.2055 440
1757556916297 473510491946.0062 441
1757556916365 472922389549.63336 442
1757556916437 472336100425.426 443
1757556916507 471751618146.272 444
1757556916575 471168936309.5088 445
1757556916643 470588048536.82544 446
1757556916714 470008948474.1643 447
1757556916780 469431629791.6241 448
1757556916850 468856086183.36224 449
1757556916919 468282311367.4987 450
1757556916987 467710299086.0198 451
1757556917056 467140043104.6818 452
1757556917128 466571537212.91675 453
1757556917196 466004775223.73627 454
1757556917285 465439750973.6377 455
1757556917369 464876458322.51 456
1757556917453 464314891153.5398 457
1757556917527 463755043373.11847 458
1757556917598 463196908910.7485 459
1757556917671 462640481718.95184 460
1757556917742 462085755773.17737 461
1757556917809 461532725071.70935 462
1757556917877 460981383635.5758 463
1757556917947 460431725508.45807 464
1757556918015 459883744756.60016 465
1757556918084 459337435468.7184 466
1757556918154 458792791755.9116 467
1757556918224 458249807751.57275 468
1757556918294 457708477611.2985 469
1757556918366 457168795512.8018 470
1757556918462 456630755655.82294 471
1757556918531 456094352262.0422 472
1757556918600 455559579574.99225 473
1757556918671 455026431859.9709 474
1757556918741 454494903403.9549 475
1757556918811 453964988515.5127 476
1757556918899 453436681524.71954 477
1757556918983 452909976783.0713 478
1757556919088 452384868663.39874 479
1757556919188 451861351559.7841 480
1757556919273 451339419887.47504 481
1757556919344 450819068082.8014 482
1757556919419 450300290603.091 483
1757556919497 449783081926.5866 484
1757556919567 449267436552.3624 485
1757556919643 448753349000.24146 486
1757556919715 448240813810.7133 487
1757556919785 447729825544.8519 488
1757556919857 447220378784.2342 489
1757556919930 446712468130.8583 490
1757556919998 446206088207.0627 491
1757556920068 445701233655.44586 492
1757556920140 445197899138.7855 493
1757556920209 444696079339.9591 494
1757556920281 444195768961.86346 495
1757556920352 443696962727.33636 496
1757556920421 443199655379.0766 497
1757556920493 442703841679.56635 498
1757556920563 442209516410.992 499
