1757543441271 1064044748402.8925 0
1757543441327 1037583912092.9332 1
1757543441383 1012173733425.4347 2
1757543441443 987756152145.1755 3
1757543441500 964278504855.2617 4
1757543441559 941692766054.3545 5
1757543441616 919954914978.8438 6
1757543441675 899024406436.5089 7
1757543441731 878863727642.1003 8
1757543441791 859438026217.0923 9
1757543441850 840714797113.8097 10
1757543441908 822663618365.5977 11
1757543441961 805255927329.9819 12
1757543442019 788464830546.9846 13
1757543442077 772264941534.4578 14
1757543442139 756632241831.3826 15
1757543442208 741543961415.5956 16
1757543442265 726978475294.8634 17
1757543442338 712915213624.753 18
1757543442390 699334583164.1106 19
1757543442456 686217898256.1934 20
1757543442511 673547319834.7206 21
1757543442570 661305801210.8855 22
1757543442631 649477039609.2838 23
1757543442684 638045432595.6412 24
1757543442741 626996038683.65 25
1757543442799 616314541527.5072 26
1757543442857 605987217205.3123 27
1757543442911 596000904179.9326 28
1757543442968 586342975591.3168 29
1757543443032 577001313589.9668 30
1757543443093 567964285467.4238 31
1757543443153 559220721377.8599 32
1757543443210 550759893476.5554 33
1757543443269 542571496327.36774 34
1757543443323 534645628453.1493 35
1757543443380 526972774921.2645 36
1757543443434 519543790871.5096 37
1757543443494 512349885906.3819 38
1757543443562 505382609274.2201 39
1757543443641 498633835784.59357 40
1757543443699 492095752402.7545 41
1757543443758 485760845476.23303 42
1757543443819 479621888551.94183 43
1757543443877 473671930746.63763 44
1757543443959 467904285637.397 45
1757543444052 462312520642.0145 46
1757543444143 456890446862.02045 47
1757543444226 451632109363.41315 48
1757543444321 446531777872.2811 49
1757543444411 441583937864.2924 50
1757543444504 436783282028.61255 51
1757543444613 432124702088.1974 52
1757543444746 427603280959.6391 53
1757543444855 423214285236.8302 54
1757543444959 418953157983.69434 55
1757543445077 414815511822.104 56
1757543445188 410797122301.9055 57
1757543445296 406893921540.6896 58
1757543445408 403101992121.609 59
1757543445518 399417561238.15 60
1757543445630 395836995075.3221 61
1757543445791 392356793417.2513 62
1757543445888 388973584471.63995 63
1757543445974 385684119902.01 64
1757543446066 382485270059.06256 65
1757543446273 379374019402.88434 66
1757543446367 376347462108.1047 67
1757543446502 373402797844.45166 68
1757543446568 370537327725.4952 69
1757543446625 367748450418.67175 70
1757543446683 365033658409.9891 71
1757543446739 362390534417.08716 72
1757543446795 359816747944.6057 73
1757543446853 357310051976.05927 74
1757543446911 354868279796.6715 75
1757543446965 352489341941.8464 76
1757543447027 350171223266.1822 77
1757543447084 347911980128.1437 78
1757543447143 345709737685.7094 79
1757543447201 343562687298.50934 80
1757543447257 341469084032.14905 81
1757543447310 339427244260.5977 82
1757543447374 337435543362.6843 83
1757543447432 335492413508.91095 84
1757543447489 333596341534.94763 85
1757543447552 331745866898.3211 86
1757543447609 329939579714.9542 87
1757543447668 328176118872.3489 88
1757543447723 326454170216.3359 89
1757543447790 324772464808.44354 90
1757543447847 323129777251.0522 91
1757543447908 321524924077.62384 92
1757543447967 319956762205.40045 93
1757543448020 318424187448.07477 94
1757543448084 316926133086.0378 95
1757543448142 315461568491.90454 96
1757543448204 314029497809.1126 97
1757543448258 312628958681.4783 98
1757543448320 311259021031.6822 99
1757543448393 309918785886.7365 100
1757543448457 308607384248.56476 101
1757543448525 307323976007.9039 102
1757543448593 306067748899.8092 103
1757543448664 304837917499.1091 104
1757543448733 303633722254.2304 105
1757543448809 302454428557.87384 106
1757543448883 301299325853.0802 107
1757543448952 300167726773.29175 108
1757543449024 299058966315.064 109
1757543449096 297972401042.14197 110
1757543449167 296907408319.6629 111
1757543449246 295863385577.301 112
1757543449307 294839749600.2157 113
1757543449380 293835935846.70856 114
1757543449456 292851397791.5448 115
1757543449530 291885606293.9286 116
1757543449600 290938048989.1696 117
1757543449666 290008229703.1114 118
1757543449734 289095667888.4341 119
1757543449798 288199898081.9751 120
1757543449870 287320469382.2503 121
1757543449947 286456944946.38617 122
1757543450022 285608901505.71 123
1757543450092 284775928899.27155 124
1757543450158 283957629624.5999 125
1757543450224 283153618405.028 126
1757543450298 282363521772.94244 127
1757543450378 281586977668.34326 128
1757543450440 280823635052.12146 129
1757543450511 280073153533.487 130
1757543450577 279335203011.00134 131
1757543450639 278609463326.6922 132
1757543450707 277895623932.74603 133
1757543450769 277193383570.29724 134
1757543450834 276502449959.8488 135
1757543450902 275822539502.881 136
1757543450983 275153376994.21875 137
1757543451059 274494695344.74814 138
1757543451135 273846235314.08783 139
1757543451205 273207745252.83536 140
1757543451269 272578980854.02597 141
1757543451335 271959704913.45364 142
1757543451414 271349687098.51843 143
1757543451489 270748703725.27844 144
1757543451565 270156537543.39603 145
1757543451686 269572977528.68048 146
1757543451750 268997818682.94202 147
1757543451813 268430861840.8816 148
1757543451874 267871913483.75293 149
1757543451936 267320785559.54288 150
1757543452000 266777295309.42715 151
1757543452063 266241265100.26636 152
1757543452143 265712522262.9174 153
1757543452210 265190898936.14468 154
1757543452266 264676231915.92285 155
1757543452329 264168362509.9308 156
1757543452391 263667136397.04547 157
1757543452452 263172403491.65137 158
1757543452513 262684017812.58716 159
1757543452580 262201837356.5596 160
1757543452635 261725723975.861 161
1757543452693 261255543260.23206 162
1757543452764 260791164422.71878 163
1757543452823 260332460189.3776 164
1757543452882 259879306692.68918 165
1757543452945 259431583368.54526 166
1757543453006 258989172856.67975 167
1757543453070 258551960904.419 168
1757543453130 258119836273.6317 169
1757543453189 257692690650.76288 170
1757543453248 257270418559.84155 171
1757543453308 256852917278.35474 172
1757543453368 256440086755.886 173
1757543453429 256031829535.41907 174
1757543453485 255628050677.21265 175
1757543453562 255228657685.1532 176
1757543453633 254833560435.50015 177
1757543453692 254442671107.93707 178
1757543453760 254055904118.8483 179
1757543453820 253673176056.74234 180
1757543453882 253294405619.74686 181
1757543453954 252919513555.10254 182
1757543454014 252548422600.58603 183
1757543454077 252181057427.79443 184
1757543454143 251817344587.2275 185
1757543454204 251457212455.10352 186
1757543454265 251100591181.85077 187
1757543454324 250747412642.21548 188
1757543454382 250397610386.93118 189
1757543454442 250051119595.89542 190
1757543454499 249707877032.8029 191
1757543454569 249367821001.18427 192
1757543454631 249030891301.8042 193
1757543454692 248697029191.371 194
1757543454754 248366177342.51425 195
1757543454816 248038279804.98743 196
1757543454883 247713281968.05432 197
1757543454943 247391130524.01904 198
1757543455003 247071773432.86227 199
1757543455061 246755159887.94543 200
1757543455120 246441240282.74847 201
1757543455179 246129966178.6061 202
1757543455237 245821290273.41016 203
1757543455295 245515166371.245 204
1757543455355 245211549352.92645 205
1757543455417 244910395147.4142 206
1757543455478 244611660704.06854 207
1757543455539 244315303965.7247 208
1757543455599 244021283842.55737 209
1757543455660 243729560186.71072 210
1757543455723 243440093767.66806 211
1757543455789 243152846248.338 212
1757543455850 242867780161.8343 213
1757543455909 242584858888.92566 214
1757543455973 242304046636.1365 215
1757543456035 242025308414.47565 216
1757543456097 241748610018.77405 217
1757543456158 241473918007.61258 218
1757543456221 241201199683.82037 219
1757543456280 240930423075.5261 220
1757543456339 240661556917.7455 221
1757543456403 240394570634.48706 222
1757543456460 240129434321.36105 223
1757543456525 239866118728.6751 224
1757543456587 239604595245.0023 225
1757543456649 239344835881.20602 226
1757543456713 239086813254.90866 227
1757543456775 238830500575.3899 228
1757543456837 238575871628.90115 229
1757543456900 238322900764.38428 230
1757543456976 238071562879.58173 231
1757543457039 237821833407.52603 232
1757543457101 237573688303.39798 233
1757543457161 237327104031.74152 234
1757543457219 237082057554.02505 235
1757543457280 236838526316.53894 236
1757543457343 236596488238.61865 237
1757543457401 236355921701.18442 238
1757543457466 236116805535.5877 239
1757543457522 235879119012.75534 240
1757543457585 235642841832.62277 241
1757543457647 235407954113.8479 242
1757543457708 235174436383.79712 243
1757543457771 234942269568.79572 244
1757543457832 234711434984.63492 245
1757543457894 234481914327.32822 246
1757543457954 234253689664.1097 247
1757543458011 234026743424.667 248
1757543458075 233801058392.60318 249
1757543458139 233576617697.1199 250
1757543458202 233353404804.91583 251
1757543458267 233131403512.29468 252
1757543458333 232910597937.47614 253
1757543458396 232690972513.1047 254
1757543458457 232472511978.95035 255
1757543458519 232255201374.79526 256
1757543458584 232039026033.5028 257
1757543458645 231823971574.26205 258
1757543458706 231610023896.00372 259
1757543458769 231397169170.98297 260
1757543458831 231185393838.5238 261
1757543458894 230974684598.921 262
1757543458952 230765028407.49542 263
1757543459024 230556412468.7979 264
1757543459090 230348824230.95828 265
1757543459156 230142251380.1747 266
1757543459221 229936681835.341 267
1757543459284 229732103742.80615 268
1757543459345 229528505471.2644 269
1757543459405 229325875606.77115 270
1757543459470 229124202947.88153 271
1757543459534 228923476500.90884 272
1757543459599 228723685475.2988 273
1757543459659 228524819279.11743 274
1757543459718 228326867514.64886 275
1757543459779 228129819974.10037 276
1757543459846 227933666635.41193 277
1757543459908 227738397658.16708 278
1757543459981 227544003379.6033 279
1757543460050 227350474310.71823 280
1757543460112 227157801132.46985 281
1757543460179 226965974692.06824 282
1757543460239 226774985999.35605 283
1757543460303 226584826223.2757 284
1757543460371 226395486688.42117 285
1757543460431 226206958871.6719 286
1757543460493 226019234398.90665 287
1757543460556 225832305041.7956 288
1757543460622 225646162714.66846 289
1757543460683 225460799471.45676 290
1757543460741 225276207502.7081 291
1757543460798 225092379132.6708 292
1757543460860 224909306816.44742 293
1757543460924 224726983137.21445 294
1757543461005 224545400803.50815 295
1757543461076 224364552646.57263 296
1757543461146 224184431617.77097 297
1757543461209 224005030786.0556 298
1757543461275 223826343335.4985 299
1757543461336 223648362562.87814 300
1757543461398 223471081875.32214 301
1757543461459 223294494788.00507 302
1757543461522 223118594921.89893 303
1757543461585 222943376001.57574 304
1757543461648 222768831853.06027 305
1757543461710 222594956401.7324 306
1757543461767 222421743670.27783 307
1757543461831 222249187776.68488 308
1757543461892 222077282932.28784 309
1757543461952 221906023439.85437 310
1757543462012 221735403691.71698 311
1757543462072 221565418167.9462 312
1757543462134 221396061434.5662 313
1757543462198 221227328141.80978 314
1757543462262 221059213022.4137 315
1757543462325 220891710889.95184 316
1757543462390 220724816637.20627 317
1757543462453 220558525234.57492 318
1757543462516 220392831728.51492 319
1757543462580 220227731240.02084 320
1757543462644 220063218963.13727 321
1757543462708 219899290163.50418 322
1757543462775 219735940176.9351 323
1757543462840 219573164408.02692 324
1757543462903 219410958328.8005 325
1757543462969 219249317477.37155 326
1757543463036 219088237456.65097 327
1757543463101 218927713933.07388 328
1757543463168 218767742635.35693 329
1757543463240 218608319353.28296 330
1757543463303 218449439936.51236 331
1757543463367 218291100293.42026 332
1757543463429 218133296389.9603 333
1757543463495 217976024248.55212 334
1757543463576 217819279946.99405 335
1757543463651 217663059617.39886 336
1757543463714 217507359445.15356 337
1757543463779 217352175667.90115 338
1757543463841 217197504574.54504 339
1757543463903 217043342504.2747 340
1757543463970 216889685845.61273 341
1757543464029 216736531035.48242 342
1757543464092 216583874558.29562 343
1757543464154 216431712945.06012 344
1757543464221 216280042772.50644 345
1757543464282 216128860662.2333 346
1757543464347 215978163279.87152 347
1757543464411 215827947334.26593 348
1757543464474 215678209576.67462 349
1757543464541 215528946799.9854 350
1757543464603 215380155837.94928 351
1757543464671 215231833564.42975 352
1757543464736 215083976892.66855 353
1757543464799 214936582774.56677 354
1757543464864 214789648199.98123 355
1757543464928 214643170196.03604 356
1757543464996 214497145826.44827 357
1757543465065 214351572190.86832 358
1757543465129 214206446424.23398 359
1757543465197 214061765696.138 360
1757543465268 213917527210.20917 361
1757543465337 213773728203.50638 362
1757543465397 213630365945.9252 363
1757543465463 213487437739.61707 364
1757543465530 213344940918.4205 365
1757543465599 213202872847.3043 366
1757543465678 213061230921.82208 367
1757543465745 212920012567.57852 368
1757543465810 212779215239.70642 369
1757543465885 212638836422.35474 370
1757543465955 212498873628.18707 371
1757543466020 212359324397.89047 372
1757543466089 212220186299.6951 373
1757543466157 212081456928.90237 374
1757543466227 211943133907.42413 375
1757543466291 211805214883.3307 376
1757543466358 211667697530.4081 377
1757543466424 211530579547.72464 378
1757543466484 211393858659.20612 379
1757543466544 211257532613.2197 380
1757543466614 211121599182.16644 381
1757543466681 210986056162.08188 382
1757543466744 210850901372.24484 383
1757543466808 210716132654.79413 384
1757543466871 210581747874.35297 385
1757543466931 210447744917.66104 386
1757543466996 210314121693.21378 387
1757543467059 210180876130.9092 388
1757543467123 210048006181.70166 389
1757543467185 209915509817.26227 390
1757543467250 209783385029.6467 391
1757543467313 209651629830.9691 392
1757543467387 209520242253.08276 393
1757543467455 209389220347.26685 394
1757543467517 209258562183.91995 395
1757543467582 209128265852.25873 396
1757543467643 208998329460.02377 397
1757543467706 208868751133.1899 398
1757543467775 208739529015.6832 399
1757543467837 208610661269.10324 400
1757543467899 208482146072.45062 401
1757543467967 208353981621.86 402
1757543468032 208226166130.33844 403
1757543468104 208098697827.50845 404
1757543468168 207971574959.35672 405
1757543468230 207844795787.98672 406
1757543468300 207718358591.37717 407
1757543468367 207592261663.14456 408
1757543468429 207466503312.3101 409
1757543468493 207341081863.0718 410
1757543468559 207215995654.5804 411
1757543468621 207091243040.71957 412
1757543468685 206966822389.8907 413
1757543468748 206842732084.80148 414
1757543468813 206718970522.25867 415
1757543468878 206595536112.96463 416
1757543468939 206472427281.31793 417
1757543469016 206349642465.2175 418
1757543469082 206227180115.87045 419
1757543469146 206105038697.60413 420
1757543469212 205983216687.6806 421
1757543469278 205861712576.1156 422
1757543469341 205740524865.5004 423
1757543469445 205619652070.82703 424
1757543469520 205499092719.31677 425
1757543469589 205378845350.25192 426
1757543469651 205258908514.81067 427
1757543469713 205139280775.90463 428
1757543469785 205019960708.02023 429
1757543469850 204900946897.0618 430
1757543469915 204782237940.19885 431
1757543469981 204663832445.7151 432
1757543470049 204545729032.86066 433
1757543470115 204427926331.70715 434
1757543470181 204310422983.00488 435
1757543470241 204193217638.04306 436
1757543470308 204076308958.5123 437
1757543470373 203959695616.37 438
1757543470438 203843376293.7072 439
1757543470504 203727349682.619 440
1757543470567 203611614485.07654 441
1757543470632 203496169412.80118 442
1757543470702 203381013187.14166 443
1757543470771 203266144538.9524 444
1757543470839 203151562208.47488 445
1757543470903 203037264945.22064 446
1757543470985 202923251507.8562 447
1757543471058 202809520664.09042 448
1757543471124 202696071190.5636 449
1757543471190 202582901872.7382 450
1757543471253 202470011504.79202 451
1757543471320 202357398889.51297 452
1757543471382 202245062838.1955 453
1757543471445 202133002170.53918 454
1757543471509 202021215714.5483 455
1757543471582 201909702306.43427 456
1757543471648 201798460790.51862 457
1757543471718 201687490019.13834 458
1757543471784 201576788852.55246 459
1757543471850 201466356158.85043 460
1757543471915 201356190813.86176 461
1757543471980 201246291701.06754 462
1757543472042 201136657711.513 463
1757543472106 201027287743.7221 464
1757543472168 200918180703.6128 465
1757543472242 200809335504.4143 466
1757543472308 200700751066.58563 467
1757543472370 200592426317.7352 468
1757543472437 200484360192.5418 469
1757543472500 200376551632.67725 470
1757543472566 200268999586.7298 471
1757543472632 200161703010.12897 472
1757543472694 200054660865.07178 473
1757543472759 199947872120.4498 474
1757543472824 199841335751.7777 475
1757543472895 199735050741.12286 476
1757543472961 199629016077.03586 477
1757543473024 199523230754.48245 478
1757543473096 199417693774.7761 479
1757543473167 199312404145.5123 480
1757543473232 199207360880.50327 481
1757543473300 199102562999.71384 482
1757543473366 198998009529.1986 483
1757543473427 198893699501.0397 484
1757543473497 198789631953.28577 485
1757543473577 198685805929.89163 486
1757543473660 198582220480.65918 487
1757543473727 198478874661.17905 488
1757543473794 198375767532.77298 489
1757543473877 198272898162.43735 490
1757543473952 198170265622.78723 491
1757543474012 198067868992.00186 492
1757543474081 197965707353.77014 493
1757543474144 197863779797.23758 494
1757543474213 197762085416.95367 495
1757543474279 197660623312.82034 496
1757543474346 197559392590.04074 497
1757543474409 197458392359.06924 498
1757543474473 197357621735.5619 499
