1757591454461 1064045340856.7874 0
1757591454524 868233414483.9381 1
1757591454585 727727899729.3108 2
1757591454651 623843318204.7596 3
1757591454712 545214929862.4567 4
1757591454772 484635913431.12933 5
1757591454833 437338411571.34076 6
1757591454894 400040231550.24725 7
1757591454955 370402142157.08386 8
1757591455020 346708773175.66113 9
1757591455085 327673821689.3343 10
1757591455145 312316211426.022 11
1757591455206 299878108536.2474 12
1757591455266 289768543399.43744 13
1757591455326 281523353112.6799 14
1757591455388 274775943165.38623 15
1757591455450 269235490957.01193 16
1757591455510 264670433564.64154 17
1757591455603 260895806625.92905 18
1757591455675 257763447744.3076 19
1757591455742 255154364004.417 20
1757591455805 252972753717.46286 21
1757591455867 251141303847.33212 22
1757591455928 249597477821.56964 23
1757591455992 248290576264.41296 24
1757591456052 247179403471.80692 25
1757591456114 246230410262.7286 26
1757591456175 245416212590.3224 27
1757591456236 244714407334.3614 28
1757591456300 244106623697.16913 29
1757591456361 243577761805.0194 30
1757591456422 243115380375.953 31
1757591456482 242709203327.13928 32
1757591456542 242350721470.64276 33
1757591456602 242032870374.8619 34
1757591456664 241749769348.47214 35
1757591456726 241496509564.44675 36
1757591456787 241268981761.58524 37
1757591456850 241063735878.01508 38
1757591456913 240877866492.81506 39
1757591456975 240708919162.06543 40
1757591457037 240554813699.81787 41
1757591457099 240413781224.08096 42
1757591457160 240284312403.2835 43
1757591457222 240165114831.57214 44
1757591457282 240055077856.75128 45
1757591457344 239953243502.48584 46
1757591457407 239858782382.19748 47
1757591457469 239770973708.33188 48
1757591457530 239689188667.2118 49
1757591457591 239612876564.36893 50
1757591457652 239541553254.33258 51
1757591457714 239474791457.33194 52
1757591457775 239412212637.2461 53
1757591457838 239353480173.60782 54
1757591457901 239298293700.45337 55
1757591457965 239246383956.39783 56
1757591458030 239197508974.9795 57
1757591458092 239151450484.2369 58
1757591458154 239108010934.06815 59
1757591458216 239067011183.09885 60
1757591458279 239028287641.08603 61
1757591458342 238991691111.4802 62
1757591458404 238957084948.03513 63
1757591458468 238924343672.06158 64
1757591458530 238893351775.66705 65
1757591458593 238864002682.85577 66
1757591458655 238836197844.91855 67
1757591458721 238809845950.32562 68
1757591458790 238784862232.48264 69
1757591458854 238761167861.32828 70
1757591458917 238738689406.93878 71
1757591458978 238717358365.13013 72
1757591459040 238697110736.57568 73
1757591459102 238677886652.23843 74
1757591459165 238659630038.99234 75
1757591459226 238642288320.20917 76
1757591459292 238625812146.85187 77
1757591459353 238610155155.2547 78
1757591459415 238595273748.31506 79
1757591459477 238581126897.2819 80
1757591459539 238567675961.71378 81
1757591459602 238554884525.51187 82
1757591459664 238542718247.21637 83
1757591459725 238531144722.99084 84
1757591459789 238520133360.92993 85
1757591459851 238509655265.4968 86
1757591459913 238499683131.04953 87
1757591459975 238490191143.5446 88
1757591460040 238481154889.6169 89
1757591460107 238472551272.33096 90
1757591460170 238464358432.98157 91
1757591460233 238456555678.39496 92
1757591460295 238449123413.2402 93
1757591460357 238442043076.91907 94
1757591460420 238435297084.64655 95
1757591460485 238428868772.3762 96
1757591460547 238422742345.26147 97
1757591460609 238416902829.37323 98
1757591460670 238411336026.42453 99
1757591460733 238406028471.2749 100
1757591460796 238400967392.01044 101
1757591460858 238396140672.41354 102
1757591460921 238391536816.6527 103
1757591460983 238387144916.03986 104
1757591461046 238382954617.71295 105
1757591461109 238378956095.11646 106
1757591461172 238375140020.16077 107
1757591461235 238371497536.9522 108
1757591461299 238368020236.99365 109
1757591461361 238364700135.76358 110
1757591461427 238361529650.58826 111
1757591461490 238358501579.72794 112
1757591461555 238355609082.6039 113
1757591461618 238352845661.0987 114
1757591461681 238350205141.86563 115
1757591461744 238347681659.58923 116
1757591461821 238345269641.14114 117
1757591461884 238342963790.58105 118
1757591461947 238340759074.95334 119
1757591462010 238338650710.83575 120
1757591462073 238336634151.59753 121
1757591462139 238334705075.32776 122
1757591462202 238332859373.3961 123
1757591462267 238331093139.61307 124
1757591462333 238329402659.9548 125
1757591462397 238327784402.8235 126
1757591462464 238326235009.81335 127
1757591462527 238324751286.95593 128
1757591462591 238323330196.41794 129
1757591462655 238321968848.62833 130
1757591462718 238320664494.8114 131
1757591462780 238319414519.90442 132
1757591462845 238318216435.8395 133
1757591462909 238317067875.17014 134
1757591462972 238315966585.0255 135
1757591463039 238314910421.3732 136
1757591463107 238313897343.57648 137
1757591463171 238312925409.22903 138
1757591463241 238311992769.25406 139
1757591463310 238311097663.2524 140
1757591463374 238310238415.08835 141
1757591463437 238309413428.69974 142
1757591463502 238308621184.12103 143
1757591463565 238307860233.70892 144
1757591463628 238307129198.55853 145
1757591463692 238306426765.1021 146
1757591463755 238305751681.87988 147
1757591463818 238305102756.4739 148
1757591463882 238304478852.5975 149
1757591463944 238303878887.33148 150
1757591464008 238303301828.49988 151
1757591464072 238302746692.17807 152
1757591464135 238302212540.32675 153
1757591464199 238301698478.54453 154
1757591464263 238301203653.934 155
1757591464328 238300727253.07495 156
1757591464392 238300268500.09964 157
1757591464456 238299826654.86386 158
1757591464522 238299401011.21082 159
1757591464585 238298990895.32114 160
1757591464650 238298595664.1457 161
1757591464714 238298214703.917 162
1757591464779 238297847428.73477 163
1757591464857 238297493279.22217 164
1757591464935 238297151721.24887 165
1757591465005 238296822244.7181 166
1757591465070 238296504362.41364 167
1757591465135 238296197608.90463 168
1757591465211 238295901539.5041 169
1757591465276 238295615729.2799 170
1757591465340 238295339772.11426 171
1757591465404 238295073279.80972 172
1757591465469 238294815881.23993 173
1757591465533 238294567221.54172 174
1757591465598 238294326961.34735 175
1757591465662 238294094776.05466 176
1757591465726 238293870355.133 177
1757591465792 238293653401.46335 178
1757591465857 238293443630.71072 179
1757591465921 238293240770.72766 180
1757591465985 238293044560.9865 181
1757591466049 238292854752.03998 182
1757591466113 238292671105.00726 183
1757591466177 238292493391.0862 184
1757591466241 238292321391.08868 185
1757591466306 238292154894.9982 186
1757591466369 238291993701.54987 187
1757591466432 238291837617.83014 188
1757591466495 238291686458.89594 189
1757591466560 238291540047.41235 190
1757591466623 238291398213.30807 191
1757591466690 238291260793.44656 192
1757591466755 238291127631.31415 193
1757591466821 238290998576.7221 194
1757591466886 238290873485.52383 195
1757591466952 238290752219.34476 196
1757591467016 238290634645.32587 197
1757591467081 238290520635.87906 198
1757591467149 238290410068.45398 199
1757591467217 238290302825.31647 200
1757591467282 238290198793.3369 201
1757591467346 238290097863.789 202
1757591467413 238289999932.1577 203
1757591467477 238289904897.95654 204
1757591467542 238289812664.5532 205
1757591467607 238289723139.00333 206
1757591467672 238289636231.89252 207
1757591467736 238289551857.18488 208
1757591467803 238289469932.07938 209
1757591467866 238289390376.8724 210
1757591467933 238289313114.82693 211
1757591467997 238289238072.04773 212
1757591468061 238289165177.36185 213
1757591468125 238289094362.20535 214
1757591468189 238289025560.51468 215
1757591468259 238288958708.62314 216
1757591468327 238288893745.16214 217
1757591468408 238288830610.96677 218
1757591468483 238288769248.98578 219
1757591468553 238288709604.19586 220
1757591468623 238288651623.51904 221
1757591468692 238288595255.74475 222
1757591468762 238288540451.4544 223
1757591468832 238288487162.9503 224
1757591468902 238288435344.18674 225
1757591468972 238288384950.70496 226
1757591469042 238288335939.57062 227
1757591469111 238288288269.31387 228
