1757531013791 1064043360227.2512 0
1757531013843 868232159199.8894 1
1757531013888 657638682031.7489 2
1757531013934 502270044808.16656 3
1757531013981 402163421085.07825 4
1757531014029 340067146520.23456 5
1757531014078 302315463263.59705 6
1757531014127 280265671482.0346 7
1757531014176 267990442872.84033 8
1757531014224 261304059118.53165 9
1757531014272 257563491336.684 10
1757531014320 255342134567.61682 11
1757531014368 253948416305.85577 12
1757531014416 253040396978.66354 13
1757531014466 252425630669.29385 14
1757531014513 251985875424.64236 15
1757531014561 251649664544.67188 16
1757531014608 251376107783.70422 17
1757531014661 251142677111.89594 18
1757531014709 250937322441.4526 19
1757531014756 250754076237.1667 20
1757531014841 250590444064.47366 21
1757531014888 250445556582.38 22
1757531014937 250318868739.0771 23
1757531014985 250209445310.85385 24
1757531015035 250115767900.3377 25
1757531015095 250035875705.31628 26
1757531015147 249967636723.82736 27
1757531015197 249909005242.9725 28
1757531015248 249858195346.49106 29
1757531015295 249813756716.4581 30
1757531015342 249774571504.5227 31
1757531015391 249739803393.3457 32
1757531015438 249708828621.12585 33
1757531015487 249681170224.60425 34
1757531015534 249656446529.92596 35
1757531015586 249634336536.98557 36
1757531015634 249614559735.9954 37
1757531015681 249596865890.1643 38
1757531015729 249581030439.13547 39
1757531015776 249566852329.28937 40
1757531015824 249554152425.55637 41
1757531015871 249542771740.0631 42
1757531015919 249532569373.98883 43
1757531015966 249523420354.9551 44
1757531016013 249515213590.62708 45
1757531016060 249507850080.99695 46
1757531016107 249501241431.5829 47
1757531016155 249495308636.68396 48
1757531016203 249489981068.9205 49
1757531016251 249485195610.73782 50
1757531016298 249480895880.36224 51
1757531016345 249477031525.438 52
1757531016393 249473557574.02844 53
1757531016442 249470433841.9387 54
1757531016491 249467624398.15845 55
1757531016538 249465097089.014 56
1757531016586 249462823118.84863 57
1757531016635 249460776682.47824 58
1757531016683 249458934643.16406 59
1757531016731 249457276249.5112 60
1757531016779 249455782885.2502 61
1757531016825 249454437846.85336 62
1757531016874 249453226145.01398 63
1757531016922 249452134326.9346 64
