1757574830245 25214139266.93216 0
1757574830776 4688827729.286473 1
1757574831311 9978608261192.555 2
1757574831784 20779431113.462204 3
1757574832283 70644835728.06804 4
1757574832768 8903761706.67203 5
1757574833240 138525626072.65118 6
1757574833755 5328925557.122141 7
1757574834281 16282099114.88721 8
1757574834776 76351471480.6022 9
1757574835264 5419285059.426471 10
1757574835757 193013188669.2168 11
1757574836254 29628529226.63135 12
1757574836747 3641547025.109484 13
1757574837259 26038523264.01253 14
1757574837764 155794038504.8552 15
1757574838262 59093720503.08451 16
1757574838753 127499804910.85277 17
1757574839248 2607623374.342793 18
1757574839724 111114479793.40744 19
1757574840217 4000924815.391306 20
1757574840715 28917186589.63247 21
1757574841195 612986143728.8838 22
1757574841673 47154150018.15198 23
1757574842150 25233862900.559666 24
1757574842653 2962198801.486655 25
1757574843155 525376106825.216 26
1757574843675 5410537245.8809595 27
1757574844178 59970942554.95112 28
1757574844667 216540621458.15726 29
1757574845149 41141919.86713976 30
1757574845630 33580702386.76525 31
1757574846121 833862483512.2485 32
1757574846595 49214340738.50469 33
1757574847065 172789080638.85703 34
1757574847556 31484590856.0151 35
1757574848054 9448637156459.383 36
1757574848544 185419214078.79245 37
1757574849045 101734275182.35829 38
1757574849546 1856717933.6526601 39
1757574850022 4193735358.3243113 40
1757574850518 39193593881.56041 41
1757574851005 1078945077868.9459 42
1757574851510 29022777489.415134 43
1757574851996 5933242341.683542 44
1757574852497 93746665633.7615 45
1757574853000 4748126198.87872 46
1757574853485 13930888579.80898 47
1757574853986 10997631502.4086 48
1757574854491 18145299792.973732 49
1757574854984 217218700368.725 50
1757574855479 70436280188.58543 51
1757574855959 169502834365.928 52
1757574856433 489004940.1045193 53
1757574856925 421499882672.2807 54
1757574857417 78734863905.16978 55
1757574857893 324654533332.3378 56
1757574858404 702116849123.0629 57
1757574858873 538130872401.46655 58
1757574859363 230512255326.74316 59
1757574859841 5627932297.331142 60
1757574860313 1403791283.6042194 61
1757574860787 11480220584.387806 62
1757574861255 9896434093.124184 63
1757574861741 35345260392.45467 64
1757574862223 10583894216.371237 65
1757574862734 94333395053.89287 66
1757574863221 144138177795.70203 67
1757574863717 250670415816.66367 68
1757574864210 92096304001.73915 69
1757574864744 3701263148.656686 70
1757574865244 377280263.0746446 71
1757574865753 1296488468275.2957 72
1757574866241 180667573.72461942 73
1757574866750 8629331876.420708 74
1757574867255 24645042100.863644 75
1757574867790 209251103011.25928 76
1757574868307 47940810488.33813 77
1757574868825 18667857357.789303 78
1757574869326 294820.0033340925 79
1757574869830 425992435058.1388 80
1757574870314 33016069.474492446 81
1757574870805 9947557339.958204 82
1757574871311 17320702923.37345 83
1757574871840 38527223381.94839 84
1757574872320 219981336150.76376 85
1757574872812 1779462915.8747823 86
1757574873289 42866218959.983986 87
1757574873823 60876856406.00422 88
1757574874355 25232424992.725834 89
1757574874852 919014947339.5858 90
1757574875344 22944389813.505947 91
1757574875841 19270071345.401726 92
1757574876329 916357077.7018787 93
1757574876819 367954936740.3654 94
1757574877301 228649269633.2623 95
1757574877781 40874810548.199936 96
1757574878301 88130219328.01585 97
1757574878796 94665318832.29976 98
1757574879291 7566770792.374129 99
1757574879841 105405239414.72397 100
1757574880333 104730108261.35362 101
1757574880809 28192277930.093075 102
1757574881297 44399934145.91053 103
1757574881774 29464771585.14378 104
1757574882244 442180532108.94025 105
1757574882736 51691381617.41589 106
1757574883217 31419719337.059742 107
1757574883697 22066720854.816143 108
1757574884178 75327115835.40012 109
1757574884652 4616538281.843019 110
1757574885122 382127942198.7995 111
1757574885605 1196207615940.994 112
1757574886089 2836507853.367211 113
1757574886570 374578990565.9165 114
1757574887064 2168771441.6725206 115
1757574887554 28061391142.33274 116
1757574888047 510455940.67941165 117
1757574888556 434450667236.8918 118
1757574889030 75358061647.99431 119
1757574889500 35760428628.016396 120
1757574889978 2165749981.304393 121
1757574890448 25768743570.342014 122
1757574890922 20475728037.990574 123
1757574891395 2691567337925.109 124
1757574891871 1206734749.0078852 125
1757574892345 1619731996.3638804 126
1757574892822 430798700884.79974 127
1757574893296 38966483208.86165 128
1757574893776 9643270056.836332 129
1757574894252 395345479.30252814 130
1757574894734 317697512606.0817 131
1757574895203 15757286.672573496 132
1757574895677 256750053112.88486 133
1757574896141 358881312.9386388 134
1757574896605 776631395321.2742 135
1757574897071 51898509472.62161 136
1757574897531 97431669730.53769 137
1757574898003 8249632314.927826 138
1757574898480 23580906340.65867 139
1757574898964 50232137192.42555 140
1757574899454 189182811674.06573 141
1757574899929 144000103143.5668 142
1757574900404 8509385472973.709 143
1757574900878 250473781507.6488 144
1757574901345 16011702997.361814 145
1757574901823 134404264867.3524 146
1757574902317 58380107063.55149 147
1757574902819 78245616161.254 148
1757574903322 171851075354.75778 149
1757574903815 727766389656.9099 150
1757574904399 25330863608.53046 151
1757574904977 53947101524.437454 152
1757574905503 9347415195.288084 153
1757574906026 62494582633.44798 154
1757574906523 229489161914.63403 155
1757574907003 262881439476.7368 156
1757574907528 21683929753.27478 157
1757574908076 133226673324.52815 158
1757574908626 226659439007.9192 159
1757574909166 46812928044.94805 160
1757574909689 140534276253.7928 161
1757574910207 747826465168.0807 162
1757574910726 20750669957.63449 163
1757574911242 409322203.3129476 164
1757574911754 69086023306.0602 165
1757574912251 76460512804.75778 166
1757574912758 49642822154.75571 167
1757574913259 33584202519.21303 168
1757574913748 4004524277.673315 169
1757574914255 33716962599.191795 170
1757574914781 1921865274.5505214 171
1757574915284 104729014124.36081 172
1757574915781 22351108620.14986 173
1757574916257 201044994619.1448 174
1757574916737 123858208646.19681 175
1757574917217 141446739778.20468 176
1757574917710 135325514454.31335 177
1757574918199 66386581919.75534 178
1757574918686 14763676468.930914 179
1757574919180 194595621921.99686 180
1757574919666 2630624912.5942316 181
1757574920138 32163045215.10455 182
1757574920621 80622818809.0056 183
1757574921091 6361840132.128495 184
1757574921564 54347074255.17876 185
1757574922043 321417537093.43 186
1757574922514 372408290916.66644 187
1757574922984 2081741791.0465083 188
1757574923447 341207629098.4553 189
1757574923920 68183528676.080956 190
1757574924389 167144152116.47827 191
1757574924860 16415483943.020079 192
1757574925332 26399665200.110218 193
1757574925809 91374121376.25275 194
1757574926293 41664926638.45941 195
1757574926784 209211273.44774014 196
1757574927255 21520826735.767735 197
1757574927733 506832722720.48773 198
1757574928212 902614587391.9642 199
1757574928690 138244417561.4195 200
1757574929171 52377642269.75198 201
1757574929654 12520932221.24211 202
1757574930140 22855445206.275608 203
1757574930632 263487116.77401024 204
1757574931106 2702263762933.95 205
1757574931607 285504375483.6422 206
1757574932076 184874822224.53488 207
1757574932554 63186120744.94381 208
1757574933019 101704576192.27904 209
1757574933491 34555064446.69772 210
1757574933961 492037104.6575994 211
1757574934429 1263300494.5694392 212
1757574934900 504728967248.2441 213
1757574935373 4875001532.040683 214
1757574935849 777812243.0085989 215
1757574936326 82697795225.80565 216
1757574936807 95545989.19307607 217
1757574937292 100262416935.00511 218
1757574937798 48132264046.86372 219
1757574938282 446752511668.1119 220
1757574938764 67195279099.81701 221
1757574939251 29859587752.878506 222
1757574939734 829364469875.3907 223
1757574940206 323336449727.1079 224
1757574940679 3820573545.950935 225
1757574941157 273474411935.26794 226
1757574941631 151935695301.51825 227
1757574942106 17927786101.11588 228
1757574942584 877700176.8064204 229
1757574943057 27532537856.430855 230
1757574943539 9501147315.52255 231
1757574944013 572879944238.4779 232
1757574944489 66267184772.366585 233
1757574944958 926982647760.5538 234
1757574945426 8486129171.855018 235
1757574945907 356001044034.8635 236
1757574946380 11554762211.246695 237
1757574946859 707198390.5981473 238
1757574947355 174480991808.9365 239
1757574947847 15155883585.12312 240
1757574948356 13754746844.273293 241
1757574948879 87803.897003907 242
1757574949388 51412845.54313875 243
1757574949894 1216906882796.6436 244
1757574950409 14646540813.07803 245
1757574950913 308279330302.80536 246
1757574951434 28409993575.048237 247
1757574951944 13062179397.39376 248
1757574952459 91785701810.3447 249
1757574952963 2528313129.6747303 250
1757574953472 394289494774.5675 251
1757574953960 97250476062.41985 252
1757574954429 5229119647.901079 253
1757574954893 213933900534.80447 254
1757574955368 17076058216.325388 255
1757574955834 6098992631.522808 256
1757574956329 7902997455.672843 257
1757574956841 85248475314.86269 258
1757574957333 35527071934.34403 259
1757574957848 277850565914.36945 260
1757574958351 25970857460.095352 261
1757574958821 1274222426.7879755 262
1757574959299 24402606860.66535 263
1757574959803 297043932862.4191 264
1757574960309 66133151938.32551 265
1757574960801 3429684927.4008636 266
1757574961277 12877695968.57822 267
1757574961762 22021754294.137928 268
1757574962244 3423765453.5399065 269
1757574962716 10004278853.900972 270
1757574963232 442513742079.63806 271
1757574963728 58065886.437554255 272
1757574964216 82965042568.02014 273
1757574964696 34217437123.516464 274
1757574965198 22941908988.52885 275
1757574965697 46871372293.48691 276
1757574966205 12862370391.652061 277
1757574966707 577559239660.5085 278
1757574967238 60847050330.79058 279
1757574967751 5611300790616.097 280
1757574968282 35432708419.38834 281
1757574968795 155301407375.33356 282
1757574969290 59384703995.06227 283
1757574969795 86231904472.16121 284
1757574970275 11193391294.657894 285
1757574970778 9920690899690.346 286
1757574971272 27316897291.577972 287
1757574971759 638730886846.5638 288
1757574972239 871951477.6783929 289
1757574972708 273252628204.98184 290
1757574973184 20590255149.910778 291
1757574973673 270130483026.3677 292
1757574974168 2850525172.803573 293
1757574974636 49413008273.61759 294
1757574975110 104593360589.48428 295
1757574975580 103447767142.992 296
1757574976047 752469978.8554968 297
1757574976508 38888232722.69309 298
1757574976977 3312986391.933186 299
1757574977443 43434098454.486855 300
1757574977910 4726205274.474057 301
1757574978390 156352300107.91513 302
1757574978878 344980590072.6882 303
1757574979364 14270915615.45216 304
1757574979834 281695175446.8186 305
1757574980307 145062290194.57205 306
1757574980783 30901515278.579445 307
1757574981260 306154112693.8415 308
1757574981732 15226664854.307579 309
1757574982208 60760377625.90515 310
1757574982680 129032397743.09894 311
1757574983156 18034099866.916496 312
1757574983627 33496968171.79957 313
1757574984116 15317348010.804409 314
1757574984598 326331887183.3625 315
1757574985079 34652177364.64069 316
1757574985551 259211465131.36215 317
1757574986044 366459050460.8359 318
1757574986538 511398825.13351756 319
1757574987029 15480827665.044765 320
1757574987494 3613942935.4822583 321
1757574987979 45064982716.08077 322
1757574988456 439217974396.11865 323
1757574988937 19721926225.03717 324
1757574989436 90519886828.07166 325
1757574989951 655000690229.856 326
1757574990448 452372933681.3595 327
1757574990934 583791046512.1617 328
1757574991414 38693754649.288864 329
1757574991901 2804106799.8777466 330
1757574992369 1409577602.998562 331
1757574992844 508169897.4780572 332
1757574993315 713975972068.8752 333
1757574993788 178498466372.9565 334
1757574994258 1014989831.1950729 335
1757574994728 135743446.45032603 336
1757574995193 720342601518.3821 337
1757574995660 238604961733.47903 338
1757574996137 5780956589.2471485 339
1757574996617 23743935.09395487 340
1757574997089 209829898604.6309 341
1757574997565 22058114052.692497 342
1757574998040 24576969391.279125 343
1757574998526 16415655931.84736 344
1757574999014 393535367911.00806 345
1757574999500 543059475523.8648 346
1757574999981 19364012654.84404 347
1757575000455 89051960408.05028 348
1757575000939 334691970785.70245 349
1757575001414 49129674277.77688 350
1757575001882 8598390987270.316 351
1757575002343 18441711393.750732 352
1757575002828 29542538897.52135 353
1757575003305 99361791239.44525 354
1757575003775 149690324484.911 355
1757575004276 32308902705.676987 356
1757575004754 6526863264905.68 357
1757575005243 2606433996522.398 358
1757575005707 1308572824.9394467 359
1757575006172 620988857509.8745 360
1757575006652 602781094461.4971 361
1757575007121 96743493822.40479 362
1757575007602 317791734722.7608 363
1757575008074 252806959374.42947 364
1757575008567 733256102453.6637 365
1757575009054 5376540127.654056 366
1757575009515 209628714216.2239 367
1757575009989 26739065206.3022 368
1757575010463 149866557455.56177 369
1757575010950 875389506.0249087 370
1757575011434 3352355629.0378995 371
1757575011905 25726334948.582664 372
1757575012397 71739992140.89116 373
1757575012879 422397161.46099627 374
1757575013359 84614030699.78218 375
1757575013839 39928901.292655334 376
1757575014311 52808803170.4288 377
1757575014777 185952163446.98407 378
1757575015242 8290363461.916435 379
1757575015718 236400296673.0618 380
1757575016192 23626876917.603172 381
1757575016673 182174416526.7011 382
1757575017146 24290960824.68396 383
1757575017615 451148718738.6514 384
1757575018092 57401277213.00198 385
1757575018580 886157087.7924687 386
1757575019073 53065826463.602486 387
1757575019577 154068405.95231634 388
1757575020066 16422753426.879566 389
1757575020552 3082845080.87979 390
1757575021045 305456913516.6483 391
1757575021526 15772980518.624605 392
1757575022001 162585697039.73627 393
1757575022481 99939612572.26295 394
1757575022981 91727353245.45457 395
1757575023456 35887000597.59144 396
1757575023929 5228770931.329098 397
1757575024404 49984110982.37583 398
1757575024875 33077189509.89742 399
1757575025359 26153889656.265583 400
1757575025841 50860978758.65877 401
1757575026312 119165786026.29218 402
1757575026780 68136351077.95873 403
1757575027255 34020835823.211742 404
1757575027737 14395595576.833496 405
1757575028221 1305358720.5008595 406
1757575028690 341599569036.6079 407
1757575029163 6874612733.996117 408
1757575029631 134365457592.73566 409
1757575030117 1228428860.0976646 410
1757575030604 44398471202.45006 411
1757575031105 973879793.9219412 412
1757575031596 18370996080.785755 413
1757575032086 65451677.60381731 414
1757575032579 60872037847.523735 415
1757575033057 32777292726.62385 416
1757575033548 29309087381.436436 417
1757575034026 35388197093.47096 418
1757575034498 410424304711.1087 419
1757575034961 18429968201.24698 420
1757575035430 2357531893.848522 421
1757575035896 122544819824.49342 422
1757575036366 30527273033.880806 423
1757575036830 180647455722.03644 424
1757575037297 299206549.2302148 425
1757575037772 42425922929.77056 426
1757575038249 1826816610.4734912 427
1757575038716 28825874835.86018 428
1757575039185 85270732807.32355 429
1757575039652 4511539504.720214 430
1757575040122 34954012524.18555 431
1757575040610 33262830370.85482 432
1757575041078 10466293382340.818 433
1757575041549 20568647168.320732 434
1757575042045 8071613003958.654 435
1757575042532 140435610012.38162 436
1757575043019 433999776.03906196 437
1757575043498 406682395253.01624 438
1757575043982 134724306457.26237 439
1757575044485 191064208217.59735 440
1757575044971 179101058511.66248 441
1757575045453 158841528589.22037 442
1757575045935 44341606562.12964 443
1757575046418 383539591849.8371 444
1757575046895 9390984675.397724 445
1757575047369 2309128990.731077 446
1757575047848 528578292788.1379 447
1757575048328 158629630767.40118 448
1757575048816 93863420617.71886 449
1757575049307 1710741664605.82 450
1757575049814 5212873440.227099 451
1757575050309 2364952059.571685 452
1757575050803 7119820034.849092 453
1757575051324 584150397145.079 454
1757575051812 24221366.834327478 455
1757575052284 22140764965.147163 456
1757575052771 94268340432.90775 457
1757575053264 4635231005.988976 458
1757575053757 316503581999.55396 459
1757575054269 21376782384.154778 460
1757575054774 12915901862.382042 461
1757575055277 7041245927.868236 462
1757575055754 15765996603.785782 463
1757575056254 7227390611.125613 464
1757575056751 3879618167.922353 465
1757575057230 111011122314.33969 466
1757575057738 100337947825.43544 467
1757575058281 34659927136.009 468
1757575058811 446028094808.6478 469
1757575059328 391780785865.9827 470
1757575059812 13335679729.80937 471
1757575060296 28083577530.910706 472
1757575060769 33962598104.814747 473
1757575061244 19009347756.67966 474
1757575061725 4645983302.769634 475
1757575062201 427485417453.5631 476
1757575062688 4903882519.104926 477
1757575063197 18249662977.705067 478
1757575063707 154699810191.86688 479
1757575064223 5791752548.796039 480
1757575064721 2306276816.3705955 481
1757575065200 195211484642.52844 482
1757575065674 25764005634.84955 483
1757575066174 398770346947.39386 484
1757575066690 241247724601.60385 485
1757575067226 30226332689.5756 486
1757575067716 165531456903.6845 487
1757575068226 45702886990.25723 488
1757575068749 59662273211.16118 489
1757575069276 3930684852.383872 490
1757575069822 129941465171.76321 491
1757575070399 284887693355.23584 492
1757575070925 95063533467.12427 493
1757575071443 84365045602.34975 494
1757575071975 626264990202.904 495
1757575072466 306274315996.66846 496
1757575073004 62186241689.244354 497
1757575073551 181147357597.70612 498
1757575074083 121310891928.63638 499
