1757577432881 183699893302.72815 0
1757577433350 35571772841.14058 1
1757577433818 25558239730.984306 2
1757577434297 89143420931.32663 3
1757577434766 174445003861.27063 4
1757577435243 542162488.9461998 5
1757577435708 20823071118.76122 6
1757577436191 1041084116.753264 7
1757577436658 12673588853.999691 8
1757577437137 12894618774.65279 9
1757577437636 4341245408.947084 10
1757577438127 1591294313.7346542 11
1757577438601 3755265195.4948015 12
1757577439069 9021521789.098167 13
1757577439522 225652514330.72803 14
1757577439991 109095887279.11111 15
1757577440459 52789982072.96936 16
