1757586814435 1053298917197.7715 0
1757586814507 3134619636380.556 1
1757586814579 6799397361076446.0 2
1757586814676 2.0623204298503336e+19 3
1757586814755 6.255509051620868e+22 4
1757586814827 1.8974449071855584e+26 5
1757586814897 5.755402391984898e+29 6
1757586814970 1.7457506443646273e+33 7
1757586815036 5.295277557905854e+36 8
1757586815098 1.6061838215999416e+40 9
1757586815162 4.871938138384668e+43 10
1757586815229 1.4777748913323953e+47 11
1757586815292 4.482443264717918e+50 12
1757586815356 1.3596318180301043e+54 13
1757586815421 4.124087180646513e+57 14
1757586815488 1.2509338813661304e+61 15
1757586815551 3.7943804459158485e+64 16
1757586815614 1.150925974810548e+68 17
1757586815678 3.4910326425474843e+71 18
1757586815747 1.058913360030666e+75 19
1757586815809 3.2119364636854277e+78 20
1757586815870 9.742568406591138e+81 21
1757586815934 2.9551530744850895e+85 22
1757586815994 8.963683219027343e+88 23
1757586816053 2.7188986433493724e+92 24
1757586816138 8.247067251456486e+95 25
1757586816210 2.501531949946486e+99 26
1757586816295 7.587742291658803e+102 27
1757586816370 2.3015429839246786e+106 28
1757586816444 6.9811281185393055e+109 29
1757586816520 2.117542455120849e+113 30
1757586816596 6.42301068409188e+116 31
1757586816672 1.9482521423923006e+120 32
1757586816744 5.909512839106931e+123 33
1757586816816 1.792496014026588e+127 34
1757586816889 5.437067399259217e+130 35
1757586816961 1.6491920580443142e+134 36
1757586817033 5.0023923644702504e+137 37
1757586817106 1.5173447656414684e+141 38
1757586817178 4.602468119398259e+144 39
1757586817250 1.396038215554937e+148 40
1757586817322 4.2345164566715605e+151 41
1757586817392 1.284429711309476e+155 42
1757586817462 3.8959812771428035e+158 43
1757586817532 1.1817439271451136e+162 44
1757586817601 3.5845108330924013e+165 45
1757586817668 1.0872675219577409e+169 46
1757586817734 3.297941391027324e+172 47
1757586817800 1.0003441838368445e+176 48
1757586817864 3.0342822005835716e+179 49
1757586817928 9.20370070775552e+182 50
1757586817990 2.7917016651136726e+186 51
1757586818054 8.467896158803985e+189 52
1757586818121 2.5685146178887135e+193 53
1757586818193 7.790916679403188e+196 54
1757586818264 2.3631706155247055e+200 55
1757586818338 7.168059405439848e+203 56
1757586818408 2.1742431673096273e+207 57
1757586818478 6.594997450781449e+210 58
1757586818545 2.000419825609139e+214 59
1757586818610 6.067749849116225e+217 60
1757586818673 1.8404930685106977e+221 61
1757586818739 5.582653898840763e+224 62
1757586818802 1.6933519113691187e+228 63
1757586818873 5.136339718879704e+231 64
1757586818950 1.5579741889806465e+235 65
1757586819027 4.725706838681061e+238 66
1757586819098 1.4334194547708506e+242 67
1757586819175 4.347902659761739e+245 68
1757586819244 1.3188224476683465e+249 69
1757586819311 4.000302639179227e+252 70
1757586819375 1.2133870812796898e+256 71
1757586819443 3.6804920572672666e+259 72
1757586819516 1.1163809136093027e+263 73
1757586819587 3.3862492429789725e+266 74
1757586819659 1.0271300589064583e+270 75
1757586819731 3.115530140306729e+273 76
1757586819802 9.45014506292785e+276 77
1757586819889 2.866454108564237e+280 78
1757586819962 8.694638126495761e+283 79
1757586820039 2.6372908578877965e+287 80
1757586820104 7.999531398441051e+290 81
1757586820167 2.426448429199641e+294 82
1757586820230 7.359996087661821e+297 83
1757586820297 2.232462135132419e+301 84
1757586820360 inf 85
1757586820422 inf 86
