1757568477166 456508636577.7224 0
1757568477238 1072189056045.3438 1
1757568477310 690874500312.084 2
1757568477380 3022356305650.82 3
1757568477453 207449942432537.88 4
1757568477520 684456920462556.2 5
1757568477594 1.1110708743790683e+17 6
1757568477668 1.7807206956621162e+17 7
1757568477738 8.806147661169023e+18 8
1757568477810 7.3223170505483256e+19 9
1757568477878 9.236058826457874e+20 10
1757568477950 2.2187236499356746e+22 11
1757568478021 7.859510128704168e+22 12
1757568478095 1.5471858953691488e+24 13
1757568478172 2.5462350353317232e+25 14
1757568478246 2.0060312819779959e+27 15
1757568478314 1.4832039739743912e+29 16
1757568478405 2.3841198995377236e+28 17
1757568478476 1.1241589284590328e+30 18
1757568478549 1.712446307634704e+31 19
1757568478622 3.374707660143815e+32 20
1757568478695 5.60902017226942e+33 21
1757568478766 5.573472023556442e+35 22
1757568478834 3.347906787982189e+35 23
1757568478906 4.8633009386983597e+36 24
1757568478977 4.2638482688347385e+38 25
1757568479051 2.4666417405621342e+39 26
1757568479118 3.536429648901866e+41 27
1757568479191 1.0690206011314005e+42 28
1757568479259 6.643081795078808e+42 29
1757568479326 2.2743852146535418e+46 30
1757568479399 1.2223382754625835e+45 31
1757568479462 9.346990866481836e+45 32
1757568479536 3.737123156870566e+47 33
1757568479606 4.0845327920636907e+49 34
1757568479683 6.173824016780934e+49 35
1757568479751 6.121147974017985e+50 36
1757568479827 4.8462973985330295e+51 37
1757568479893 1.5092058063088986e+53 38
1757568479970 8.50263604517549e+54 39
1757568480062 8.738237675968058e+54 40
1757568480136 5.228906614919818e+56 41
1757568480213 5.4570284118299484e+57 42
1757568480282 1.925654948092033e+59 43
1757568480355 4.461169764090606e+60 44
1757568480435 1.0067597678860572e+63 45
1757568480503 1.797263834062068e+63 46
1757568480577 1.9338711505404064e+63 47
1757568480649 1.9654651821749253e+65 48
1757568480721 1.7923818369065485e+65 49
1757568480794 4.4897381816164745e+66 50
1757568480859 3.3224713944810237e+68 51
1757568480931 1.0112556779681527e+69 52
1757568480999 3.0288767952056653e+70 53
1757568481075 1.670848683834009e+71 54
1757568481139 7.43106108545557e+72 55
1757568481223 4.002263952562334e+73 56
1757568481288 5.908603735658362e+75 57
1757568481368 4.853239721302428e+77 58
1757568481445 2.5931585177794793e+77 59
1757568481516 1.1986695298404125e+78 60
1757568481589 7.696192998056431e+79 61
1757568481665 1.16988156365955e+81 62
1757568481755 8.595696296212482e+81 63
1757568481829 8.783233766912731e+82 64
1757568481902 6.4416587451192135e+84 65
1757568481971 1.9738024225910538e+85 66
1757568482036 1.9995572031121208e+86 67
1757568482112 2.742182608803253e+87 68
1757568482183 8.25485494586351e+88 69
1757568482256 2.420327801446488e+90 70
1757568482328 6.180409980972093e+90 71
1757568482399 4.448878087142933e+91 72
1757568482474 2.6076054922472265e+93 73
1757568482545 1.0613926681846129e+95 74
1757568482620 4.7890903737000533e+95 75
1757568482696 9.8488720552932e+98 76
1757568482770 8.101185096661372e+97 77
1757568482844 7.38294347522567e+98 78
1757568482914 3.0129187388239595e+102 79
1757568482987 5.978106517029853e+101 80
1757568483062 8.860643534570205e+102 81
1757568483134 1.0331739155689063e+103 82
1757568483209 8.641975782615381e+104 83
1757568483277 1.0455371581670882e+106 84
1757568483351 3.259196369741915e+107 85
1757568483428 2.589644310449799e+108 86
1757568483501 1.6354794420535338e+109 87
1757568483569 1.0183573701276558e+111 88
1757568483643 6.10769857700362e+111 89
1757568483713 9.231201922345003e+112 90
1757568483782 1.0169327121329792e+114 91
1757568483851 1.6932916376954649e+115 92
1757568483922 2.9259268475157564e+116 93
1757568483990 1.3370269997022799e+118 94
1757568484063 2.1229416594739757e+118 95
1757568484130 4.711427305543832e+119 96
1757568484195 8.336852296700287e+120 97
1757568484273 6.2319861716775195e+122 98
1757568484346 3.696525461222355e+124 99
1757568484417 2.447752584193386e+124 100
1757568484488 3.0631572953518343e+125 101
1757568484557 2.1188745992870007e+126 102
1757568484628 1.2385237285786738e+129 103
1757568484694 7.324458771054028e+128 104
1757568484769 8.430158098998878e+129 105
1757568484840 1.559810045873058e+131 106
1757568484905 4.3868550734452236e+132 107
1757568484976 1.523605923428339e+134 108
1757568485059 2.4118929386317194e+134 109
1757568485138 2.119262090038327e+138 110
1757568485203 9.394435732430835e+136 111
1757568485276 1.462651621398266e+139 112
1757568485347 1.526804205006848e+139 113
1757568485423 1.749787629765972e+141 114
1757568485495 3.853388168130843e+141 115
1757568485576 1.0552804076120607e+143 116
1757568485648 2.064835482452236e+144 117
1757568485718 4.070037841407545e+144 118
1757568485787 1.1088160185887167e+146 119
1757568485858 2.8646196263251277e+147 120
1757568485930 4.240501542378233e+149 121
1757568485999 2.0172358905124986e+149 122
1757568486070 2.6907467579213972e+150 123
1757568486142 5.614353193376604e+151 124
1757568486215 4.364426684078743e+152 125
1757568486291 8.740321960266601e+153 126
1757568486364 4.1352312259617105e+155 127
1757568486431 2.003956533840605e+157 128
1757568486497 5.3066329032342605e+157 129
1757568486573 2.709556620858398e+161 130
1757568486649 2.2751317962219492e+160 131
1757568486719 1.5119767420622244e+162 132
1757568486792 2.4539526087834834e+162 133
1757568486865 1.4313726685848395e+164 134
1757568486943 2.5359644335168743e+165 135
1757568487008 9.52317048241507e+165 136
1757568487076 5.125434924563773e+167 137
1757568487150 4.113994624443384e+168 138
1757568487222 3.6359127253213535e+169 139
1757568487290 8.431899116063022e+171 140
1757568487366 6.671026708154278e+171 141
1757568487436 2.940882129472732e+172 142
1757568487513 9.83929415261678e+173 143
1757568487585 2.224987087019976e+175 144
1757568487654 2.3908791291323296e+176 145
1757568487719 4.593014185398502e+177 146
1757568487804 7.26610148545945e+180 147
1757568487874 4.0054041563325533e+179 148
1757568487944 2.4028513416886917e+180 149
1757568488016 1.2237638955259186e+182 150
1757568488090 1.0229337279438781e+183 151
1757568488163 1.113768473071598e+184 152
1757568488235 1.6328935971992793e+185 153
1757568488318 9.78817403689539e+186 154
1757568488395 5.492310394186085e+187 155
1757568488470 4.4420746777343483e+188 156
1757568488543 1.8852514925515568e+190 157
1757568488621 3.22326001474792e+191 158
1757568488690 3.799402311058985e+192 159
1757568488768 3.1088018897783715e+194 160
1757568488835 2.8253965986538418e+194 161
1757568488908 6.169268494602754e+197 162
1757568488981 3.806768401594558e+198 163
1757568489051 2.696237584536072e+198 164
1757568489130 5.815483290050708e+199 165
1757568489201 1.3432911526629237e+200 166
1757568489268 1.9210370646456578e+202 167
1757568489334 7.787509220604447e+202 168
1757568489408 3.621367141204931e+203 169
1757568489483 1.735773830648248e+205 170
1757568489560 1.4925795642383009e+206 171
1757568489637 3.273000227400673e+207 172
1757568489708 2.346916666694085e+208 173
1757568489779 1.521878705016724e+210 174
1757568489854 1.400182421824595e+211 175
1757568489924 1.3486036309608095e+212 176
1757568490009 2.870610663886429e+213 177
1757568490080 5.529952789958827e+214 178
1757568490159 4.8148909142958085e+215 179
1757568490244 1.214231437473936e+216 180
1757568490316 4.633930009600468e+217 181
1757568490398 1.540703188292263e+219 182
1757568490470 1.9656843414747079e+220 183
1757568490547 2.262986351813505e+221 184
1757568490633 6.700761618795399e+222 185
1757568490706 1.160577953254278e+223 186
1757568490777 9.648009375332902e+224 187
1757568490848 7.637339335302156e+225 188
1757568490925 1.0501706488432836e+228 189
1757568491003 2.3102720554273565e+228 190
1757568491078 1.0660155976394512e+229 191
1757568491146 1.069947673703266e+233 192
1757568491223 1.0412403865859523e+232 193
1757568491294 1.4109470126299498e+233 194
1757568491362 3.702545089822319e+233 195
1757568491441 1.7247689732607995e+235 196
1757568491515 2.2828689195062456e+236 197
1757568491601 3.580860044955583e+238 198
1757568491679 6.749671306496127e+238 199
1757568491747 3.9846790920697987e+239 200
1757568491824 4.7835523202000706e+240 201
1757568491892 8.629750700090057e+241 202
1757568491965 4.8923183803328154e+243 203
1757568492045 2.5292538745497263e+244 204
1757568492118 2.9507024906561834e+246 205
1757568492211 1.0433841357502435e+247 206
1757568492279 4.7712570032022366e+247 207
1757568492358 3.994196670042439e+249 208
1757568492433 3.537203342092351e+250 209
1757568492502 7.829879245144689e+250 210
1757568492581 2.030502800693242e+253 211
1757568492653 2.1996456794136243e+253 212
1757568492729 4.900445544934256e+254 213
1757568492797 1.4198651163174287e+256 214
1757568492870 5.574698641339575e+257 215
1757568492945 3.335433214365728e+260 216
1757568493019 1.2829111768511901e+259 217
1757568493092 3.5903505331556645e+260 218
1757568493171 6.531044520967619e+261 219
1757568493249 5.7146395608435576e+262 220
1757568493323 6.789459883665288e+263 221
1757568493401 6.832652610611204e+264 222
1757568493478 6.42658353819706e+266 223
1757568493550 3.599359162260668e+268 224
1757568493620 3.683878947339561e+268 225
1757568493690 3.65667450286225e+271 226
1757568493759 2.139126555331655e+270 227
1757568493833 1.689120852339955e+273 228
1757568493900 1.2783735510187131e+273 229
1757568493975 1.5358933030737826e+276 230
1757568494055 1.0978192694357407e+275 231
1757568494128 7.532182868738058e+278 232
1757568494206 4.0748980903583465e+279 233
1757568494279 5.168306966738482e+279 234
1757568494352 3.237975970977354e+280 235
1757568494432 8.657294646046356e+280 236
1757568494508 4.4565222514256165e+282 237
1757568494583 4.630774375823819e+283 238
1757568494657 4.4699775761250637e+284 239
1757568494738 3.1461447819620197e+285 240
1757568494813 1.05814717212848e+287 241
1757568494887 3.1544960721715304e+288 242
1757568494962 3.8744193376563145e+291 243
1757568495041 1.9560507723397664e+290 244
1757568495120 5.448414946128258e+291 245
1757568495191 2.1673614539484028e+293 246
1757568495268 7.471562034037868e+293 247
1757568495347 1.4757747035381535e+296 248
1757568495416 6.324414669307026e+296 249
1757568495496 3.044504343819429e+297 250
1757568495571 1.6123330130855132e+298 251
1757568495646 1.0422072350663126e+300 252
1757568495724 1.0611354448703077e+301 253
1757568495803 3.520342201351568e+301 254
1757568495875 1.0955103801529591e+303 255
