1757582391804 1188880632964.607 0
1757582391872 1183669095597.3289 1
1757582391939 1060326295259.872 2
1757582392007 119714648443.70865 3
1757582392070 746467893418.6482 4
1757582392136 583322537393.517 5
1757582392206 339630211094.59076 6
1757582392286 87393172040.62704 7
1757582392359 56041149671.16748 8
1757582392430 322922783880.2513 9
1757582392501 138651079857.8917 10
1757582392571 123734764621.21724 11
1757582392647 462180388218.835 12
1757582392720 373237186536.30865 13
1757582392791 522992798237.0152 14
1757582392862 96996323561.97034 15
1757582392933 587251716887.098 16
1757582393012 116117217986.0261 17
1757582393080 80143290316.19398 18
1757582393145 81652954425.43852 19
1757582393212 374361035318.10565 20
1757582393285 414060631432.95544 21
1757582393351 431800594166.16974 22
1757582393416 90180532019.10703 23
1757582393481 278500297288.4119 24
1757582393548 287789766031.48865 25
1757582393613 280307675071.088 26
1757582393680 257264388686.58667 27
1757582393746 162988467635.7362 28
1757582393813 179223026812.74142 29
1757582393881 192258560497.84106 30
1757582393952 129614235782.88887 31
1757582394018 358349400571.95966 32
1757582394086 320086688139.1744 33
1757582394152 160439102145.4741 34
1757582394221 430710449341.8857 35
1757582394289 107345891327.9772 36
1757582394356 111529721810.56807 37
1757582394424 334938578942.46643 38
1757582394492 478702003863.7775 39
1757582394560 122379006666.9202 40
1757582394624 142818535241.31204 41
1757582394690 140354084505.68268 42
1757582394758 436941347531.4392 43
1757582394823 158381728435.61197 44
1757582394886 251388242428.94632 45
1757582394951 82580684424.19913 46
1757582395016 179774780425.195 47
1757582395087 218835925924.87106 48
1757582395161 308282750035.077 49
1757582395237 140866530773.39597 50
1757582395316 287340576371.92126 51
1757582395386 170789620517.16235 52
1757582395455 108361370990.73215 53
1757582395520 381827853965.4596 54
1757582395585 107807648342.88602 55
1757582395649 163315871182.84637 56
1757582395715 256012660789.97626 57
1757582395781 153785533196.5117 58
1757582395849 418561334690.55774 59
1757582395921 105905589285.20471 60
1757582395998 521792757287.7691 61
1757582396069 202218509297.01367 62
1757582396135 139570132257.99725 63
1757582396200 540278108207.58746 64
1757582396282 300610335944.2586 65
1757582396354 376163314017.39215 66
1757582396426 511645501030.3824 67
1757582396495 331862864167.4319 68
1757582396564 448597126590.20654 69
1757582396637 78810485531.98756 70
1757582396710 182452872995.38068 71
1757582396778 264210424805.98602 72
1757582396850 153088205374.71762 73
1757582396919 251791137685.65115 74
1757582396985 265593755160.20157 75
1757582397051 276306491079.83984 76
1757582397118 389150560504.76843 77
1757582397187 137563599687.03394 78
1757582397266 440461531842.8255 79
1757582397353 63506658337.11597 80
1757582397436 259033616823.06952 81
1757582397515 313970733702.73157 82
1757582397591 168519653089.4588 83
1757582397670 283900866304.8463 84
1757582397752 276394612100.0941 85
1757582397834 149823165409.6787 86
1757582397922 109011530603.52966 87
1757582398000 420498300911.1987 88
1757582398082 258088034739.90448 89
1757582398159 593312547664.8561 90
1757582398243 145791185951.10715 91
1757582398325 180479439106.09256 92
1757582398406 624611083742.8154 93
1757582398482 173804236877.638 94
1757582398552 488915494445.4521 95
1757582398618 200940098117.22382 96
1757582398686 154528220443.86502 97
1757582398757 115667667054.43668 98
1757582398828 438534652027.9581 99
1757582398896 517084494220.3798 100
1757582398971 144192614844.73526 101
1757582399043 340003304259.0649 102
1757582399109 81505126128.96234 103
1757582399177 180075483799.50583 104
1757582399246 263446803006.32617 105
1757582399318 87863771807.26724 106
1757582399397 474263574873.8757 107
1757582399474 187675562004.17178 108
1757582399540 333297605884.5916 109
1757582399605 112219124254.14676 110
1757582399669 294320908517.4557 111
1757582399745 311637911952.706 112
1757582399814 467454732686.30255 113
1757582399890 75985024030.21597 114
1757582399962 294203359011.58276 115
1757582400029 205129298453.15277 116
1757582400095 144417621689.28214 117
1757582400166 190704975207.84903 118
1757582400249 415450810831.0807 119
1757582400321 212099628362.04 120
1757582400393 368240256255.21844 121
1757582400467 582728524141.8951 122
1757582400540 348164259424.78986 123
1757582400621 402741327440.1552 124
1757582400691 72740568268.50435 125
1757582400765 165629298209.63553 126
1757582400846 155679538561.87466 127
1757582400922 333804053083.45734 128
1757582400993 848710853842.4003 129
1757582401075 184261628445.2801 130
1757582401148 259624529155.59155 131
1757582401221 354410013754.5069 132
1757582401297 278747803293.2502 133
1757582401374 317166647851.60614 134
1757582401447 79307898151.34425 135
1757582401520 120769346929.61159 136
1757582401592 100988271727.69824 137
1757582401664 287153108162.6255 138
1757582401736 440861055443.41693 139
1757582401806 165650929858.2298 140
1757582401877 191040841401.6872 141
1757582401948 190513217582.63202 142
1757582402018 324669412776.4222 143
1757582402090 134520131073.29773 144
1757582402162 85122039192.06725 145
1757582402241 113469421466.47804 146
1757582402320 120493031668.1492 147
1757582402394 152968849107.98718 148
1757582402468 87065587953.5036 149
1757582402541 478172305151.6958 150
1757582402612 98514094080.92322 151
1757582402692 538786376887.5109 152
1757582402777 228687146459.15845 153
1757582402852 118831616864.9416 154
1757582402926 118326710366.61601 155
1757582403000 262368644588.195 156
1757582403073 454932503493.2008 157
1757582403155 84047383620.44186 158
1757582403229 109950726199.56523 159
1757582403300 168157732042.17136 160
1757582403394 95693080827.32753 161
1757582403472 258609337231.17828 162
1757582403545 390684694570.45135 163
1757582403619 147762156935.71118 164
1757582403695 192679937099.74792 165
1757582403769 117176913548.18224 166
1757582403847 76301633647.19255 167
1757582403928 217870731677.8811 168
1757582404001 89025987067.1806 169
1757582404068 184556321985.3171 170
1757582404135 173093188618.4517 171
1757582404208 143310918554.21567 172
1757582404288 162493899989.46356 173
1757582404362 301497653774.885 174
1757582404434 437394247577.57074 175
1757582404507 414011284314.0078 176
1757582404580 214950442941.09128 177
1757582404654 95282939225.95708 178
1757582404729 266738412865.35175 179
1757582404803 232656301301.1596 180
1757582404882 93033575646.25037 181
1757582404956 488633799302.18835 182
1757582405029 87725903904.50604 183
1757582405102 76131376875.84436 184
1757582405175 490074575402.8143 185
1757582405249 97887019688.67595 186
1757582405323 428660586762.29297 187
1757582405396 337957222439.82166 188
1757582405466 169412718192.44046 189
1757582405537 85009968767.99318 190
1757582405609 483905383896.0785 191
1757582405688 116352351763.56778 192
1757582405763 123308036545.6201 193
1757582405833 70760711062.2124 194
1757582405905 200112611460.7885 195
1757582405982 112826560696.1409 196
1757582406052 414635858830.21155 197
1757582406121 59666459169.92719 198
1757582406199 80009716525.24713 199
1757582406280 510731486450.2259 200
1757582406355 290481115270.2738 201
1757582406429 167106380411.06863 202
1757582406497 69814333775.77275 203
1757582406567 946006731771.045 204
1757582406636 240077932634.27905 205
1757582406707 142776307237.94263 206
1757582406777 160707314424.90594 207
1757582406846 368656911190.5337 208
1757582406928 157951727243.4157 209
1757582407003 63857961766.390594 210
1757582407075 138893389194.90628 211
1757582407145 122869678854.69016 212
1757582407223 85634554193.43394 213
1757582407298 341461397162.065 214
1757582407374 425342866579.2687 215
1757582407443 315953261330.0998 216
1757582407515 499215116393.7344 217
1757582407595 285254738791.4028 218
1757582407665 129500061510.19875 219
1757582407736 185400837548.38995 220
1757582407807 378476060684.81976 221
1757582407874 183324527763.7953 222
1757582407944 124576935009.61443 223
