1757542388169 1303099490872.238 0
1757542388233 939652504775.2196 1
1757542388300 307283873053.84424 2
1757542388370 1613193308412.1807 3
1757542388434 1112487908518.5945 4
1757542388505 1625924763697.6626 5
1757542388579 927908347783.5508 6
1757542388643 1211872789128.4211 7
1757542388703 1257456207542.8335 8
1757542388771 968343939660.5314 9
1757542388836 368295345085.29095 10
1757542388900 213985859821.0638 11
1757542388962 1170973884886.5632 12
1757542389028 329930846184.82745 13
1757542389091 262053640659.8951 14
1757542389158 374771929708.1698 15
1757542389222 453690624893.3362 16
1757542389290 444662255658.8312 17
1757542389363 650293434737.754 18
1757542389426 1313318265635.4216 19
1757542389493 364421332092.66046 20
1757542389559 586540103971.7842 21
1757542389626 351045744270.7541 22
1757542389691 471831922000.4063 23
1757542389759 305511012546.7072 24
1757542389821 169901404945.13882 25
1757542389891 1064251884816.3799 26
1757542389956 1000082512719.5352 27
1757542390018 170916269672.8785 28
1757542390085 351152933729.8828 29
1757542390170 1366692830558.472 30
1757542390251 523361672693.2753 31
1757542390319 471113684684.9996 32
1757542390383 372303888469.9977 33
1757542390452 254883777460.2446 34
1757542390515 668709202858.3048 35
1757542390582 605508612816.1309 36
1757542390646 453948782504.5378 37
1757542390707 550864548116.703 38
1757542390779 790737727059.884 39
1757542390839 145441943932.28345 40
1757542390921 223241552745.79733 41
1757542391017 1068540263436.5374 42
1757542391118 233101179367.47778 43
1757542391217 255159939214.58368 44
1757542391310 884605174732.0504 45
1757542391400 545519207406.4543 46
1757542391495 132866871515.40884 47
1757542391581 95850775891.54797 48
1757542391688 73889321676.6267 49
1757542391792 452866617408.01373 50
1757542391896 733134750099.416 51
1757542392026 214168493744.1807 52
1757542392102 468268092778.2452 53
1757542392176 1159761801505.975 54
1757542392246 96861426283.83073 55
1757542392332 173238491514.99246 56
1757542392414 221549732931.53928 57
1757542392503 304988041916.11365 58
1757542392586 383423857342.8141 59
1757542392654 78203282264.0019 60
1757542392741 470543537860.6961 61
1757542392811 298047815400.5222 62
1757542392876 98988744177.48311 63
1757542392942 1011733096347.3297 64
1757542393014 188132907668.61163 65
1757542393088 188572673000.41092 66
1757542393151 126985894756.82178 67
1757542393212 451425393936.3366 68
1757542393277 402031305849.48676 69
1757542393341 334415232305.9959 70
1757542393407 179890226642.1109 71
1757542393472 784566988814.8475 72
1757542393538 56657505464.94878 73
1757542393606 266403403897.5666 74
1757542393671 113024261926.5183 75
1757542393736 113199699097.49532 76
1757542393797 594384216587.6508 77
1757542393870 57429230861.68547 78
1757542393933 112239200698.48756 79
1757542393998 756299345230.0923 80
1757542394066 373635358726.5559 81
1757542394135 625669928685.2649 82
1757542394203 352495661752.9868 83
1757542394270 171406774843.89246 84
1757542394345 106086089659.58687 85
1757542394408 262608573562.74173 86
1757542394483 299793151983.6155 87
1757542394552 349874764495.312 88
1757542394612 316527274678.5791 89
1757542394683 108601294912.9032 90
1757542394750 120965646995.44633 91
1757542394818 346464802495.2568 92
1757542394883 284145592692.81604 93
1757542394948 579810952025.7 94
1757542395011 339483245157.3235 95
1757542395076 93057168821.64244 96
1757542395140 402633559956.098 97
1757542395212 92744154675.05107 98
1757542395283 357206336348.14636 99
1757542395349 226163880167.89108 100
1757542395418 251312524628.05737 101
1757542395485 91041190199.50864 102
1757542395551 312079716442.6675 103
1757542395617 88244819965.49771 104
1757542395684 232102604252.30435 105
1757542395748 333947496678.9935 106
1757542395812 101300140345.30338 107
1757542395877 449888316878.37103 108
1757542395939 164443177450.01028 109
1757542396007 288726023437.52374 110
1757542396070 477366733636.188 111
1757542396129 134759181144.41739 112
1757542396197 113991073358.16216 113
1757542396269 119775688021.32857 114
1757542396337 111814449179.83061 115
1757542396399 325244941749.7913 116
1757542396465 332075678743.627 117
1757542396539 87145111655.21472 118
1757542396613 69629745880.36395 119
1757542396681 136066626572.22601 120
1757542396748 170537984102.98273 121
1757542396814 556923761901.053 122
1757542396882 73015482598.32275 123
1757542396945 592634594893.9281 124
1757542397011 386777457716.9279 125
1757542397072 312557309551.9081 126
1757542397141 300332848508.00745 127
1757542397223 94003765620.118 128
1757542397286 149430656120.06796 129
1757542397352 119974317806.43777 130
1757542397421 63948572611.9663 131
1757542397486 740670294720.4502 132
1757542397554 393643497410.17596 133
1757542397618 99430052173.54152 134
1757542397687 332058626045.47784 135
1757542397754 389983608300.9991 136
1757542397821 75412801461.19643 137
1757542397892 336433355715.48083 138
1757542397958 381271850877.2419 139
1757542398028 138902902669.56024 140
1757542398097 145067184089.42825 141
1757542398160 285925723346.3928 142
1757542398234 237196721733.84808 143
1757542398312 440523902084.1258 144
1757542398378 751005323245.287 145
1757542398444 249775638300.01425 146
1757542398509 223724889138.7773 147
1757542398576 451122401016.9266 148
1757542398646 89647015506.63168 149
1757542398727 107827240574.96982 150
1757542398794 229704406270.5738 151
1757542398858 94712439698.11575 152
1757542398921 257713583527.7483 153
1757542398995 395661061632.90283 154
1757542399062 296953119667.6851 155
1757542399136 638788257793.0157 156
1757542399206 291612579967.2067 157
1757542399277 81847298032.04243 158
1757542399341 476520342795.87476 159
1757542399413 67381862987.97724 160
1757542399477 654162017674.6703 161
1757542399549 166956644213.00208 162
1757542399615 608805260380.555 163
1757542399685 658155056507.5817 164
1757542399751 463281145263.3218 165
1757542399814 217670141560.70923 166
1757542399876 429641410925.9877 167
1757542399939 359935443577.83685 168
1757542400010 79436582384.70139 169
1757542400078 87953532846.35123 170
1757542400158 797198758641.7274 171
1757542400236 109931430510.8539 172
1757542400302 159242070502.30402 173
1757542400370 492646528187.61127 174
1757542400440 112673952614.10623 175
1757542400510 403305801843.1424 176
1757542400576 286859199748.4348 177
1757542400642 326280411123.65173 178
1757542400713 82564341223.57483 179
1757542400783 97641765040.47295 180
1757542400851 105459048370.95284 181
1757542400919 94590977543.5495 182
1757542400988 293814485881.2071 183
1757542401061 500582245631.9443 184
1757542401129 113676621016.76839 185
1757542401192 88209306934.41885 186
1757542401261 122725087549.81339 187
1757542401332 80242903531.7458 188
1757542401401 297541282082.4412 189
1757542401466 353436921929.7736 190
1757542401532 307870261082.3509 191
1757542401603 141669491254.48996 192
1757542401671 395727993085.97064 193
1757542401739 97610786673.21739 194
1757542401810 377430884498.8201 195
1757542401879 325341859655.5543 196
1757542401944 133523025477.29019 197
1757542402012 308159613524.9012 198
1757542402077 384348699271.5738 199
1757542402141 102591889002.2966 200
1757542402206 87157622401.07483 201
1757542402274 212831204377.71683 202
1757542402342 413875204990.12067 203
1757542402411 286837838536.87897 204
1757542402483 253723798104.86404 205
1757542402547 91570243438.68303 206
1757542402614 133021164113.7017 207
1757542402683 165918283930.44534 208
1757542402772 420913108924.21 209
1757542402850 834433826612.4518 210
1757542402922 194018835467.68027 211
1757542403000 432941607891.5348 212
1757542403066 358519095531.2075 213
1757542403137 448379912784.344 214
1757542403219 107928799864.72145 215
1757542403281 136894178416.26309 216
1757542403346 112640971397.66893 217
1757542403415 212915685522.48907 218
1757542403488 448800800412.4073 219
1757542403553 92113856094.94243 220
1757542403617 364480198661.47595 221
1757542403683 334342617276.38715 222
1757542403756 332472296031.3196 223
1757542403823 542521464817.1164 224
1757542403893 203695081449.44922 225
1757542403964 1056899425320.7434 226
1757542404039 156715595485.9397 227
1757542404108 402694389314.71686 228
1757542404168 748190049229.1285 229
1757542404233 300121961199.5087 230
1757542404299 36076117598.93717 231
1757542404363 112105249613.18762 232
1757542404430 58238221121.92035 233
1757542404498 191335270860.4844 234
1757542404573 334117139821.97064 235
1757542404641 170641966595.89185 236
1757542404712 110454925325.4209 237
1757542404779 183432007739.9256 238
1757542404847 310762174184.46674 239
1757542404917 244731722654.7094 240
1757542404991 208330718923.8244 241
1757542405055 64754594450.13306 242
1757542405124 314902563177.6893 243
1757542405196 59886970674.00833 244
1757542405263 183428984079.23883 245
1757542405336 105058134795.21767 246
1757542405408 325664867327.61053 247
1757542405474 178875761930.0161 248
1757542405540 395517848791.46185 249
1757542405606 122280170677.72815 250
1757542405671 151435636545.14453 251
1757542405741 304886714973.656 252
1757542405809 114625501200.69336 253
1757542405880 69457241184.16986 254
1757542405948 168651088145.60812 255
1757542406012 289474761209.34015 256
1757542406085 564444851783.047 257
1757542406152 420232777045.5773 258
1757542406220 85493200907.13326 259
1757542406295 304237048421.57715 260
1757542406365 282737681872.508 261
1757542406436 105161972298.70312 262
1757542406505 614348516989.4127 263
1757542406578 133829635789.37256 264
1757542406644 330367130481.17816 265
1757542406710 316372608065.4842 266
1757542406784 250927535107.17676 267
1757542406847 131262676534.875 268
1757542406922 297606961502.836 269
1757542406991 190986031347.80493 270
1757542407067 193859044670.5877 271
1757542407135 444754048613.40234 272
1757542407207 520322565664.65796 273
1757542407279 104232613518.57378 274
1757542407349 65281154899.04995 275
1757542407417 96368812337.74513 276
1757542407483 354357520030.5056 277
1757542407552 262415547108.06876 278
1757542407626 150148827897.8535 279
1757542407695 323710819123.2731 280
1757542407761 119089067166.836 281
1757542407837 569293026141.0233 282
1757542407905 127473598892.75494 283
1757542407979 238281292918.31857 284
1757542408048 101606620462.56575 285
1757542408119 307102319468.4511 286
1757542408185 82433986295.27934 287
1757542408257 142729696022.76923 288
1757542408322 238084219338.0533 289
1757542408394 172520717108.2794 290
1757542408465 375797441744.1718 291
1757542408535 361242837493.24994 292
1757542408602 461221420040.8971 293
1757542408673 421171222672.7953 294
1757542408745 132365067368.29233 295
1757542408815 131270208686.21323 296
1757542408883 298622027905.4445 297
1757542408955 327624736023.9635 298
1757542409024 75983480790.28798 299
1757542409089 479662437201.56287 300
1757542409174 64083944005.63008 301
1757542409244 69480207200.01518 302
1757542409319 138119677630.99423 303
1757542409393 340321633687.6268 304
1757542409462 97418997288.63708 305
1757542409534 379025557121.9543 306
1757542409600 290502025642.99475 307
1757542409669 143471123572.12555 308
1757542409739 276711366843.2011 309
1757542409813 139621475758.20987 310
1757542409876 142504565524.17343 311
1757542409948 80548104016.41911 312
1757542410027 231392006311.7639 313
1757542410097 69263965982.01602 314
1757542410175 78231812190.33153 315
1757542410254 283571707978.80505 316
1757542410322 84337150583.31422 317
1757542410393 148352574816.47958 318
1757542410459 568475486915.9668 319
1757542410531 197316554828.24683 320
1757542410596 291489534214.82983 321
1757542410668 368137114746.4942 322
1757542410735 175126976003.39468 323
1757542410809 123951611407.92476 324
1757542410882 104154224155.90645 325
1757542410965 126028834425.35179 326
1757542411038 531667849361.82007 327
1757542411104 259076654882.16046 328
1757542411173 110930887513.75166 329
1757542411254 68725128606.17456 330
1757542411323 96876660361.33131 331
1757542411387 72033754192.08965 332
1757542411455 136673331377.63098 333
1757542411527 95070404831.22223 334
1757542411609 401248760537.1016 335
1757542411678 243485723662.66214 336
1757542411752 285088630166.75354 337
1757542411820 216416406193.03958 338
1757542411890 203730466756.88162 339
1757542411958 307432797579.1351 340
1757542412033 299263674712.5225 341
1757542412102 245003369429.96225 342
1757542412174 273325675739.38425 343
1757542412244 510763922821.99646 344
1757542412321 167106829036.40314 345
1757542412396 128109950502.48285 346
1757542412471 80497102687.18617 347
1757542412545 330832579991.85565 348
1757542412611 84325363038.25893 349
1757542412684 328650449541.9525 350
1757542412758 303890496609.22546 351
1757542412842 115519134590.57895 352
1757542412914 217461383071.192 353
1757542412979 274545692562.8694 354
1757542413053 303604320309.2188 355
1757542413121 126865049526.56238 356
1757542413193 502160903302.1715 357
1757542413262 153109954768.0893 358
1757542413339 294455880243.08545 359
1757542413413 506036053454.1786 360
1757542413480 208491462955.09027 361
1757542413560 93606833794.0768 362
1757542413632 107768661147.54195 363
1757542413705 478325508425.31995 364
