1757591185367 1053298129581.242 0
1757591185429 859255020616.8785 1
1757591185491 722008304809.8732 2
1757591185555 621538252473.1547 3
1757591185616 546006874732.31024 4
1757591185679 488074456178.17 5
1757591185740 442969571031.4078 6
1757591185803 407452065907.14056 7
1757591185865 379237767415.23956 8
1757591185926 356666884980.0195 9
1757591185988 338504512900.2228 10
1757591186051 323815147136.9144 11
1757591186112 311880306260.4054 12
1757591186175 302142336153.85333 13
1757591186238 294164814702.96497 14
1757591186306 287603913281.935 15
1757591186371 282187252260.4183 16
1757591186434 277698037246.7147 17
1757591186575 273963007103.05386 18
1757591186644 270843186277.60394 19
1757591186707 268226731420.10013 20
1757591186773 266023360741.3619 21
1757591186836 264159991079.94266 22
1757591186899 262577303863.06073 23
1757591186961 261227030345.38675 24
1757591187023 260069797069.68604 25
1757591187086 259073409914.12543 26
1757591187147 258211483079.69202 27
1757591187210 257462340490.4518 28
1757591187272 256808133136.61 29
1757591187334 256234128180.65607 30
1757591187397 255728135110.5662 31
1757591187459 255280041551.0547 32
1757591187521 254881437045.12866 33
1757591187585 254525307574.9703 34
1757591187648 254205787090.01498 35
1757591187709 253917955067.74258 36
1757591187772 253657671314.07684 37
1757591187841 253421440941.58844 38
1757591187909 253206303841.99854 39
1757591187972 253009744069.82556 40
1757591188039 252829615434.71902 41
1757591188105 252664080306.56097 42
1757591188168 252511559205.43826 43
1757591188232 252370689206.13678 44
1757591188293 252240289556.01215 45
1757591188357 252119333203.49796 46
1757591188420 252006923176.04416 47
1757591188487 251902272942.04675 48
1757591188550 251804690050.2044 49
1757591188613 251713562468.8197 50
1757591188675 251628347152.55667 51
1757591188738 251548560449.65558 52
1757591188800 251473770032.28076 53
1757591188863 251403588089.5206 54
1757591188926 251337665568.9739 55
1757591188988 251275687290.79462 56
1757591189052 251217367789.09985 57
1757591189114 251162447761.05945 58
1757591189177 251110691024.80997 59
1757591189239 251061881904.4228 60
1757591189302 251015822974.18497 61
1757591189365 250972333105.98257 62
1757591189428 250931245773.06674 63
1757591189490 250892407571.29913 64
1757591189552 250855676925.4202 65
1757591189615 250820922953.2072 66
1757591189694 250788024464.79123 67
1757591189758 250756869078.0454 68
1757591189821 250727352433.98077 69
1757591189884 250699377498.59433 70
1757591189947 250672853939.7015 71
1757591190011 250647697569.02673 72
1757591190073 250623829841.27673 73
1757591190136 250601177403.13684 74
1757591190203 250579671686.15073 75
1757591190265 250559248538.2963 76
1757591190328 250539847889.7958 77
1757591190392 250521413449.30237 78
1757591190455 250503892427.12216 79
1757591190518 250487235282.56866 80
1757591190581 250471395492.91452 81
1757591190645 250456329341.7269 82
1757591190711 250441995724.64072 83
1757591190772 250428355970.85852 84
1757591190836 250415373678.86588 85
1757591190900 250403014565.02362 86
1757591190963 250391246323.84824 87
1757591191025 250380038498.92346 88
1757591191088 250369362363.49603 89
1757591191151 250359190809.91147 90
1757591191213 250349498247.13022 91
1757591191277 250340260505.64148 92
1757591191341 250331454749.15973 93
1757591191404 250323059392.54813 94
1757591191469 250315054025.46576 95
1757591191534 250307419341.2831 96
1757591191597 250300137070.85074 97
1757591191661 250293189920.74585 98
1757591191724 250286561515.65164 99
1757591191786 250280236344.55737 100
1757591191849 250274199710.4926 101
1757591191915 250268437683.53317 102
1757591191978 250262937056.8393 103
1757591192041 250257685305.50574 104
1757591192104 250252670548.02142 105
1757591192168 250247881510.1536 106
1757591192233 250243307491.08435 107
1757591192301 250238938331.64334 108
1757591192370 250234764384.49072 109
