1757554300443 21823549075.33032 0
1757554300925 129749218282.54958 1
1757554301421 90686191095.18231 2
1757554301900 112707144593.59772 3
1757554302388 9955951691.195585 4
1757554302859 92770084896.16417 5
1757554303357 9048943749741.166 6
1757554303847 128982504528.43475 7
1757554304333 30630746676.414997 8
1757554304809 220317141880.25888 9
1757554305281 638120917.6224757 10
1757554305770 86739903733.7135 11
1757554306246 25078238905.667576 12
1757554306726 3546294356.051816 13
1757554307233 7339349600.4096775 14
1757554307764 29370130535.997696 15
1757554308253 446377370320.41223 16
1757554308739 10143006185.804735 17
1757554309250 107801695802.93915 18
1757554309731 361554465832.2196 19
1757554310222 941254506.1236919 20
1757554310787 66487400538.87254 21
1757554311289 29285104036.505352 22
1757554311782 10618216760.108583 23
1757554312266 5328536542.996142 24
1757554312734 91185610529.74718 25
1757554313204 174541315786.84802 26
1757554313684 4054394322.8373103 27
1757554314155 2482524204.3313046 28
1757554314644 80354607381.45706 29
1757554315131 20307386399.060844 30
1757554315634 11171205434.860807 31
1757554316196 66993499638.617455 32
1757554316762 4986056837.746775 33
1757554317258 5735055047.52676 34
1757554317752 55229462097.27906 35
1757554318247 1061396823.3044606 36
