1757584433056 1064044119050.0446 0
1757584433127 1042932688268.582 1
1757584433192 1012226402031.4346 2
1757584433263 977909704894.4757 3
1757584433327 942962063857.9698 4
1757584433396 908802322980.2198 5
1757584433467 876059506498.7274 6
1757584433530 844970846796.2854 7
1757584433598 815583656281.2389 8
1757584433672 787856513073.2722 9
1757584433737 761709447579.5726 10
1757584433803 737048501812.9915 11
1757584433865 713777486418.0259 12
1757584433932 691803380827.2526 13
1757584433996 671038603659.9938 14
1757584434062 651401764005.7838 15
1757584434124 632817694460.4684 16
1757584434187 615217161889.8951 17
1757584434276 598536449818.731 18
1757584434345 582716905732.748 19
1757584434413 567704496686.6665 20
1757584434480 553449392030.5538 21
1757584434547 539905580106.814 22
1757584434610 527030520080.54364 23
1757584434677 514784827479.20795 24
1757584434747 503131990952.275 25
1757584434811 492038117430.6218 26
1757584434875 481471702878.70447 27
1757584434938 471403425997.1098 28
1757584435001 461805962455.29364 29
1757584435070 452653817469.20715 30
1757584435135 443923174765.5614 31
1757584435201 435591760185.044 32
1757584435265 427638718368.00635 33
1757584435330 420044501137.85095 34
1757584435393 412790766350.6113 35
1757584435458 405860286115.5748 36
1757584435525 399236863412.90295 37
1757584435589 392905256241.6639 38
1757584435670 386851108527.00665 39
1757584435742 381060887099.7389 40
1757584435807 375521824136.5457 41
1757584435874 370221864515.5851 42
1757584435941 365149617601.20435 43
1757584436004 360294313023.8783 44
1757584436067 355645760067.9498 45
1757584436130 351194310321.0306 46
1757584436197 346930823275.5703 47
1757584436267 342846634605.68854 48
1757584436330 338933526871.30927 49
1757584436394 335183702427.3962 50
1757584436460 331589758338.9884 51
1757584436527 328144663123.1321 52
1757584436590 324841735156.95355 53
1757584436659 321674622607.3034 54
1757584436725 318637284751.8154 55
1757584436793 315723974574.08875 56
1757584436856 312929222527.18195 57
1757584436923 310247821369.8548 58
1757584436990 307674811989.15875 59
1757584437054 305205470131.1657 60
1757584437116 302835293968.9578 61
1757584437179 300559992443.5658 62
1757584437246 298375474319.4285 63
1757584437309 296277837901.2277 64
1757584437377 294263361363.688 65
1757584437441 292328493650.19635 66
1757584437509 290469845899.9259 67
1757584437585 288684183366.59705 68
1757584437653 286968417795.12274 69
1757584437738 285319600225.18854 70
1757584437828 283734914193.35223 71
1757584437907 282211669307.54297 72
1757584437986 280747295169.9113 73
1757584438050 279339335625.8655 74
1757584438115 277985443318.83386 75
1757584438176 276683374531.84674 76
1757584438243 275430984298.43896 77
1757584438311 274226221766.6617 78
1757584438374 273067125801.16504 79
1757584438441 271951820809.37973 80
1757584438508 270878512778.80933 81
1757584438575 269845485513.33878 82
1757584438637 268851097057.28665 83
1757584438706 267893776296.68402 84
1757584438772 266972019727.9561 85
1757584438842 266084388384.82047 86
1757584438918 265229504914.80658 87
1757584438981 264406050797.34085 88
1757584439054 263612763695.84756 89
1757584439117 262848434936.77597 90
1757584439192 262111907108.8983 91
1757584439277 261402071776.61887 92
1757584439340 260717867301.40747 93
1757584439404 260058276765.81314 94
1757584439474 259422325994.8361 95
1757584439538 258809081669.73325 96
1757584439606 258217649529.6132 97
1757584439668 257647172656.43323 98
1757584439735 257096829839.2596 99
1757584439802 256565834013.8737 100
1757584439867 256053430774.02417 101
1757584439936 255558896950.8235 102
1757584439998 255081539256.9738 103
1757584440084 254620692992.68387 104
1757584440148 254175720810.3046 105
1757584440215 253746011534.8642 106
1757584440282 253330979037.83215 107
1757584440351 252930061161.5785 108
1757584440416 252542718692.12292 109
1757584440483 252168434377.89413 110
1757584440550 251806711992.33084 111
1757584440616 251457075438.26944 112
1757584440683 251119067892.16183 113
1757584440751 250792250986.26822 114
1757584440822 250476204027.0586 115
1757584440888 250170523248.14542 116
1757584440958 249874821096.15137 117
1757584441029 249588725547.99472 118
1757584441100 249311879458.14862 119
1757584441163 249043939934.49902 120
1757584441230 248784577741.49615 121
1757584441296 248533476729.35132 122
1757584441365 248290333288.09708 123
1757584441431 248054855825.38046 124
1757584441498 247826764266.9148 125
1757584441564 247605789578.56628 126
1757584441630 247391673309.10004 127
1757584441695 247184167152.65613 128
1757584441765 246983032530.06955 129
1757584441832 246788040188.19028 130
1757584441901 246598969816.39835 131
1757584441965 246415609679.54736 132
1757584442030 246237756266.6035 133
1757584442096 246065213954.28424 134
1757584442165 245897794685.02997 135
1757584442236 245735317658.67477 136
1757584442312 245577609037.21024 137
1757584442378 245424501662.06598 138
1757584442449 245275834783.3542 139
1757584442513 245131453800.55365 140
1757584442582 244991210014.13107 141
1757584442647 244854960387.6202 142
1757584442719 244722567319.7022 143
1757584442787 244593898425.85065 144
1757584442853 244468826329.1242 145
1757584442924 244347228459.70953 146
1757584442991 244228986862.8346 147
1757584443059 244113988014.68842 148
1757584443127 244002122646.00327 149
1757584443199 243893285572.9651 150
1757584443262 243787375535.1393 151
1757584443330 243684295040.10742 152
1757584443397 243583950214.52762 153
1757584443469 243486250661.34286 154
1757584443531 243391109322.87347 155
1757584443599 243298442349.542 156
1757584443666 243208168973.9905 157
1757584443738 243120211390.3601 158
1757584443805 243034494638.51242 159
1757584443871 242950946492.98398 160
1757584443941 242869497356.472 161
1757584444003 242790080157.65924 162
1757584444071 242712630253.19595 163
1757584444141 242637085333.66104 164
1757584444213 242563385333.3367 165
1757584444278 242491472343.63504 166
1757584444345 242421290530.0229 167
1757584444417 242352786052.29892 168
1757584444489 242285906988.08154 169
1757584444554 242220603259.37427 170
1757584444641 242156826562.0789 171
1757584444711 242094530298.33444 172
1757584444779 242033669511.56393 173
1757584444846 241974200824.11597 174
1757584444948 241916082377.39377 175
1757584445028 241859273774.3687 176
1757584445092 241803736024.37955 177
1757584445160 241749431490.12173 178
1757584445236 241696323836.73892 179
1757584445325 241644377982.9276 180
1757584445410 241593560053.97324 181
1757584445476 241543837336.63837 182
1757584445545 241495178235.8267 183
1757584445613 241447552232.95044 184
1757584445680 241400929845.93112 185
1757584445752 241355282590.76755 186
1757584445822 241310582944.60635 187
1757584445884 241266804310.2546 188
1757584445956 241223920982.07574 189
1757584446021 241181908113.2127 190
1757584446090 241140741684.08334 191
1757584446162 241100398472.09924 192
1757584446231 241060856022.5555 193
1757584446300 241022092620.64648 194
1757584446370 240984087264.56097 195
1757584446440 240946819639.61392 196
1757584446508 240910270093.37286 197
1757584446576 240874419611.73886 198
1757584446657 240839249795.94473 199
1757584446723 240804742840.4328 200
1757584446792 240770881511.57745 201
1757584446862 240737649127.21918 202
1757584446930 240705029536.9773 203
1757584447002 240673007103.31067 204
1757584447071 240641566683.29666 205
1757584447141 240610693611.09998 206
1757584447210 240580373681.10397 207
1757584447284 240550593131.67838 208
1757584447355 240521338629.5582 209
1757584447418 240492597254.80966 210
1757584447486 240464356486.36078 211
1757584447558 240436604188.0732 212
1757584447629 240409328595.33536 213
1757584447700 240382518302.15536 214
1757584447777 240356162248.73532 215
1757584447848 240330249709.50708 216
1757584447912 240304770281.6124 217
1757584447979 240279713873.80966 218
1757584448048 240255070695.7907 219
1757584448120 240230831247.89212 220
1757584448201 240206986311.18536 221
1757584448275 240183526937.9314 222
1757584448345 240160444442.38522 223
1757584448427 240137730391.9378 224
1757584448497 240115376598.58102 225
1757584448565 240093375110.68488 226
1757584448633 240071718205.07333 227
1757584448703 240050398379.3887 228
1757584448772 240029408344.73257 229
1757584448842 240008741018.57333 230
1757584448915 239988389517.9099 231
1757584448983 239968347152.68185 232
1757584449070 239948607419.41666 233
1757584449137 239929163995.10504 234
1757584449215 239910010731.29578 235
1757584449283 239891141648.40176 236
1757584449358 239872550930.20923 237
1757584449443 239854232918.5821 238
1757584449511 239836182108.35538 239
1757584449583 239818393142.40878 240
1757584449654 239800860806.9151 241
1757584449740 239783580026.75635 242
1757584449815 239766545861.10123 243
1757584449881 239749753499.13815 244
1757584449950 239733198255.95822 245
1757584450018 239716875568.58167 246
1757584450086 239700780992.12366 247
1757584450150 239684910196.09363 248
1757584450220 239669258960.823 249
1757584450287 239653823174.01688 250
1757584450359 239638598827.4254 251
1757584450431 239623582013.62967 252
1757584450497 239608768922.9385 253
1757584450565 239594155840.39203 254
1757584450635 239579739142.86774 255
1757584450701 239565515296.2857 256
1757584450772 239551480852.9091 257
1757584450840 239537632448.73666 258
1757584450910 239523966800.98386 259
1757584450982 239510480705.64868 260
1757584451062 239497171035.16092 261
1757584451129 239484034736.1093 262
1757584451204 239471068827.0464 263
1757584451275 239458270396.3658 264
1757584451348 239445636600.25168 265
1757584451417 239433164660.69537 266
1757584451487 239420851863.57944 267
1757584451550 239408695556.82394 268
1757584451622 239396693148.595 269
1757584451689 239384842105.57224 270
1757584451758 239373139951.27322 271
1757584451827 239361584264.43286 272
1757584451896 239350172677.43622 273
1757584451971 239338902874.80215 274
1757584452046 239327772591.71646 275
1757584452126 239316779612.61285 276
1757584452196 239305921769.79956 277
1757584452266 239295196942.13058 278
1757584452339 239284603053.7195 279
1757584452409 239274138072.69504 280
1757584452481 239263800009.99576 281
1757584452549 239253586918.2039 282
1757584452618 239243496890.41586 283
1757584452685 239233528059.14908 284
1757584452752 239223678595.28278 285
1757584452825 239213946707.0327 286
1757584452894 239204330638.95807 287
1757584452961 239194828670.99905 288
1757584453030 239185439117.54538 289
1757584453106 239176160326.53284 290
1757584453174 239166990678.56866 291
1757584453253 239157928586.08377 292
1757584453323 239148972492.5108 293
1757584453396 239140120871.48807 294
1757584453467 239131372226.08722 295
1757584453537 239122725088.06555 296
1757584453610 239114178017.1394 297
1757584453684 239105729600.28174 298
1757584453756 239097378451.0389 299
1757584453827 239089123208.8696 300
1757584453899 239080962538.50272 301
1757584453967 239072895129.3149 302
1757584454037 239064919694.72665 303
1757584454108 239057034971.61572 304
1757584454176 239049239719.74933 305
1757584454261 239041532721.23138 306
1757584454331 239033912779.96725 307
1757584454403 239026378721.14395 308
1757584454477 239018929390.72495 309
1757584454545 239011563654.96024 310
1757584454616 239004280399.91083 311
1757584454687 238997078530.98584 312
1757584454758 238989956972.49445 313
1757584454830 238982914667.2093 314
1757584454893 238975950575.94327 315
1757584454960 238969063677.1381 316
1757584455035 238962252966.46417 317
1757584455100 238955517456.43216 318
1757584455185 238948856176.01562 319
1757584455268 238942268170.28357 320
1757584455335 238935752500.0438 321
1757584455409 238929308241.49606 322
1757584455486 238922934485.89453 323
1757584455559 238916630339.22012 324
1757584455622 238910394921.86105 325
1757584455692 238904227368.30264 326
1757584455762 238898126826.82568 327
1757584455848 238892092459.21243 328
1757584455922 238886123440.46103 329
1757584455992 238880218958.50714 330
1757584456056 238874378213.9536 331
1757584456127 238868600419.80673 332
1757584456201 238862884801.2199 333
1757584456293 238857230595.24377 334
1757584456389 238851637050.58334 335
1757584456460 238846103427.361 336
1757584456529 238840628996.88565 337
1757584456599 238835213041.42862 338
1757584456669 238829854854.00433 339
1757584456743 238824553738.1572 340
1757584456815 238819309007.754 341
1757584456883 238814119986.78116 342
1757584456957 238808986009.14755 343
1757584457028 238803906418.492 344
1757584457097 238798880567.9957 345
1757584457170 238793907820.19943 346
1757584457239 238788987546.82532 347
1757584457308 238784119128.60257 348
1757584457376 238779301955.09818 349
1757584457444 238774535424.55118 350
1757584457518 238769818943.7115 351
1757584457592 238765151927.68207 352
1757584457671 238760533799.7654 353
1757584457741 238755963991.31342 354
1757584457814 238751441941.5808 355
1757584457883 238746967097.58252 356
1757584457954 238742538913.9537 357
1757584458028 238738156852.8138 358
1757584458100 238733820383.63312 359
1757584458174 238729528983.1029 360
1757584458256 238725282135.0087 361
1757584458328 238721079330.10577 362
1757584458402 238716920065.99817 363
1757584458477 238712803847.0203 364
1757584458548 238708730184.12103 365
1757584458622 238704698594.7508 366
1757584458695 238700708602.75073 367
1757584458766 238696759738.24472 368
1757584458840 238692851537.5337 369
1757584458909 238688983542.9922 370
1757584458983 238685155302.96713 371
1757584459058 238681366371.67926 372
1757584459125 238677616309.1262 373
1757584459202 238673904680.98782 374
1757584459292 238670231058.5337 375
1757584459365 238666595018.53256 376
1757584459437 238662996143.16333 377
1757584459512 238659434019.92886 378
1757584459610 238655908241.5703 379
1757584459690 238652418405.98468 380
1757584459766 238648964116.1426 381
1757584459849 238645544980.0094 382
1757584459916 238642160610.46622 383
1757584459993 238638810625.23398 384
1757584460071 238635494646.79843 385
1757584460147 238632212302.33646 386
1757584460217 238628963223.6445 387
1757584460287 238625747047.06775 388
1757584460362 238622563413.43127 389
1757584460430 238619411967.9722 390
1757584460502 238616292360.27335 391
1757584460570 238613204244.19836 392
1757584460646 238610147277.8276 393
1757584460711 238607121123.39587 394
1757584460785 238604125447.23102 395
1757584460859 238601159919.6935 396
1757584460930 238598224215.11777 397
1757584461002 238595318011.75427 398
1757584461078 238592440991.71252 399
1757584461146 238589592840.90546 400
1757584461225 238586773248.99493 401
1757584461301 238583981909.3377 402
1757584461372 238581218518.93317 403
1757584461442 238578482778.3714 404
1757584461515 238575774391.78244 405
1757584461584 238573093066.7865 406
1757584461657 238570438514.4453 407
1757584461727 238567810449.21368 408
1757584461795 238565208588.89246 409
1757584461867 238562632654.58224 410
1757584461941 238560082370.6381 411
1757584462020 238557557464.62433 412
1757584462094 238555057667.2711 413
1757584462162 238552582712.4309 414
1757584462236 238550132337.0364 415
1757584462310 238547706281.05865 416
1757584462378 238545304287.46613 417
1757584462451 238542926102.1846 418
1757584462523 238540571474.0574 419
1757584462593 238538240154.80673 420
1757584462668 238535931898.9952 421
1757584462745 238533646463.98846 422
1757584462816 238531383609.91794 423
1757584462886 238529143099.64496 424
1757584462952 238526924698.72443 425
1757584463024 238524728175.3701 426
1757584463093 238522553300.4197 427
1757584463172 238520399847.30112 428
1757584463247 238518267591.9988 429
1757584463318 238516156313.02075 430
1757584463394 238514065791.36646 431
1757584463468 238511995810.49442 432
1757584463537 238509946156.29132 433
1757584463614 238507916617.04077 434
1757584463683 238505906983.39325 435
1757584463753 238503917048.33572 436
1757584463820 238501946607.16263 437
1757584463899 238499995457.4465 438
1757584463965 238498063399.00967 439
1757584464043 238496150233.89603 440
1757584464114 238494255766.3433 441
1757584464196 238492379802.75598 442
1757584464270 238490522151.67825 443
1757584464346 238488682623.76755 444
1757584464419 238486861031.76865 445
1757584464491 238485057190.488 446
1757584464565 238483270916.7682 447
1757584464641 238481502029.46347 448
1757584464715 238479750349.41464 449
1757584464786 238478015699.42548 450
1757584464861 238476297904.23856 451
1757584464930 238474596790.5118 452
1757584464995 238472912186.79538 453
1757584465071 238471243923.509 454
1757584465142 238469591832.91928 455
1757584465220 238467955749.11774 456
1757584465289 238466335507.9987 457
1757584465361 238464730947.23813 458
1757584465432 238463141906.27216 459
1757584465536 238461568226.2763 460
1757584465609 238460009750.14462 461
1757584465680 238458466322.46964 462
1757584465753 238456937789.5221 463
1757584465827 238455423999.23132 464
1757584465900 238453924801.1656 465
1757584465973 238452440046.51288 466
1757584466046 238450969588.06207 467
1757584466115 238449513280.18414 468
1757584466188 238448070978.81342 469
1757584466259 238446642541.43005 470
1757584466330 238445227827.04132 471
1757584466411 238443826696.16443 472
1757584466485 238442439010.80862 473
1757584466558 238441064634.45828 474
1757584466629 238439703432.0558 475
1757584466698 238438355269.98465 476
1757584466775 238437020016.05298 477
1757584466849 238435697539.47723 478
1757584466927 238434387710.86584 479
1757584466997 238433090402.2037 480
1757584467069 238431805486.83597 481
1757584467147 238430532839.4528 482
1757584467220 238429272336.0742 483
1757584467293 238428023854.03442 484
1757584467370 238426787271.96774 485
1757584467440 238425562469.7931 486
1757584467509 238424349328.6998 487
1757584467584 238423147731.13333 488
1757584467660 238421957560.78098 489
1757584467733 238420778702.5578 490
1757584467804 238419611042.59314 491
1757584467876 238418454468.21664 492
1757584467949 238417308867.9448 493
1757584468021 238416174131.4681 494
1757584468095 238415050149.63727 495
1757584468168 238413936814.45087 496
1757584468244 238412834019.04202 497
1757584468317 238411741657.6662 498
1757584468390 238410659625.68832 499
