1757568045663 384924021287.00397 0
1757568045752 860007293937.4596 1
1757568045824 948558503617.5391 2
1757568045895 403283085268.3937 3
1757568045966 184757421359.45847 4
1757568046033 299938372898.06647 5
1757568046101 349307139719.9101 6
1757568046189 379652902836.9327 7
1757568046286 204211028884.92612 8
1757568046375 136243611390.1771 9
1757568046458 213384616070.95944 10
1757568046537 175878068750.46216 11
1757568046605 269830119929.5036 12
1757568046677 223248734116.501 13
1757568046744 141188533823.445 14
1757568046814 98331029360.57169 15
1757568046889 307620647418.83795 16
1757568046961 147263787512.53754 17
1757568047033 350676346327.25354 18
1757568047102 84838520787.22899 19
1757568047176 98277420271.1493 20
1757568047246 482007909520.5282 21
1757568047317 111629183447.75723 22
1757568047380 180888502915.89206 23
1757568047450 145446134503.4959 24
1757568047518 135003161998.70111 25
1757568047585 105100629854.62097 26
1757568047660 125574720091.1868 27
1757568047726 115342843000.84023 28
1757568047798 181778282004.30365 29
1757568047865 240491543905.67325 30
1757568047934 134747919782.31363 31
1757568048002 334289459654.4811 32
1757568048068 196500197415.2843 33
1757568048140 101444242395.92523 34
1757568048212 64421233052.52599 35
1757568048289 77896870778.90712 36
1757568048355 258628609152.42307 37
1757568048420 107616355441.23122 38
1757568048489 150661661051.87247 39
1757568048567 462602765094.84326 40
1757568048634 213250527016.00195 41
1757568048708 98575216957.14615 42
1757568048776 89946898276.20485 43
1757568048839 410275744300.6345 44
1757568048906 84500813578.04637 45
1757568048980 43906561598.35728 46
1757568049051 320899311633.16656 47
1757568049123 195274616284.2541 48
1757568049192 109895427865.95102 49
1757568049268 152105823407.71942 50
1757568049333 63204342541.97008 51
1757568049401 127865457458.29329 52
1757568049471 301673339792.8929 53
1757568049543 143960677678.01093 54
1757568049616 312686289548.65295 55
1757568049699 82421374848.9068 56
1757568049777 148783246654.35703 57
1757568049848 74043051496.78926 58
1757568049914 151333223705.0591 59
1757568050001 184534865626.8138 60
1757568050069 274688579355.03082 61
1757568050141 317004804828.50507 62
1757568050212 152816162605.5442 63
1757568050285 56772856177.65866 64
1757568050349 125395870104.1626 65
1757568050419 153241393658.78046 66
1757568050488 61043284764.99994 67
1757568050557 104755784028.53528 68
1757568050629 162782920047.01248 69
1757568050703 437388547641.40857 70
1757568050769 138654135057.87064 71
1757568050845 178073735090.04602 72
1757568050913 93854971615.93619 73
1757568050985 103019963273.91618 74
1757568051052 62661086373.70047 75
1757568051121 199376773169.27582 76
1757568051188 115676922213.85628 77
1757568051277 196722915918.50546 78
1757568051346 329531312592.4603 79
1757568051423 136184322182.8509 80
1757568051498 50167506880.77674 81
1757568051567 39336826142.64296 82
1757568051637 155891202764.1915 83
1757568051713 134318649658.50424 84
1757568051781 191572533966.54977 85
1757568051860 157828132335.56537 86
1757568051932 238823339713.14304 87
1757568052003 187018704608.5391 88
1757568052073 55639278490.48559 89
1757568052145 119504827852.67061 90
1757568052215 138450091267.3787 91
1757568052282 110241673037.7916 92
1757568052370 103675826879.12973 93
1757568052470 92689659887.32426 94
1757568052562 72917184005.52774 95
1757568052661 84939314816.6586 96
1757568052750 113866469357.13487 97
1757568052822 111499330198.89954 98
1757568052895 86297086741.27226 99
1757568052967 185054521701.03513 100
1757568053040 142278792311.6768 101
1757568053110 101556350131.93535 102
1757568053183 94414812977.23946 103
1757568053255 89270050893.41367 104
1757568053329 56647723255.49751 105
1757568053399 74991783623.48894 106
1757568053480 69607362057.33096 107
1757568053549 118504250355.87549 108
1757568053623 124792025317.09262 109
1757568053695 82321290479.08714 110
1757568053770 88139675577.7336 111
1757568053841 137737207856.89874 112
1757568053916 180415149767.98175 113
1757568053986 66611422142.4885 114
1757568054058 57397165125.83441 115
1757568054128 75667261866.46808 116
1757568054201 130244386945.97275 117
1757568054267 110187381648.34874 118
1757568054341 137799480169.37595 119
1757568054412 109775698310.68773 120
1757568054479 150644558884.52762 121
1757568054547 58848679925.70031 122
1757568054620 127771155528.10713 123
1757568054687 133516879151.31294 124
1757568054757 79730059896.25362 125
1757568054825 144135603030.97928 126
1757568054895 61306687155.15144 127
1757568054964 119751436762.71082 128
1757568055039 136455434213.56325 129
1757568055114 175339788622.91766 130
1757568055182 105637533057.59587 131
1757568055263 95868999260.75928 132
1757568055341 96184341096.53076 133
1757568055413 99062381638.71767 134
1757568055479 91493435806.54906 135
1757568055553 89775874818.35994 136
1757568055624 82042056821.27158 137
1757568055713 747556791900.3129 138
1757568055789 239379244594.73642 139
1757568055862 30630572719.39648 140
1757568055936 63033124175.18457 141
1757568056000 179572506881.5417 142
1757568056076 62758695071.70899 143
1757568056147 148821236004.34738 144
1757568056217 43025563893.71847 145
1757568056295 54234984024.06179 146
1757568056360 69217108796.77603 147
1757568056434 147389316411.44766 148
1757568056504 50290824575.042786 149
1757568056584 74738665600.39372 150
1757568056654 114672162827.4785 151
1757568056727 88544720193.2509 152
1757568056807 64165937561.812126 153
1757568056881 114767113592.03123 154
1757568056956 192486148567.78568 155
1757568057023 198159682135.60034 156
1757568057093 119244386923.45671 157
1757568057166 612606097693.1527 158
1757568057253 142339222108.42905 159
1757568057336 200842345685.7653 160
1757568057402 168036775378.36478 161
1757568057482 569889904233.317 162
1757568057579 70862293245.03957 163
1757568057677 145031783701.5667 164
1757568057774 191335160715.96417 165
1757568057849 128577419051.08101 166
1757568057924 140296434995.3251 167
1757568057999 71371977717.17805 168
1757568058068 124153871196.60454 169
1757568058145 120684733128.085 170
1757568058224 107530747975.37808 171
1757568058299 129224131928.21553 172
1757568058369 133769839375.5987 173
1757568058436 117941508761.2353 174
1757568058513 56730051827.33578 175
1757568058587 112069317801.67696 176
1757568058666 62501681491.83499 177
1757568058746 71872491898.90886 178
1757568058816 256229933983.3087 179
1757568058891 80542730116.82231 180
1757568058960 49557157783.19438 181
1757568059035 57572281825.59389 182
1757568059105 63971319814.33854 183
1757568059179 68831355057.71342 184
1757568059254 49387829861.07924 185
1757568059326 58818079466.86968 186
1757568059401 120499702795.34012 187
1757568059478 62653131269.57578 188
1757568059552 53260214908.46378 189
1757568059623 67812080114.22047 190
1757568059693 111736702398.36539 191
1757568059773 191638812481.21246 192
1757568059845 70134878781.46939 193
1757568059923 40842208840.63549 194
1757568059996 59563735212.97211 195
1757568060093 58871348743.75654 196
1757568060159 114272105022.13663 197
1757568060234 66936400164.79479 198
1757568060310 120652418440.64717 199
1757568060388 166335293457.01328 200
1757568060462 69706266644.26372 201
1757568060534 72908284725.4767 202
1757568060613 103481734831.86243 203
1757568060692 305870384694.9186 204
1757568060760 67427305876.66567 205
1757568060837 51470347383.27094 206
1757568060904 139806087674.7536 207
1757568060979 88407194224.17628 208
1757568061055 51760354819.89928 209
1757568061125 36356307790.624176 210
1757568061198 217025956991.79135 211
1757568061271 113955488141.83426 212
1757568061346 52173617106.60248 213
1757568061417 134880502734.9401 214
1757568061487 63775760367.58631 215
1757568061564 170380561923.8733 216
1757568061635 62775384731.708664 217
1757568061706 53397343679.82973 218
1757568061776 112327903407.21573 219
1757568061846 35950437384.65349 220
1757568061911 114282409190.76503 221
1757568061983 207720548688.31522 222
1757568062067 49287468960.81866 223
1757568062136 65262568451.126854 224
1757568062214 163615413455.3706 225
1757568062303 153302626377.28226 226
1757568062386 119993586463.0764 227
1757568062458 123484569713.55904 228
1757568062555 49219831852.03766 229
1757568062644 106156771739.56728 230
1757568062750 64972705985.15831 231
1757568062849 124856674503.10329 232
1757568062922 128959638841.03021 233
1757568062992 61854645042.213104 234
1757568063068 50320776350.81579 235
1757568063146 63979592763.52892 236
1757568063217 60301667133.17153 237
1757568063288 119523999884.46054 238
1757568063363 49280853763.885315 239
1757568063443 64739779453.38013 240
1757568063517 194997044326.7565 241
1757568063597 164054189325.19025 242
1757568063671 159396316987.91974 243
1757568063747 104760879688.80594 244
1757568063827 108631802341.1246 245
1757568063901 141618731300.66757 246
1757568063974 115410033099.86632 247
1757568064049 96190699892.1767 248
1757568064130 85221138977.24516 249
1757568064200 63911855558.87692 250
1757568064271 101273341879.53378 251
1757568064347 48319573591.85124 252
1757568064429 119436939899.2658 253
1757568064506 200422869919.5537 254
1757568064578 144554480269.64432 255
1757568064647 91660357356.19682 256
1757568064719 238343335592.10547 257
1757568064786 230058503980.6418 258
1757568064861 108244077098.64334 259
1757568064934 131377475760.91133 260
1757568065007 34397763585.37426 261
1757568065078 46336273192.915016 262
1757568065156 86332170282.29526 263
1757568065236 142492408824.80807 264
1757568065310 64342520581.742676 265
1757568065385 40178215467.25792 266
1757568065471 73734377166.02023 267
1757568065542 69587764255.35472 268
1757568065613 122528634272.77887 269
1757568065705 262933621654.21857 270
1757568065778 69905678136.45561 271
1757568065859 33940992069.8414 272
1757568065931 78190960290.37997 273
1757568066004 57344340043.17666 274
1757568066077 643578077019.0392 275
1757568066153 101253288341.28856 276
1757568066229 44828821503.13413 277
1757568066308 54661942855.2255 278
1757568066378 234475073709.79352 279
1757568066455 132507283939.29822 280
1757568066531 289489189181.4208 281
1757568066610 226796081442.2243 282
1757568066699 76068364728.02518 283
1757568066779 107722357522.70496 284
1757568066853 37837691339.019005 285
1757568066920 95752714041.69098 286
1757568066992 161646426225.6126 287
1757568067062 40507095846.812836 288
1757568067137 134624020390.81099 289
1757568067226 115970751286.98415 290
1757568067300 38929553802.791695 291
1757568067382 41889725545.93934 292
1757568067455 183652300048.97232 293
1757568067526 63349779883.76162 294
1757568067601 223243886596.41003 295
1757568067676 323265917144.0371 296
1757568067746 142690833139.60904 297
1757568067820 246913230615.31345 298
1757568067902 47107921125.75383 299
1757568067970 66058289938.67628 300
1757568068074 227807577195.44214 301
1757568068159 40526722723.42311 302
1757568068238 101778992738.66591 303
1757568068313 182215173562.26913 304
1757568068389 65144543860.10013 305
1757568068457 204510527637.7291 306
1757568068534 302211489351.9966 307
1757568068612 65036570246.67757 308
1757568068688 135459540320.94511 309
1757568068771 74268989395.41696 310
1757568068850 99398665921.44243 311
1757568068933 159404957083.19705 312
1757568069006 164284173418.99942 313
1757568069083 61396303916.57493 314
1757568069157 80072482668.84189 315
1757568069230 203483532826.1477 316
1757568069301 238085762999.55164 317
1757568069375 45458416942.12557 318
1757568069456 78862585127.72926 319
1757568069528 35775514312.66594 320
1757568069605 103019397061.27649 321
1757568069677 145374121338.7508 322
1757568069747 524994714611.62646 323
1757568069817 110137011499.37256 324
1757568069892 124201305554.26584 325
1757568069964 40922982323.97066 326
1757568070041 52852713640.78436 327
1757568070140 98760000431.07713 328
1757568070230 36011573338.7062 329
1757568070308 56468059511.98913 330
1757568070380 84412255328.16872 331
1757568070453 40907011974.299286 332
1757568070528 65186371050.44082 333
1757568070602 86989883198.2931 334
1757568070675 49545494063.12926 335
1757568070741 178974796045.71414 336
1757568070818 67593684780.350235 337
1757568070889 100213330776.12651 338
1757568070957 167734190788.78882 339
1757568071040 49975899411.03483 340
1757568071116 145104875904.40198 341
1757568071202 253099641173.45792 342
1757568071273 85524529962.39001 343
1757568071356 73683298810.39694 344
1757568071430 206969177805.10712 345
1757568071507 90461497615.18039 346
1757568071584 73443737038.56215 347
1757568071659 319830081183.1698 348
1757568071729 68560398342.57085 349
1757568071801 50289935437.66172 350
1757568071875 257275189021.4352 351
1757568071947 97400879274.82692 352
1757568072027 152204063558.41687 353
1757568072104 152620356408.8978 354
1757568072178 151941277035.1462 355
1757568072251 129044378392.25955 356
1757568072329 117875896985.17886 357
1757568072408 187594447477.37607 358
1757568072482 55597640962.53024 359
1757568072571 57904691346.10463 360
1757568072643 103841844547.6129 361
1757568072737 86360313345.55696 362
1757568072814 101193454297.25325 363
1757568072902 45908041060.18818 364
1757568072983 144511405042.55676 365
1757568073057 101497251867.1652 366
1757568073133 65531499953.00299 367
1757568073208 110021597297.1294 368
1757568073288 72334107140.90755 369
1757568073367 48789477942.51699 370
1757568073438 85178112144.6762 371
1757568073514 67630052627.24729 372
1757568073590 91878205503.96858 373
1757568073672 262808082292.03287 374
1757568073744 93395150079.3975 375
1757568073822 123970808560.34586 376
1757568073895 46806938682.5422 377
1757568073970 604050891354.5198 378
1757568074047 201209705794.81662 379
1757568074115 90041085666.65814 380
1757568074193 188543298780.73285 381
1757568074271 45220232366.51243 382
1757568074353 74362165655.4755 383
1757568074427 122250784459.20622 384
1757568074511 33097583430.071827 385
1757568074585 30308129225.112118 386
1757568074660 33372712333.72983 387
1757568074728 200607479137.79407 388
1757568074800 226576829720.02158 389
1757568074879 204865075875.2422 390
1757568074956 108089376775.83583 391
1757568075033 48124744780.17002 392
1757568075111 116964864213.82433 393
1757568075184 163634691130.70538 394
1757568075256 113133115307.49588 395
1757568075339 120337956846.92426 396
1757568075415 184887478615.63663 397
1757568075489 79427252708.72647 398
1757568075568 76356428584.59927 399
1757568075644 42989489406.5865 400
1757568075721 144138718127.0372 401
1757568075797 349042356196.6791 402
1757568075874 155316381966.45386 403
1757568075947 284955874515.1915 404
1757568076037 166648584610.73615 405
1757568076120 33245473399.718437 406
1757568076193 179470639152.3572 407
1757568076271 62357992308.40098 408
1757568076348 65115550029.47466 409
1757568076431 240091907312.7216 410
1757568076503 89747108663.50716 411
1757568076582 57340398337.97456 412
1757568076658 106738844207.02397 413
1757568076728 31308047492.56802 414
1757568076804 84339703756.2676 415
1757568076877 40698848905.85115 416
1757568076952 90639565156.62285 417
1757568077030 161178568100.59882 418
1757568077102 135350780777.57275 419
1757568077177 30224640849.78421 420
1757568077250 95802160745.23578 421
1757568077323 137925431730.44937 422
1757568077400 123425548940.61142 423
1757568077477 60328407019.6482 424
1757568077553 127000407429.05345 425
1757568077650 119185900554.82655 426
1757568077728 105598612830.16963 427
1757568077806 41984797377.29275 428
1757568077882 116514613364.88206 429
1757568077960 39018597353.55983 430
1757568078035 87083783154.83495 431
1757568078115 30554835354.6685 432
1757568078193 82631942056.92786 433
1757568078267 108954445039.87532 434
1757568078339 92612172503.76881 435
1757568078414 133839342426.8974 436
1757568078495 192192052208.68066 437
1757568078577 106074471369.43477 438
1757568078649 217415473611.22263 439
1757568078731 88077726379.8924 440
1757568078813 50603518716.652405 441
1757568078892 51334167061.34768 442
1757568078964 62444731033.81383 443
1757568079045 162034030367.1809 444
1757568079121 94193907060.98903 445
1757568079198 120019982913.1912 446
1757568079279 40343858694.93964 447
1757568079359 202582228735.9978 448
1757568079432 139705991031.40274 449
1757568079516 185731696888.10138 450
1757568079607 46837448460.95376 451
1757568079682 273068923908.69586 452
1757568079761 47868895450.60406 453
1757568079850 96673342358.3196 454
1757568079921 48559793237.991615 455
1757568080006 134130616213.94804 456
1757568080082 160150990918.43924 457
1757568080155 110921800793.0907 458
1757568080235 112240581971.16963 459
1757568080307 91684719171.52539 460
1757568080382 49595131440.69471 461
1757568080461 84541551579.6139 462
1757568080533 98294972014.80582 463
1757568080611 43139864402.72029 464
1757568080686 95173583674.78223 465
1757568080765 65116346443.08999 466
1757568080844 60031762014.611435 467
1757568080913 50220294818.96513 468
1757568080995 109490932325.92436 469
1757568081074 196659700996.39316 470
1757568081149 206773787826.67557 471
1757568081235 58780687697.72892 472
1757568081312 224471708393.18677 473
1757568081395 50495193547.34972 474
1757568081471 115513503052.75108 475
1757568081556 37659385960.80015 476
1757568081633 130090896272.2457 477
1757568081705 67921957553.63955 478
1757568081790 74039887877.20615 479
1757568081866 38099903692.06544 480
1757568081939 249938421596.3797 481
1757568082022 78296415639.34879 482
1757568082094 118426376188.49554 483
1757568082174 74125777526.80383 484
1757568082249 200273398015.53366 485
1757568082329 98081902791.58235 486
1757568082413 109480656686.22246 487
1757568082492 202962839178.5854 488
1757568082581 108374761650.84962 489
1757568082658 57653238439.22626 490
1757568082737 35884348722.76158 491
1757568082819 84778048355.13252 492
1757568082905 50937968576.61398 493
1757568082983 115539462340.30685 494
1757568083074 148949030609.46976 495
1757568083167 83608742504.81015 496
1757568083249 192130867624.17038 497
1757568083327 204656838829.25903 498
1757568083403 67732312835.9268 499
