1757556384680 1053297504007.5189 0
1757556384760 1026181230318.3556 1
1757556384823 987681762415.6799 2
1757556384913 945208967094.6208 3
1757556384981 902300129208.984 4
1757556385043 860830520055.22 5
1757556385105 821622362062.0538 6
1757556385165 784911296075.617 7
1757556385226 750708025477.1519 8
1757556385284 718928186865.1459 9
1757556385344 689432432955.8698 10
1757556385404 662061817881.2146 11
1757556385465 636658900042.1039 12
1757556385527 613073154229.449 13
1757556385591 591162660374.7759 14
1757556385656 570795608218.0958 15
1757556385718 551850530069.8866 16
1757556385781 534215688218.80524 17
1757556385882 517788416157.4342 18
1757556385945 502474491461.9298 19
1757556386007 488187469160.52734 20
1757556386094 474848030524.1247 21
1757556386156 462383387028.9145 22
1757556386220 450726731838.9684 23
1757556386282 439816732355.00946 24
1757556386344 429597065032.297 25
1757556386407 420015990621.98474 26
1757556386468 411025965819.19073 27
1757556386557 402583288116.3593 28
1757556386624 394647771434.8973 29
1757556386686 387182449771.5707 30
1757556386748 380153306439.2798 31
1757556386831 373529026649.6224 32
1757556386891 367280771424.8716 33
1757556386953 361381970973.49115 34
1757556387014 355808135826.5486 35
1757556387073 350536684186.04913 36
1757556387136 345546784071.5174 37
1757556387202 340819208974.3381 38
1757556387264 336336205870.5949 39
1757556387324 332081374396.8841 40
1757556387384 328039556418.25653 41
1757556387444 324196734933.3066 42
1757556387508 320539941552.098 43
1757556387569 317057171803.1097 44
1757556387630 313737307590.9199 45
1757556387692 310570046185.95197 46
1757556387752 307545835181.8817 47
1757556387813 304655812905.7598 48
1757556387874 301891753810.9717 49
1757556387935 299246018424.2519 50
1757556387993 296711507455.4355 51
1757556388054 294281619712.7948 52
1757556388114 291950213497.9679 53
1757556388176 289711571182.8985 54
1757556388240 287560366697.1239 55
1757556388302 285491635677.38434 56
1757556388362 283500748053.0861 57
1757556388422 281583382860.81946 58
1757556388488 279735505099.0701 59
1757556388553 277953344450.6307 60
1757556388636 276233375715.1483 61
1757556388711 274572300807.86807 62
1757556388785 272967032193.06067 63
1757556388862 271414677631.96402 64
1757556388937 269912526135.41885 65
1757556389007 268458035020.82172 66
1757556389076 267048817981.64062 67
1757556389145 265682634085.6042 68
1757556389215 264357377624.85788 69
1757556389291 263071068747.9372 70
1757556389370 261821844809.39044 71
1757556389450 260607952378.3511 72
1757556389556 259427739852.34738 73
1757556389635 258279650654.9424 74
1757556389720 257162216846.32343 75
1757556389819 256074053324.24326 76
1757556389895 255013852403.37012 77
1757556389972 253980378794.11472 78
1757556390049 252972464948.35938 79
1757556390128 251989006742.626 80
1757556390205 251028959471.86887 81
1757556390280 250091334129.41046 82
1757556390356 249175193950.61444 83
1757556390435 248279651199.77173 84
1757556390509 247403864181.37866 85
1757556390583 246547034458.5422 86
1757556390660 245708404262.66318 87
1757556390735 244887254079.84714 88
1757556390804 244082900400.676 89
1757556390873 243294693621.05933 90
1757556390974 242522016082.8753 91
1757556391043 241764280244.02243 92
1757556391114 241020926968.33206 93
1757556391185 240291423926.55728 94
1757556391256 239575264100.34903 95
1757556391324 238871964381.77283 96
1757556391391 238181064261.5041 97
1757556391457 237502124599.37872 98
1757556391520 236834726471.46936 99
1757556391590 236178470088.30832 100
1757556391654 235532973779.29584 101
1757556391719 234897873038.71133 102
1757556391780 234272819629.0957 103
1757556391840 233657480738.09515 104
1757556391902 233051538185.15063 105
1757556391963 232454687674.68887 106
1757556392024 231866638092.72107 107
1757556392085 231287110843.9835 108
1757556392147 230715839226.96597 109
1757556392209 230152567844.36865 110
1757556392286 229597052046.70474 111
1757556392347 229049057406.9342 112
1757556392409 228508359224.16174 113
1757556392469 227974742054.57587 114
1757556392532 227447999267.93134 115
1757556392595 226927932639.3993 116
1757556392656 226414351924.30618 117
1757556392718 225907074501.71368 118
1757556392780 225405925017.02002 119
1757556392842 224910735043.9089 120
1757556392911 224421342764.20355 121
1757556392975 223937592664.42734 122
1757556393035 223459335248.02307 123
1757556393120 222986426762.2905 124
1757556393195 222518728939.17886 125
1757556393262 222056108749.13873 126
1757556393325 221598438167.29153 127
1757556393387 221145593951.22556 128
1757556393479 220697457429.7717 129
1757556393540 220253914302.15363 130
1757556393600 219814854446.94476 131
1757556393662 219380171740.29932 132
1757556393724 218949763882.95834 133
1757556393799 218523532235.56113 134
1757556393862 218101381661.82028 135
1757556393929 217683220379.14664 136
1757556393993 217268959816.33255 137
1757556394058 216858514477.92798 138
1757556394120 216451801814.96118 139
1757556394187 216048742101.68 140
1757556394250 215649258318.00546 141
1757556394313 215253276037.40784 142
1757556394377 214860723319.93243 143
1757556394440 214471530610.11612 144
1757556394505 214085630639.55118 145
1757556394567 213702958333.86627 146
1757556394628 213323450723.90637 147
1757556394688 212947046860.90622 148
1757556394750 212573687735.46207 149
1757556394821 212203316200.11737 150
1757556394881 211835876895.38846 151
1757556394943 211471316179.06433 152
1757556395005 211109582058.6236 153
1757556395068 210750624126.62134 154
1757556395131 210394393498.9036 155
1757556395192 210040842755.51727 156
1757556395257 209689925884.18814 157
1757556395321 209341598226.2464 158
1757556395382 208995816424.88663 159
1757556395446 208652538375.6531 160
1757556395508 208311723179.04712 161
1757556395568 207973331095.15973 162
1757556395632 207637323500.23572 163
1757556395695 207303662845.08057 164
1757556395758 206972312615.2275 165
1757556395822 206643237292.7831 166
1757556395886 206316402319.8761 167
1757556395953 205991774063.63736 168
1757556396018 205669319782.64166 169
1757556396080 205349007594.74524 170
1757556396143 205030806446.25775 171
1757556396205 204714686082.38834 172
1757556396293 204400617018.90924 173
1757556396365 204088570514.9829 174
1757556396429 203778518547.10168 175
1757556396490 203470433784.09003 176
1757556396553 203164289563.1235 177
1757556396617 202860059866.71948 178
1757556396679 202557719318.21182 179
1757556396742 202257243116.36444 180
1757556396806 201958607046.21753 181
1757556396868 201661787457.28476 182
1757556396930 201366761243.666 183
1757556396992 201073505825.47183 184
1757556397055 200781999131.24573 185
1757556397119 200492219581.2085 186
1757556397182 200204146071.22717 187
1757556397247 199917757957.44345 188
1757556397314 199633035041.51727 189
1757556397375 199349957556.45255 190
1757556397441 199068506152.9739 191
1757556397510 198788661886.43173 192
1757556397572 198510406204.21008 193
1757556397635 198233720933.6168 194
1757556397697 197958588270.23465 195
1757556397786 197684990766.71515 196
1757556397853 197412911321.99472 197
1757556397915 197142333170.917 198
1757556397977 196873239874.24377 199
1757556398043 196605615309.03818 200
1757556398109 196339443659.40543 201
1757556398179 196074709407.575 202
1757556398245 195811397325.31183 203
1757556398310 195549492465.64154 204
1757556398373 195288980154.8776 205
1757556398438 195029845984.93787 206
1757556398499 194772075805.9386 207
1757556398564 194515655719.05444 208
1757556398628 194260572069.6345 209
1757556398699 194006811440.56244 210
1757556398765 193754360645.85263 211
1757556398845 193503206724.4715 212
1757556398912 193253336934.37546 213
1757556398979 193004738746.75677 214
1757556399051 192757399840.48932 215
1757556399149 192511308096.76523 216
1757556399216 192266451593.91632 217
1757556399283 192022818602.412 218
1757556399349 191780397580.0263 219
1757556399416 191539177167.16907 220
1757556399504 191299146182.37296 221
1757556399569 191060293617.9309 222
1757556399635 190822608635.67877 223
1757556399698 190586080562.91672 224
1757556399763 190350698888.46393 225
1757556399828 190116453258.84235 226
1757556399892 189883333474.58322 227
1757556399957 189651329486.6532 228
1757556400020 189420431392.99387 229
1757556400084 189190629435.17178 230
1757556400147 188961913995.13367 231
1757556400211 188734275592.06372 232
1757556400277 188507704879.33865 233
1757556400344 188282192641.5767 234
1757556400412 188057729791.77756 235
1757556400477 187834307368.54953 236
1757556400542 187611916533.42062 237
1757556400606 187390548585.85794 238
1757556400671 187170194916.47305 239
1757556400736 186950847035.71164 240
1757556400802 186732496569.21713 241
1757556400865 186515135254.39154 242
1757556400931 186298754937.58618 243
1757556400995 186083347571.63934 244
1757556401059 185868905213.617 245
1757556401121 185655420022.68405 246
1757556401186 185442884258.06934 247
1757556401251 185231290277.1038 248
1757556401315 185020630533.32135 249
1757556401380 184810897574.61707 250
1757556401446 184602084041.45724 251
1757556401510 184394182665.13928 252
1757556401572 184187186266.0989 253
1757556401637 183981087752.2636 254
1757556401702 183775880117.44894 255
1757556401766 183571556439.79788 256
1757556401856 183368109880.26108 257
1757556401921 183165533681.1158 258
1757556401986 182963821164.52417 259
1757556402050 182762965731.12708 260
1757556402114 182562960858.6746 261
1757556402176 182363800100.69055 262
1757556402244 182165477085.17032 263
1757556402306 181967985513.31113 264
1757556402371 181771319158.27322 265
1757556402436 181575471863.97156 266
1757556402501 181380437543.89655 267
1757556402574 181186210179.9633 268
1757556402665 180992783821.38776 269
1757556402736 180800152583.59006 270
1757556402800 180608310647.12326 271
1757556402863 180417252256.6268 272
1757556402928 180226971719.8044 273
1757556402994 180037463406.4255 274
1757556403061 179848721747.3488 275
1757556403129 179660741233.56833 276
1757556403223 179473516415.28082 277
1757556403288 179287041900.97348 278
1757556403351 179101312356.53198 279
1757556403415 178916322504.3682 280
1757556403478 178732067122.56653 281
1757556403540 178548541044.0486 282
1757556403603 178365739155.7562 283
1757556403666 178183656397.85095 284
1757556403730 178002287762.93134 285
1757556403796 177821628295.26572 286
1757556403860 177641673090.04144 287
1757556403922 177462417292.62933 288
1757556404004 177283856097.86316 289
1757556404069 177105984749.33377 290
1757556404159 176928798538.69736 291
1757556404224 176752292804.9976 292
1757556404291 176576462934.0014 293
1757556404355 176401304357.54694 294
1757556404421 176226812552.90582 295
1757556404485 176052983042.15622 296
1757556404550 175879811391.56894 297
1757556404616 175707293211.005 298
1757556404683 175535424153.32452 299
1757556404754 175364199913.807 300
1757556404820 175193616229.5822 301
1757556404885 175023668879.07202 302
1757556404949 174854353681.44186 303
1757556405015 174685666496.06348 304
1757556405081 174517603221.9858 305
1757556405143 174350159797.41714 306
1757556405211 174183332199.21536 307
1757556405276 174017116442.38788 308
1757556405341 173851508579.60034 309
1757556405407 173686504700.69388 310
1757556405471 173522100932.21115 311
1757556405538 173358293436.9301 312
1757556405601 173195078413.40656 313
1757556405664 173032452095.52377 314
1757556405730 172870410752.0504 315
1757556405795 172708950686.20587 316
1757556405859 172548068235.23264 317
1757556405954 172387759769.97635 318
1757556406042 172228021694.47223 319
1757556406115 172068850445.53903 320
1757556406184 171910242492.37927 321
1757556406253 171752194336.18607 322
1757556406321 171594702509.75668 323
1757556406385 171437763577.1118 324
1757556406449 171281374133.12152 325
1757556406514 171125530803.13705 326
1757556406577 170970230242.62808 327
1757556406643 170815469136.82642 328
1757556406709 170661244200.3748 329
1757556406772 170507552176.98157 330
1757556406837 170354389839.08038 331
1757556406901 170201753987.49533 332
1757556406975 170049641451.11148 333
1757556407043 169898049086.5501 334
1757556407113 169746973777.8493 335
1757556407179 169596412436.1489 336
1757556407247 169446361999.38043 337
1757556407311 169296819431.96243 338
1757556407375 169147781724.4988 339
1757556407442 168999245893.48315 340
1757556407508 168851208981.00674 341
1757556407572 168703668054.4707 342
1757556407639 168556620206.3032 343
1757556407706 168410062553.6797 344
1757556407772 168263992238.24817 345
1757556407838 168118406425.8579 346
1757556407906 167973302306.2921 347
1757556407972 167828677093.00494 348
1757556408036 167684528022.8613 349
1757556408105 167540852355.8813 350
1757556408171 167397647374.98807 351
1757556408238 167254910385.7586 352
1757556408313 167112638716.1789 353
1757556408377 166970829716.40195 354
1757556408446 166829480758.50943 355
1757556408513 166688589236.27643 356
1757556408580 166548152564.93958 357
1757556408673 166408168180.9685 358
1757556408739 166268633541.8402 359
1757556408805 166129546125.81638 360
1757556408878 165990903431.7243 361
1757556408949 165852702978.74005 362
1757556409034 165714942306.17505 363
1757556409104 165577618973.26535 364
1757556409180 165440730558.9638 365
1757556409259 165304274661.7348 366
1757556409357 165168248899.35205 367
1757556409427 165032650908.69873 368
1757556409494 164897478345.57056 369
1757556409563 164762728884.48093 370
1757556409631 164628400218.46942 371
1757556409697 164494490058.91208 372
1757556409765 164360996135.3344 373
1757556409833 164227916195.227 374
1757556409900 164095248003.8628 375
1757556409968 163962989344.11795 376
1757556410038 163831138016.2938 377
1757556410105 163699691837.94156 378
1757556410175 163568648643.68942 379
1757556410244 163438006285.0717 380
1757556410314 163307762630.35965 381
1757556410376 163177915564.39557 382
1757556410443 163048462988.42773 383
1757556410510 162919402819.948 384
1757556410576 162790732992.53156 385
1757556410640 162662451455.67834 386
1757556410705 162534556174.65646 387
1757556410770 162407045130.3478 388
1757556410834 162279916319.0951 389
1757556410901 162153167752.5514 390
1757556410967 162026797457.53082 391
1757556411032 161900803475.86172 392
1757556411100 161775183864.24084 393
1757556411170 161649936694.09024 394
1757556411245 161525060051.41486 395
1757556411318 161400552036.6628 396
1757556411397 161276410764.58655 397
1757556411463 161152634364.1061 398
1757556411531 161029220978.17392 399
1757556411596 160906168763.64096 400
1757556411665 160783475891.1251 401
1757556411733 160661140544.88016 402
1757556411799 160539160922.6673 403
1757556411867 160417535235.6274 404
1757556411935 160296261708.15503 405
1757556412002 160175338577.77408 406
1757556412070 160054764095.0148 407
1757556412138 159934536523.29184 408
1757556412207 159814654138.78436 409
1757556412274 159695115230.31693 410
1757556412343 159575918099.24225 411
1757556412411 159457061059.32498 412
1757556412478 159338542436.62674 413
1757556412542 159220360569.3929 414
1757556412608 159102513807.94012 415
1757556412675 158985000514.5455 416
1757556412867 158867819063.337 417
1757556412935 158750967840.18466 418
1757556412999 158634445242.5937 419
1757556413067 158518249679.5983 420
1757556413135 158402379571.65674 421
1757556413200 158286833350.54782 422
1757556413278 158171609459.2681 423
1757556413344 158056706351.9307 424
1757556413410 157942122493.66492 425
1757556413480 157827856360.5171 426
1757556413556 157713906439.3524 427
1757556413624 157600271227.75797 428
1757556413691 157486949233.94687 429
1757556413760 157373938976.66306 430
1757556413827 157261238985.08777 431
1757556413891 157148847798.74634 432
1757556413958 157036763967.41666 433
1757556414022 156924986051.03796 434
1757556414089 156813512619.62134 435
1757556414156 156702342253.1603 436
1757556414222 156591473541.5433 437
1757556414293 156480905084.4663 438
1757556414360 156370635491.347 439
1757556414425 156260663381.23914 440
1757556414489 156150987382.7489 441
1757556414554 156041606133.95096 442
1757556414618 155932518282.30606 443
1757556414684 155823722484.57953 444
1757556414750 155715217406.76038 445
1757556414819 155607001723.98132 446
1757556414910 155499074130.24646 447
1757556414992 155391433313.78867 448
1757556415068 155284077974.22516 449
1757556415141 155177006821.24292 450
1757556415213 155070218573.90424 451
1757556415287 154963711960.26193 452
1757556415455 154857485717.1305 453
1757556415521 154751538589.93503 454
1757556415591 154645869332.59976 455
1757556415660 154540476707.45682 456
1757556415739 154435359485.16498 457
1757556415814 154330516444.63452 458
1757556415886 154225946372.9546 459
1757556415982 154121648065.3231 460
1757556416051 154017620324.9776 461
1757556416117 153913861963.127 462
1757556416183 153810371798.88467 463
1757556416253 153707148659.20145 464
1757556416348 153604191378.80045 465
1757556416419 153501498800.1114 466
1757556416489 153399069773.20648 467
1757556416558 153296903155.73645 468
1757556416630 153194997812.8675 469
1757556416699 153093352617.21854 470
1757556416767 152991966457.45 471
1757556416835 152890838216.51276 472
1757556416904 152789966786.8214 473
1757556416972 152689351069.0968 474
1757556417039 152588989971.75787 475
1757556417106 152488882410.5882 476
1757556417173 152389027308.54044 477
1757556417242 152289423595.61008 478
1757556417311 152190070208.74384 479
1757556417379 152090966091.7658 480
1757556417445 151992110195.31287 481
1757556417514 151893501476.77463 482
1757556417585 151795138900.23663 483
1757556417654 151697021436.4242 484
1757556417723 151599148062.64838 485
1757556417790 151501517762.7522 486
1757556417861 151404129527.0572 487
1757556417936 151306982352.31134 488
1757556418006 151210075241.6368 489
1757556418076 151113407204.47858 490
1757556418145 151016977256.5535 491
1757556418216 150920784419.7997 492
1757556418287 150824827722.32693 493
1757556418356 150729106198.36646 494
1757556418434 150633618888.22253 495
1757556418526 150538364838.22366 496
1757556418597 150443343100.67432 497
1757556418666 150348552733.80737 498
1757556418733 150253992801.7369 499
