1757583708117 1064046068679.7339 0
1757583708186 1061375768223.2804 1
1757583708250 1058716199983.9268 2
1757583708328 1056067302358.6685 3
1757583708400 1053429014358.4143 4
1757583708465 1050801275598.778 5
1757583708530 1048184026291.0315 6
1757583708596 1045577207233.216 7
1757583708672 1042980759801.4062 8
1757583708761 1040394625941.1285 9
1757583708829 1037818748158.9258 10
1757583708895 1035253069514.0706 11
1757583708962 1032697533610.422 12
1757583709032 1030152084588.4213 13
1757583709104 1027616667117.23 14
1757583709170 1025091226387.0001 15
1757583709252 1022575708101.2811 16
1757583709325 1020070058469.5565 17
1757583709435 1017574224199.9087 18
1757583709498 1015088152491.8134 19
1757583709565 1012611791029.0537 20
1757583709636 1010145087972.7598 21
1757583709702 1007687991954.5677 22
1757583709771 1005240452069.8945 23
1757583709842 1002802417871.3296 24
1757583709906 1000373839362.1396 25
1757583709974 997954666989.8857 26
1757583710040 995544851640.1471 27
1757583710109 993144344630.3558 28
1757583710175 990753097703.7344 29
1757583710243 988371063023.3376 30
1757583710312 985998193166.1962 31
1757583710381 983634441117.561 32
1757583710446 981279760265.2438 33
1757583710509 978934104394.0552 34
1757583710576 976597427680.3372 35
1757583710642 974269684686.5887 36
1757583710712 971950830356.1815 37
1757583710777 969640820008.1666 38
1757583710844 967339609332.1675 39
1757583710909 965047154383.3616 40
1757583710976 962763411577.5443 41
1757583711038 960488337686.2772 42
1757583711104 958221889832.1194 43
1757583711173 955964025483.9368 44
1757583711249 953714702452.2914 45
1757583711317 951473878884.9092 46
1757583711383 949241513262.2217 47
1757583711450 947017564392.9841 48
1757583711517 944801991409.9662 49
1757583711587 942594753765.7147 50
1757583711657 940395811228.388 51
1757583711730 938205123877.6577 52
1757583711797 936022652100.682 53
1757583711862 933848356588.1425 54
1757583711926 931682198330.3486 55
1757583711994 929524138613.408 56
1757583712057 927374139015.456 57
1757583712125 925232161402.9539 58
1757583712189 923098167927.0416 59
1757583712271 920972121019.9559 60
1757583712337 918853983391.5048 61
1757583712404 916743718025.5999 62
1757583712470 914641288176.8481 63
1757583712539 912546657367.1969 64
1757583712608 910459789382.6346 65
1757583712675 908380648269.9471 66
1757583712741 906309198333.5244 67
1757583712803 904245404132.2213 68
1757583712871 902189230476.2683 69
1757583712942 900140642424.2343 70
1757583713011 898099605280.0353 71
1757583713082 896066084589.9956 72
1757583713145 894040046139.954 73
1757583713211 892021455952.4169 74
1757583713283 890010280283.7584 75
1757583713349 888006485621.4655 76
1757583713419 886010038681.4253 77
1757583713488 884020906405.2598 78
1757583713559 882039055957.699 79
1757583713627 880064454724.0 80
1757583713698 878097070307.4037 81
1757583713768 876136870526.6351 82
1757583713829 874183823413.4413 83
1757583713898 872237897210.1699 84
1757583713968 870299060367.3853 85
1757583714033 868367281541.5216 86
1757583714099 866442529592.5753 87
1757583714169 864524773581.8317 88
1757583714233 862613982769.6283 89
1757583714301 860710126613.1531 90
1757583714369 858813174764.2776 91
1757583714438 856923097067.4238 92
1757583714505 855039863557.4634 93
1757583714571 853163444457.6514 94
1757583714645 851293810177.5908 95
1757583714717 849430931311.2285 96
1757583714784 847574778634.8842 97
1757583714851 845725323105.3059 98
1757583714921 843882535857.7616 99
1757583714985 842046388204.1522 100
1757583715050 840216851631.1613 101
1757583715122 838393897798.428 102
1757583715188 836577498536.7499 103
1757583715266 834767625846.313 104
1757583715340 832964251894.9485 105
1757583715408 831167349016.4165 106
1757583715492 829376889708.7145 107
1757583715566 827592846632.413 108
1757583715646 825815192609.0146 109
1757583715711 824043900619.3403 110
1757583715778 822278943801.9359 111
1757583715859 820520295451.5067 112
1757583715927 818767929017.372 113
1757583715997 817021818101.9456 114
1757583716059 815281936459.236 115
1757583716149 813548257993.3711 116
1757583716219 811820756757.1433 117
1757583716288 810099406950.5768 118
1757583716355 808384182919.5154 119
1757583716424 806675059154.2317 120
1757583716495 804972010288.056 121
1757583716563 803275011096.0248 122
1757583716630 801584036493.551 123
1757583716699 799899061535.1101 124
1757583716771 798220061412.9487 125
1757583716836 796547011455.8094 126
1757583716906 794879887127.6752 127
1757583716975 793218664026.531 128
1757583717041 791563317883.1428 129
1757583717113 789913824559.8573 130
1757583717181 788270160049.4125 131
1757583717256 786632300473.7709 132
1757583717326 785000222082.9666 133
1757583717401 783373901253.9686 134
1757583717468 781753314489.5612 135
1757583717537 780138438417.238 136
1757583717606 778529249788.1141 137
1757583717677 776925725475.8513 138
1757583717749 775327842475.5988 139
1757583717826 773735577902.949 140
1757583717893 772148908992.9069 141
1757583717963 770567813098.8744 142
1757583718031 768992267691.6482 143
1757583718098 767422250358.4312 144
1757583718165 765857738801.8572 145
1757583718231 764298710839.0302 146
1757583718301 762745144400.5737 147
1757583718369 761197017529.697 148
1757583718433 759654308381.2694 149
1757583718503 758116995220.9109 150
1757583718577 756585056424.0923 151
1757583718646 755058470475.248 152
1757583718713 753537215966.9016 153
1757583718786 752021271598.8009 154
1757583718856 750510616177.066 155
1757583718922 749005228613.3489 156
1757583718991 747505087924.0011 157
1757583719060 746010173229.2559 158
1757583719125 744520463752.4188 159
1757583719193 743035938819.0691 160
1757583719264 741556577856.2715 161
1757583719333 740082360391.7976 162
1757583719410 738613266053.3588 163
1757583719491 737149274567.846 164
1757583719560 735690365760.583 165
1757583719631 734236519554.5851 166
1757583719696 732787715969.8295 167
1757583719765 731343935122.5347 168
1757583719835 729905157224.4478 169
1757583719906 728471362582.142 170
1757583719981 727042531596.3217 171
1757583720062 725618644761.1351 172
1757583720129 724199682663.4996 173
1757583720198 722785625982.4297 174
1757583720269 721376455488.377 175
1757583720338 719972152042.5769 176
1757583720405 718572696596.4031 177
1757583720474 717178070190.7306 178
1757583720540 715788253955.3046 179
1757583720612 714403229108.1189 180
1757583720678 713022976954.8005 181
1757583720742 711647478888.0018 182
1757583720813 710276716386.8003 183
1757583720885 708910671016.1039 184
1757583720956 707549324426.0648 185
1757583721026 706192658351.5002 186
1757583721093 704840654611.3177 187
1757583721163 703493295107.9495 188
1757583721229 702150561826.7915 189
1757583721294 700812436835.6503 190
1757583721365 699478902284.1952 191
1757583721433 698149940403.4169 192
1757583721511 696825533505.092 193
1757583721578 695505663981.2545 194
1757583721652 694190314303.671 195
1757583721716 692879467023.3243 196
1757583721787 691573104769.9012 197
1757583721855 690271210251.2859 198
1757583721922 688973766253.0596 199
1757583721995 687680755638.0048 200
1757583722061 686392161345.6158 201
1757583722129 685107966391.6141 202
1757583722201 683828153867.4683 203
1757583722273 682552706939.9202 204
1757583722347 681281608850.5155 205
1757583722416 680014842915.1394 206
1757583722484 678752392523.557 207
1757583722554 677494241138.9586 208
1757583722622 676240372297.5103 209
1757583722690 674990769607.908 210
1757583722766 673745416750.9368 211
1757583722839 672504297479.0358 212
1757583722909 671267395615.8655 213
1757583722972 670034695055.8801 214
1757583723040 668806179763.9058 215
1757583723122 667581833774.7213 216
1757583723185 666361641192.6433 217
1757583723257 665145586191.116 218
1757583723323 663933653012.3053 219
1757583723393 662725825966.6956 220
1757583723458 661522089432.6923 221
1757583723525 660322427856.2266 222
1757583723594 659126825750.3655 223
1757583723661 657935267694.9243 224
1757583723729 656747738336.0844 225
1757583723807 655564222386.0118 226
1757583723878 654384704622.4839 227
1757583723952 653209169888.5153 228
1757583724018 652037603091.9888 229
1757583724088 650869989205.2924 230
1757583724161 649706313264.9539 231
1757583724236 648546560371.2856 232
1757583724303 647390715688.0267 233
1757583724376 646238764441.9924 234
1757583724457 645090691922.7249 235
1757583724530 643946483482.1473 236
1757583724599 642806124534.2224 237
1757583724671 641669600554.6111 238
1757583724746 640536897080.3385 239
1757583724821 639407999709.4587 240
1757583724890 638282894100.7253 241
1757583724959 637161565973.2631 242
1757583725028 636044001106.2445 243
1757583725098 634930185338.5665 244
1757583725171 633820104568.533 245
1757583725238 632713744753.5371 246
1757583725309 631611091909.7485 247
1757583725382 630512132111.8027 248
1757583725478 629416851492.492 249
1757583725546 628325236242.4602 250
1757583725622 627237272609.9003 251
1757583725709 626152946900.2527 252
1757583725783 625072245475.9082 253
1757583725858 623995154755.9116 254
1757583725927 622921661215.6697 255
1757583726005 621851751386.6592 256
1757583726068 620785411856.1396 257
1757583726141 619722629266.8663 258
1757583726212 618663390316.8077 259
1757583726278 617607681758.863 260
1757583726348 616555490400.5833 261
1757583726420 615506803103.8954 262
1757583726490 614461606784.8252 263
1757583726554 613419888413.2275 264
1757583726630 612381635012.5137 265
1757583726698 611346833659.3834 266
1757583726773 610315471483.5603 267
1757583726855 609287535667.5251 268
1757583726928 608263013446.2549 269
1757583727001 607241892106.9633 270
1757583727070 606224158988.8406 271
1757583727142 605209801482.7991 272
1757583727223 604198807031.2184 273
1757583727302 603191163127.6919 274
1757583727373 602186857316.7777 275
1757583727442 601185877193.749 276
1757583727518 600188210404.347 277
1757583727589 599193844644.5371 278
1757583727656 598202767660.2639 279
1757583727728 597214967247.2108 280
1757583727802 596230431250.56 281
1757583727873 595249147564.7546 282
1757583727939 594271104133.2616 283
1757583728006 593296288948.3378 284
1757583728080 592324690050.7969 285
1757583728154 591356295529.7773 286
1757583728227 590391093522.5138 287
1757583728298 589429072214.1075 288
1757583728369 588470219837.3015 289
1757583728444 587514524672.2537 290
1757583728511 586561975046.3148 291
1757583728583 585612559333.8065 292
1757583728653 584666265955.7997 293
1757583728725 583723083379.897 294
1757583728807 582783000120.0145 295
1757583728884 581846004736.1665 296
1757583728956 580912085834.25 297
1757583729033 579981232065.8324 298
1757583729103 579053432127.94 299
1757583729171 578128674762.8463 300
1757583729244 577206948757.8655 301
1757583729317 576288242945.1422 302
1757583729382 575372546201.4473 303
1757583729448 574459847447.9724 304
1757583729518 573550135650.1261 305
1757583729593 572643399817.332 306
1757583729669 571739629002.828 307
1757583729741 570838812303.4661 308
1757583729813 569940938859.514 309
1757583729890 569045997854.4594 310
1757583729957 568153978514.8116 311
1757583730030 567264870109.9093 312
1757583730101 566378661951.7255 313
1757583730173 565495343394.6757 314
1757583730248 564614903835.4274 315
1757583730317 563737332712.7092 316
1757583730389 562862619507.123 317
1757583730461 561990753740.9559 318
1757583730540 561121724977.9939 319
1757583730616 560255522823.3362 320
1757583730686 559392136923.2118 321
1757583730764 558531556964.7961 322
1757583730836 557673772676.0282 323
1757583730905 556818773825.4309 324
1757583730980 555966550221.9304 325
1757583731052 555117091714.678 326
1757583731127 554270388192.8712 327
1757583731197 553426429585.5787 328
1757583731267 552585205861.5632 329
1757583731337 551746707029.1079 330
1757583731402 550910923135.842 331
1757583731471 550077844268.5686 332
1757583731543 549247460553.0929 333
1757583731612 548419762154.0518 334
1757583731684 547594739274.74365 335
1757583731761 546772382156.96014 336
1757583731831 545952681080.8183 337
1757583731904 545135626364.59344 338
1757583731969 544321208364.554 339
1757583732040 543509417474.79553 340
1757583732119 542700244127.0778 341
1757583732186 541893678790.6608 342
1757583732256 541089711972.14307 343
1757583732328 540288334215.30023 344
1757583732402 539489536100.9244 345
1757583732469 538693308246.66486 346
1757583732544 537899641306.86926 347
1757583732612 537108525972.42596 348
1757583732681 536319952970.6072 349
1757583732751 535533913064.9122 350
1757583732819 534750397054.9129 351
1757583732895 533969395776.0992 352
1757583732965 533190900099.7249 353
1757583733036 532414900932.6559 354
1757583733107 531641389217.21704 355
1757583733187 530870355931.04175 356
1757583733259 530101792086.92175 357
1757583733332 529335688732.657 358
1757583733399 528572036950.9072 359
1757583733472 527810827859.0437 360
1757583733540 527052052609.00244 361
1757583733608 526295702387.1374 362
1757583733680 525541768414.0748 363
1757583733757 524790241944.56836 364
1757583733827 524041114267.3547 365
1757583733898 523294376705.0106 366
1757583733975 522550020613.80975 367
1757583734081 521808037383.58075 368
1757583734160 521068418437.56616 369
1757583734246 520331155232.28186 370
1757583734324 519596239257.3769 371
1757583734398 518863662035.49506 372
1757583734468 518133415122.13574 373
1757583734540 517405490105.51666 374
1757583734617 516679878606.4368 375
1757583734696 515956572278.1399 376
1757583734768 515235562806.1788 377
1757583734840 514516841908.2809 378
1757583734916 513800401334.21313 379
1757583734985 513086232865.649 380
1757583735056 512374328316.03503 381
1757583735128 511664679530.45917 382
1757583735205 510957278385.51807 383
1757583735278 510252116789.18713 384
1757583735357 509549186680.6895 385
1757583735431 508848480030.3665 386
1757583735513 508149988839.5484 387
1757583735590 507453705140.4262 388
1757583735678 506759620995.92334 389
1757583735751 506067728499.56903 390
1757583735833 505378019775.37103 391
1757583735928 504690486977.6902 392
1757583735999 504005122291.11426 393
1757583736065 503321917930.33435 394
1757583736134 502640866140.01935 395
1757583736206 501961959194.693 396
1757583736277 501285189398.6112 397
1757583736353 500610549085.6383 398
1757583736425 499938030619.1271 399
1757583736492 499267626391.7958 400
1757583736566 498599328825.6084 401
1757583736638 497933130371.6542 402
1757583736711 497269023510.0279 403
1757583736782 496607000749.7114 404
1757583736863 495947054628.4545 405
1757583736935 495289177712.6577 406
1757583737011 494633362597.25415 407
1757583737087 493979601905.59344 408
1757583737155 493327888289.32513 409
1757583737236 492678214428.2829 410
1757583737310 492030573030.3697 411
1757583737382 491384956831.4426 412
1757583737453 490741358595.19946 413
1757583737534 490099771113.0644 414
1757583737609 489460187204.0753 415
1757583737678 488822599714.77136 416
1757583737752 488187001519.08075 417
1757583737831 487553385518.20905 418
1757583737906 486921744640.52844 419
1757583737989 486292071841.46735 420
1757583738062 485664360103.4004 421
1757583738131 485038602435.53815 422
1757583738205 484414791873.8194 423
1757583738278 483792921480.80164 424
1757583738352 483172984345.5535 425
1757583738430 482554973583.54736 426
1757583738503 481938882336.55194 427
1757583738574 481324703772.5257 428
1757583738646 480712431085.5114 429
1757583738722 480102057495.5299 430
1757583738797 479493576248.4749 431
1757583738869 478886980616.00934 432
1757583738938 478282263895.45984 433
1757583739008 477679419409.7138 434
1757583739083 477078440507.1163 435
1757583739153 476479320561.3665 436
1757583739228 475882052971.4162 437
1757583739303 475286631161.3672 438
1757583739375 474693048580.37054 439
1757583739451 474101298702.52515 440
1757583739523 473511375026.77716 441
1757583739598 472923271076.8203 442
1757583739672 472336980400.99585 443
1757583739753 471752496572.1936 444
1757583739829 471169813187.75305 445
1757583739904 470588923869.3652 446
1757583739975 470009822262.97424 447
1757583740048 469432502038.6808 448
1757583740124 468856956890.64417 449
1757583740197 468283180536.98596 450
1757583740274 467711166719.69446 451
1757583740344 467140909204.5277 452
1757583740417 466572401780.91907 453
1757583740486 466005638261.88196 454
1757583740561 465440612483.9154 455
1757583740631 464877318306.91 456
1757583740706 464315749614.0538 457
1757583740784 463755900311.7395 458
1757583740857 463197764329.4714 459
1757583740931 462641335619.7727 460
1757583741008 462086608158.0937 461
1757583741080 461533575942.71985 462
1757583741155 460982232994.68066 463
1757583741227 460432573357.6588 464
1757583741305 459884591097.89935 465
1757583741376 459338280304.12 466
1757583741450 458793635087.42096 467
1757583741518 458250649581.1959 468
1757583741592 457709317941.0429 469
1757583741666 457169634344.6759 470
1757583741746 456631592991.83636 471
1757583741818 456095188104.20544 472
1757583741899 455560413925.3169 473
1757583741982 455027264720.4696 474
1757583742056 454495734776.6411 475
1757583742137 453965818402.40076 476
1757583742209 453437509927.82477 477
1757583742284 452910803704.40955 478
1757583742363 452385694104.98737 479
1757583742438 451862175523.64056 480
1757583742509 451340242375.618 481
1757583742583 450819889097.25 482
1757583742657 450301110145.8652 483
1757583742725 449783899999.70703 484
1757583742803 449268253157.8502 485
1757583742876 448754164140.11865 486
1757583742955 448241627487.00226 487
1757583743029 447730637759.5757 488
1757583743104 447221189539.4163 489
1757583743175 446713277428.52295 490
1757583743250 446206896049.2345 491
1757583743329 445702040044.14984 492
1757583743409 445198704076.04724 493
1757583743481 444696882827.8043 494
1757583743558 444196571002.31854 495
1757583743636 443697763322.42786 496
1757583743712 443200454530.83167 497
1757583743781 442704639390.01227 498
1757583743858 442210312682.15625 499
