1757542806880 1075756147333.5068 0
1757542806947 239608717560.8697 1
1757542807011 1667678512065.1396 2
1757542807077 462184194230.05994 3
1757542807139 1103591650937.1858 4
1757542807205 935994963880.2367 5
1757542807274 466661648911.7572 6
1757542807347 436135773431.81525 7
1757542807412 1464837169667.1553 8
1757542807478 1695477913696.7405 9
1757542807544 974105404996.8888 10
1757542807608 340299766068.1894 11
1757542807678 1145391215022.5828 12
1757542807745 914187174425.4409 13
1757542807809 1657739593684.0295 14
1757542807871 419082110742.5235 15
1757542807938 570891685342.8732 16
1757542808008 148482951196.3867 17
1757542808086 952088361145.5116 18
1757542808155 612208278404.8436 19
1757542808220 1085611221384.3871 20
1757542808290 560974549037.775 21
1757542808352 878374708747.4678 22
1757542808420 813969089266.2097 23
1757542808492 406143813965.6894 24
1757542808556 168309807035.04532 25
1757542808621 578439672125.0297 26
1757542808688 1420020157120.1772 27
1757542808752 224803212039.26746 28
1757542808820 529908311715.05536 29
1757542808882 383696013963.77795 30
1757542808944 198859844387.3083 31
1757542809010 913415737023.1019 32
1757542809078 502348991239.0499 33
1757542809146 788534901228.1971 34
1757542809213 357445154933.4586 35
1757542809276 159966146833.52536 36
1757542809342 168357613036.25925 37
1757542809409 151937334912.22797 38
1757542809472 146174543118.19894 39
1757542809535 383847216737.97833 40
1757542809599 316839597158.43506 41
1757542809671 464181126659.29584 42
1757542809744 482862336605.2731 43
1757542809826 145392020805.221 44
1757542809901 838336874196.6561 45
1757542809975 127481169205.24321 46
1757542810052 131434181104.71835 47
1757542810128 703358156175.8169 48
1757542810208 481597869932.7094 49
1757542810280 133990280044.95537 50
1757542810357 104927443533.75189 51
1757542810440 142581483093.5412 52
1757542810530 71519913511.83742 53
1757542810616 565105051753.387 54
1757542810695 478773631151.9527 55
1757542810782 353461729350.644 56
1757542810867 653743359617.5409 57
1757542810937 277317090487.4329 58
1757542811008 354372087510.0757 59
1757542811075 283533491293.0793 60
1757542811142 93220451852.16359 61
1757542811222 424527878638.66754 62
1757542811294 733325131763.94 63
1757542811355 87536767042.84444 64
1757542811434 117780594645.856 65
1757542811508 878461341685.2738 66
1757542811579 359773537713.3344 67
1757542811654 127707898598.76552 68
1757542811729 479768677968.39435 69
1757542811807 486250336735.2782 70
1757542811891 759620722378.4976 71
1757542811964 315179726073.5517 72
1757542812035 429228397006.38586 73
1757542812116 78120418750.41228 74
1757542812195 487301385817.24976 75
1757542812280 300965659114.5088 76
1757542812349 305117309183.5231 77
1757542812425 494026569523.2202 78
1757542812506 629793282353.2228 79
1757542812587 170922887479.7506 80
1757542812660 79057150898.50278 81
1757542812731 195386397255.36874 82
1757542812799 441316376727.125 83
1757542812868 92456949957.09474 84
1757542812943 70596494182.43887 85
1757542813012 148004462385.4731 86
1757542813087 76778426696.85913 87
1757542813169 464187261675.585 88
1757542813238 520060211896.59375 89
1757542813315 431445911580.75653 90
1757542813383 174252539047.807 91
1757542813446 63487602116.060745 92
1757542813512 78210137890.18182 93
1757542813582 376096856998.2261 94
1757542813649 298854051983.8459 95
1757542813718 138397144430.71945 96
1757542813783 71951702100.92924 97
1757542813847 165128113006.8918 98
1757542813914 348889034530.46686 99
1757542813983 435810479793.605 100
1757542814044 288295853343.70917 101
1757542814111 77930183538.67322 102
1757542814182 152556339383.5034 103
1757542814253 152470149652.35446 104
1757542814323 408012605305.74524 105
1757542814394 326305827697.5472 106
1757542814457 532041759431.85767 107
1757542814521 137323997581.04877 108
1757542814590 111740242394.81628 109
1757542814659 577831387187.9817 110
1757542814727 246680859277.9462 111
1757542814795 87351910914.29233 112
1757542814864 85904910117.30634 113
1757542814938 317012076120.5082 114
1757542815003 130152885331.99294 115
1757542815070 335940905942.17523 116
1757542815136 103357639848.0082 117
1757542815207 111154245634.09673 118
1757542815277 72782782566.21288 119
1757542815343 115787824313.21904 120
1757542815410 299234815816.2176 121
1757542815476 251722411885.57452 122
1757542815543 307144981485.4511 123
1757542815611 53151621818.877464 124
1757542815671 60292534835.023254 125
1757542815740 360283806263.6573 126
1757542815807 244254659803.83322 127
1757542815881 638467992375.0994 128
1757542815944 321901029910.48315 129
1757542816012 220413561567.8902 130
1757542816079 284942170967.07275 131
1757542816149 335271867909.0473 132
1757542816220 321017268729.5743 133
1757542816280 74014355917.9382 134
1757542816350 356459439619.842 135
1757542816414 145571647219.09457 136
1757542816489 90165814640.45068 137
1757542816552 157067995068.7337 138
1757542816622 316138601521.51935 139
1757542816688 122987936732.80681 140
1757542816761 313597723426.1435 141
1757542816827 338532089818.17444 142
1757542816895 133233097500.43054 143
1757542816962 453503325904.0681 144
1757542817032 266003283733.26978 145
1757542817100 498839045991.88104 146
1757542817167 117933947408.70279 147
1757542817239 274475590216.49533 148
1757542817306 361275673675.2911 149
1757542817385 527540641058.3579 150
1757542817448 85562538489.19913 151
1757542817516 479060371512.5134 152
1757542817587 100601194794.48404 153
1757542817649 147425752148.31836 154
1757542817717 187103630364.0602 155
1757542817790 147032650612.7141 156
1757542817857 103686494762.96814 157
1757542817930 153928842665.30966 158
1757542817992 180872233569.01764 159
1757542818063 73124603398.71811 160
1757542818126 127372943201.33647 161
1757542818192 265828428159.8184 162
1757542818262 228642830655.64053 163
1757542818334 206770576740.29602 164
1757542818397 92949435086.23964 165
1757542818459 147526388183.58405 166
1757542818530 257464425787.99356 167
1757542818599 120635294665.06914 168
1757542818668 236081476127.57684 169
1757542818735 418017919679.3504 170
1757542818798 142067261725.12747 171
1757542818867 368944499254.78784 172
1757542818931 334851757356.10175 173
1757542818996 282476714863.1756 174
1757542819073 326553506797.0315 175
1757542819149 59307223919.64717 176
1757542819220 86025581443.05904 177
1757542819289 232233746763.4208 178
1757542819361 348042272629.2861 179
1757542819431 77700139679.4442 180
1757542819500 210873211187.3534 181
1757542819568 119626662379.04424 182
1757542819633 135653811393.3633 183
1757542819703 276733595684.7364 184
1757542819772 186840866730.7851 185
1757542819835 285095193784.348 186
1757542819910 320936278494.03107 187
1757542819977 95020614728.7356 188
1757542820046 212011262103.1828 189
1757542820110 466420496376.7134 190
1757542820178 530359825354.9058 191
1757542820247 177137064360.9033 192
1757542820311 107578739210.04063 193
1757542820398 91998965669.0832 194
1757542820462 129223353874.12007 195
1757542820547 156436342212.6091 196
1757542820622 415483122429.3985 197
1757542820687 140643256055.43433 198
1757542820748 79289757306.38316 199
1757542820815 512400471458.3429 200
1757542820886 82515827743.92343 201
1757542820957 67931909020.07702 202
1757542821029 180796280419.73254 203
1757542821096 340546502879.6204 204
1757542821166 51275007294.29976 205
1757542821240 74321549117.52374 206
1757542821303 85193991748.27441 207
1757542821370 109651163138.5286 208
1757542821435 256479494106.90182 209
1757542821502 164404002404.5335 210
1757542821575 480715273482.3525 211
1757542821648 370877293886.10114 212
1757542821713 259924587792.14645 213
1757542821782 74056981651.96115 214
1757542821851 203420262760.40668 215
1757542821924 187251984381.7298 216
1757542821987 126515023191.0294 217
1757542822054 452575769402.11237 218
1757542822125 71549737224.14743 219
1757542822193 155862101088.92657 220
1757542822260 230446684337.49252 221
1757542822332 114937790345.70963 222
1757542822394 106898729807.17992 223
1757542822463 291949416555.32745 224
1757542822535 235502941888.84973 225
1757542822604 60927424705.98665 226
1757542822670 127786398913.01993 227
1757542822736 87788621970.2269 228
1757542822799 475745315565.27795 229
1757542822866 90327129172.15396 230
1757542822935 303677789860.2309 231
1757542823002 102317050844.30489 232
1757542823088 469423128119.0013 233
1757542823171 156272730388.12692 234
1757542823246 453848847286.05975 235
1757542823317 102926468375.47943 236
1757542823383 164080330157.3684 237
1757542823451 136883704654.31071 238
1757542823526 543148135705.643 239
1757542823591 112570715723.03368 240
1757542823662 301415770011.4702 241
1757542823735 238947763747.2808 242
1757542823805 300525363162.53186 243
1757542823868 173583546362.0924 244
1757542823941 51541869693.12539 245
1757542824008 89449950631.62299 246
1757542824078 209649395354.8453 247
1757542824147 130145532265.43192 248
1757542824217 76293405099.21504 249
1757542824281 306558385585.3121 250
1757542824351 66924103729.446526 251
1757542824420 276203100518.8357 252
1757542824493 292200043409.23474 253
1757542824570 345811502330.50806 254
1757542824637 156836165463.0975 255
1757542824712 80594045852.27084 256
1757542824780 151711281500.3059 257
1757542824844 315383611509.49164 258
1757542824912 384105159013.3431 259
1757542824980 92628357456.456 260
1757542825046 485222385068.8735 261
1757542825114 69747668893.37378 262
1757542825179 538173730237.25745 263
