1757570939341 1064044748402.8925 0
1757570939406 1061918305070.6594 1
1757570939467 1059798713963.009 2
1757570939531 1057685947372.8545 3
1757570939598 1055579977902.5405 4
1757570939653 1053480778284.253 5
1757570939718 1051388321379.3398 6
1757570939778 1049302580177.6384 7
1757570939838 1047223527796.8043 8
1757570939895 1045151137481.6449 9
1757570939960 1043085382603.4559 10
1757570940026 1041026236659.3624 11
1757570940087 1038973673271.6624 12
1757570940147 1036927666187.1749 13
1757570940213 1034888189276.5919 14
1757570940276 1032855216533.832 15
1757570940336 1030828722075.3995 16
1757570940396 1028808680139.7461 17
1757570940461 1026795065086.6364 18
1757570940525 1024787851396.5171 19
1757570940701 1022787013669.8885 20
1757570940775 1020792526626.6813 21
1757570940834 1018804365105.6345 22
1757570940897 1016822504063.6794 23
1757570940962 1014846918575.3241 24
1757570941028 1012877583832.0442 25
1757570941089 1010914475141.6741 26
1757570941201 1008957567927.8041 27
1757570941268 1007006837729.1788 28
1757570941331 1005062260199.1002 29
1757570941395 1003123811104.8331 30
1757570941453 1001191466327.0142 31
1757570941515 999265201859.0648 32
1757570941570 997344993806.6058 33
1757570941630 995430818386.8766 34
1757570941692 993522651928.1567 35
1757570941750 991620470869.1908 36
1757570941812 989724251758.6173 37
1757570941878 987833971254.3995 38
1757570941940 985949606123.259 39
1757570942000 984071133240.1143 40
1757570942068 982198529587.5211 41
1757570942126 980331772255.1151 42
1757570942187 978470838439.0592 43
1757570942247 976615705441.4941 44
1757570942313 974766350669.9885 45
1757570942373 972922751636.997 46
1757570942443 971084885959.317 47
1757570942506 969252731357.5519 48
1757570942572 967426265655.574 49
1757570942633 965605466779.9923 50
1757570942697 963790312759.6239 51
1757570942759 961980781724.9652 52
1757570942820 960176851907.6692 53
1757570942882 958378501640.0247 54
1757570942944 956585709354.437 55
1757570943002 954798453582.9124 56
1757570943067 953016712956.5468 57
1757570943127 951240466205.0144 58
1757570943194 949469692156.0618 59
1757570943271 947704369735.0027 60
1757570943332 945944477964.2169 61
1757570943394 944189995962.6509 62
1757570943458 942440902945.3225 63
1757570943529 940697178222.8268 64
1757570943619 938958801200.8448 65
1757570943706 937225751379.6575 66
1757570943782 935498008353.6576 67
1757570943860 933775551810.8688 68
1757570943926 932058361532.4644 69
1757570943988 930346417392.2906 70
1757570944049 928639699356.3909 71
1757570944115 926938187482.5332 72
1757570944176 925241861919.7418 73
1757570944240 923550702907.8282 74
1757570944302 921864690776.9271 75
1757570944362 920183805947.0338 76
1757570944429 918508028927.5454 77
1757570944491 916837340316.8025 78
1757570944551 915171720801.6346 79
1757570944620 913511151156.9088 80
1757570944683 911855612245.079 81
1757570944739 910205085015.7378 82
1757570944804 908559550505.1738 83
1757570944865 906918989835.9266 84
1757570944931 905283384216.3484 85
1757570944990 903652714940.1652 86
1757570945053 902026963386.0416 87
1757570945116 900406111017.1484 88
1757570945176 898790139380.7308 89
1757570945239 897179030107.6805 90
1757570945299 895572764912.1105 91
1757570945364 893971325590.9296 92
1757570945435 892374694023.4226 93
1757570945500 890782852170.83 94
1757570945564 889195782075.9318 95
1757570945627 887613465862.6327 96
1757570945687 886035885735.5491 97
1757570945751 884463023979.5999 98
1757570945818 882894862959.5977 99
1757570945878 881331385119.8433 100
1757570945942 879772572983.7225 101
1757570946002 878218409153.3043 102
1757570946065 876668876308.942 103
1757570946137 875123957208.8756 104
1757570946198 873583634688.8372 105
1757570946277 872047891661.6587 106
1757570946347 870516711116.8802 107
1757570946422 868990076120.3628 108
1757570946487 867467969813.9001 109
1757570946556 865950375414.836 110
1757570946628 864437276215.6812 111
1757570946699 862928655583.7328 112
1757570946759 861424496960.697 113
1757570946831 859924783862.3126 114
1757570946895 858429499877.9762 115
1757570946963 856938628670.3713 116
1757570947025 855452153975.0973 117
1757570947087 853970059600.3019 118
1757570947152 852492329426.3145 119
1757570947223 851018947405.2826 120
1757570947289 849549897560.8094 121
1757570947355 848085163987.5935 122
1757570947418 846624730851.0708 123
1757570947485 845168582387.058 124
1757570947542 843716702901.398 125
1757570947609 842269076769.6075 126
1757570947686 840825688436.527 127
1757570947770 839386522415.9712 128
1757570947851 837951563290.382 129
1757570947919 836520795710.4845 130
1757570947983 835094204394.9427 131
1757570948049 833671774130.0198 132
1757570948122 832253489769.236 133
1757570948212 830839336233.0343 134
1757570948288 829429298508.4418 135
1757570948349 828023361648.7372 136
1757570948410 826621510773.118 137
1757570948473 825223731066.3702 138
1757570948537 823830007778.5403 139
1757570948594 822440326224.6066 140
1757570948655 821054671784.1559 141
1757570948722 819673029901.0591 142
1757570948788 818295386083.1503 143
1757570948855 816921725901.9055 144
1757570948919 815552034992.1257 145
1757570948981 814186299051.6201 146
1757570949045 812824503840.8909 147
1757570949113 811466635182.82 148
1757570949186 810112678962.358 149
1757570949252 808762621126.2147 150
1757570949315 807416447682.5502 151
1757570949382 806074144700.6686 152
1757570949447 804735698310.7134 153
1757570949512 803401094703.3646 154
1757570949576 802070320129.5361 155
1757570949637 800743360900.0769 156
1757570949701 799420203385.4718 157
1757570949766 798100834015.5454 158
1757570949835 796785239279.166 159
1757570949895 795473405723.9532 160
1757570949961 794165319955.9847 161
1757570950029 792860968639.5063 162
1757570950101 791560338496.6437 163
1757570950167 790263416307.1132 164
1757570950229 788970188907.9386 165
1757570950293 787680643193.1641 166
1757570950360 786394766113.5737 167
1757570950424 785112544676.4086 168
1757570950490 783833965945.0875 169
1757570950553 782559017038.9297 170
1757570950619 781287685132.8761 171
1757570950685 780019957457.2157 172
1757570950750 778755821297.3108 173
1757570950813 777495263993.3252 174
1757570950877 776238272939.9524 175
1757570950940 774984835586.1471 176
1757570951006 773734939434.8563 177
1757570951072 772488572042.7537 178
1757570951134 771245721019.9728 179
1757570951208 770006374029.8452 180
1757570951275 768770518788.6362 181
1757570951336 767538143065.2855 182
1757570951403 766309234681.1464 183
1757570951487 765083781509.728 184
1757570951556 763861771476.4388 185
1757570951623 762643192558.3302 186
1757570951688 761428032783.8433 187
1757570951752 760216280232.5555 188
1757570951814 759007923034.9298 189
1757570951881 757802949372.0638 190
1757570951946 756601347475.4418 191
1757570952018 755403105626.6868 192
1757570952101 754208212157.314 193
1757570952162 753016655448.4873 194
1757570952240 751828423930.7748 195
1757570952314 750643506083.9066 196
1757570952406 749461890436.5337 197
1757570952479 748283565565.9894 198
1757570952581 747108520098.0497 199
1757570952643 745936742706.6968 200
1757570952714 744768222113.8832 201
1757570952790 743602947089.2966 202
1757570952883 742440906450.1273 203
1757570952954 741282089060.8353 204
1757570953022 740126483832.9202 205
1757570953090 738974079724.6909 206
1757570953156 737824865741.0369 207
1757570953224 736678830933.202 208
1757570953289 735535964398.558 209
1757570953368 734396255285.7902 210
1757570953439 733259692778.5516 211
1757570953507 732126266111.2513 212
1757570953577 730995964563.5334 213
1757570953642 729868777460.0582 214
1757570953708 728744694170.2809 215
1757570953770 727623704108.2362 216
1757570953834 726505796732.3206 217
1757570953901 725390961545.0769 218
1757570953966 724279188092.9791 219
1757570954028 723170465966.2212 220
1757570954089 722064784798.5027 221
1757570954159 720962134266.819 222
1757570954238 719862504091.2517 223
1757570954301 718765884034.7588 224
1757570954366 717672263902.9675 225
1757570954425 716581633543.9683 226
1757570954491 715493982848.1078 227
1757570954559 714409301747.7867 228
1757570954626 713327580217.2542 229
1757570954689 712248808272.4067 230
1757570954752 711172975970.5873 231
1757570954818 710100073410.3844 232
1757570954882 709030090731.4335 233
1757570954947 707963018114.2185 234
1757570955011 706898845779.8754 235
1757570955080 705837563989.9954 236
1757570955142 704779163046.4314 237
1757570955204 703723633291.103 238
1757570955268 702670965105.8041 239
1757570955327 701621148912.0101 240
1757570955398 700574175170.6888 241
1757570955467 699530034382.109 242
1757570955532 698488717085.6522 243
1757570955597 697450213859.6249 244
1757570955674 696414515321.0715 245
1757570955741 695381612125.5889 246
1757570955806 694351494967.1403 247
1757570955873 693324154577.8727 248
1757570955944 692299581727.9333 249
1757570956009 691277767225.2875 250
1757570956073 690258701915.5375 251
1757570956142 689242376681.7429 252
1757570956206 688228782444.2412 253
1757570956271 687217910160.469 254
1757570956336 686209750824.786 255
1757570956411 685204295468.297 256
1757570956499 684201535158.6777 257
1757570956572 683201460999.9999 258
1757570956654 682204064132.5574 259
1757570956751 681209335732.6938 260
1757570956834 680217267012.6302 261
1757570956894 679227849220.2955 262
1757570956963 678241073639.1545 263
1757570957030 677256931588.04 264
1757570957098 676275414420.9847 265
1757570957164 675296513527.0533 266
1757570957249 674320220330.1758 267
1757570957321 673346526288.9827 268
1757570957389 672375422896.6398 269
1757570957452 671406901680.6837 270
1757570957592 670440954202.8601 271
1757570957659 669477572058.9604 272
1757570957727 668516746878.6613 273
1757570957796 667558470325.363 274
1757570957863 666602734096.0312 275
1757570957929 665649529921.0369 276
1757570957997 664698849563.9989 277
1757570958061 663750684821.627 278
1757570958132 662805027523.5648 279
1757570958195 661861869532.2354 280
1757570958262 660921202742.6844 281
1757570958335 659983019082.4291 282
1757570958398 659047310511.3025 283
1757570958460 658114069021.3025 284
1757570958526 657183286636.4402 285
1757570958610 656254955412.5886 286
1757570958679 655329067437.3331 287
1757570958751 654405614829.8224 288
1757570958822 653484589740.619 289
1757570958977 652565984351.5537 290
1757570959039 651649790875.5762 291
1757570959111 650736001556.6105 292
1757570959179 649824608669.4095 293
1757570959248 648915604519.4098 294
1757570959313 648008981442.5881 295
1757570959380 647104731805.318 296
1757570959448 646202848004.2283 297
1757570959513 645303322466.0598 298
1757570959579 644406147647.5261 299
1757570959648 643511316035.1726 300
1757570959723 642618820145.237 301
1757570959789 641728652523.5109 302
1757570959864 640840805745.2008 303
1757570959937 639955272414.7928 304
1757570960004 639072045165.9141 305
1757570960065 638191116661.1978 306
1757570960129 637312479592.1481 307
1757570960201 636436126679.0048 308
1757570960275 635562050670.6113 309
1757570960347 634690244344.279 310
1757570960413 633820700505.6575 311
1757570960479 632953411988.601 312
1757570960541 632088371655.0374 313
1757570960608 631225572394.8397 314
1757570960682 630365007125.6938 315
1757570960749 629506668792.9716 316
1757570960817 628650550369.601 317
1757570960885 627796644855.939 318
1757570960952 626944945279.6453 319
1757570961017 626095444695.5542 320
1757570961084 625248136185.5504 321
1757570961150 624403012858.4432 322
1757570961221 623560067849.8423 323
1757570961290 622719294322.0331 324
1757570961357 621880685463.8553 325
1757570961426 621044234490.579 326
1757570961497 620209934643.7827 327
1757570961565 619377779191.233 328
1757570961636 618547761426.763 329
1757570961700 617719874670.1525 330
1757570961763 616894112267.0094 331
1757570961826 616070467588.6494 332
1757570961896 615248934031.9789 333
1757570961964 614429505019.3767 334
1757570962034 613612173998.5781 335
1757570962097 612796934442.5569 336
1757570962165 611983779849.4111 337
1757570962230 611172703742.2467 338
1757570962300 610363699669.0635 339
1757570962362 609556761202.641 340
1757570962428 608751881940.4247 341
1757570962498 607949055504.414 342
1757570962567 607148275541.0486 343
1757570962632 606349535721.0981 344
1757570962724 605552829739.55 345
1757570962811 604758151315.5 346
1757570962905 603965494192.0403 347
1757570962988 603174852136.1522 348
1757570963052 602386218938.5956 349
1757570963121 601599588413.8016 350
1757570963199 600814954399.7646 351
1757570963268 600032310757.9344 352
1757570963333 599251651373.1101 353
1757570963402 598472970153.334 354
1757570963467 597696261029.7855 355
1757570963541 596921517956.6766 356
1757570963613 596148734911.1469 357
1757570963685 595377905893.1599 358
1757570963754 594609024925.3994 359
1757570963825 593842086053.1663 360
1757570963887 593077083344.277 361
1757570963959 592314010888.9604 362
1757570964026 591552862799.7572 363
1757570964096 590793633211.419 364
1757570964162 590036316280.8073 365
1757570964229 589280906186.7948 366
1757570964295 588527397130.1652 367
1757570964366 587775783333.5143 368
1757570964436 587026059041.1522 369
1757570964506 586278218519.0046 370
1757570964574 585532256054.5172 371
1757570964643 584788165956.5566 372
1757570964704 584045942555.3153 373
1757570964772 583305580202.2156 374
1757570964842 582567073269.8142 375
1757570964913 581830416151.7072 376
1757570964980 581095603262.4355 377
1757570965051 580362629037.3916 378
1757570965121 579631487932.7249 379
1757570965197 578902174425.2496 380
1757570965266 578174683012.3525 381
1757570965335 577449008211.8995 382
1757570965405 576725144562.1455 383
1757570965472 576003086621.6422 384
1757570965542 575282828969.1483 385
1757570965612 574564366203.5385 386
1757570965684 573847692943.7139 387
1757570965751 573132803828.5135 388
1757570965818 572419693516.6241 389
1757570965886 571708356686.4927 390
1757570965955 570998788036.2382 391
1757570966025 570290982283.5638 392
1757570966092 569584934165.6703 393
1757570966169 568880638439.1694 394
1757570966249 568178089879.9966 395
1757570966318 567477283283.3268 396
1757570966391 566778213463.4878 397
1757570966463 566080875253.8762 398
1757570966532 565385263506.8721 399
1757570966610 564691373093.756 400
1757570966693 563999198904.6238 401
1757570966765 563308735848.3052 402
1757570966843 562619978852.2794 403
1757570966908 561932922862.5938 404
1757570966994 561247562843.7811 405
1757570967070 560563893778.7787 406
1757570967137 559881910668.8466 407
1757570967207 559201608533.4872 408
1757570967275 558522982410.3645 409
1757570967349 557846027355.2251 410
1757570967417 557170738441.817 411
1757570967486 556497110761.8123 412
1757570967554 555825139424.7269 413
1757570967621 555154819557.843 414
1757570967694 554486146306.131 415
1757570967771 553819114832.1713 416
1757570967840 553153720316.0781 417
1757570967907 552489957955.4218 418
1757570968003 551827822965.1527 419
1757570968073 551167310577.5255 420
1757570968144 550508416042.0226 421
1757570968209 549851134625.2798 422
1757570968279 549195461611.0105 423
1757570968353 548541392299.93207 424
1757570968422 547888922009.6909 425
1757570968490 547238046074.78876 426
1757570968554 546588759846.5099 427
1757570968621 545941058692.847 428
1757570968695 545294937998.42914 429
1757570968766 544650393164.4495 430
1757570968836 544007419608.59283 431
1757570968901 543366012764.96423 432
1757570968969 542726168084.01764 433
1757570969038 542087881032.48505 434
1757570969103 541451147093.3059 435
1757570969167 540815961765.5567 436
1757570969232 540182320564.3814 437
1757570969301 539550219020.9213 438
1757570969370 538919652682.2468 439
1757570969432 538290617111.28754 440
1757570969499 537663107886.7644 441
1757570969572 537037120603.1216 442
1757570969640 536412650870.45807 443
1757570969709 535789694314.46045 444
1757570969775 535168246576.3361 445
1757570969850 534548303312.74567 446
1757570969919 533929860195.73724 447
1757570970001 533312912912.6798 448
1757570970066 532697457166.197 449
1757570970137 532083488674.10254 450
1757570970215 531471003169.3341 451
1757570970284 530859996399.889 452
1757570970352 530250464128.75916 453
1757570970424 529642402133.8674 454
1757570970529 529035806208.00305 455
1757570970601 528430672158.7588 456
1757570970672 527826995808.4664 457
1757570970741 527224772994.13495 458
1757570970807 526623999567.38727 459
1757570970877 526024671394.3981 460
1757570970945 525426784355.8314 461
1757570971015 524830334346.77936 462
1757570971084 524235317276.7001 463
1757570971157 523641729069.35706 464
1757570971225 523049565662.7581 465
1757570971296 522458823009.0946 466
1757570971370 521869497074.6816 467
1757570971440 521281583839.8974 468
1757570971509 520695079299.124 469
1757570971580 520109979460.68805 470
1757570971646 519526280346.80133 471
1757570971720 518943977993.502 472
1757570971794 518363068450.59625 473
1757570971866 517783547781.5998 474
1757570971933 517205412063.6802 475
1757570971996 516628657387.5989 476
1757570972067 516053279857.6542 477
1757570972139 515479275591.62354 478
1757570972208 514906640720.7074 479
1757570972272 514335371389.4721 480
1757570972337 513765463755.79407 481
1757570972407 513196913990.803 482
1757570972472 512629718278.8272 483
1757570972544 512063872817.33716 484
1757570972614 511499373816.891 485
1757570972687 510936217501.07916 486
1757570972752 510374400106.4697 487
1757570972818 509813917882.5542 488
1757570972883 509254767091.69354 489
1757570972953 508696944009.06384 490
1757570973019 508140444922.6028 491
1757570973083 507585266132.9567 492
1757570973154 507031403953.427 493
1757570973223 506478854709.9176 494
1757570973289 505927614740.8821 495
1757570973370 505377680397.27167 496
1757570973438 504829048042.4831 497
1757570973502 504281714052.30646 498
1757570973591 503735674814.87384 499
