1757554318790 187698297807.98935 0
1757554319292 109678661649.00261 1
1757554319790 137559067584.01678 2
1757554320300 11093903043.032988 3
1757554320780 14659678105.394896 4
1757554321260 85003221733.09135 5
1757554321735 12051827857.839247 6
1757554322215 65226920658.794876 7
1757554322686 50779429822.029076 8
1757554323163 11395182367.847822 9
1757554323639 14010450301.602371 10
1757554324117 56480980524.54697 11
1757554324615 86418296429.64877 12
1757554325111 2046041761.9080782 13
1757554325611 41695398425.832275 14
1757554326085 254845069224.41815 15
1757554326545 13010580784.43472 16
1757554327025 106199875307.39195 17
1757554327527 123697037.65593591 18
1757554328008 41021845719.07152 19
1757554328505 477142565871.8009 20
1757554329041 73769999363.08487 21
1757554329519 593740214697.0437 22
1757554330008 47723741032.56606 23
1757554330490 994346244.9672288 24
1757554330989 811698540476.1896 25
1757554331474 138450064683.592 26
1757554331949 107180357988.29529 27
1757554332428 135990460906.41258 28
1757554332904 1638673942.1861944 29
1757554333384 11421063468.505316 30
1757554333867 12763667501.316437 31
1757554334339 25758715240.264294 32
1757554334810 56893104789.56052 33
1757554335293 17461246041.959213 34
1757554335775 43209976392.93342 35
1757554336272 39484480262.25452 36
1757554336760 663501045.3495849 37
1757554337242 40961416567.99615 38
1757554337731 2821798994.885294 39
1757554338203 5634956733.176152 40
1757554338684 62329961164.84767 41
1757554339154 55070546849.24945 42
