1757555174984 167928685207.62512 0
1757555175072 269255201511.1161 1
1757555175145 102293599534.45963 2
1757555175211 110968589249.67313 3
1757555175281 145554431009.13837 4
1757555175346 148050316637.79575 5
1757555175412 160988410181.50925 6
1757555175484 257995047542.7658 7
1757555175564 119977973018.5463 8
1757555175633 389655665083.70575 9
1757555175707 148659420032.03415 10
1757555175784 208975711038.9634 11
1757555175871 248061482305.14728 12
1757555175950 547908776347.146 13
1757555176018 290700339413.93506 14
1757555176084 483214851289.53345 15
1757555176159 243405006015.469 16
1757555176234 120486738566.83467 17
1757555176300 176309398738.33963 18
1757555176371 269982662523.18845 19
1757555176443 126659793028.41687 20
1757555176511 153128772553.9752 21
1757555176582 283227260471.5041 22
1757555176650 261699892714.87628 23
1757555176716 186234856469.59814 24
1757555176786 428392576330.4828 25
1757555176848 75789050072.31775 26
1757555176916 83455220241.14699 27
1757555176984 152227942086.35635 28
1757555177046 174202769950.2396 29
1757555177112 166439144706.5513 30
1757555177182 162651074956.4503 31
1757555177253 669155578195.3542 32
1757555177329 127260669857.1006 33
1757555177400 190709954448.77563 34
1757555177474 652548198523.1776 35
1757555177552 661032124384.2452 36
1757555177625 103766215345.00484 37
1757555177705 81049559274.04066 38
1757555177780 172596998767.26593 39
1757555177854 121742668324.65387 40
1757555177927 104133682925.63147 41
1757555178014 142855498615.38858 42
1757555178090 97253694542.34743 43
1757555178166 284336497893.37744 44
1757555178255 134080796428.79121 45
1757555178330 107588244233.58292 46
1757555178409 250007220943.57544 47
1757555178483 149468749645.52518 48
1757555178557 230426485603.32617 49
1757555178634 100219854003.08664 50
1757555178710 137547428511.64386 51
1757555178783 205241522493.91647 52
1757555178854 135389482101.08871 53
1757555178927 357832072495.56866 54
1757555178996 712703895310.1841 55
1757555179062 356401864349.7522 56
1757555179126 188639618787.36862 57
1757555179196 229073768007.91946 58
1757555179268 231061110462.11133 59
1757555179332 375530551558.27374 60
1757555179400 339801709164.0582 61
1757555179478 143366972269.69202 62
1757555179547 101313532482.95175 63
1757555179618 376120352538.7268 64
1757555179689 114997519876.06123 65
1757555179758 201400548874.35745 66
1757555179823 180400836338.77655 67
1757555179894 248651447188.1447 68
1757555179959 116538992790.54465 69
1757555180028 311929999386.7015 70
1757555180096 469108116139.61127 71
1757555180160 425795268895.7827 72
1757555180235 161645641540.8063 73
1757555180302 284092037359.366 74
1757555180372 287085861102.42804 75
1757555180439 507244345269.4547 76
1757555180503 313560003634.6294 77
1757555180575 245988346690.6756 78
1757555180645 98292099505.24191 79
1757555180716 216140067859.969 80
1757555180784 209994708294.1687 81
1757555180850 220937966375.08163 82
1757555180917 122430386533.64392 83
1757555180986 86524798876.60045 84
1757555181062 177045269805.6616 85
1757555181134 101775603608.62988 86
1757555181204 136730775573.25127 87
1757555181271 439464783773.2379 88
1757555181342 96945753748.89095 89
1757555181412 338166642126.2907 90
1757555181484 139468466246.42743 91
1757555181549 407588936471.8772 92
1757555181620 85128960360.89078 93
1757555181685 130696413255.39015 94
1757555181748 640209368447.4639 95
1757555181819 119827862520.59761 96
1757555181889 318146213044.5377 97
1757555181960 178938328419.50595 98
1757555182037 685742332874.0652 99
1757555182107 186978305230.69577 100
1757555182175 188469391317.1736 101
1757555182249 125492515880.32416 102
1757555182318 131139754902.46571 103
1757555182385 104473491464.8257 104
1757555182457 158419352193.49524 105
1757555182520 112782272091.8612 106
1757555182592 89356266687.23546 107
1757555182660 130328671340.36797 108
1757555182727 329400254341.7524 109
1757555182799 112397790552.6975 110
1757555182867 158310068743.70737 111
1757555182938 155693676110.71326 112
1757555183006 318882796113.0366 113
1757555183076 357962432224.6474 114
1757555183141 394762765657.9763 115
1757555183207 141934489168.5237 116
1757555183276 517476863410.8405 117
1757555183340 790170813425.07 118
1757555183410 123532245288.36414 119
1757555183475 242119843310.40607 120
1757555183547 188656386991.35812 121
1757555183613 156364143630.09198 122
1757555183683 240498192967.5805 123
1757555183753 215125038328.84244 124
1757555183819 129738660434.17656 125
1757555183892 220702101997.2782 126
1757555183961 174467389600.3591 127
1757555184030 276860869465.19025 128
1757555184099 288611025260.3856 129
1757555184165 75660715448.81798 130
1757555184237 146600933983.16312 131
1757555184306 221072968341.092 132
1757555184378 199153995875.8965 133
1757555184445 97469282593.31332 134
1757555184518 627004513753.0973 135
1757555184592 126879967511.72835 136
1757555184659 114211943779.08263 137
1757555184729 136852582645.89008 138
1757555184801 259787566721.92148 139
1757555184867 246249863716.20062 140
1757555184936 118770032486.28252 141
1757555185005 182894945928.75616 142
1757555185079 181546201424.92847 143
1757555185149 115615956024.91998 144
1757555185216 92914715514.00243 145
1757555185287 118879519619.67744 146
1757555185392 122163379240.94717 147
1757555185461 149577074773.44687 148
1757555185531 647208824414.0721 149
1757555185609 252610894402.81998 150
1757555185689 116450144219.45062 151
1757555185765 146516080013.64407 152
1757555185846 323960222015.50134 153
1757555185950 95519907993.59128 154
1757555186026 143993391619.91022 155
1757555186107 289761289862.9953 156
1757555186176 209640544379.13718 157
1757555186250 195072104879.23505 158
1757555186319 110840538916.65897 159
1757555186382 248134956692.5301 160
1757555186450 284012112598.84814 161
1757555186519 129804466513.34377 162
1757555186589 113016808998.52376 163
1757555186661 305156029246.9555 164
1757555186729 144976066801.25546 165
1757555186807 135253665141.92256 166
1757555186873 225374278216.495 167
1757555186945 264573883538.8138 168
1757555187017 143109680483.19434 169
1757555187089 138330024198.11288 170
1757555187158 392490190584.3119 171
1757555187225 162270063128.52515 172
1757555187298 186695969037.60544 173
1757555187367 72319730159.7432 174
1757555187431 504073118268.44293 175
1757555187502 386887915596.9802 176
1757555187570 139599775961.98978 177
1757555187636 285945789378.631 178
1757555187709 441782086724.182 179
1757555187781 173637848310.09128 180
1757555187850 350751976396.99133 181
1757555187916 131445978215.17035 182
1757555187987 216889334715.06903 183
1757555188059 143043550758.79126 184
1757555188122 286763768786.01764 185
1757555188192 148088131154.3166 186
1757555188259 256266396756.26105 187
1757555188327 289564847329.9133 188
1757555188397 106313209761.73297 189
1757555188464 345617793263.2498 190
1757555188535 208388875973.24902 191
1757555188605 147191177686.33783 192
1757555188679 403043054265.46185 193
1757555188752 341543522437.785 194
1757555188819 113742921410.23259 195
1757555188902 80473544705.33693 196
1757555188972 146962393431.82162 197
1757555189040 76504644782.34436 198
1757555189115 128169038773.92287 199
1757555189186 299951681018.6361 200
1757555189253 324884811451.6164 201
1757555189328 56018996495.37505 202
1757555189400 168044869672.1816 203
1757555189467 332015012047.25507 204
1757555189538 128472072461.9648 205
1757555189611 350207588107.4278 206
1757555189683 328444455725.95355 207
1757555189752 82553411861.23036 208
1757555189816 320577963871.4447 209
1757555189888 128637090290.12256 210
1757555189956 102198173042.83408 211
1757555190026 136954443998.26857 212
1757555190099 315264834047.2871 213
1757555190167 132792814404.79399 214
1757555190241 302371830484.3753 215
1757555190312 170681169731.72415 216
1757555190386 356913612028.01874 217
1757555190453 158520053965.46854 218
1757555190520 104588071935.60103 219
1757555190592 133826948396.47374 220
1757555190665 120943025250.71098 221
1757555190739 307210403257.8143 222
1757555190814 270025508730.04614 223
1757555190888 65828405153.592224 224
1757555190989 81873794602.69081 225
1757555191079 197953999399.53113 226
1757555191161 214810706919.77518 227
1757555191237 302874833652.4029 228
1757555191306 133027497861.13824 229
1757555191426 75488392520.58664 230
1757555191493 564517929228.751 231
1757555191557 221676630004.1684 232
1757555191623 277616808443.10834 233
1757555191697 320430997617.3273 234
1757555191765 223521641121.17624 235
1757555191834 213384369318.5986 236
1757555191907 163902066089.89066 237
1757555191981 252763354407.83972 238
1757555192052 406989612342.1504 239
1757555192134 492531231620.2416 240
1757555192208 695705933458.9613 241
1757555192280 98342748586.17975 242
1757555192349 287852978057.0665 243
1757555192415 230782434130.44586 244
1757555192487 109437498947.65723 245
1757555192568 167473235003.08316 246
1757555192642 111408684468.49463 247
1757555192713 236775557953.78848 248
1757555192783 200935120689.97134 249
1757555192856 351022639385.71625 250
1757555192931 98014828274.91194 251
1757555193004 433278110478.4582 252
1757555193080 222588740234.94247 253
1757555193148 311004501903.5009 254
1757555193223 192323212955.136 255
1757555193291 129607656945.14671 256
1757555193369 246471724228.09464 257
1757555193433 159291367144.05026 258
1757555193506 447104990254.89124 259
1757555193583 173833591882.07593 260
1757555193655 216960891301.13947 261
1757555193725 208985578843.81012 262
1757555193796 98976968648.80673 263
1757555193876 268643259629.25888 264
1757555193945 257767431383.81964 265
1757555194023 182706531832.49887 266
1757555194103 171736248203.9918 267
1757555194174 68854752690.22253 268
1757555194247 230936825399.16913 269
1757555194317 135255125576.02457 270
1757555194390 190067810121.95346 271
1757555194464 185144859467.21127 272
1757555194535 556376608351.7153 273
1757555194600 194914025222.2461 274
1757555194667 178853672181.28394 275
1757555194737 54902962500.271126 276
1757555194807 475319026475.14264 277
1757555194880 65472501350.69304 278
1757555194951 364400662359.39557 279
1757555195028 124441299319.11702 280
1757555195110 106117382152.97348 281
1757555195181 110295102345.96246 282
1757555195258 196091292482.552 283
1757555195324 113659251714.3904 284
1757555195402 209724227578.9095 285
1757555195471 320750018630.0611 286
1757555195565 227790368449.8461 287
1757555195675 104064518473.10161 288
1757555195797 120589618642.96584 289
1757555195908 197648251366.74957 290
1757555196011 327059216815.05 291
1757555196120 132362308081.68602 292
1757555196227 164743109988.56693 293
1757555196343 318935916106.0821 294
1757555196446 204380287048.6952 295
1757555196555 119567984719.98578 296
1757555196660 534677591137.34814 297
1757555196773 124684151226.89542 298
1757555196879 306824957776.5264 299
1757555196979 216765643956.46494 300
1757555197079 391370786523.44763 301
1757555197179 172024861765.63675 302
1757555197276 301149172569.3987 303
1757555197384 90154041790.0544 304
1757555197489 513829811208.33405 305
1757555197592 123279494696.51303 306
1757555197692 410958331642.26416 307
1757555197799 196769532657.0552 308
1757555197907 133683774081.90533 309
1757555198009 308406494687.2316 310
1757555198192 637210370026.101 311
1757555198276 125367839473.45856 312
1757555198356 196424321533.46832 313
1757555198439 331593329098.7834 314
1757555198522 160345978247.80194 315
1757555198587 334853076454.89557 316
1757555198659 93222356830.07605 317
1757555198735 406975350237.34534 318
1757555198809 226660599284.25253 319
1757555198891 516721790235.3401 320
1757555198960 77922383683.33444 321
1757555199032 166520161067.644 322
1757555199104 347406438440.355 323
1757555199182 77411012611.26607 324
1757555199256 114427494390.83926 325
1757555199327 521589242023.70374 326
1757555199392 96620209492.725 327
1757555199463 133365691406.48718 328
1757555199539 435861020269.57513 329
1757555199607 344430365548.13196 330
1757555199677 567058776822.7382 331
1757555199751 118840940705.48329 332
1757555199821 129607575144.38292 333
1757555199891 371724690528.4115 334
1757555199971 250067360543.42252 335
1757555200042 87769440069.58458 336
1757555200110 361927826359.7555 337
1757555200181 136341966353.49706 338
1757555200251 252434341374.8806 339
1757555200328 188823740021.2847 340
1757555200396 143849892047.64365 341
1757555200471 196024267721.00714 342
1757555200541 173742764774.46347 343
1757555200611 141123274456.2151 344
1757555200687 68753187702.0963 345
1757555200765 226123791699.9863 346
1757555200835 278200366835.13763 347
1757555200913 328927488983.3363 348
1757555200977 115802884790.76552 349
1757555201050 420574103646.2917 350
1757555201124 143761864014.7665 351
1757555201199 487820746036.44727 352
1757555201272 108958338835.52165 353
1757555201340 158908990101.93542 354
1757555201406 497142920434.10443 355
1757555201481 256535423362.47995 356
1757555201548 449358102837.97614 357
1757555201616 120556498884.45172 358
1757555201686 219333322038.9811 359
1757555201758 81437563746.68677 360
1757555201828 120273547133.41655 361
1757555201903 727802564490.9174 362
1757555201970 273193904217.079 363
1757555202035 367355292042.3752 364
1757555202135 210498663938.52484 365
1757555202207 298471928907.99005 366
1757555202282 181717421924.03995 367
1757555202355 177177336806.72083 368
1757555202426 80546291484.46982 369
1757555202500 140665608358.77438 370
1757555202577 240452390110.54797 371
1757555202653 74188192757.98778 372
1757555202722 71740734791.61285 373
1757555202786 266299053957.94226 374
1757555202860 239489306094.9694 375
1757555202930 148805909456.83954 376
1757555203001 257159559073.2126 377
1757555203074 96291038174.0898 378
1757555203147 174903742507.9262 379
1757555203215 120860716834.63731 380
1757555203291 520589062652.13873 381
1757555203361 103795443452.92441 382
1757555203431 124501511467.2935 383
1757555203509 469953900081.96265 384
1757555203578 127643078426.21983 385
1757555203654 211393695015.6326 386
1757555203723 104448183867.14305 387
1757555203795 249707267484.93042 388
1757555203874 93418327345.19534 389
1757555203943 300966129557.02954 390
1757555204016 433591874920.5884 391
1757555204089 162677769120.04605 392
1757555204166 622223810973.4829 393
1757555204236 183362020289.81 394
1757555204316 507128347429.5456 395
1757555204390 170632250196.42673 396
1757555204467 312551779967.99786 397
1757555204539 205693662699.74237 398
1757555204614 244793368123.85117 399
1757555204689 242206958781.74417 400
1757555204761 177640131107.53873 401
1757555204831 370470795271.4949 402
1757555204910 182376174197.68225 403
1757555204984 120013404473.98232 404
1757555205059 83417400206.56168 405
1757555205130 83151227670.53848 406
1757555205205 193798300953.09982 407
1757555205281 127759363205.64685 408
1757555205358 135175316172.16 409
1757555205433 168805862384.0514 410
1757555205507 132148020023.70844 411
1757555205581 168300547428.45874 412
1757555205662 275765244443.18823 413
1757555205737 109409433732.11853 414
1757555205817 350996734087.39667 415
1757555205888 94668877585.01132 416
1757555205960 572694276343.8163 417
1757555206029 226711089249.35794 418
1757555206112 332032472289.71246 419
1757555206187 278178554264.78815 420
1757555206265 74660936346.83313 421
1757555206340 177957560760.4255 422
1757555206424 320259547944.8359 423
1757555206509 85384255612.08171 424
1757555206577 66814745829.301186 425
1757555206652 506375106279.63306 426
1757555206727 131720655779.77554 427
1757555206802 996816818322.6924 428
1757555206872 313457444679.69464 429
1757555206943 131519345840.43604 430
1757555207010 337175571747.9031 431
1757555207081 389196499051.0578 432
1757555207155 108503502664.92667 433
1757555207224 252314306758.37436 434
1757555207297 538064876184.8293 435
1757555207374 105475123503.43338 436
1757555207452 197556258841.86307 437
1757555207521 307572388713.75885 438
1757555207599 124499412354.25403 439
1757555207668 157764820009.6595 440
1757555207747 522728994924.2671 441
1757555207823 74864854583.69872 442
1757555207891 178123518182.1682 443
1757555207959 72174668083.05592 444
1757555208025 138724064849.47675 445
1757555208098 181726962105.71024 446
1757555208176 193106585241.80872 447
1757555208249 225276777015.08517 448
1757555208320 596048089855.2606 449
1757555208395 110134551068.22752 450
1757555208466 425807557073.6348 451
1757555208539 99254655285.20268 452
1757555208612 458757796895.63904 453
1757555208694 258763564604.56662 454
1757555208798 180779709614.3818 455
1757555208875 99455275880.7352 456
1757555208950 166239571743.81238 457
1757555209025 296494823631.8256 458
1757555209094 158174341328.08026 459
1757555209171 673748560671.5474 460
1757555209248 60767424912.14999 461
1757555209328 273459977563.5385 462
1757555209424 138173520857.78235 463
1757555209511 356952681575.23865 464
1757555209590 310918867246.9061 465
1757555209680 340357465303.51276 466
1757555209762 180609032584.10983 467
1757555209840 139740451135.2839 468
1757555209925 384292871022.9948 469
1757555210012 125627186270.40793 470
1757555210089 126571210923.42497 471
1757555210178 687551281625.3915 472
1757555210265 276224264779.0737 473
1757555210347 119970315933.10483 474
1757555210441 80636796830.30453 475
1757555210527 130300196214.07835 476
1757555210615 110179493865.31255 477
1757555210703 86119271563.89586 478
1757555210795 162474731355.84113 479
1757555210885 276041864835.063 480
1757555210980 157584745842.2199 481
1757555211070 263272539327.17535 482
1757555211161 180606324361.46564 483
1757555211247 353637332419.75037 484
1757555211320 123501179230.25348 485
1757555211389 280202091966.774 486
1757555211467 163864486489.8258 487
1757555211541 357643335738.11896 488
1757555211616 178884497867.0448 489
1757555211698 268478055739.3498 490
1757555211779 110550025624.05942 491
1757555211855 257276940018.7129 492
1757555211931 110364280201.39424 493
1757555212010 120814089955.04448 494
1757555212088 153895165841.8232 495
1757555212162 95313177903.52866 496
1757555212239 102693040208.93483 497
1757555212320 95544445157.14815 498
1757555212396 184885333165.57117 499
