1757567942490 13977946491444.096 0
1757567942561 4.9784308132080314e+17 1
1757567942632 8.205221638299116e+19 2
1757567942704 2.8238808688469823e+23 3
1757567942775 4.7534893168582265e+26 4
1757567942848 5.0582029068806045e+29 5
1757567942917 2.1711917587060053e+33 6
1757567942991 2.660386501531976e+37 7
1757567943062 1.0023592810963659e+40 8
1757567943157 1.368613414940632e+44 9
1757567943242 8.758733413789471e+45 10
1757567943318 6.906949482681795e+49 11
1757567943383 5.174638480656848e+52 12
1757567943467 8.730300352276072e+55 13
1757567943536 4.4764131130979086e+60 14
1757567943601 6.952957486039337e+61 15
1757567943677 7.775825332774736e+64 16
1757567943741 1.748264005559453e+69 17
1757567943816 1.9063688843128357e+71 18
1757567943890 1.6128802334435357e+73 19
1757567943962 6.050988446955601e+76 20
1757567944039 1.65874440868308e+80 21
1757567944110 4.0327653910108115e+83 22
1757567944177 9.814142898886858e+86 23
1757567944245 7.98170495619026e+91 24
1757567944316 6.457538239963419e+94 25
1757567944382 1.6826413523306268e+98 26
1757567944454 7.82758748169423e+100 27
1757567944523 9.040667688072821e+102 28
1757567944594 1.511544948006045e+106 29
1757567944662 3.833260952435048e+109 30
1757567944731 1.2547870433549901e+114 31
1757567944814 8.031975144465334e+115 32
1757567944880 2.762941760240039e+118 33
1757567944952 3.652417017432019e+121 34
1757567945024 2.142857397645552e+125 35
1757567945094 2.7632961877066656e+128 36
1757567945168 3.5648122653182196e+130 37
1757567945238 4.769969262145572e+135 38
1757567945312 1.0674347036605678e+137 39
1757567945383 8.859147542414038e+141 40
1757567945448 4.3116774646457203e+145 41
1757567945517 8.367263032111093e+147 42
1757567945589 2.2500318362057965e+149 43
1757567945662 6.82673424421226e+152 44
1757567945731 1.63844975061925e+155 45
1757567945799 1.6000986322394681e+159 46
1757567945872 5.519377301376723e+162 47
1757567945941 1.7360604280053776e+165 48
1757567946017 2.2416851947567333e+166 49
1757567946095 1.6665559258594178e+169 50
1757567946170 6.484720319097931e+172 51
1757567946250 1.0901108109818677e+176 52
1757567946320 1.60484674867718e+179 53
1757567946390 1.3899130502665783e+182 54
1757567946462 5.449102405443537e+185 55
1757567946539 2.671196700328148e+189 56
1757567946612 1.7533547544917977e+192 57
1757567946684 3.094010829553248e+194 58
1757567946758 3.326615433917921e+197 59
1757567946829 7.022525493868741e+200 60
1757567946902 5.008190326342976e+203 61
1757567946976 8.057337318859667e+206 62
1757567947041 4.99194096822137e+210 63
1757567947112 1.7896188991588794e+213 64
1757567947180 2.1663973617057003e+215 65
1757567947258 3.1018622681665445e+219 66
1757567947325 3.644158135946462e+221 67
1757567947398 2.4539212345571874e+225 68
1757567947471 9.501087970922943e+227 69
1757567947540 2.6034978451009363e+231 70
1757567947615 2.393237659060009e+235 71
1757567947688 1.1686216274460812e+238 72
1757567947753 3.259103064906476e+243 73
1757567947821 9.420365279850954e+247 74
1757567947894 2.4771990539149233e+251 75
1757567947966 2.8320910912527876e+254 76
1757567948039 7.727979723927032e+257 77
1757567948111 1.6285810368739377e+259 78
1757567948185 4.903927612309986e+259 79
1757567948259 6.503363428396348e+262 80
1757567948324 3.2015075423491674e+267 81
1757567948402 1.1045226311917364e+267 82
1757567948477 1.597469185560451e+270 83
1757567948545 9.394782198598353e+275 84
1757567948619 8.274691090080705e+276 85
1757567948692 4.722694836205395e+279 86
1757567948762 3.5743032809402778e+280 87
1757567948834 1.0614284447398338e+285 88
1757567948909 2.1278228386611342e+287 89
1757567948979 2.4026281355307233e+289 90
1757567949056 6.2025680472801875e+292 91
1757567949132 2.5093369778217743e+296 92
1757567949199 1.665769105262777e+299 93
1757567949270 2.3583762954152718e+302 94
1757567949342 2.9000043944152746e+304 95
1757567949416 inf 96
