1757569531807 1064044748402.8925 0
1757569531866 1037583912092.9332 1
1757569531928 999402710007.2932 2
1757569531996 957190256156.452 3
1757569532056 914725431881.6195 4
1757569532118 873750364507.294 5
1757569532180 834987737246.7892 6
1757569532243 798666814832.1654 7
1757569532311 764787036235.3649 8
1757569532376 733246912989.4652 9
1757569532441 703905615510.5924 10
1757569532502 676611613929.511 11
1757569532566 651215491163.811 12
1757569532623 627575293637.7513 13
1757569532704 605558438981.3033 14
1757569532782 585042080380.9277 15
1757569532841 565912810301.4337 16
1757569532906 548066105949.5391 17
1757569532971 531405695695.18427 18
1757569533052 515842923484.2198 19
1757569533117 501296142488.732 20
1757569533187 487690149067.3182 21
1757569533250 474955659480.42456 22
1757569533310 463028828268.18024 23
1757569533374 451850805863.3326 24
1757569533438 441367332609.0407 25
1757569533499 431528366330.7203 26
1757569533558 422287740739.3295 27
1757569533625 413602852123.07526 28
1757569533687 405434371975.69183 29
1757569533748 397745983396.4035 30
1757569533810 390504139273.4426 31
1757569533874 383677840437.1336 32
1757569533937 377238432069.0892 33
1757569534003 371159416907.81726 34
1757569534073 365416283793.03455 35
1757569534134 359986350281.5038 36
1757569534200 354848618158.1878 37
1757569534281 349983640779.27295 38
1757569534346 345373401201.1842 39
1757569534408 341001200294.32794 40
1757569534474 336851553935.81885 41
1757569534543 332910098548.55865 42
1757569534606 329163504292.96674 43
1757569534666 325599395276.1884 44
1757569534733 322206276197.10205 45
1757569534796 318973464894.3718 46
1757569534865 315891030309.55164 47
1757569534932 312949735418.21686 48
1757569534992 310140984719.5848 49
1757569535057 307456775909.41235 50
1757569535123 304889655392.37054 51
1757569535186 302432677318.85626 52
1757569535256 300079365857.53595 53
1757569535318 297823680439.01917 54
1757569535381 295659983728.1364 55
1757569535445 293583012102.5048 56
1757569535508 291587848433.5728 57
1757569535569 289669896983.28485 58
1757569535631 287824860245.0265 59
1757569535693 286048717571.7261 60
1757569535760 284337705447.00934 61
1757569535820 282688299267.2281 62
1757569535891 281097196515.6417 63
1757569535955 279561301206.03723 64
1757569536014 278077709513.5785 65
1757569536080 276643696483.40936 66
1757569536142 275256703736.05786 67
1757569536212 273914328090.62924 68
1757569536285 272614311033.28464 69
1757569536346 271354528964.4428 70
1757569536410 270132984177.91257 71
1757569536473 268947796450.87704 72
1757569536536 267797195305.81393 73
1757569536603 266679512807.27322 74
1757569536664 265593176878.55902 75
1757569536731 264536705097.8115 76
1757569536795 263508698936.448 77
1757569536867 262507838405.99988 78
1757569536959 261532877082.1582 79
1757569537030 260582637477.3595 80
1757569537123 259656006735.54498 81
1757569537192 258751932624.8325 82
1757569537258 257869419805.7675 83
1757569537322 257007526354.59082 84
1757569537387 256165360522.58368 85
1757569537448 255342077714.04178 86
1757569537516 254536877666.7982 87
1757569537576 253749001820.47318 88
1757569537646 252977730858.78418 89
1757569537717 252222382413.30878 90
1757569537782 251482308917.07153 91
1757569537844 250756895597.22058 92
1757569537915 250045558596.88455 93
1757569538003 249347743217.059 94
1757569538067 248662922270.06827 95
1757569538128 247990594536.79123 96
1757569538189 247330283320.4282 97
1757569538258 246681535090.1312 98
1757569538322 246043918208.3199 99
1757569538390 245417021735.96432 100
1757569538460 244800454310.54312 101
1757569538527 244193843091.77356 102
1757569538589 243596832770.57266 103
1757569538654 243009084637.03937 104
1757569538714 242430275707.52917 105
1757569538776 241860097889.10693 106
1757569538841 241298257209.55167 107
1757569538912 240744473084.55573 108
1757569538974 240198477627.31958 109
1757569539042 239660014997.71136 110
1757569539106 239128840788.4202 111
1757569539167 238604721445.7406 112
1757569539230 238087433722.805 113
1757569539294 237576764163.2396 114
1757569539361 237072508613.36224 115
1757569539427 236574471761.17026 116
1757569539489 236082466700.48636 117
1757569539561 235596314518.74243 118
1757569539627 235115843906.98083 119
1757569539693 234640890790.7492 120
1757569539753 234171297980.6517 121
1757569539820 233706914841.40115 122
1757569539884 233247596978.29153 123
1757569539956 232793205940.08002 124
1757569540026 232343608937.33432 125
1757569540090 231898678575.3595 126
1757569540176 231458292600.8756 127
1757569540258 231022333661.66992 128
1757569540318 230590689078.4954 129
1757569540388 230163250628.53302 130
1757569540456 229739914339.77728 131
1757569540524 229320580295.7431 132
1757569540585 228905152449.93042 133
1757569540652 228493538449.51486 134
1757569540720 228085649467.76608 135
1757569540817 227681400044.7255 136
1757569540910 227280707935.70062 137
1757569540986 226883493967.16205 138
1757569541046 226489681899.65195 139
1757569541117 226099198297.33472 140
1757569541185 225711972403.8437 141
1757569541256 225327936024.0961 142
1757569541317 224947023411.7681 143
1757569541381 224569171163.44186 144
1757569541443 224194318113.27847 145
1757569541511 223822405238.07544 146
1757569541579 223453375564.4645 147
1757569541644 223087174080.54727 148
1757569541726 222723747651.71097 149
1757569541791 222363044940.3953 150
1757569541857 222005016329.60565 151
1757569541922 221649613849.98117 152
1757569541991 221296791110.24066 153
1757569542058 220946503230.83853 154
1757569542118 220598706780.67273 155
1757569542191 220253359716.69608 156
1757569542261 219910421326.28867 157
1757569542331 219569852172.2583 158
1757569542395 219231614040.3415 159
1757569542462 218895669889.0845 160
1757569542558 218561983801.99118 161
1757569542649 218230520941.82788 162
1757569542735 217901247506.98352 163
1757569542800 217574130689.7871 164
1757569542876 217249138647.24103 165
1757569542942 216926240436.4513 166
1757569543004 216605405996.97223 167
1757569543071 216286606114.71127 168
1757569543135 215969812388.0515 169
1757569543202 215654997195.78043 170
1757569543269 215342133666.58582 171
1757569543339 215031195649.96927 172
1757569543405 214722157688.4726 173
1757569543471 214414994991.13782 174
1757569543535 214109683408.13315 175
1757569543602 213806199406.48782 176
1757569543667 213504520046.8812 177
1757569543734 213204622961.43738 178
1757569543797 212906486332.47836 179
1757569543863 212610088872.19208 180
1757569543930 212315409803.17273 181
1757569543993 212022428839.79468 182
1757569544068 211731126170.38138 183
1757569544134 211441482440.13336 184
1757569544200 211153478734.78137 185
1757569544268 210867096564.93127 186
1757569544330 210582317851.0704 187
1757569544392 210299124909.20496 188
1757569544458 210017500437.10037 189
1757569544522 209737427501.09775 190
1757569544588 209458889523.48038 191
1757569544663 209181870270.36627 192
1757569544746 208906353840.10226 193
1757569544817 208632324652.13907 194
1757569544889 208359767436.36392 195
1757569544959 208088667222.87222 196
1757569545027 207819009332.15778 197
1757569545092 207550779365.7035 198
1757569545156 207283963196.95502 199
1757569545221 207018546962.65994 200
1757569545286 206754517054.55725 201
1757569545353 206491860111.40094 202
1757569545420 206230563011.30368 203
1757569545491 205970612864.38635 204
1757569545551 205711997005.71964 205
1757569545613 205454702999.573 206
1757569545689 205198718605.241 207
1757569545760 204944031790.23172 208
1757569545825 204690630722.85284 209
1757569545893 204438503765.73407 210
1757569545959 204187639469.92538 211
1757569546026 203938026569.38522 212
1757569546104 203689653975.76175 213
1757569546167 203442510773.41428 214
1757569546236 203196586214.6444 215
1757569546301 202951869715.1187 216
1757569546365 202708350849.4687 217
1757569546462 202466019347.0586 218
1757569546557 202224865087.91278 219
1757569546645 201984878098.79486 220
1757569546720 201746048549.43195 221
1757569546790 201508366748.87845 222
1757569546855 201271823142.0118 223
1757569546915 201036408306.15677 224
1757569546982 200802112947.83063 225
1757569547047 200568927899.60614 226
1757569547112 200336844117.08612 227
1757569547175 200105852675.98505 228
1757569547253 199875944769.31424 229
1757569547320 199647111704.66498 230
1757569547386 199419344901.58643 231
1757569547448 199192635889.0545 232
1757569547525 198966976303.02676 233
1757569547586 198742357884.08142 234
1757569547659 198518772475.13632 235
1757569547734 198296212019.24362 236
1757569547802 198074668557.4593 237
1757569547872 197854134226.78204 238
1757569547938 197634601258.16086 239
1757569548002 197416061974.56702 240
1757569548065 197198508789.12814 241
1757569548133 196981934203.32333 242
1757569548195 196766330805.23438 243
1757569548261 196551691267.85278 244
1757569548321 196338008347.44022 245
1757569548387 196125274881.93903 246
1757569548452 195913483789.43234 247
1757569548515 195702628066.65063 248
1757569548584 195492700787.52396 249
1757569548651 195283695101.7772 250
1757569548722 195075604233.56708 251
1757569548789 194868421480.1595 252
1757569548855 194662140210.64523 253
1757569548917 194456753864.69266 254
1757569548985 194252255951.33658 255
1757569549050 194048640047.80066 256
1757569549119 193845899798.35352 257
1757569549184 193644028913.1963 258
1757569549252 193443021167.381 259
1757569549319 193242870399.75797 260
1757569549417 193043570511.95215 261
1757569549479 192845115467.3663 262
1757569549541 192647499290.2107 263
1757569549608 192450716072.17847 264
1757569549683 192254759952.4352 265
1757569549758 192059625130.11725 266
1757569549823 191865305862.49387 267
1757569549901 191671796463.63364 268
1757569549970 191479091303.3325 269
1757569550040 191287184806.1826 270
1757569550115 191096071450.72144 271
1757569550205 190905745768.62927 272
1757569550277 190716202343.96042 273
1757569550369 190527435812.3992 274
1757569550461 190339440860.5375 275
1757569550546 190152212225.16998 276
1757569550613 189965744692.60654 277
1757569550685 189780033098.00058 278
1757569550756 189595072324.6923 279
1757569550818 189410857303.5668 280
1757569550886 189227383012.42572 281
1757569550950 189044644475.37292 282
1757569551012 188862636762.21286 283
1757569551078 188681354987.86157 284
1757569551150 188500794311.77026 285
1757569551235 188320949937.36035 286
1757569551304 188141817111.4702 287
1757569551371 187963391123.81262 288
1757569551441 187785667306.44388 289
1757569551506 187608641033.24228 290
1757569551569 187432307719.39746 291
1757569551636 187256662820.9092 292
1757569551703 187081701834.09592 293
1757569551771 186907420295.11237 294
1757569551833 186733813779.47632 295
1757569551898 186560877901.60373 296
1757569551966 186388608314.35306 297
1757569552035 186217000708.57663 298
1757569552130 186046050812.68127 299
1757569552206 185875754392.19583 300
1757569552269 185706107249.34653 301
1757569552336 185537105222.63968 302
1757569552404 185368744186.4515 303
1757569552470 185201020050.62497 304
1757569552536 185033928760.07324 305
1757569552606 184867466294.38974 306
1757569552675 184701628667.46487 307
1757569552739 184536411927.10846 308
1757569552811 184371812154.67886 309
1757569552882 184207825464.71762 310
1757569552950 184044448004.59012 311
1757569553020 183881675954.13153 312
1757569553083 183719505525.2987 313
1757569553153 183557932961.8271 314
1757569553223 183396954538.8929 315
1757569553290 183236566562.7807 316
1757569553362 183076765370.55557 317
1757569553431 182917547329.74033 318
1757569553500 182758908837.99753 319
1757569553568 182600846322.81595 320
1757569553638 182443356241.2018 321
1757569553718 182286435079.37448 322
1757569553789 182130079352.46597 323
1757569553853 181974285604.22546 324
1757569553923 181819050406.72736 325
1757569553992 181664370360.08362 326
1757569554059 181510242092.1603 327
1757569554142 181356662258.29736 328
1757569554243 181203627541.03293 329
1757569554330 181051134649.83096 330
1757569554410 180899180320.81244 331
1757569554474 180747761316.49057 332
1757569554540 180596874425.50894 333
1757569554601 180446516462.38342 334
1757569554675 180296684267.2476 335
1757569554740 180147374705.6011 336
1757569554810 179998584668.06128 337
1757569554886 179850311070.11826 338
1757569554951 179702550851.89288 339
1757569555019 179555300977.89786 340
1757569555089 179408558436.80173 341
1757569555159 179262320241.19595 342
1757569555245 179116583427.3647 343
1757569555314 178971345055.0577 344
1757569555384 178826602207.2656 345
1757569555458 178682351989.99826 346
1757569555525 178538591532.06573 347
1757569555590 178395317984.86172 348
1757569555659 178252528522.1497 349
1757569555726 178110220339.8517 350
1757569555790 177968390655.83945 351
1757569555858 177827036709.728 352
1757569555946 177686155762.67178 353
1757569556043 177545745097.16318 354
1757569556131 177405802016.83313 355
1757569556202 177266323846.25433 356
1757569556272 177127307930.74667 357
1757569556339 176988751636.18454 358
1757569556404 176850652348.80692 359
1757569556488 176713007475.02917 360
1757569556567 176575814441.25705 361
1757569556645 176439070693.70288 362
1757569556713 176302773698.2039 363
1757569556784 176166920940.04227 364
1757569556849 176031509923.76755 365
1757569556918 175896538173.02078 366
1757569556986 175762003230.3604 367
1757569557053 175627902657.0909 368
1757569557122 175494234033.09198 369
1757569557196 175360994956.65106 370
1757569557262 175228183044.29633 371
1757569557331 175095795930.63248 372
1757569557399 174963831268.17776 373
1757569557465 174832286727.20297 374
1757569557538 174701159995.57208 375
1757569557611 174570448778.58456 376
1757569557672 174440150798.81955 377
1757569557740 174310263795.98135 378
1757569557818 174180785526.74686 379
1757569557883 174051713764.6146 380
1757569557956 173923046299.75494 381
1757569558023 173794780938.8624 382
1757569558086 173666915505.00934 383
1757569558157 173539447837.5008 384
1757569558226 173412375791.73157 385
1757569558295 173285697239.04382 386
1757569558365 173159410066.58716 387
1757569558433 173033512177.17935 388
1757569558502 172908001489.16904 389
1757569558572 172782875936.2994 390
1757569558642 172658133467.5735 391
1757569558710 172533772047.12097 392
1757569558779 172409789654.06586 393
1757569558848 172286184282.39615 394
1757569558917 172162953940.83432 395
1757569558989 172040096652.7092 396
1757569559058 171917610455.82928 397
1757569559128 171795493402.35736 398
1757569559212 171673743558.686 399
1757569559282 171552359005.3148 400
1757569559358 171431337836.72864 401
1757569559426 171310678161.2769 402
1757569559490 171190378101.05414 403
1757569559557 171070435791.7821 404
1757569559628 170950849382.6926 405
1757569559700 170831617036.41153 406
1757569559767 170712736928.84442 407
1757569559854 170594207249.06253 408
1757569559922 170476026199.1905 409
1757569559987 170358191994.29504 410
1757569560068 170240702862.2745 411
1757569560136 170123557043.74973 412
1757569560205 170006752791.95584 413
1757569560281 169890288372.63513 414
1757569560354 169774162063.93103 415
1757569560430 169658372156.28302 416
1757569560502 169542916952.32248 417
1757569560590 169427794766.7699 418
1757569560664 169313003926.3325 419
1757569560742 169198542769.60352 420
1757569560812 169084409646.96176 421
1757569560885 168970602920.47272 422
1757569560954 168857120963.7901 423
1757569561021 168743962162.05896 424
1757569561092 168631124911.81888 425
1757569561160 168518607620.90884 426
1757569561248 168406408708.37265 427
1757569561343 168294526604.3654 428
1757569561418 168182959750.06027 429
1757569561509 168071706597.55728 430
1757569561588 167960765609.792 431
1757569561676 167850135260.44513 432
1757569561743 167739814033.85382 433
1757569561809 167629800424.92245 434
1757569561887 167520092939.03577 435
1757569561953 167410690091.97128 436
1757569562024 167301590409.81393 437
1757569562096 167192792428.87045 438
1757569562167 167084294695.5851 439
1757569562236 166976095766.45615 440
1757569562303 166868194210.37466 441
1757569562372 166760588602.48386 442
1757569562446 166653277528.34207 443
1757569562511 166546259584.71957 444
1757569562584 166439533376.41806 445
1757569562654 166333097518.1756 446
1757569562727 166226950634.4045 447
1757569562797 166121091359.02173 448
1757569562873 166015518335.32562 449
1757569562945 165910230215.89667 450
1757569563022 165805225662.51022 451
1757569563093 165700503346.05612 452
1757569563161 165596061946.46136 453
1757569563236 165491900153.81348 454
1757569563305 165388016665.30573 455
1757569563378 165284410187.2399 456
1757569563448 165181079434.80814 457
1757569563533 165078023131.94934 458
1757569563600 164975240011.2424 459
1757569563673 164872728813.818 460
1757569563741 164770488289.28082 461
1757569563813 164668517195.63666 462
1757569563889 164566814299.22214 463
1757569563962 164465378374.63678 464
1757569564031 164364208204.67593 465
1757569564096 164263302580.26422 466
1757569564169 164162660300.39056 467
1757569564336 164062280172.04312 468
1757569564509 163962161010.1452 469
1757569564578 163862301637.49158 470
1757569564654 163762700884.68567 471
1757569564730 163663357590.0768 472
1757569564802 163564270599.69873 473
1757569564874 163465438767.20807 474
1757569564944 163366860953.8233 475
1757569565013 163268536028.26505 476
1757569565081 163170462866.69595 477
1757569565154 163072640354.96066 478
1757569565244 162975067382.79944 479
1757569565317 162877742847.78357 480
1757569565387 162780665654.97525 481
1757569565461 162683834716.72903 482
1757569565534 162587248952.56512 483
1757569565603 162490907289.07755 484
1757569565676 162394808659.8611 485
1757569565744 162298952005.4475 486
1757569565816 162203336273.2462 487
1757569565892 162107960417.488 488
1757569565960 162012823399.17044 489
1757569566027 161917924186.00394 490
1757569566100 161823261752.3587 491
1757569566168 161728835079.21243 492
1757569566256 161634643154.09836 493
1757569566325 161540684971.0538 494
1757569566397 161446959530.56927 495
1757569566465 161353465839.53806 496
1757569566537 161260202911.20587 497
1757569566607 161167169765.1217 498
1757569566675 161074365427.08823 499
