1757591153116 1019578242003.4587 0
1757591153239 830197748704.5686 1
1757591153304 696553520828.5088 2
1757591153369 598902752324.0549 3
1757591153435 525581071086.48486 4
1757591153499 469377849246.42004 5
1757591153566 425624984500.2052 6
1757591153628 391166034825.4895 7
1757591153692 363783836180.8848 8
1757591153755 341871295719.6029 9
1757591153818 324234276178.51215 10
1757591153882 309968407541.08246 11
1757591153945 298378769784.72504 12
1757591154007 288925443602.02747 13
1757591154070 281185329355.7181 14
1757591154134 274824617266.96274 15
1757591154196 269578491503.18076 16
1757591154260 265235904628.2897 17
1757591154332 261627999559.74585 18
1757591154394 258619210737.66812 19
1757591154456 256100366004.40903 20
1757591154520 253983302160.22903 21
1757591154583 252196637737.92752 22
1757591154647 250682438020.54166 23
1757591154710 249393572854.84204 24
1757591154777 248291615603.94598 25
1757591154840 247345166947.22485 26
1757591154902 246528513717.79123 27
1757591154964 245820552994.09744 28
1757591155026 245203926932.50998 29
1757591155088 244664325555.05453 30
1757591155152 244189923769.4069 31
1757591155216 243770925941.01392 32
1757591155281 243399196837.54926 33
1757591155346 243067962080.90442 34
1757591155410 242771564640.81122 35
1757591155474 242505266591.35297 36
1757591155537 242265087483.18393 37
1757591155603 242047672380.22452 38
1757591155668 241850183962.64362 39
1757591155730 241670214180.0722 40
1757591155796 241505711806.38654 41
1757591155862 241354922944.05765 42
1757591155927 241216342086.615 43
1757591155991 241088671799.53992 44
1757591156053 240970789444.5505 45
1757591156118 240861719666.95175 46
1757591156191 240760611604.22 47
1757591156256 240666719967.209 48
1757591156319 240579389302.06387 49
1757591156382 240498040868.14163 50
1757591156444 240422161670.60596 51
1757591156508 240351295270.43127 52
1757591156571 240285034062.98312 53
1757591156633 240223012772.09015 54
1757591156697 240164902951.9779 55
1757591156760 240110408326.5283 56
1757591156823 240059260825.61978 57
1757591156886 240011217203.06754 58
1757591156950 239966056140.93973 59
1757591157014 239923575761.61734 60
1757591157078 239883591482.55872 61
1757591157142 239845934159.89056 62
1757591157205 239810448476.10583 63
1757591157275 239776991534.68674 64
1757591157342 239745431630.67297 65
1757591157409 239715647171.30618 66
1757591157477 239687525725.10547 67
1757591157540 239660963181.21393 68
1757591157607 239635863003.74652 69
1757591157670 239612135568.26334 70
1757591157733 239589697569.4821 71
1757591157798 239568471490.99994 72
1757591157863 239548385129.1747 73
1757591157927 239529371164.47058 74
1757591157990 239511366774.53745 75
1757591158052 239494313284.1082 76
1757591158115 239478155847.47656 77
1757591158178 239462843159.89813 78
1757591158242 239448327194.74084 79
1757591158305 239434562963.62808 80
1757591158369 239421508297.16623 81
1757591158432 239409123644.15085 82
1757591158496 239397371887.40103 83
1757591158562 239386218174.59244 84
1757591158628 239375629762.64966 85
1757591158695 239365575874.4226 86
1757591158761 239356027566.5125 87
1757591158831 239346957607.2385 88
1757591158899 239338340363.84238 89
1757591158967 239330151698.12354 90
1757591159034 239322368869.77847 91
1757591159103 239314970446.79318 92
1757591159172 239307936222.29938 93
1757591159241 239301247137.3629 94
1757591159309 239294885209.2243 95
1757591159377 239288833464.5539 96
1757591159459 239283075877.32593 97
1757591159526 239277597310.95108 98
1757591159595 239272383464.33862 99
1757591159664 239267420821.58868 100
1757591159734 239262696605.04095 101
1757591159802 239258198731.42798 102
1757591159870 239253915770.90594 103
1757591159938 239249836908.74973 104
1757591160007 239245951909.52155 105
1757591160078 239242251083.53336 106
1757591160148 239238725255.44193 107
1757591160225 239235365734.8245 108
1757591160301 239232164288.59753 109
1757591160374 239229113115.15057 110
1757591160452 239226204820.07684 111
