1757526907705 1053299603531.9095 0
1757526907723 859256267238.9156 1
1757526907742 649612958695.0216 2
1757526907761 494996389802.5304 3
1757526907780 396395772476.6869 4
1757526907798 336061685225.70435 5
1757526907817 299405294143.6262 6
1757526907836 277513183546.65375 7
1757526907855 264779898193.87097 8
1757526907874 257416390382.9558 9
1757526907894 252983251559.37646 10
1757526907915 250100987482.56775 11
1757526907936 248079756867.91632 12
1757526907960 246585777805.0689 13
1757526907982 245439819510.58176 14
1757526908006 244530838058.04556 15
1757526908024 243786651554.74393 16
1757526908043 243161539661.4424 17
1757526908063 242626997281.79282 18
1757526908083 242164520298.0608 19
1757526908102 241761115255.29672 20
1757526908125 241407027237.14453 21
1757526908147 241094661116.8997 22
1757526908168 240817981297.22397 23
1757526908188 240572101545.89386 24
1757526908208 240352991776.30695 25
1757526908226 240157276492.67743 26
1757526908244 239982097297.34378 27
1757526908263 239825014116.57333 28
1757526908282 239683929555.31253 29
1757526908301 239557029131.63644 30
1757526908320 239442733924.81607 31
1757526908340 239339663119.84406 32
1757526908359 239246604177.6051 33
