1757554866678 1298492088536.3284 0
1757554866753 1.1516160012560926e+16 1
1757554866830 2.0333511240660664e+20 2
1757554866907 2.5292959765696412e+26 3
1757554866990 1.1354309168946541e+30 4
1757554867078 5.848459226480346e+33 5
1757554867168 4.5882470053472695e+37 6
1757554867263 2.284461420935681e+42 7
1757554867359 7.550937110503238e+47 8
1757554867452 1.5780398710766213e+51 9
1757554867524 4.780896204855126e+55 10
1757554867587 4.366729832125609e+59 11
1757554867650 3.642530821376297e+65 12
1757554867712 3.0852993584504434e+68 13
1757554867775 1.4835708050963235e+74 14
1757554867843 3.884263413907853e+77 15
1757554867911 9.14654356871818e+80 16
1757554867986 2.2188997002759513e+86 17
1757554868050 1.7341916842255015e+90 18
1757554868120 9.403360047530326e+94 19
1757554868182 6.709193890735318e+98 20
1757554868244 4.822721041373193e+104 21
1757554868307 1.1534922482745779e+109 22
1757554868370 5.075025753674146e+111 23
1757554868432 7.023024517559781e+116 24
1757554868496 3.6171806088790563e+121 25
1757554868559 4.945165758589642e+126 26
1757554868621 2.396584065842446e+129 27
1757554868683 2.54927134166139e+135 28
1757554868746 3.3359914605371074e+138 29
1757554868809 1.7269921414308097e+142 30
1757554868873 9.137483977953239e+146 31
1757554868935 7.31258438176155e+151 32
1757554868997 2.0675243320688088e+155 33
1757554869060 4.667445353013668e+159 34
1757554869129 1.9635015731822563e+165 35
1757554869191 3.372189465043572e+168 36
1757554869253 7.052212963819054e+172 37
1757554869315 3.8528989992300376e+177 38
1757554869378 6.646041715132896e+181 39
1757554869442 3.0206972294918515e+186 40
1757554869504 1.030936029050019e+193 41
1757554869568 1.1432247470692724e+195 42
1757554869629 7.575528491117889e+199 43
1757554869694 2.1150489292209502e+204 44
1757554869758 1.8859657833576306e+209 45
1757554869820 1.9608207717790636e+212 46
1757554869884 2.4682048468339077e+216 47
1757554869947 1.7130044839004095e+221 48
1757554870015 2.700108223208499e+225 49
1757554870080 4.021263424936308e+229 50
1757554870146 1.246688367416083e+234 51
1757554870208 3.1814634187182336e+239 52
1757554870273 8.60498552366088e+242 53
1757554870342 2.6978903784250784e+247 54
1757554870407 1.2434651223082913e+252 55
1757554870471 3.1753237367858874e+255 56
1757554870537 6.66632946347724e+260 57
1757554870599 2.1833239161350776e+265 58
1757554870661 1.5520745266200616e+269 59
1757554870724 1.380324061616078e+273 60
1757554870789 1.8244933151514375e+278 61
1757554870868 1.2578841070322737e+283 62
1757554870932 1.7208286368595823e+286 63
1757554870996 2.46719421676635e+292 64
1757554871060 6.28111737143737e+295 65
1757554871125 9.50331354158874e+299 66
1757554871188 1.2224063198940123e+304 67
1757554871251 inf 68
1757554871314 inf 69
