1757531019266 1019577170321.6616 0
1757531019315 4125805667946.777 1
1757531019363 1.3013171414533734e+16 2
1757531019410 5.270534831283033e+19 3
1757531019457 2.134696215771416e+23 4
1757531019504 8.646044671433596e+26 5
1757531019553 3.5018607288578664e+30 6
1757531019602 1.4183397183724716e+34 7
1757531019650 5.744624679488653e+37 8
1757531019697 2.3267142759040847e+41 9
1757531019744 9.423765039037768e+44 10
1757531019792 3.816856604641881e+48 11
1757531019838 1.545920794931649e+52 12
1757531019885 6.261359416268459e+55 13
1757531019932 2.5360045526412133e+59 14
1757531019979 1.027144213173087e+63 15
1757531020027 4.160186674571088e+66 16
1757531020088 1.684977916958032e+70 17
1757531020137 6.824574959557427e+73 18
1757531020186 2.764120699142566e+77 19
1757531020233 1.119536862691866e+81 20
1757531020281 4.5343996277540916e+84 21
1757531020330 1.8365433662219244e+88 22
1757531020378 7.438452304399907e+91 23
1757531020425 3.012756121226614e+95 24
1757531020471 1.2202403234634557e+99 25
1757531020518 4.942273410434468e+102 26
1757531020565 2.0017422792715217e+106 27
1757531020613 8.107548530527167e+109 28
1757531020661 3.283756548259291e+113 29
1757531020708 1.3300021612740946e+117 30
1757531020756 5.386835847899424e+120 31
1757531020804 2.181800999813124e+124 32
1757531020852 8.836830631551151e+127 33
1757531020899 3.579133734809417e+131 34
1757531020947 1.4496371862003436e+135 35
1757531020994 5.8713871213497636e+138 36
1757531021042 2.3780561823962243e+142 37
1757531021090 9.631712387128093e+145 38
1757531021140 3.901080394781853e+149 39
1757531021197 1.5800335013002873e+153 40
1757531021252 6.399524266586768e+156 41
1757531021301 2.591964714984211e+160 42
1757531021349 1.0498094551810207e+164 43
1757531021400 4.251986478890722e+167 44
1757531021447 1.7221590953905108e+171 45
1757531021495 6.975167876380461e+174 46
1757531021553 2.8251145340702447e+178 47
1757531021602 1.1442408658924716e+182 48
1757531021650 4.6344569163077995e+185 49
1757531021698 1.87706902885005e+189 50
1757531021747 7.602591204742694e+192 51
1757531021796 3.0792364126236046e+196 52
1757531021844 1.2471664764655713e+200 53
1757531021893 5.051330952189796e+203 54
1757531021941 2.045913265794477e+207 55
1757531021988 8.286451889158546e+210 56
1757531022036 3.356216808373591e+214 57
1757531022085 1.3593503486753786e+218 58
1757531022133 5.505703224635614e+221 59
1757531022184 2.2299452107619913e+225 60
1757531022233 9.031826526264396e+228 61
1757531022282 3.6581118678094657e+232 62
1757531022330 1.4816252724179842e+236 63
1757531022377 6.000946737537015e+239 64
1757531022426 2.4305310132828855e+243 65
1757531022474 9.844248357642581e+246 66
1757531022522 3.98716268985412e+250 67
1757531022571 1.6148989478737354e+254 68
1757531022619 6.540737899860089e+257 69
1757531022668 2.649159709404378e+261 70
1757531022716 1.0729748345491137e+265 71
1757531022764 4.345811962520537e+268 72
1757531022813 1.760160723762263e+272 73
1757531022861 7.129083817235317e+275 74
1757531022910 2.887454275455765e+279 75
1757531022958 1.169489994309121e+283 76
1757531023006 4.73672209605211e+286 77
1757531023055 1.9184889417102505e+290 78
1757531023103 7.770352038453268e+293 79
1757531023152 3.1471836761107503e+297 80
1757531023200 1.27468678924225e+301 81
1757531023250 inf 82
1757531023299 inf 83
