1757536143643 410977048795.40173 0
1757536144134 2391556873.656237 1
1757536144599 1119320849.374808 2
1757536145093 303559814.810657 3
1757536145574 16465460242.914482 4
1757536146052 79377144770.70091 5
1757536146527 400837804.1046203 6
1757536147004 142717186895.38626 7
1757536147470 4936155837963.706 8
1757536147954 45538748448.39677 9
1757536148425 1038456095.0824966 10
1757536148885 33582898358.169266 11
1757536149358 2456636757.261157 12
1757536149829 182522542767.58878 13
1757536150292 2107548510.2547295 14
1757536150750 26482162448.72369 15
1757536151214 15396860243.461733 16
1757536151676 585853202289.0485 17
1757536152157 14821787739.387947 18
1757536152619 7281759072.853332 19
1757536153074 118841818348.2023 20
1757536153550 57387709390.48355 21
1757536154023 57488537199.24501 22
1757536154496 102499922.6869763 23
1757536154971 28794436705.87385 24
1757536155476 123028913553.20659 25
1757536155934 49908039145.20365 26
1757536156401 200786502615.66724 27
1757536156873 57705182211.64283 28
1757536157348 19204231744.14105 29
1757536157827 17593368447.046345 30
1757536158301 41227764672.399086 31
1757536158779 4644024937.802376 32
1757536159251 2122687407.5945778 33
1757536159733 8701765733.565788 34
1757536160208 54880307646.35504 35
1757536160664 3637783745.8181605 36
1757536161116 12175603938.09104 37
1757536161573 2733292.3394213994 38
1757536162040 26363350842.676052 39
1757536162495 429115007996.1537 40
1757536162963 107357667577.03853 41
1757536163433 92758098231.92892 42
1757536163887 400055783443.05664 43
1757536164357 45962176446.24982 44
1757536164837 13875310.572144024 45
1757536165314 13870183509.178482 46
1757536165794 9168585014.997503 47
1757536166260 72052535786.78062 48
1757536166723 24651069760.241447 49
1757536167181 1408157330.2607987 50
1757536167641 95244651413.2017 51
1757536168135 36335640716.56756 52
1757536168617 197628705721.50046 53
1757536169080 22112391573.714565 54
1757536169553 9854686594.139492 55
1757536170029 58417452606.65067 56
1757536170496 14080201462.002647 57
1757536170968 8015721009.117592 58
1757536171434 20133138335.66402 59
1757536171910 23555701590.99959 60
1757536172385 7290946606.676319 61
1757536172850 21162558972.367 62
1757536173319 96472696184.91289 63
1757536173792 439325636766.21277 64
1757536174270 5702655996.578944 65
1757536174734 35103821783.589355 66
1757536175195 17745251349.511833 67
1757536175672 99648697673.22047 68
1757536176149 10060770470.887442 69
1757536176629 19962374342.950462 70
1757536177092 3731455973.4206867 71
1757536177556 9437182055.280863 72
1757536178019 227654745159.13596 73
1757536178479 17725938028.33502 74
1757536178940 130087380655.91109 75
1757536179402 19744554413.545734 76
1757536179870 35043712721.57302 77
1757536180336 8810817365.18368 78
1757536180816 14802901996.253773 79
1757536181290 30849378319.201668 80
1757536181769 185136054.02128443 81
1757536182232 11058537054.89413 82
1757536182697 155289631199.69257 83
1757536183167 1865112915.1814692 84
1757536183625 6331523775617.493 85
1757536184094 272819280936.2134 86
1757536184571 2720300001845.1753 87
1757536185026 3290553101.375582 88
1757536185502 23567462420.074085 89
1757536185966 470923231606.75287 90
1757536186440 9792949042.621151 91
1757536186908 17102349124.49086 92
1757536187376 207549702834.5576 93
1757536187844 53824000294.46415 94
1757536188306 25096647362.122852 95
1757536188772 19893662011.946262 96
1757536189234 91474564863.2124 97
1757536189712 66273478540.20353 98
1757536190169 159053424906.1414 99
1757536190627 8675337623.81861 100
1757536191095 82791584616.46039 101
1757536191559 220959586386.05792 102
1757536192018 11685463755.11676 103
1757536192479 3209907517.101635 104
1757536192940 3986700016326.1685 105
1757536193408 274513074598.40662 106
1757536193875 22548821101.126514 107
1757536194365 201086075202.2966 108
1757536194848 856393534.0302004 109
1757536195318 60619293193.15852 110
1757536195778 153597163264.2882 111
1757536196258 1435798111785.2732 112
1757536196744 198581974974.6655 113
1757536197217 238142307766.8734 114
1757536197693 79381593306.88608 115
1757536198172 890792593316.4468 116
1757536198640 60676454488.96488 117
1757536229889 29089863008.165443 118
1757536230394 46965386330.69499 119
1757536230862 303473289180.07306 120
1757536231323 78968187076.30142 121
1757536231794 23938979170.200134 122
1757536232254 35262938523.243484 123
1757536232724 59237555120.64815 124
1757536233188 741125809118.0413 125
1757536233652 52984960720.702805 126
1757536234116 635077442.462928 127
1757536234590 46650490685.268425 128
1757536235052 10924118874.32051 129
1757536235539 37755214996.50904 130
1757536236005 20336405296.43968 131
1757536236478 53149894937.12616 132
1757536236941 145734846268.6361 133
1757536237409 10278558099.444027 134
1757536237884 10112187794.081581 135
1757536238359 120082763155.16325 136
1757536238841 485190738092.93427 137
1757536239334 2750283.265593387 138
1757536239816 48516770811.697395 139
1757536240286 100832606787.06223 140
1757536240748 8733676347.316017 141
1757536241211 8556870536.122968 142
1757536241675 1451093863.2265594 143
1757536242141 58074981841.90537 144
1757536242599 33446369200.312077 145
1757536243064 22025852103.97012 146
1757536243528 996142981904.4596 147
1757536244000 127480498877.29143 148
1757536244478 13167581074.9166 149
1757536244946 3799550151.019404 150
1757536245428 46797387854.09695 151
1757536245891 14288391617.595396 152
1757536246363 273573047513.74332 153
1757536246829 176044929939.05432 154
1757536247294 53712470392.34699 155
1757536247756 545805616.9212381 156
1757536248232 2134609616.9832537 157
1757536248710 6462510.483821187 158
1757536249199 4020464433.6513567 159
1757536249680 86228522890.89963 160
1757536250157 8383006955.34999 161
1757536250622 50022130660.052895 162
1757536251086 1935186085.143074 163
1757536251557 303568677.88656455 164
1757536252021 580510794776.7307 165
1757536252485 120147114.97174664 166
1757536252959 74229448149.12611 167
1757536253428 38042292513.05447 168
1757536253886 335174816192.4687 169
1757536254359 109156421310.16026 170
1757536254848 48659496580.28184 171
1757536255318 138605050874.12286 172
1757536255788 487688.38365672814 173
1757536256245 190187548322.91467 174
1757536256711 299519156.5662703 175
1757536257170 4381974193.449632 176
1757536257636 133107459910.7733 177
1757536258103 33075162913.807823 178
1757536258560 582655911.4835382 179
1757536259040 141445541813.4781 180
1757536259526 35611048.21934325 181
1757536260007 13546990610.414494 182
1757536260486 22205086696.55038 183
1757536260949 30269716585.724 184
1757536261445 996375908368.0035 185
1757536261904 121951689094.12112 186
1757536262373 15612906988.719645 187
1757536262853 40544178603.21035 188
1757536263320 518968682.5122005 189
1757536263789 1903708325011.607 190
1757536264258 50095593655.513885 191
1757536264740 605457607168.3042 192
1757536265216 62673164457.9232 193
1757536265693 18690054800.732635 194
1757536266169 13186235510.341177 195
1757536266631 43356597528.72595 196
1757536267097 173322272679.32205 197
1757536267577 9321034536157.83 198
1757536268046 2493922195.0389667 199
1757536268516 5565123656.880094 200
1757536268984 16415233573.607279 201
1757536269453 891004371.5883586 202
1757536269935 63907384290.823944 203
1757536270402 63596213725.37744 204
1757536270872 4170491343.535904 205
1757536271342 3437978534.343958 206
1757536271807 480551552081.16174 207
1757536272275 425648738445.948 208
1757536272749 1643287690.0489242 209
1757536273230 1109899521.9198713 210
1757536273706 32992927731.50118 211
1757536274174 27154995006.165035 212
1757536274655 4790559420.092527 213
1757536275147 391956563.44748217 214
1757536275636 3620802405.2254705 215
1757536276106 111654846635.59636 216
1757536276574 191434002992.7191 217
1757536277048 42117797996.1977 218
1757536277515 218970509599.58493 219
1757536277998 69962689278.19467 220
1757536278466 4739433278.574177 221
1757536278928 28345794831.225792 222
1757536279389 546209243819.706 223
1757536279851 213694221393.90988 224
1757536280338 10580901648.131462 225
1757536280815 83216446215.52371 226
1757536281283 5099384099.186905 227
1757536281762 5619825595.248937 228
1757536282231 7884406512.571452 229
1757536282691 55150016130.11727 230
1757536283149 9510384367.820913 231
1757536283611 1997310091.78047 232
1757536284065 124229019242.46692 233
1757536284531 64662580967.68782 234
1757536285017 296105478026.49536 235
1757536285502 7528757901.301214 236
1757536285965 37332132710.52669 237
1757536286442 26529952809.930294 238
1757536286920 88382423221.12857 239
1757536287413 53118311853.000465 240
1757536287904 201984394682.75378 241
1757536288394 68927470492.89885 242
1757536288866 2143438880.2213268 243
1757536289336 17431730904.72393 244
1757536289812 662189722745.9012 245
1757536290275 106292435568.32765 246
1757536290753 416874724364.57465 247
1757536291264 56542015353.986465 248
1757536291764 170786220187.0695 249
1757536292302 47337509.92838468 250
1757536292823 24164678948.5658 251
1757536293311 11974597659.478857 252
1757536293789 77419097596.59485 253
1757536294265 50986258655.76696 254
1757536294771 896173240603.9272 255
1757536295253 306103209894.2325 256
1757536295739 10616663970.980425 257
1757536296239 30568758913.88438 258
1757536296730 3658382233.3695574 259
1757536297223 6011010547.311942 260
1757536297689 41190813634.430664 261
1757536298204 12170998584.137009 262
1757536298703 27764544249.796818 263
1757536299184 4948430847.944058 264
1757536299675 12086835191.304766 265
1757536300159 47803875897.59718 266
1757536300638 4291305268.802255 267
1757536301135 141067521065.49805 268
1757536301643 15571096451.227888 269
1757536302138 509277083839.9379 270
1757536302620 1820051402.170462 271
1757536303104 7216952682.197067 272
1757536303597 733867889.8975871 273
1757536304088 209994731979.88406 274
1757536304574 4370948688.969031 275
1757536305075 10786290801.449633 276
1757536305585 590768241644.5647 277
1757536306065 289755988476.62177 278
1757536306573 25144907493.762505 279
1757536307074 1097198160.578015 280
1757536307566 2183435602.7137384 281
1757536308070 32931746623.57389 282
1757536308572 8152519247.841838 283
1757536309064 347639500306.9222 284
1757536309598 344901169442.9954 285
1757536310185 4384242270.581457 286
1757536310746 67762506655.42897 287
1757536311340 37531741930.29845 288
1757536311862 92077680164.44803 289
1757536312362 12433824297.30931 290
1757536312855 717754115.9706012 291
1757536313331 4472641636.1912775 292
1757536313816 52271805825.589386 293
1757536314314 47636382726.89113 294
1757536314809 34453291987.847916 295
1757536315299 595865030.4949741 296
1757536315796 30772608225.080822 297
1757536316287 876351709.5247499 298
1757536316777 13243709856.48034 299
1757536317273 122844776592.65268 300
1757536317754 9951428361.539026 301
1757536318256 193815147959.01132 302
1757536318741 76114895420.38423 303
1757536319223 480122695988.17163 304
1757536319723 6711534815.5281105 305
1757536320234 50872406956.34902 306
1757536320719 499585564086.31195 307
1757536321195 244360541178.67258 308
1757536321697 12664900.653281784 309
1757536322190 74821550469.16489 310
1757536322667 16815508299.104614 311
1757536323163 1985530587.4098897 312
1757536323704 27391451603.33167 313
1757536324203 47620610256.09292 314
1757536324695 439085026597.14557 315
1757536325182 36103535184.4915 316
1757536325686 2752119987113.629 317
1757536326183 236042341743.54532 318
1757536326676 32962786780.54127 319
1757536327158 7898574865.440506 320
1757536327643 48159982733.285995 321
1757536328143 171479876886.848 322
1757536328646 1450775946.9064476 323
1757536329125 150967569207.6934 324
1757536329634 375425478068.79785 325
1757536330111 72097332974.30869 326
1757536330597 10279954217.75295 327
1757536331088 12663977744.594595 328
1757536331576 2193019206.863775 329
1757536332051 67595560572.86213 330
1757536332537 19332555767.33234 331
1757536333046 27212368481.149273 332
1757536333530 380137878.4585416 333
1757536334004 360346827390.57544 334
1757536334489 15370507930.77644 335
1757536334968 43030973080.440186 336
1757536335469 7734516142.259088 337
1757536335949 396621767931.7152 338
1757536336419 15410067003.954369 339
1757536336911 833438141636.927 340
1757536337391 1168175966.241852 341
1757536337888 9873956658.566025 342
1757536338376 161585026914.68307 343
1757536338860 74949025924.11446 344
1757536339355 8458938574875.496 345
1757536339839 53826663368.59472 346
1757536340326 14633436499.55683 347
1757536340810 1302672728.3305113 348
1757536341301 17867443405.272785 349
1757536341803 7008318634186.739 350
1757536342292 9279190552.737692 351
1757536342773 255888713146.85553 352
1757536343291 1055800348.1575625 353
1757536343794 209563288800.77573 354
1757536344282 13893433503.48603 355
1757536344787 6490376181.352684 356
1757536345286 2547809352801.4883 357
1757536345782 5814623343.761394 358
1757536346276 40278605042.9345 359
1757536346765 627924477.7988534 360
1757536347241 10899579385.610743 361
1757536347731 98158952313.50664 362
1757536348229 5703698730.806429 363
1757536348715 44379831868.01705 364
1757536349190 1953525553.4504528 365
1757536349697 18933326008.12421 366
1757536350181 4143204441.1793413 367
1757536350676 482890605978.70465 368
1757536351166 119977062489.24655 369
1757536351653 121900768310.38536 370
1757536352134 7076361594.065147 371
1757536352631 456216478.5249294 372
1757536353122 347064684799.05914 373
1757536353615 191015261845.8558 374
1757536354123 53557947395.91214 375
1757536354624 705018275.997207 376
1757536355157 101193149519.30038 377
1757536355692 1000114774.5534346 378
1757536356180 2503036020416.0737 379
1757536356659 364874427594.2191 380
1757536357147 119408624.31159362 381
1757536357624 6661276029.246193 382
1757536358102 6762745611.81215 383
1757536358572 1186753182203.0706 384
1757536359059 95873556147.62459 385
1757536359540 3827932073.079862 386
1757536360015 143525903053.67416 387
1757536360489 40600092839.91476 388
1757536360961 52169400.94427438 389
1757536361425 10334420434.510466 390
1757536361904 21466434776.630302 391
1757536362390 1257770163.1249409 392
1757536362869 20210820072.4953 393
1757536363353 12222379035.42559 394
1757536363827 329639594544.2636 395
1757536364316 1609040432.7223523 396
1757536364810 127180124.72003303 397
1757536365293 722744730419.7928 398
1757536365782 60988265016.82367 399
1757536366259 118596804079.11288 400
1757536366736 228818297838.36444 401
1757536367209 275946528.4045881 402
1757536367685 315078373932.8947 403
1757536368161 246396567284.02353 404
1757536368636 1540337778.2739062 405
1757536369108 269499901303.87128 406
1757536369594 50914184004.95047 407
1757536370080 109218.3914658091 408
1757536370556 144495556684.5314 409
1757536371024 633264787884.3694 410
1757536371490 76401843598.80434 411
1757536371959 108143783.8273049 412
1757536372451 48017630037.671585 413
1757536372937 75211313812.04507 414
1757536373416 148162663747.04843 415
1757536373905 149465077090.65463 416
1757536374384 24022005648.87082 417
1757536374873 1766569633.9629319 418
1757536375369 95553037267.65916 419
1757536375854 199098301355.61807 420
1757536376342 535691492966.6078 421
1757536376813 118408785732.40752 422
1757536377287 2682506826.375093 423
1757536377761 4397276790.228312 424
1757536378237 1407503036.6685705 425
1757536378714 17838423381.97092 426
1757536379190 71142025067.23709 427
1757536379674 27883965.867191117 428
1757536380153 77264471768.62663 429
1757536380629 2822687116.906206 430
1757536381107 254799348365.2342 431
1757536381584 65533423268.42469 432
1757536382056 30832490460.139 433
1757536382525 92713449668.85036 434
1757536382995 0.624808082779856 435
1757536383465 13115355772.011337 436
1757536383955 1398041184.8123999 437
1757536384440 295060531.6096852 438
1757536384914 291194223672.96234 439
1757536385414 331604421628.5932 440
1757536385919 2685609409.115276 441
1757536386459 62979582206.72279 442
1757536386972 10630719590.359755 443
1757536387458 14377832126.716406 444
1757536387936 13556931817.825485 445
1757536388416 12930811936.31361 446
1757536388889 2875281379.347552 447
1757536389364 80663141777.3273 448
1757536389854 6061509452.577338 449
1757536390334 11337691089.2583 450
1757536390809 29965703498.90597 451
1757536391287 16886273027.423801 452
1757536391764 22633502333.48032 453
1757536392277 6690557387.544975 454
1757536392750 64298009062.515465 455
1757536393221 111039407497.1364 456
1757536393699 188894145676.90485 457
1757536394177 86167638013.11017 458
1757536394656 496583837043.90594 459
1757536395135 4626853017.611366 460
1757536395624 38497875332.43753 461
1757536396102 43426618587.16184 462
1757536396587 8875200313681.754 463
1757536397071 54565668885.007034 464
1757536397555 101759448063.85226 465
1757536398036 2063992511.8475332 466
1757536398521 14153424170.366953 467
1757536399002 20495013886.835106 468
1757536399489 22292228447.214394 469
1757536399974 30529329180.994698 470
1757536400450 67912222161.84112 471
1757536400936 45794814220.83589 472
1757536401419 31531511460.483097 473
1757536401905 4176915540.20172 474
1757536402382 172087711526.28424 475
1757536402856 16787110045.292479 476
1757536403336 85235377740.28395 477
1757536403816 24431457264.422764 478
1757536404307 33943648254.631386 479
1757536404782 1652805171207.1284 480
1757536405260 42875131927.56882 481
1757536405752 3693382041.4372973 482
1757536406227 14355805.200938964 483
1757536406699 2981616571.429126 484
1757536407170 384765705126.68195 485
1757536407646 45371644706.39723 486
1757536408138 264721629895.3617 487
1757536408617 20759221690.767303 488
1757536409089 8185665329496.261 489
1757536409564 114616152738.13835 490
1757536410031 3521598944.7383347 491
1757536410504 78300569605.59267 492
1757536410983 16991411.81898553 493
1757536411478 87304073487.21063 494
1757536411969 50331535990.06213 495
1757536412449 138510665650.4191 496
1757536412930 41760661292.7923 497
1757536413404 426245099599.8135 498
1757536413884 35746635826.77684 499
