1757586527810 1053301303266.1774 0
1757586527873 3132576969738.696 1
1757586527940 6791939532424444.0 2
1757586528004 2.0596846840059286e+19 3
1757586528071 6.246379700241488e+22 4
1757586528153 1.8943316991313847e+26 5
1757586528247 5.7449158689629025e+29 6
1757586528332 1.7422533950413887e+33 7
1757586528416 5.283709912850681e+36 8
1757586528502 1.6023840460068889e+40 9
1757586528586 4.859529900861104e+43 10
1757586528664 1.473743508381235e+47 11
1757586528747 4.469403363710077e+50 12
1757586528814 1.3554303251509595e+54 13
1757586528880 4.1105964640742925e+57 14
1757586528945 1.2466154089165836e+61 15
1757586529021 3.780594839046655e+64 16
1757586529082 1.1465362320082268e+68 17
1757586529157 3.4770859805731257e+71 18
1757586529281 1.054491483022879e+75 19
1757586529362 3.1979430304007255e+78 20
1757586529447 9.698361523387176e+81 21
1757586529514 2.941209875978646e+85 22
1757586529585 8.91977012167827e+88 23
1757586529655 2.7050874428711453e+92 24
1757586529723 8.203684594735232e+95 25
1757586529796 2.487921087625333e+99 26
1757586529865 7.545086926212576e+102 27
1757586529937 2.288189002748503e+106 28
1757586530008 6.939361949707078e+109 29
1757586530079 2.104491552542227e+113 30
1757586530151 6.38226500767631e+116 31
1757586530223 1.9355414650633135e+120 32
1757586530292 5.869892206722105e+123 33
1757586530360 1.780154811481125e+127 34
1757586530429 5.398653060801307e+130 35
1757586530500 1.6372427096185913e+134 36
1757586530572 4.9652453306591255e+137 37
1757586530642 1.5058036935388468e+141 38
1757586530714 4.566631883170696e+144 39
1757586530784 1.384916695706932e+148 40
1757586530852 4.2000194084312824e+151 41
1757586530919 1.273734592548548e+155 42
1757586530991 3.862838845453774e+158 43
1757586531059 1.1714782681760196e+162 44
1757586531128 3.5527273793050905e+165 45
1757586531202 1.0774311546825481e+169 46
1757586531277 3.267511883525475e+172 47
1757586531347 9.90934210745553e+175 48
1757586531419 3.005193691802085e+179 49
1757586531489 9.11381303351331e+182 50
1757586531564 2.7639345921835905e+186 51
1757586531634 8.382149602781768e+189 52
1757586531705 2.5420439456892716e+193 53
1757586531776 7.709224635731819e+196 54
1757586531848 2.337966839045318e+200 55
1757586531931 7.090322566475171e+203 56
1757586532011 2.1502731885279994e+207 57
1757586532077 6.521106398126744e+210 58
1757586532148 1.9776477185580554e+214 59
1757586532219 5.997587311014252e+217 60
1757586532289 1.8188807448207433e+221 61
1757586532359 5.516096710762493e+224 62
1757586532428 1.672859697323561e+228 63
1757586532499 5.07326052037736e+231 64
1757586532572 1.5385613239889886e+235 65
1757586532642 4.665975536179772e+238 66
1757586532714 1.415044520148355e+242 67
1757586532787 4.291387681902204e+245 68
1757586532858 1.301443733689115e+249 69
1757586532930 3.946872008561777e+252 70
1757586533000 1.1969628996415486e+256 71
1757586533069 3.6300142999579634e+259 72
1757586533141 1.10086986170126e+263 73
1757586533207 3.338594154894061e+266 74
1757586533276 1.0124912415957762e+270 75
1757586533348 3.070569427569983e+273 76
1757586533420 9.312077203421006e+276 77
1757586533492 2.824061917111525e+280 78
1757586533565 8.564496983282846e+283 79
1757586533650 2.5973442059544047e+287 80
1757586533725 7.876933038067391e+290 81
1757586533801 2.3888275548522628e+294 82
1757586533868 7.244567218285666e+297 83
1757586533938 2.197050769682083e+301 84
1757586534008 inf 85
1757586534080 inf 86
