1757581029234 9170390538246.408 0
1757581029704 114151550.26491001 1
1757581030168 215263037349.18277 2
1757581030668 1607133923177.6028 3
1757581031175 11526366433.891996 4
1757581031651 540520137517.8305 5
1757581032134 101988344990.09422 6
1757581032611 477416590219.951 7
1757581033083 1683354413.1545465 8
1757581033542 13171662640.224619 9
1757581034008 20887466024.821346 10
1757581034478 27384757609.95276 11
1757581034936 4229325325.527714 12
1757581035442 91149743015.51894 13
1757581036105 7668594141.083221 14
1757581036775 39454017956.93944 15
1757581037453 27130260350.28511 16
1757581038126 26254801481.444702 17
1757581038810 20992853587.5765 18
1757581039475 173632791473.6209 19
1757581040142 192268942529.77872 20
1757581040816 11778330423.939095 21
1757581041489 188200374202.01007 22
1757581042170 313519957729.80334 23
1757581042839 42367746749.28088 24
1757581043498 60643589586.50382 25
1757581044163 38170346274.28144 26
1757581044829 9725048318.718966 27
1757581045496 125683983182.20164 28
1757581046080 9588169654.125944 29
1757581046756 87987146265.09323 30
1757581047332 7173931238.765047 31
1757581047962 19679405642.547604 32
1757581048644 40758469366.03765 33
1757581049293 39288535766.54149 34
1757581049924 27266979634.495846 35
1757581050511 4825299098.651023 36
1757581051183 111249176.04573317 37
1757581051877 138664137028.15775 38
1757581052579 279262460457.2185 39
1757581053272 2668483457355.507 40
1757581053949 58123097640.86153 41
1757581054618 55791873640.975655 42
1757581055294 28541054014.03925 43
1757581055982 8551588204000.878 44
1757581056623 24409786109.654137 45
1757581057214 5432242693.491995 46
1757581057855 95738072972.40764 47
1757581058528 79206707472.8417 48
1757581059217 48013889951.48039 49
1757581059885 771657588.4068377 50
1757581060561 2742408659.1539984 51
1757581061232 17766424776.17432 52
1757581061902 36916653.18262457 53
1757581062563 68449.71835786037 54
1757581063236 2287209873.082318 55
1757581063909 16736290133.550905 56
1757581064582 9572630015.309372 57
1757581065254 220613108355.95428 58
1757581065827 4676996334.2543 59
1757581066418 60725323042.96448 60
1757581066980 86106464644.90155 61
1757581067638 133662701029.73166 62
1757581068128 2369135261847.8604 63
1757581068762 258698659102.5881 64
1757581069382 314499543414.62024 65
1757581070034 79259720153.30142 66
1757581070667 3630194352.7796745 67
1757581071298 3392308773.070507 68
1757581071918 696593080.0845244 69
1757581072532 2475326099.1187644 70
1757581073197 40121485372.931625 71
1757581073742 187248929046.99567 72
1757581074376 47847558.08943551 73
1757581074988 1064278680171.9438 74
1757581075612 13086677329.63522 75
1757581076254 89263373170.7411 76
1757581076859 629433682.9070426 77
1757581077530 74894477004.3808 78
1757581078184 12097061531.023476 79
1757581078861 253134668880.3117 80
1757581079545 52801642083.54931 81
1757581080221 508179694.55406994 82
1757581080901 82529267893.80139 83
1757581081575 323337479575.962 84
1757581082231 34356109091.08334 85
1757581082908 1113518281.2657733 86
1757581083573 8013349057.709785 87
1757581084233 45612118827.77153 88
1757581084903 329271319285.001 89
1757581085567 9820150859.035868 90
1757581086238 250986814210.67752 91
1757581086910 46451365148.42756 92
1757581087572 23758092619.614887 93
1757581088120 67480150068.429474 94
1757581088709 134295930877.04558 95
1757581089320 2419756129535.5146 96
1757581089993 4099508910273.454 97
1757581090663 3290504194.2610083 98
1757581091326 4781454770.903254 99
1757581091992 210003112277.90045 100
1757581092658 4172679809.342973 101
1757581093326 1921269136.33424 102
1757581093986 91436849884.68639 103
1757581094650 3661860835892.6904 104
1757581095317 728193523.645838 105
1757581095987 74805973027.97903 106
1757581096602 755310267.5249882 107
1757581097238 4381200274.180635 108
1757581097760 114385080420.48376 109
1757581098388 247310218058.8176 110
1757581099006 2859092877.241526 111
1757581099598 24699974394.080723 112
1757581100273 178623040456.68466 113
1757581100955 11790245853.915152 114
1757581101622 126801125221.91026 115
1757581102312 628956378989.4069 116
1757581102988 146337298112.88272 117
1757581103663 153628929436.7846 118
1757581104329 521306743247.91656 119
1757581105007 10777452326.515566 120
1757581105674 414173.25066969387 121
1757581106343 586050504353.9243 122
1757581107020 26602996074.86737 123
1757581107681 804799356.6934544 124
1757581108352 10493807475.304136 125
1757581109024 36156411875.27093 126
1757581109680 9083209703510.408 127
1757581110343 6626742167.413054 128
1757581111009 833850937.1892315 129
1757581111698 29776752771.0703 130
1757581112381 75422193362.39066 131
1757581113058 17754604049.363415 132
1757581113723 176381786590.7994 133
1757581114377 28064465602.881237 134
1757581114906 1518652029.1717343 135
1757581115526 1517443283.9783444 136
1757581116015 593745860.1596779 137
1757581116617 111417916.9705238 138
1757581117205 21427588247.9759 139
1757581117880 3863557031.348973 140
1757581118569 126423824381.82181 141
1757581119241 2516589809.8371644 142
1757581119897 89551957954.58707 143
1757581120580 244224931663.46005 144
1757581121249 2253291651.0778775 145
1757581121934 191357433228.4845 146
1757581122514 717442225.5861292 147
1757581123147 116522276541.64613 148
1757581123830 104009953329.04619 149
1757581124319 70788526300.59862 150
1757581124809 32485913941.928825 151
1757581125273 78941097223.29929 152
1757581125773 277208378118.6849 153
1757581126271 1591830487.3643687 154
1757581126754 1514599500.9099827 155
1757581127256 2663017089.544194 156
1757581127767 23239485703.125664 157
1757581128259 26252862625.43449 158
1757581128739 132360694364.88141 159
1757581129220 99730634432.0328 160
