1757545217099 1053300555976.6831 0
1757545217154 1051192456727.9001 1
1757545217213 1049091374129.5304 2
1757545217273 1046997278903.7537 3
1757545217329 1044910141916.8713 4
1757545217388 1042829934178.5272 5
1757545217445 1040756626840.9305 6
1757545217497 1038690191198.083 7
1757545217556 1036630598685.0115 8
1757545217617 1034577820877.0043 9
1757545217672 1032531829488.8524 10
1757545217735 1030492596374.0946 11
1757545217790 1028460093524.2668 12
1757545217850 1026434293068.1561 13
1757545217926 1024415167271.058 14
1757545218027 1022402688534.0396 15
1757545218127 1020396829393.206 16
1757545218214 1018397562518.9702 17
1757545218310 1016404860715.3284 18
1757545218412 1014418696919.1383 19
1757545218508 1012439044199.4028 20
1757545218593 1010465875756.557 21
1757545218688 1008499164921.7582 22
1757545218781 1006538885156.1826 23
1757545218876 1004585010050.3229 24
1757545218967 1002637513323.2926 25
1757545219063 1000696368822.1326 26
1757545219169 998761550521.1217 27
1757545219261 996833032521.0929 28
1757545219343 994910789048.7502 29
1757545219429 992994794455.9928 30
1757545219513 991085023219.2413 31
1757545219606 989181449938.7676 32
1757545219699 987284049338.0289 33
1757545219829 985392796263.007 34
1757545219884 983507665681.5476 35
1757545219943 981628632682.7076 36
1757545219997 979755672476.1039 37
1757545220052 977888760391.2651 38
1757545220108 976027871876.9888 39
1757545220166 974172982500.7024 40
1757545220227 972324067947.8246 41
1757545220286 970481104021.1351 42
1757545220341 968644066640.1443 43
1757545220402 966812931840.4677 44
1757545220461 964987675773.2042 45
1757545220519 963168274704.318 46
1757545220575 961354705014.023 47
1757545220628 959546943196.1708 48
1757545220687 957744965857.6443 49
1757545220751 955948749717.752 50
1757545220807 954158271607.6267 51
1757545220866 952373508469.6283 52
1757545220927 950594437356.7488 53
1757545220986 948821035432.022 54
1757545221047 947053279967.9354 55
1757545221105 945291148345.8452 56
1757545221162 943534618055.3964 57
1757545221220 941783666693.9445 58
1757545221276 940038271965.9805 59
1757545221336 938298411682.56 60
1757545221394 936564063760.7361 61
1757545221468 934835206222.9928 62
1757545221526 933111817196.6837 63
1757545221581 931393874913.4755 64
1757545221639 929681357708.7897 65
1757545221698 927974244021.2523 66
1757545221756 926272512392.1447 67
1757545221812 924576141464.8568 68
1757545221870 922885109984.3442 69
1757545221926 921199396796.5895 70
1757545221986 919518980848.0635 71
1757545222044 917843841185.1942 72
1757545222104 916173956953.8328 73
1757545222165 914509307398.7281 74
1757545222226 912849871863.0012 75
1757545222290 911195629787.6239 76
1757545222357 909546560710.8981 77
1757545222428 907902644267.9424 78
1757545222492 906263860190.1772 79
1757545222552 904630188304.8153 80
1757545222609 903001608534.3534 81
1757545222674 901378100896.0697 82
1757545222733 899759645501.5203 83
1757545222790 898146222556.041 84
1757545222845 896537812358.252 85
1757545222905 894934395299.5635 86
1757545222961 893335951863.6866 87
1757545223020 891742462626.1438 88
1757545223078 890153908253.7859 89
1757545223137 888570269504.3083 90
1757545223195 886991527225.7731 91
1757545223252 885417662356.13 92
1757545223313 883848655922.7445 93
1757545223372 882284489041.9249 94
1757545223433 880725142918.4541 95
1757545223492 879170598845.1228 96
1757545223548 877620838202.2668 97
1757545223602 876075842457.3053 98
1757545223660 874535593164.2827 99
1757545223717 873000071963.4125 100
1757545223774 871469260580.6246 101
1757545223830 869943140827.1146 102
1757545223891 868421694598.8948 103
1757545223950 866904903876.3486 104
1757545224009 865392750723.7883 105
1757545224062 863885217289.0133 106
1757545224124 862382285802.8724 107
1757545224181 860883938578.8281 108
1757545224245 859390158012.5225 109
1757545224313 857900926581.3472 110
1757545224383 856416226844.0143 111
1757545224441 854936041440.1311 112
1757545224496 853460353089.7745 113
1757545224555 851989144593.0718 114
1757545224616 850522398829.7805 115
1757545224675 849060098758.8717 116
1757545224743 847602227418.1161 117
1757545224801 846148767923.6716 118
1757545224866 844699703469.6741 119
1757545224932 843255017327.8295 120
1757545225014 841814692847.0088 121
1757545225072 840378713452.8457 122
1757545225138 838947062647.3347 123
1757545225198 837519724008.4343 124
1757545225259 836096681189.6691 125
1757545225319 834677917919.7375 126
1757545225383 833263418002.1194 127
1757545225442 831853165314.6849 128
1757545225506 830447143809.3102 129
1757545225564 829045337511.4895 130
1757545225624 827647730519.9529 131
1757545225683 826254307006.2859 132
1757545225739 824865051214.5498 133
1757545225795 823479947460.9055 134
1757545225853 822098980133.2385 135
1757545225915 820722133690.7869 136
1757545225978 819349392663.7697 137
1757545226033 817980741653.0199 138
1757545226096 816616165329.6174 139
1757545226155 815255648434.5251 140
1757545226212 813899175778.2251 141
1757545226272 812546732240.361 142
1757545226331 811198302769.377 143
1757545226390 809853872382.1637 144
1757545226470 808513426163.7029 145
1757545226527 807176949266.7148 146
1757545226589 805844426911.3087 147
1757545226644 804515844384.6337 148
1757545226702 803191187040.5323 149
1757545226760 801870440299.1969 150
1757545226822 800553589646.8254 151
1757545226878 799240620635.2819 152
1757545226937 797931518881.7576 153
1757545226996 796626270068.4327 154
1757545227054 795324859942.1431 155
1757545227110 794027274314.0454 156
1757545227169 792733499059.2867 157
1757545227241 791443520116.6746 158
1757545227301 790157323488.3496 159
1757545227360 788874895239.459 160
1757545227421 787596221497.8328 161
1757545227479 786321288453.6615 162
1757545227542 785050082359.1757 163
1757545227600 783782589528.327 164
1757545227658 782518796336.4713 165
1757545227715 781258689220.0535 166
1757545227775 780002254676.294 167
1757545227844 778749479262.8762 168
1757545227899 777500349597.6385 169
1757545227958 776254852358.264 170
1757545228016 775012974281.974 171
1757545228080 773774702165.2245 172
1757545228137 772540022863.4016 173
1757545228197 771308923290.521 174
1757545228257 770081390418.9266 175
1757545228319 768857411278.9943 176
1757545228375 767636972958.8337 177
1757545228444 766420062603.9941 178
1757545228515 765206667417.1705 179
1757545228580 763996774657.913 180
1757545228638 762790371642.3348 181
1757545228701 761587445742.8262 182
1757545228763 760387984387.7654 183
1757545228819 759191975061.2346 184
1757545228882 757999405302.7361 185
1757545228938 756810262706.9092 186
1757545228993 755624534923.2505 187
1757545229058 754442209655.8346 188
1757545229117 753263274663.0366 189
1757545229188 752087717757.2555 190
1757545229251 750915526804.6406 191
1757545229316 749746689724.818 192
1757545229375 748581194490.619 193
1757545229435 747419029127.8104 194
1757545229497 746260181714.8262 195
1757545229556 745104640382.4999 196
1757545229618 743952393313.7992 197
1757545229675 742803428743.562 198
1757545229737 741657734958.2346 199
1757545229798 740515300295.6086 200
1757545229859 739376113144.5625 201
1757545229919 738240161944.8032 202
1757545229978 737107435186.6086 203
1757545230038 735977921410.5725 204
1757545230100 734851609207.3503 205
1757545230164 733728487217.4066 206
1757545230222 732608544130.7632 207
1757545230280 731491768686.7496 208
1757545230339 730378149673.7544 209
1757545230402 729267675928.9781 210
1757545230463 728160336338.187 211
1757545230533 727056119835.4688 212
1757545230599 725955015402.9891 213
1757545230666 724857012070.7509 214
1757545230726 723762098916.3516 215
1757545230786 722670265064.7462 216
1757545230847 721581499688.0083 217
1757545230908 720495792005.0931 218
1757545230972 719413131281.603 219
1757545231033 718333506829.5531 220
1757545231091 717256908007.1383 221
1757545231155 716183324218.5024 222
1757545231212 715112744913.507 223
1757545231273 714045159587.5034 224
1757545231338 712980557781.1046 225
1757545231399 711918929079.9586 226
1757545231462 710860263114.5234 227
1757545231522 709804549559.8433 228
1757545231584 708751778135.3253 229
1757545231643 707701938604.5184 230
1757545231701 706655020774.8926 231
1757545231769 705611014497.6202 232
1757545231828 704569909667.3578 233
1757545231890 703531696222.0292 234
1757545231954 702496364142.6101 235
1757545232015 701463903452.9135 236
1757545232078 700434304219.3766 237
1757545232139 699407556550.8486 238
1757545232204 698383650598.3804 239
1757545232258 697362576555.0133 240
1757545232320 696344324655.5717 241
1757545232382 695328885176.4556 242
1757545232462 694316248435.4331 243
1757545232524 693306404791.4362 244
1757545232588 692299344644.3563 245
1757545232646 691295058434.8411 246
1757545232713 690293536644.0925 247
1757545232779 689294769793.6663 248
1757545232844 688298748445.2719 249
1757545232902 687305463200.5739 250
1757545232971 686314904700.9941 251
1757545233032 685327063627.5162 252
1757545233095 684341930700.4888 253
1757545233165 683359496679.4314 254
1757545233226 682379752362.8423 255
1757545233287 681402688588.0043 256
1757545233352 680428296230.7953 257
1757545233413 679456566205.4967 258
1757545233478 678487489464.6051 259
1757545233537 677521056998.6438 260
1757545233603 676557259835.9755 261
1757545233663 675596089042.6163 262
1757545233730 674637535722.0509 263
1757545233798 673681591015.0477 264
1757545233860 672728246099.4767 265
1757545233922 671777492190.126 266
1757545233980 670829320538.5222 267
1757545234038 669883722432.749 268
1757545234101 668940689197.2686 269
1757545234161 668000212192.7428 270
1757545234220 667062282815.8569 271
1757545234283 666126892499.1423 272
1757545234337 665194032710.8014 273
1757545234397 664263694954.5333 274
1757545234456 663335870769.3604 275
1757545234522 662410551729.4554 276
1757545234585 661487729443.97 277
1757545234642 660567395556.8646 278
1757545234702 659649541746.7375 279
1757545234763 658734159726.657 280
1757545234831 657821241243.9926 281
1757545234890 656910778080.2485 282
1757545234965 656002762050.898 283
1757545235037 655097185005.2161 284
1757545235100 654194038826.1179 285
1757545235162 653293315429.9928 286
1757545235223 652395006766.5433 287
1757545235284 651499104818.6228 288
1757545235346 650605601602.074 289
1757545235410 649714489165.5704 290
1757545235473 648825759590.4558 291
1757545235538 647939404990.5868 292
1757545235602 647055417512.1741 293
1757545235664 646173789333.6283 294
1757545235725 645294512665.4012 295
1757545235788 644417579749.8333 296
1757545235849 643542982860.9982 297
1757545235914 642670714304.5494 298
1757545235976 641800766417.5686 299
1757545236038 640933131568.4141 300
1757545236105 640067802156.5684 301
1757545236172 639204770612.4901 302
1757545236234 638344029397.4637 303
1757545236298 637485571003.4509 304
1757545236358 636629387952.9435 305
1757545236452 635775472798.8169 306
1757545236513 634923818124.1824 307
1757545236573 634074416542.2439 308
1757545236637 633227260696.152 309
1757545236692 632382343258.8612 310
1757545236755 631539656932.986 311
1757545236818 630699194450.6589 312
1757545236883 629860948573.39 313
1757545236946 629024912091.9244 314
1757545237009 628191077826.1044 315
1757545237075 627359438624.7281 316
1757545237135 626529987365.4125 317
1757545237198 625702716954.4551 318
1757545237257 624877620326.6971 319
1757545237321 624054690445.3871 320
1757545237379 623233920302.0453 321
1757545237440 622415302916.3289 322
1757545237503 621598831335.8981 323
1757545237566 620784498636.2822 324
1757545237628 619972297920.7476 325
1757545237693 619162222320.1649 326
1757545237758 618354264992.8789 327
1757545237820 617548419124.5765 328
1757545237886 616744677928.1577 329
1757545237950 615943034643.6062 330
1757545238008 615143482537.8612 331
1757545238071 614346014904.6885 332
1757545238149 613550625064.5547 333
1757545238210 612757306364.4998 334
1757545238275 611966052178.0111 335
1757545238341 611176855904.899 336
1757545238402 610389710971.1724 337
1757545238464 609604610828.9131 338
1757545238527 608821548956.1554 339
1757545238591 608040518856.7609 340
1757545238647 607261514060.2987 341
1757545238714 606484528121.9227 342
1757545238778 605709554622.2516 343
1757545238836 604936587167.249 344
1757545238905 604165619388.1039 345
1757545238972 603396644941.1113 346
1757545239037 602629657507.5555 347
1757545239103 601864650793.592 348
1757545239171 601101618530.13 349
1757545239230 600340554472.7168 350
1757545239294 599581452401.422 351
1757545239354 598824306120.7229 352
1757545239423 598069109459.3895 353
1757545239483 597315856270.371 354
1757545239547 596564540430.6823 355
1757545239616 595815155841.2915 356
1757545239677 595067696427.0083 357
1757545239743 594322156136.3723 358
1757545239809 593578528941.5414 359
1757545239877 592836808838.1826 360
1757545239947 592096989845.3619 361
1757545240025 591359066005.4352 362
1757545240103 590623031383.9391 363
1757545240189 589888880069.4843 364
1757545240257 589156606173.6467 365
1757545240329 588426203830.8619 366
1757545240404 587697667198.3177 367
1757545240477 586970990455.849 368
1757545240543 586246167805.8328 369
1757545240620 585523193473.0829 370
1757545240682 584802061704.7463 371
1757545240746 584082766770.1997 372
1757545240808 583365302960.946 373
1757545240873 582649664590.5125 374
1757545240946 581935845994.3481 375
1757545241010 581223841529.723 376
1757545241090 580513645575.6271 377
1757545241172 579805252532.6692 378
1757545241253 579098656822.9785 379
1757545241325 578393852890.1042 380
1757545241392 577690835198.9174 381
1757545241463 576989598235.5116 382
1757545241530 576290136507.107 383
1757545241592 575592444541.9512 384
1757545241664 574896516889.2236 385
1757545241734 574202348118.9388 386
1757545241809 573509932821.8512 387
1757545241876 572819265609.3589 388
1757545241942 572130341113.4102 389
1757545242014 571443153986.408 390
1757545242079 570757698901.117 391
1757545242152 570073970550.5701 392
1757545242216 569391963647.9753 393
1757545242287 568711672926.6241 394
1757545242357 568033093139.799 395
1757545242447 567356219060.6818 396
1757545242530 566681045482.2639 397
1757545242597 566007567217.2551 398
1757545242680 565335779097.9933 399
1757545242749 564665675976.3561 400
1757545242819 563997252723.6704 401
1757545242881 563330504230.6251 402
1757545242949 562665425407.182 403
1757545243021 562002011182.4889 404
1757545243089 561340256504.7916 405
1757545243161 560680156341.3481 406
1757545243238 560021705678.3413 407
1757545243311 559364899520.7941 408
1757545243376 558709732892.4828 409
1757545243446 558056200835.8533 410
1757545243514 557404298411.936 411
1757545243580 556754020700.2616 412
1757545243648 556105362798.7775 413
1757545243715 555458319823.7646 414
1757545243791 554812886909.7546 415
1757545243860 554169059209.4474 416
1757545243932 553526831893.6292 417
1757545243993 552886200151.0908 418
1757545244061 552247159188.547 419
1757545244123 551609704230.5548 420
1757545244186 550973830519.4348 421
1757545244252 550339533315.1895 422
1757545244314 549706807895.4247 423
1757545244379 549075649555.2703 424
1757545244442 548446053607.30225 425
1757545244505 547818015381.46295 426
1757545244572 547191530224.9845 427
1757545244638 546566593502.3108 428
1757545244703 545943200595.02045 429
1757545244765 545321346901.7502 430
1757545244830 544701027838.1186 431
1757545244894 544082238836.65 432
1757545244965 543464975346.69946 433
1757545245048 542849232834.3769 434
1757545245115 542235006782.4728 435
1757545245180 541622292690.384 436
1757545245247 541011086074.03937 437
1757545245318 540401382465.82654 438
1757545245385 539793177414.5181 439
1757545245448 539186466485.1997 440
1757545245516 538581245259.1959 441
1757545245582 537977509334.0003 442
1757545245655 537375254323.20184 443
1757545245721 536774475856.4143 444
1757545245779 536175169579.20544 445
1757545245843 535577331153.02563 446
1757545245906 534980956255.13794 447
1757545245971 534386040578.5487 448
1757545246036 533792579831.9368 449
1757545246100 533200569739.5852 450
1757545246163 532610006041.31195 451
1757545246228 532020884492.4015 452
1757545246294 531433200863.53644 453
1757545246358 530846950940.73 454
1757545246421 530262130525.2581 455
1757545246485 529678735433.59247 456
1757545246551 529096761497.33356 457
1757545246622 528516204563.14453 458
1757545246688 527937060492.68445 459
1757545246753 527359325162.54297 460
1757545246821 526782994464.17456 461
1757545246892 526208064303.83344 462
1757545246956 525634530602.5091 463
1757545247018 525062389295.8607 464
1757545247080 524491636334.1544 465
1757545247144 523922267682.19836 466
1757545247205 523354279319.27936 467
1757545247275 522787667239.1004 468
1757545247341 522222427449.71655 469
1757545247410 521658555973.47345 470
1757545247474 521096048846.9442 471
1757545247542 520534902120.8684 472
1757545247605 519975111860.08923 473
1757545247673 519416674143.49316 474
1757545247737 518859585063.9485 475
1757545247802 518303840728.2445 476
1757545247870 517749437257.0315 477
1757545247934 517196370784.76013 478
1757545247995 516644637459.622 479
1757545248060 516094233443.48987 480
1757545248120 515545154911.85876 481
1757545248182 514997398053.78656 482
1757545248246 514450959071.83575 483
1757545248311 513905834182.0151 484
1757545248375 513362019613.7213 485
1757545248439 512819511609.68164 486
1757545248504 512278306425.896 487
1757545248567 511738400331.5802 488
1757545248631 511199789609.1087 489
1757545248695 510662470553.9584 490
1757545248759 510126439474.6515 491
1757545248820 509591692692.70074 492
1757545248895 509058226542.5524 493
1757545248963 508526037371.53143 494
1757545249027 507995121539.78613 495
1757545249096 507465475420.2329 496
1757545249163 506937095398.50226 497
1757545249227 506409977872.8837 498
1757545249292 505884119254.27203 499
