1757591192492 1064044852745.9127 0
1757591192559 868232787696.4478 1
1757591192627 729418989284.1705 2
1757591192697 627510993967.5535 3
1757591192777 550674284490.0042 4
1757591192846 491583495493.05725 5
1757591192917 445473680542.59174 6
1757591192987 409101188668.335 7
1757591193054 380171092143.4701 8
1757591193119 357008864836.0151 9
1757591193187 338363443747.6047 10
1757591193257 323283416654.5893 11
1757591193323 311035590506.9191 12
1757591193388 301049240588.1216 13
1757591193456 292876642480.23334 14
1757591193523 286164377647.45044 15
1757591193592 280632038600.4225 16
1757591193660 276056175558.3367 17
1757591193733 272258047975.55402 18
1757591193802 269094191022.37076 19
1757591193867 266449095376.00494 20
1757591193983 264229491743.0817 21
1757591194052 262359864990.27756 22
1757591194120 260778917410.14377 23
1757591194188 259436769155.71057 24
1757591194256 258292734256.86438 25
1757591194330 257313548147.38873 26
1757591194398 256471950850.4424 27
1757591194467 255745551372.14844 28
1757591194536 255115915198.628 29
1757591194605 254567829351.9882 30
1757591194672 254088709164.57486 31
1757591194739 253668118464.69974 32
1757591194808 253297380742.62543 33
1757591194876 252969263466.9187 34
1757591194942 252677721338.58792 35
1757591195009 252417687124.2731 36
1757591195080 252184900968.7446 37
1757591195149 251975770880.52737 38
1757591195221 251787258512.5296 39
1757591195287 251616785499.54242 40
1757591195353 251462156526.68973 41
1757591195421 251321496034.45532 42
1757591195489 251193196053.76907 43
1757591195557 251075873137.89844 44
1757591195622 250968332739.55652 45
1757591195690 250869539689.92154 46
1757591195766 250778593685.6354 47
1757591195833 250694708891.8523 48
1757591195898 250617196933.24 49
1757591195963 250545452677.8788 50
1757591196027 250478942327.1611 51
1757591196091 250417193412.82034 52
1757591196155 250359786373.9376 53
1757591196219 250306347445.2636 54
1757591196282 250256542635.94778 55
1757591196346 250210072616.78958 56
1757591196410 250166668366.0532 57
1757591196474 250126087450.0293 58
1757591196538 250088110835.95737 59
1757591196608 250052540152.5124 60
1757591196673 250019195327.50534 61
1757591196735 249987912544.33273 62
1757591196798 249958542468.49713 63
1757591196860 249930948703.5892 64
1757591196922 249905006442.7853 65
1757591196987 249880601287.42172 66
1757591197050 249857628208.76855 67
1757591197114 249835990632.90887 68
1757591197176 249815599631.76968 69
1757591197242 249796373205.96667 70
1757591197306 249778235647.3033 71
1757591197369 249761116970.58652 72
1757591197432 249744952405.94226 73
1757591197496 249729681944.09537 74
1757591197559 249715249928.1489 75
1757591197622 249701604686.30466 76
1757591197686 249688698200.73123 77
1757591197749 249676485808.4313 78
1757591197812 249664925930.50934 79
1757591197875 249653979826.7115 80
1757591197938 249643611372.5013 81
1757591198005 249633786856.28424 82
1757591198076 249624474794.6807 83
1757591198141 249615645764.00146 84
1757591198209 249607272246.29843 85
1757591198276 249599328488.5482 86
1757591198340 249591790373.6925 87
1757591198405 249584635302.39984 88
1757591198469 249577842084.53748 89
1757591198533 249571390839.45105 90
1757591198597 249565262904.24463 91
1757591198666 249559440749.33694 92
1757591198733 249553907900.64566 93
1757591198798 249548648867.81287 94
1757591198862 249543649077.9476 95
1757591198934 249538894814.40872 96
1757591198999 249534373160.1986 97
1757591199064 249530071945.58047 98
1757591199130 249525979699.56506 99
1757591199198 249522085604.94864 100
1757591199264 249518379456.61127 101
1757591199331 249514851622.811 102
1757591199396 249511493009.2346 103
1757591199462 249508295025.58438 104
1757591199526 249505249554.5024 105
1757591199592 249502348922.6483 106
1757591199658 249499585873.76514 107
1757591199724 249496953543.58008 108
1757591199790 249494445436.39984 109
1757591199855 249492055403.27383 110
1757591199920 249489777621.6069 111
1757591199986 249487606576.1144 112
1757591200052 249485537041.0207 113
1757591200118 249483564063.4099 114
1757591200183 249481682947.64612 115
1757591200247 249479889240.7857 116
1757591200312 249478178718.9108 117
1757591200376 249476547374.31973 118
1757591200440 249474991403.5131 119
1757591200504 249473507195.92108 120
1757591200570 249472091323.32062 121
1757591200633 249470740529.89444 122
1757591200699 249469451722.89008 123
1757591200764 249468221963.83603 124
1757591200828 249467048460.28058 125
