1757569464027 1019578794230.9694 0
1757569464089 992841162433.9773 1
1757569464147 955129087183.282 2
1757569464213 913503096850.3997 3
1757569464273 871469550146.56 4
1757569464340 830960175476.8011 5
1757569464403 792734563501.777 6
1757569464468 757001258972.8828 7
1757569464544 723785514571.1758 8
1757569464603 692998802348.0833 9
1757569464668 664492180811.7832 10
1757569464730 638105747417.2385 11
1757569464790 613681391511.6538 12
1757569464856 591065863755.5144 13
1757569464922 570115314021.7103 14
1757569464980 550696699314.6737 15
1757569465047 532687202601.55347 16
1757569465106 515973808964.83276 17
1757569465180 500452805297.73816 18
1757569465252 486029053186.77594 19
1757569465314 472615290868.5554 20
1757569465381 460131503374.10156 21
1757569465443 448504318682.6698 22
1757569465506 437666444649.10156 23
1757569465571 427556156164.6786 24
1757569465629 418116824610.05084 25
1757569465690 409296485813.26306 26
1757569465753 401047445146.34155 27
1757569465815 393325916541.8653 28
1757569465877 386091692269.7737 29
1757569465944 379307841016.26495 30
1757569466010 372940431885.39667 31
1757569466071 366958282042.22253 32
1757569466134 361332725958.56573 33
1757569466193 356037404406.4162 34
1757569466258 351048071489.9929 35
1757569466321 346342418158.01404 36
1757569466382 341899910797.6995 37
1757569466442 337701643512.88794 38
1757569466510 333730203065.81836 39
1757569466574 329969545268.7277 40
1757569466639 326404881875.7412 41
1757569466700 323022577070.5543 42
1757569466757 319810052724.14655 43
1757569466822 316755701668.44586 44
1757569466886 313848808297.19354 45
1757569466954 311079475864.9179 46
1757569467019 308438559909.41693 47
1757569467079 305917607272.89764 48
1757569467143 303508800242.3386 49
1757569467205 301204905371.0992 50
1757569467270 298999226581.6452 51
1757569467331 296885562183.8256 52
1757569467395 294858165474.68475 53
1757569467458 292911708614.6277 54
1757569467522 291041249501.06525 55
1757569467579 289242201384.71075 56
1757569467641 287510304995.6411 57
1757569467701 285841602966.2872 58
1757569467767 284232416356.82007 59
1757569467827 282679323107.8952 60
1757569467886 281179138246.0781 61
1757569467954 279728895713.6734 62
1757569468016 278325831671.5662 63
1757569468074 276967369155.60565 64
1757569468142 275651103972.8913 65
1757569468208 274374791734.07153 66
1757569468271 273136335926.65387 67
1757569468332 271933776942.4416 68
1757569468408 270765281979.6258 69
1757569468471 269629135746.82986 70
1757569468569 268523731902.59372 71
1757569468641 267447565169.43442 72
1757569468715 266399224066.78818 73
1757569468781 265377384211.85913 74
1757569468854 264380802141.71646 75
1757569468932 263408309613.9238 76
1757569468994 262458808346.59344 77
1757569469059 261531265162.05154 78
1757569469127 260624707501.31693 79
1757569469189 259738219279.3481 80
1757569469250 258870937053.53723 81
1757569469315 258022046480.23068 82
1757569469377 257190779036.1647 83
1757569469440 256376408983.63254 84
1757569469506 255578250559.96222 85
1757569469567 254795655384.08856 86
1757569469633 254028010015.83728 87
1757569469694 253274733736.39474 88
1757569469758 252535276469.6774 89
1757569469820 251809116853.2455 90
1757569469883 251095760446.8289 91
1757569469949 250394738067.6557 92
1757569470010 249705604242.73566 93
1757569470078 249027935769.08508 94
1757569470141 248361330373.63492 95
1757569470202 247705405465.2374 96
1757569470265 247059796971.80692 97
1757569470324 246424158256.1915 98
1757569470386 245798159104.88574 99
1757569470449 245181484784.16864 100
1757569470512 244573835158.6796 101
1757569470584 243974923867.843 102
1757569470654 243384477555.91345 103
1757569470727 242802235151.74725 104
1757569470797 242227947194.7111 105
1757569470871 241661375203.41788 106
1757569470954 241102291084.23938 107
1757569471028 240550476576.77835 108
1757569471087 240005722733.70227 109
1757569471145 239467829432.53897 110
1757569471212 238936604917.21756 111
1757569471272 238411865367.30652 112
1757569471334 237893434493.05515 113
1757569471400 237381143154.4877 114
1757569471460 236874829002.92932 115
1757569471530 236374336143.46417 116
1757569471594 235879514816.93655 117
1757569471669 235390221100.20782 118
1757569471733 234906316623.47662 119
1757569471793 234427668303.5555 120
1757569471856 233954148093.92667 121
1757569471920 233485632742.3204 122
1757569471989 233022003569.1979 123
1757569472051 232563146255.07175 124
1757569472109 232108950639.4438 125
1757569472171 231659310530.5936 126
1757569472232 231214123525.52692 127
1757569472293 230773290839.45407 128
1757569472358 230336717144.21713 129
1757569472421 229904310415.12735 130
1757569472487 229475981785.71143 131
1757569472551 229051645409.90137 132
1757569472614 228631218331.23105 133
1757569472676 228214620358.63498 134
1757569472735 227801773948.46817 135
1757569472796 227392604092.393 136
1757569472860 226987038210.80167 137
1757569472925 226585006051.4613 138
1757569472990 226186439593.09378 139
1757569473054 225791272953.6146 140
1757569473125 225399442302.77713 141
1757569473190 225010885778.9815 142
1757569473254 224625543410.02356 143
1757569473316 224243357037.57153 144
1757569473381 223864270245.1739 145
1757569473442 223488228289.60907 146
1757569473507 223115178035.40417 147
1757569473572 222745067892.35556 148
1757569473631 222377847755.89743 149
1757569473694 222013468950.1705 150
1757569473757 221651884173.65436 151
1757569473819 221293047447.2325 152
1757569473881 220936914064.5676 153
1757569473945 220583440544.672 154
1757569474013 220232584586.56293 155
1757569474078 219884305037.34366 156
1757569474142 219538561821.93347 157
1757569474207 219195315923.693 158
1757569474269 218854529344.96527 159
1757569474333 218516165069.98096 160
1757569474400 218180187029.68002 161
1757569474465 217846560068.1898 162
1757569474530 217515249910.79752 163
1757569474594 217186223133.30496 164
1757569474663 216859447132.6792 165
1757569474727 216534890098.9282 166
1757569474788 216212520988.1399 167
1757569474864 215892309496.62766 168
1757569474924 215574226036.13028 169
1757569474994 215258241710.01718 170
1757569475055 214944328290.4539 171
1757569475123 214632458196.48212 172
1757569475182 214322604472.97546 173
1757569475247 214014740770.42914 174
1757569475322 213708841325.5482 175
1757569475387 213404880942.59787 176
1757569475450 213102834975.48212 177
1757569475514 212802679310.51883 178
1757569475582 212504390349.88098 179
1757569475646 212207944995.67422 180
1757569475714 211913320634.6235 181
1757569475774 211620495123.34274 182
1757569475839 211329446774.16147 183
1757569475899 211040154341.4854 184
1757569475964 210752597008.66748 185
1757569476037 210466754375.36807 186
1757569476100 210182606445.3832 187
1757569476170 209900133626.72726 188
1757569476233 209619316690.6967 189
1757569476302 209340136781.8433 190
1757569476367 209062575405.97635 191
1757569476434 208786614419.29755 192
1757569476494 208512236018.27676 193
1757569476561 208239422730.06366 194
1757569476627 207968157403.32678 195
1757569476691 207698423199.45883 196
1757569476756 207430203584.11255 197
1757569476818 207163482319.04193 198
1757569476885 206898243454.23157 199
1757569476946 206634471320.29965 200
1757569477013 206372150521.16254 201
1757569477074 206111265926.94952 202
1757569477144 205851802667.15744 203
1757569477209 205593746124.03586 204
1757569477272 205337081926.19324 205
1757569477339 205081795942.41556 206
1757569477399 204827874275.68906 207
1757569477461 204575303257.41913 208
1757569477545 204324069441.83762 209
1757569477609 204074159600.59152 210
1757569477678 203825560717.50592 211
1757569477746 203578259983.51416 212
1757569477809 203332244791.74985 213
1757569477876 203087502732.79346 214
1757569477939 202844021590.0682 215
1757569478011 202601789335.3797 216
1757569478086 202360794124.59378 217
1757569478155 202121024293.44714 218
1757569478227 201882468353.4864 219
1757569478294 201645114988.1306 220
1757569478363 201408953048.85223 221
1757569478431 201173971551.47287 222
1757569478495 200940159672.56934 223
1757569478564 200707506745.98605 224
1757569478628 200476002259.44968 225
1757569478702 200245635851.28287 226
1757569478771 200016397307.21323 227
1757569478855 199788276557.27393 228
1757569478923 199561263672.79318 229
1757569478988 199335348863.46902 230
1757569479073 199110522474.52695 231
1757569479144 198886774983.95667 232
1757569479213 198664096999.8261 233
1757569479277 198442479257.6696 234
1757569479346 198221912617.94742 235
1757569479412 198002388063.57507 236
1757569479474 197783896697.51883 237
1757569479544 197566429740.4563 238
1757569479611 197349978528.4993 239
1757569479681 197134534510.97702 240
1757569479757 196920089248.2777 241
1757569479820 196706634409.74634 242
1757569479887 196494161771.63736 243
1757569479955 196282663215.11972 244
1757569480026 196072130724.33356 245
1757569480090 195862556384.49536 246
1757569480154 195653932380.052 247
1757569480217 195446250992.88004 248
1757569480286 195239504600.53073 249
1757569480352 195033685674.51776 250
1757569480418 194828786778.64728 251
1757569480479 194624800567.38867 252
1757569480541 194421719784.28464 253
1757569480613 194219537260.39963 254
1757569480680 194018245912.80515 255
1757569480747 193817838743.10144 256
1757569480812 193618308835.9733 257
1757569480885 193419649357.7802 258
1757569480956 193221853555.17908 259
1757569481018 193024914753.77878 260
1757569481093 192828826356.8254 261
1757569481162 192633581843.91772 262
1757569481227 192439174769.75134 263
1757569481291 192245598762.89166 264
1757569481358 192052847524.57343 265
1757569481433 191860914827.5277 266
1757569481508 191669794514.83408 267
1757569481573 191479480498.79837 268
1757569481639 191289966759.85464 269
1757569481708 191101247345.49072 270
1757569481773 190913316369.19727 271
1757569481842 190726168009.43866 272
1757569481919 190539796508.64633 273
1757569481987 190354196172.23257 274
1757569482057 190169361367.62595 275
1757569482121 189985286523.32562 276
1757569482183 189801966127.97632 277
1757569482255 189619394729.46143 278
1757569482322 189437566934.01535 279
1757569482390 189256477405.35318 280
1757569482456 189076120863.81833 281
1757569482527 188896492085.54752 282
1757569482596 188717585901.65164 283
1757569482661 188539397197.4135 284
1757569482727 188361920911.50113 285
1757569482793 188185152035.19644 286
1757569482862 188009085611.63916 287
1757569482929 187833716735.0849 288
1757569482998 187659040550.1782 289
1757569483067 187485052251.2388 290
1757569483130 187311747088.37332 291
1757569483197 187139120349.73416 292
1757569483263 186967167372.8056 293
1757569483329 186795883542.88367 294
1757569483395 186625264291.99854 295
1757569483461 186455305098.0626 296
1757569483529 186286001484.1389 297
1757569483593 186117349017.77344 298
1757569483667 185949343310.36646 299
1757569483734 185781980016.5672 300
1757569483809 185615254833.68668 301
1757569483872 185449163501.12344 302
1757569483934 185283701799.802 303
1757569484007 185118865551.6214 304
1757569484077 184954650618.91425 305
1757569484146 184791052903.91525 306
1757569484217 184628068348.23935 307
1757569484280 184465692932.36877 308
1757569484346 184303922675.14896 309
1757569484416 184142753633.2935 310
1757569484488 183982181900.89703 311
1757569484557 183822203608.95703 312
1757569484625 183662814924.90326 313
1757569484692 183504012052.13522 314
1757569484758 183345791229.56763 315
1757569484840 183188148731.18335 316
1757569484903 183031080865.5935 317
1757569484975 182874583975.60532 318
1757569485044 182718654437.79678 319
1757569485116 182563288662.09842 320
1757569485178 182408483091.38177 321
1757569485244 182254234201.0547 322
1757569485309 182100538498.66318 323
1757569485384 181947392523.49942 324
1757569485452 181794792846.2165 325
1757569485521 181642736068.44882 326
1757569485584 181491218822.439 327
1757569485658 181340237770.67026 328
1757569485722 181189789605.50467 329
1757569485786 181039871048.82776 330
1757569485853 180890478851.69742 331
1757569485921 180741609793.99927 332
1757569485992 180593260684.10718 333
1757569486063 180445428358.54852 334
1757569486132 180298109681.67532 335
1757569486202 180151301545.3397 336
1757569486277 180005000868.57492 337
1757569486348 179859204597.28058 338
1757569486413 179713909703.91324 339
1757569486481 179569113187.18134 340
1757569486548 179424812071.74457 341
1757569486613 179281003407.9179 342
1757569486687 179137684271.38037 343
1757569486754 178994851762.8872 344
1757569486822 178852503007.98737 345
1757569486895 178710635156.74417 346
1757569486961 178569245383.46075 347
1757569487030 178428330886.4094 348
1757569487097 178287888887.5642 349
1757569487167 178147916632.33847 350
1757569487236 178008411389.32526 351
1757569487303 177869370450.04184 352
1757569487371 177730791128.67813 353
1757569487437 177592670761.84787 354
1757569487509 177455006708.3443 355
1757569487581 177317796348.89862 356
1757569487653 177181037085.9422 357
1757569487718 177044726343.37173 358
1757569487784 176908861566.3182 359
1757569487857 176773440220.9187 360
1757569487928 176638459794.09143 361
1757569487997 176503917793.3138 362
1757569488065 176369811746.40378 363
1757569488143 176236139201.30402 364
1757569488212 176102897725.86914 365
1757569488282 175970084907.65552 366
1757569488357 175837698353.71454 367
1757569488422 175705735690.3879 368
1757569488498 175574194563.10638 369
1757569488564 175443072636.19083 370
1757569488633 175312367592.6559 371
1757569488702 175182077134.01672 372
1757569488773 175052198980.09753 373
1757569488839 174922730868.84344 374
1757569488909 174793670556.13425 375
1757569488981 174665015815.60114 376
1757569489067 174536764438.44507 377
1757569489139 174408914233.25845 378
1757569489210 174281463025.84824 379
1757569489292 174154408659.062 380
1757569489359 174027748992.61594 381
1757569489430 173901481902.92493 382
1757569489493 173775605282.93512 383
1757569489563 173650117041.95868 384
1757569489627 173525015105.51 385
1757569489704 173400297415.1448 386
1757569489768 173275961928.301 387
1757569489835 173152006618.14108 388
1757569489909 173028429473.39713 389
1757569489978 172905228498.2176 390
1757569490050 172782401712.01587 391
1757569490119 172659947149.32062 392
1757569490192 172537862859.62817 393
1757569490256 172416146907.257 394
1757569490323 172294797371.20325 395
1757569490391 172173812344.99887 396
1757569490460 172053189936.57068 397
1757569490527 171932928268.102 398
1757569490597 171813025475.8952 399
1757569490669 171693479710.23636 400
1757569490738 171574289135.2614 401
1757569490808 171455451928.82397 402
1757569490878 171336966282.36472 403
1757569490947 171218830400.78217 404
1757569491021 171101042502.30536 405
1757569491089 170983600818.36774 406
1757569491160 170866503593.4825 407
1757569491231 170749749085.11996 408
1757569491298 170633335563.58536 409
1757569491360 170517261311.8993 410
1757569491432 170401524625.67838 411
1757569491499 170286123813.01837 412
1757569491570 170171057194.37787 413
1757569491649 170056323102.46362 414
1757569491717 169941919882.11734 415
1757569491783 169827845890.20355 416
1757569491851 169714099495.499 417
1757569491922 169600679078.5829 418
1757569491987 169487583031.72885 419
1757569492058 169374809758.79797 420
1757569492126 169262357675.13293 421
1757569492196 169150225207.45343 422
1757569492267 169038410793.75272 423
1757569492342 168926912885.71463 424
1757569492405 168815729942.3096 425
1757569492482 168704860434.11072 426
1757569492553 168594302842.87885 427
1757569492619 168484055661.30652 428
1757569492692 168374117392.8424 429
1757569492759 168264486551.5559 430
1757569492827 168155161662.02322 431
1757569492910 168046141264.31308 432
1757569492976 167937423901.13535 433
1757569493047 167829008126.70456 434
1757569493119 167720892505.99927 435
1757569493196 167613075614.34882 436
1757569493268 167505556037.1834 437
1757569493335 167398332369.86652 438
1757569493402 167291403217.56827 439
1757569493479 167184767195.15976 440
1757569493548 167078422927.1184 441
1757569493617 166972369047.4394 442
1757569493689 166866604199.5502 443
1757569493761 166761127036.2271 444
1757569493831 166655936219.5137 445
1757569493900 166551030420.64008 446
1757569493975 166446408319.94333 447
1757569494044 166342068606.78864 448
1757569494116 166238009979.49155 449
1757569494185 166134231145.241 450
1757569494258 166030730820.02295 451
1757569494331 165927507728.54526 452
1757569494400 165824560604.16263 453
1757569494473 165721888188.80328 454
1757569494544 165619489232.89542 455
1757569494615 165517362495.29523 456
1757569494686 165415506743.21503 457
1757569494755 165313920752.15283 458
1757569494819 165212603305.8217 459
1757569494884 165111553196.08075 460
1757569494951 165010769222.8665 461
1757569495025 164910250194.1244 462
1757569495116 164809994925.74213 463
1757569495188 164710002241.4825 464
1757569495257 164610270972.9179 465
1757569495329 164510799959.36472 466
1757569495398 164411588047.81882 467
1757569495470 164312634092.8917 468
1757569495535 164213936956.7468 469
1757569495611 164115495509.03735 470
1757569495682 164017308626.84378 471
1757569495751 163919375194.61252 472
1757569495825 163821694104.09512 473
1757569495897 163724264254.28796 474
1757569495966 163627084551.37262 475
1757569496035 163530153908.6568 476
1757569496104 163433471246.51584 477
1757569496170 163337035492.33496 478
1757569496247 163240845580.45148 479
1757569496314 163144900452.09866 480
1757569496388 163049199055.349 481
1757569496460 162953740345.05865 482
1757569496531 162858523282.81247 483
1757569496601 162763546836.86914 484
1757569496671 162668809982.10724 485
1757569496741 162574311699.97177 486
1757569496809 162480050978.42093 487
1757569496880 162386026811.87354 488
1757569496949 162292238201.15735 489
1757569497017 162198684153.45715 490
1757569497092 162105363682.2639 491
1757569497164 162012275807.32407 492
1757569497249 161919419554.58975 493
1757569497322 161826793956.16888 494
1757569497396 161734398050.27618 495
1757569497463 161642230881.18445 496
1757569497535 161550291499.17642 497
1757569497606 161458578960.49692 498
1757569497680 161367092327.3058 499
