1757529876161 1053298538428.5398 0
1757529876181 3135111532762.8438 1
1757529876200 6800898563861607.0 2
1757529876219 2.062775780393668e+19 3
1757529876239 6.256890238288171e+22 4
1757529876259 1.897863854002857e+26 5
1757529876278 5.7566731574786894e+29 6
1757529876298 1.7461360978096762e+33 7
1757529876318 5.2964467300231785e+36 8
1757529876337 1.6065384593538602e+40 9
1757529876358 4.873013839170207e+43 10
1757529876379 1.478101177004812e+47 11
1757529876399 4.483432966886548e+50 12
1757529876419 1.359932018273447e+54 13
1757529876439 4.1249977594949754e+57 14
1757529876459 1.2512100816216823e+61 15
1757529876483 3.7952182270843334e+64 16
1757529876503 1.1511800937956515e+68 17
1757529876523 3.491803445962733e+71 18
1757529876544 1.0591471630677429e+75 19
1757529876565 3.2126456439908675e+78 20
1757529876585 9.74471951939068e+81 21
1757529876607 2.9558055582386378e+85 22
1757529876627 8.965662357679376e+88 23
1757529876649 2.7194989632474025e+92 24
1757529876669 8.248888164708832e+95 25
1757529876690 2.5020842763117195e+99 26
1757529876714 7.589417629093679e+102 27
1757529876736 2.302051153676731e+106 28
1757529876758 6.9826695184479075e+109 29
1757529876779 2.1180099984306615e+113 30
1757529876799 6.42442885432357e+116 31
1757529876821 1.9486823072056682e+120 32
1757529876842 5.910817631455004e+123 33
1757529876864 1.7928917886270903e+127 34
1757529876884 5.438267877899613e+130 35
1757529876904 1.6495561918124324e+134 36
1757529876924 5.003496868928896e+137 37
1757529876945 1.5176797881540679e+141 38
1757529876965 4.603484322484366e+144 39
1757529876985 1.3963464541578283e+148 40
1757529877005 4.235451417779338e+151 41
1757529877026 1.2847133072850836e+155 42
1757529877047 3.8968414912919333e+158 43
1757529877068 1.182004850587621e+162 44
1757529877094 3.5853022760478407e+165 45
1757529877116 1.0875075854590113e+169 46
1757529877137 3.298669560811972e+172 47
1757529877158 1.0005650550781903e+176 48
1757529877179 3.0349521556720916e+179 49
1757529877200 9.205732841128349e+182 50
1757529877221 2.7923180595729043e+186 51
1757529877241 8.469765830029575e+189 52
1757529877262 2.5690817337086946e+193 53
1757529877284 7.7926368767773e+196 54
1757529877305 2.3636923923649303e+200 55
1757529877326 7.169642078888196e+203 56
1757529877347 2.1747232298672132e+207 57
1757529877369 6.596453594873849e+210 58
1757529877400 2.0008615087990313e+214 59
1757529877429 6.069089579444076e+217 60
1757529877452 1.8408994406327185e+221 61
1757529877477 5.5838865222883706e+224 62
1757529877498 1.6937257954229783e+228 63
1757529877519 5.1374737982776204e+231 64
1757529877540 1.5583181822768265e+235 65
1757529877562 4.72675025229068e+238 66
1757529877583 1.433735946973701e+242 67
1757529877604 4.3488626560042817e+245 68
1757529877626 1.3191136373966852e+249 69
1757529877647 4.001185886989295e+252 70
1757529877668 1.2136549913802436e+256 71
1757529877689 3.681304692420856e+259 72
1757529877711 1.1166274052090875e+263 73
1757529877731 3.386996910717641e+266 74
1757529877753 1.0273568443417139e+270 75
1757529877775 3.1162180345541965e+273 76
1757529877796 9.452231610043024e+276 77
1757529877817 2.8670870080077097e+280 78
1757529877839 8.696557861270168e+283 79
1757529877860 2.6378731591746867e+287 80
1757529877881 8.001297656953602e+290 81
1757529877903 2.4269841774803677e+294 82
1757529877924 7.361621139817338e+297 83
1757529877946 2.232955052161393e+301 84
1757529877971 inf 85
1757529877993 inf 86
