1757583361959 1019580046010.8452 0
1757583362023 1016853752596.5112 1
1757583362091 1012796794010.5563 2
1757583362155 1008113036409.542 3
1757583362229 1003152011865.451 4
1757583362289 998084603048.8354 5
1757583362355 992992760792.157 6
1757583362423 987914718716.567 7
1757583362492 982867536996.7917 8
1757583362558 977858225176.5681 9
1757583362625 972889163439.8716 10
1757583362688 967960702591.4644 11
1757583362757 963072382033.0895 12
1757583362822 958223479606.1046 13
1757583362890 953413244398.6414 14
1757583362954 948640983345.0978 15
1757583363020 943906083496.4818 16
1757583363089 939208008338.9197 17
1757583363184 934546285520.5386 18
1757583363252 929920493371.4197 19
1757583363318 925330248994.5115 20
1757583363382 920775198672.1017 21
1757583363448 916255010506.513 22
1757583363515 911769368935.1406 23
1757583363577 907317970715.3254 24
1757583363647 902900522018.8241 25
1757583363710 898516736344.6492 26
1757583363775 894166333026.4968 27
1757583363841 889849036167.9012 28
1757583363909 885564573883.0153 29
1757583363973 881312677754.7701 30
1757583364044 877093082447.1617 31
1757583364112 872905525426.5778 32
1757583364173 868749746760.1652 33
1757583364236 864625488968.574 34
1757583364298 860532496917.0701 35
1757583364372 856470517733.7106 36
1757583364439 852439300746.6226 37
1757583364512 848438597434.7675 38
1757583364575 844468161388.2391 39
1757583364646 840527748275.3127 40
1757583364707 836617115814.2867 41
1757583364773 832736023748.737 42
1757583364838 828884233825.2142 43
1757583364903 825061509772.7004 44
1757583364972 821267617283.3455 45
1757583365037 817502323994.1412 46
1757583365109 813765399469.3014 47
1757583365179 810056615183.1703 48
1757583365245 806375744503.5505 49
1757583365305 802722562675.3599 50
1757583365368 799096846804.56 51
1757583365435 795498375842.3157 52
1757583365499 791926930569.3551 53
1757583365569 788382293580.506 54
1757583365634 784864249269.3995 55
1757583365700 781372583813.3218 56
1757583365760 777907085158.2133 57
1757583365821 774467543003.8043 58
1757583365889 771053748788.8853 59
1757583365952 767665495676.706 60
1757583366018 764302578540.5043 61
1757583366084 760964793949.1558 62
1757583366160 757651940152.9523 63
1757583366223 754363817069.4962 64
1757583366294 751100226269.721 65
1757583366361 747860970964.023 66
1757583366429 744645855988.5189 67
1757583366500 741454687791.4138 68
1757583366576 738287274419.4866 69
1757583366655 735143425504.6906 70
1757583366719 732022952250.8666 71
1757583366787 728925667420.5677 72
1757583366853 725851385321.9962 73
1757583366927 722799921796.0513 74
1757583366997 719771094203.4845 75
1757583367064 716764721412.1666 76
1757583367131 713780623784.4578 77
1757583367200 710818623164.689 78
1757583367281 707878542866.7461 79
1757583367351 704960207661.7596 80
1757583367416 702063443765.8986 81
1757583367491 699188078828.2675 82
1757583367563 696333941918.9058 83
1757583367629 693500863516.8875 84
1757583367701 690688675498.5225 85
1757583367787 687897211125.657 86
1757583367862 685126305034.0725 87
1757583367926 682375793221.9836 88
1757583367996 679645513038.6313 89
1757583368058 676935303172.9747 90
1757583368126 674245003642.4762 91
1757583368198 671574455781.9827 92
1757583368262 668923502232.6991 93
1757583368329 666291986931.2573 94
1757583368392 663679755098.8755 95
1757583368460 661086653230.6091 96
1757583368528 658512529084.6935 97
1757583368601 655957231671.9749 98
1757583368672 653420611245.4333 99
1757583368754 650902519289.7904 100
1757583368830 648402808511.2075 101
1757583368936 645921332827.0701 102
1757583369006 643457947355.8572 103
1757583369076 641012508407.0988 104
1757583369144 638584873471.4147 105
1757583369218 636174901210.6403 106
1757583369286 633782451448.0342 107
1757583369353 631407385158.5681 108
1757583369422 629049564459.3005 109
1757583369493 626708852599.8295 110
1757583369560 624385113952.8263 111
1757583369629 622078214004.6509 112
1757583369694 619788019346.0432 113
1757583369766 617514397662.8967 114
1757583369832 615257217727.1062 115
1757583369899 613016349387.4956 116
1757583369968 610791663560.8201 117
1757583370037 608583032222.846 118
1757583370105 606390328399.5046 119
1757583370182 604213426158.121 120
1757583370261 602052200598.7161 121
1757583370327 599906527845.3844 122
1757583370398 597776285037.7411 123
1757583370466 595661350322.4436 124
1757583370538 593561602844.7842 125
1757583370605 591476922740.3525 126
1757583370674 589407191126.7698 127
1757583370738 587352290095.4911 128
1757583370807 585312102703.6783 129
1757583370874 583286512966.1409 130
1757583370945 581275405847.3439 131
1757583371022 579278667253.4844 132
1757583371086 577296184024.6343 133
1757583371156 575327843926.949 134
1757583371230 573373535644.9427 135
1757583371299 571433148773.8269 136
1757583371365 569506573811.916 137
1757583371430 567593702153.0945 138
1757583371501 565694426079.3494 139
1757583371567 563808638753.3644 140
1757583371639 561936234211.1769 141
1757583371702 560077107354.8972 142
1757583371766 558231153945.4884 143
1757583371840 556398270595.6072 144
1757583371909 554578354762.5055 145
1757583371977 552771304740.9915 146
1757583372044 550977019656.4496 147
1757583372115 549195399457.91986 148
1757583372183 547426344911.23553 149
1757583372258 545669757592.2178 150
1757583372330 543925539879.9286 151
1757583372402 542193594949.97955 152
1757583372470 540473826767.898 153
1757583372541 538766140082.54846 154
1757583372609 537070440419.6086 155
1757583372676 535386634075.1023 156
1757583372743 533714628108.98486 157
1757583372815 532054330338.7836 158
1757583372885 530405649333.2915 159
1757583372955 528768494406.314 160
1757583373022 527142775610.4683 161
1757583373095 525528403731.035 162
1757583373168 523925290279.8616 163
1757583373238 522333347489.31683 164
1757583373306 520752488306.29645 165
1757583373377 519182626386.2789 166
1757583373445 517623676087.43146 167
1757583373513 516075552464.76556 168
1757583373582 514538171264.3417 169
1757583373658 513011448917.52264 170
1757583373730 511495302535.2755 171
1757583373799 509989649902.5212 172
1757583373867 508494409472.5316 173
1757583373938 507009500361.37427 174
1757583374006 505534842342.40326 175
1757583374070 504070355840.7963 176
1757583374138 502615961928.1386 177
1757583374207 501171582317.05164 178
1757583374290 499737139355.8665 179
1757583374355 498312556023.34406 180
1757583374423 496897755923.43646 181
1757583374490 495492663280.0961 182
1757583374560 494097202932.1253 183
1757583374625 492711300328.07086 184
1757583374695 491334881521.1614 185
1757583374759 489967873164.28644 186
1757583374829 488610202505.0188 187
1757583374903 487261797380.67816 188
1757583374971 485922586213.4358 189
1757583375046 484592498005.4612 190
1757583375117 483271462334.10925 191
1757583375184 481959409347.14764 192
1757583375255 480656269758.0242 193
1757583375329 479361974841.17456 194
1757583375402 478076456427.3691 195
1757583375469 476799646899.09796 196
1757583375541 475531479185.99713 197
1757583375611 474271886760.31006 198
1757583375680 473020803632.3894 199
1757583375751 471778164346.2365 200
1757583375819 470543903975.0767 201
1757583375885 469317958116.974 202
1757583375955 468100262890.4804 203
1757583376027 466890754930.3236 204
1757583376096 465689371383.1301 205
1757583376163 464496049903.18365 206
1757583376232 463310728648.2202 207
1757583376301 462133346275.2583 208
1757583376376 460963841936.4629 209
1757583376441 459802155275.046 210
1757583376514 458648226421.2006 211
1757583376581 457501995988.0685 212
1757583376646 456363405067.742 213
1757583376720 455232395227.30084 214
1757583376786 454108908504.87933 215
1757583376852 452992887405.76935 216
1757583376920 451884274898.5542 217
1757583376989 450783014411.2761 218
1757583377060 449689049827.6348 219
1757583377138 448602325483.21875 220
1757583377208 447522786161.7679 221
1757583377277 446450377091.46704 222
1757583377348 445385043941.2717 223
1757583377419 444326732817.26337 224
1757583377490 443275390259.0357 225
1757583377571 442230963236.11206 226
1757583377639 441193399144.3915 227
1757583377710 440162645802.6256 228
1757583377787 439138651448.92456 229
1757583377851 438121364737.29254 230
1757583377920 437110734734.19196 231
1757583377996 436106710915.13684 232
1757583378062 435109243161.31445 233
1757583378135 434118281756.2355 234
1757583378202 433133777382.4123 235
1757583378272 432155681118.0644 236
1757583378339 431183944433.8528 237
1757583378409 430218519189.6401 238
1757583378480 429259357631.27936 239
1757583378555 428306412387.4286 240
1757583378626 427359636466.3927 241
1757583378698 426418983252.9913 242
1757583378771 425484406505.4533 243
1757583378849 424555860352.3376 244
1757583378921 423633299289.4784 245
1757583378996 422716678176.9577 246
1757583379071 421805952236.10205 247
1757583379148 420901077046.50507 248
1757583379221 420002008543.074 249
1757583379290 419108703013.10236 250
1757583379363 418221117093.36566 251
1757583379430 417339207767.2428 252
1757583379500 416462932361.8601 253
1757583379573 415592248545.26056 254
1757583379642 414727114323.596 255
1757583379713 413867488038.3434 256
1757583379788 413013328363.54297 257
1757583379856 412164594303.0618 258
1757583379928 411321245187.8781 259
1757583379996 410483240673.3896 260
1757583380065 409650540736.7436 261
1757583380138 408823105674.19006 262
1757583380207 408000896098.4561 263
1757583380283 407183872936.14343 264
1757583380351 406371997425.1462 265
1757583380427 405565231112.0917 266
1757583380501 404763535849.80225 267
1757583380572 403966873794.77716 268
1757583380645 403175207404.6972 269
1757583380720 402388499435.9494 270
1757583380788 401606712941.1722 271
1757583380856 400829811266.8213 272
1757583380931 400057758050.7563 273
1757583381001 399290517219.84705 274
1757583381071 398528052987.6 275
1757583381142 397770329851.8043 276
1757583381217 397017312592.1985 277
1757583381287 396268966268.15497 278
1757583381354 395525256216.3855 279
1757583381426 394786148048.6649 280
1757583381492 394051607649.5742 281
1757583381567 393321601174.26215 282
1757583381636 392596095046.226 283
1757583381708 391875055955.11066 284
1757583381777 391158450854.5254 285
1757583381848 390446246959.88055 286
1757583381922 389738411746.24054 287
1757583381992 389034912946.1957 288
1757583382068 388335718547.7516 289
1757583382139 387640796792.2362 290
1757583382212 386950116172.2242 291
1757583382280 386263645429.4789 292
1757583382356 385581353552.9114 293
1757583382428 384903209776.55597 294
1757583382497 384229183577.5638 295
1757583382574 383559244674.212 296
1757583382647 382893363023.92993 297
1757583382717 382231508821.3422 298
1757583382789 381573652496.3276 299
1757583382862 380919764712.094 300
1757583382932 380269816363.26996 301
1757583383002 379623778574.0119 302
1757583383076 378981622696.1267 303
1757583383148 378343320307.21094 304
1757583383219 377708843208.8044 305
1757583383288 377078163424.5598 306
1757583383360 376451253198.4278 307
1757583383435 375828084992.8565 308
1757583383510 375208631487.0067 309
1757583383586 374592865574.98145 310
1757583383653 373980760364.0706 311
1757583383725 373372289173.0099 312
1757583383794 372767425530.2548 313
1757583383862 372166143172.2685 314
1757583383934 371568416041.8237 315
1757583383998 370974218286.32 316
1757583384067 370383524256.1134 317
1757583384149 369796308502.861 318
1757583384221 369212545777.87946 319
1757583384305 368632211030.5161 320
1757583384374 368055279406.535 321
1757583384444 367481726246.5151 322
1757583384517 366911527084.2627 323
1757583384590 366344657645.2369 324
1757583384663 365781093844.98755 325
1757583384733 365220811787.6072 326
1757583384806 364663787764.195 327
1757583384877 364109998251.3343 328
1757583384946 363559419909.58136 329
1757583385017 363012029581.969 330
1757583385086 362467804292.5203 331
1757583385160 361926721244.7764 332
1757583385231 361388757820.3354 333
1757583385301 360853891577.404 334
1757583385373 360322100249.3612 335
1757583385448 359793361743.3337 336
1757583385519 359267654138.78296 337
1757583385593 358744955686.1048 338
1757583385664 358225244805.23956 339
1757583385732 357708500084.29486 340
1757583385806 357194700278.1786 341
1757583385877 356683824307.2449 342
1757583385950 356175851255.9495 343
1757583386020 355670760371.5181 344
1757583386092 355168531062.62415 345
1757583386163 354669142898.0786 346
1757583386235 354172575605.5305 347
1757583386313 353678809070.1779 348
1757583386390 353187823333.49 349
1757583386463 352699598591.9391 350
1757583386539 352214115195.7442 351
1757583386610 351731353647.6242 352
1757583386680 351251294601.56146 353
1757583386755 350773918861.57635 354
1757583386827 350299207380.5107 355
1757583386900 349827141258.8229 356
1757583386970 349357701743.39154 357
1757583387040 348890870226.3301 358
1757583387113 348426628243.8107 359
1757583387187 347964957474.898 360
1757583387257 347505839740.3926 361
1757583387326 347049257001.68396 362
1757583387399 346595191359.61334 363
1757583387471 346143625053.3455 364
1757583387550 345694540459.25 365
1757583387627 345247920089.792 366
1757583387699 344803746592.43195 367
1757583387770 344362002748.5343 368
1757583387846 343922671472.2859 369
1757583387919 343485735809.62225 370
1757583387988 343051178937.1642 371
1757583388069 342618984161.1616 372
1757583388141 342189134916.44745 373
1757583388211 341761614765.3992 374
1757583388291 341336407396.9099 375
1757583388364 340913496625.3672 376
1757583388440 340492866389.6407 377
1757583388519 340074500752.07825 378
1757583388599 339658383897.5096 379
1757583388669 339244500132.25995 380
1757583388745 338832833883.1695 381
1757583388816 338423369696.6229 382
1757583388892 338016092237.5858 383
1757583388967 337610986288.6498 384
1757583389040 337208036749.08453 385
1757583389115 336807228633.8994 386
1757583389192 336408547072.91046 387
1757583389264 336011977309.81696 388
1757583389353 335617504701.2854 389
1757583389427 335225114716.03973 390
1757583389498 334834792933.961 391
1757583389573 334446525045.1929 392
1757583389643 334060296849.2555 393
1757583389717 333676094254.1659 394
1757583389787 333293903275.5665 395
1757583389863 332913710035.8604 396
1757583389933 332535500763.35345 397
1757583390007 332159261791.4041 398
1757583390080 331784979557.57996 399
1757583390150 331412640602.82086 400
1757583390227 331042231570.6101 401
1757583390302 330673739206.1506 402
1757583390372 330307150355.54987 403
1757583390447 329942451965.01025 404
1757583390520 329579631080.0267 405
1757583390599 329218674844.5903 406
1757583390668 328859570500.3996 407
1757583390745 328502305386.07733 408
1757583390816 328146866936.39404 409
1757583390892 327793242681.498 410
1757583390968 327441420246.15173 411
1757583391038 327091387348.9748 412
1757583391108 326743131801.69183 413
1757583391175 326396641508.38855 414
1757583391246 326051904464.77277 415
1757583391314 325708908757.441 416
1757583391388 325367642563.15283 417
1757583391460 325028094148.1091 418
1757583391533 324690251867.2379 419
1757583391612 324354104163.4856 420
1757583391687 324019639567.1136 421
1757583391774 323686846695.0008 422
1757583391847 323355714249.953 423
1757583391920 323026231020.0159 424
1757583391996 322698385877.7959 425
1757583392065 322372167779.78485 426
1757583392141 322047565765.69116 427
1757583392220 321724568957.77655 428
1757583392291 321403166560.19763 429
1757583392362 321083347858.35315 430
1757583392433 320765102218.2372 431
1757583392506 320448419085.7966 432
1757583392575 320133287986.29425 433
1757583392648 319819698523.67834 434
1757583392723 319507640379.95514 435
1757583392797 319197103314.56836 436
1757583392874 318888077163.7829 437
1757583392955 318580551840.07416 438
1757583393031 318274517331.5215 439
1757583393105 317969963701.2078 440
1757583393183 317666881086.62317 441
1757583393256 317365259699.0734 442
1757583393329 317065089823.09436 443
1757583393402 316766361815.8701 444
1757583393479 316469066106.65564 445
1757583393552 316173193196.2061 446
1757583393624 315878733656.20807 447
1757583393699 315585678128.71796 448
1757583393768 315294017325.60333 449
1757583393842 315003742027.9897 450
1757583393915 314714843085.7114 451
1757583393988 314427311416.76746 452
1757583394063 314141138006.7812 453
1757583394138 313856313908.4648 454
1757583394217 313572830241.08826 455
1757583394288 313290678189.9526 456
1757583394365 313009849005.867 457
1757583394435 312730334004.6309 458
1757583394518 312452124566.52014 459
1757583394591 312175212135.7764 460
1757583394668 311899588220.10266 461
1757583394738 311625244390.1606 462
1757583394814 311352172279.07434 463
1757583394881 311080363581.93634 464
1757583394955 310809810055.3185 465
1757583395026 310540503516.78656 466
1757583395097 310272435844.41925 467
1757583395176 310005598976.3303 468
1757583395253 309739984910.1959 469
1757583395328 309475585702.7842 470
1757583395404 309212393469.48975 471
1757583395484 308950400383.872 472
1757583395565 308689598677.19684 473
1757583395646 308429980637.98157 474
1757583395722 308171538611.5456 475
1757583395795 307914264999.5615 476
1757583395870 307658152259.6136 477
1757583395942 307403192904.75653 478
1757583396017 307149379503.08 479
1757583396087 306896704677.2759 480
1757583396163 306645161104.20905 481
1757583396239 306394741514.4917 482
1757583396317 306145438692.06165 483
1757583396390 305897245473.763 484
1757583396469 305650154748.9314 485
1757583396539 305404159458.9819 486
1757583396617 305159252597.0001 487
1757583396689 304915427207.338 488
1757583396772 304672676385.21075 489
1757583396843 304430993276.2988 490
1757583396918 304190371076.35236 491
1757583396995 303950803030.7993 492
1757583397072 303712282434.35583 493
1757583397148 303474802630.64124 494
1757583397224 303238357011.79474 495
1757583397302 303002939018.0958 496
1757583397381 302768542137.58875 497
1757583397458 302535159905.70764 498
1757583397533 302302785904.9073 499
