1757588949521 1053298874003.2726 0
1757588949592 825707747544.2694 1
1757588949663 825474106771.8842 2
1757588949737 4627439575493.464 3
1757588949809 68993134496753.68 4
1757588949879 1118683688209679.0 5
1757588949949 1.8218050031216864e+16 6
1757588950018 2.967559423692946e+17 7
1757588950090 4.833958837250421e+18 8
1757588950159 7.874206366814624e+19 9
1757588950237 1.282657375413094e+21 10
1757588950312 2.089366045930326e+22 11
1757588950380 3.403442385778606e+23 12
1757588950453 5.543987897103909e+24 13
1757588950523 9.03079832733597e+25 14
1757588950592 1.4710587386146628e+27 15
1757588950665 2.3962597037631273e+28 16
1757588950757 3.9033523387940455e+29 17
1757588950830 6.35830893322807e+30 18
1757588950899 1.035727471705938e+32 19
1757588950974 1.687133177880628e+33 20
1757588951047 2.748231014107671e+34 21
1757588951119 4.476690877711887e+35 22
1757588951187 7.292240394534628e+36 23
1757588951264 1.1878588766634267e+38 24
1757588951337 1.9349454139301528e+39 25
1757588951402 3.151901146208448e+40 26
1757588951474 5.134243459246612e+41 27
1757588951542 8.363351093839567e+42 28
1757588951610 1.362335893769462e+44 29
1757588951695 2.2191572093867176e+45 30
1757588951766 3.6148638103830363e+46 31
1757588951835 5.888379747205103e+47 32
1757588951908 9.591790414815447e+48 33
1757588951981 1.5624407275263469e+50 34
1757588952056 2.545115063463397e+51 35
1757588952127 4.1458281086436064e+52 36
1757588952196 6.753286306447022e+53 37
1757588952273 1.1000667355638648e+55 38
1757588952351 1.7919376845297868e+56 39
1757588952429 2.9189507885556423e+57 40
1757588952509 4.754782367471306e+58 41
1757588952595 7.745233475896658e+59 42
1757588952671 1.2616485247894387e+61 43
1757588952768 2.0551439863716857e+62 44
1757588952856 3.34769685988781e+63 45
1757588952940 5.45318203494275e+64 46
1757588953021 8.88288144083002e+65 47
1757588953103 1.44696403285703e+67 48
1757588953191 2.3570109837987964e+68 49
1757588953285 3.839418708133907e+69 50
1757588953363 6.25416517686748e+70 51
1757588953441 1.0187631262169066e+72 52
1757588953521 1.6594993544111797e+73 53
1757588953599 2.7032172999013574e+74 54
1757588953688 4.403366443657796e+75 55
1757588953762 7.172799625778913e+76 56
1757588953853 1.168402746623018e+78 57
1757588953939 1.903252634312878e+79 58
1757588954021 3.100275654510809e+80 59
1757588954100 5.050148866559957e+81 60
1757588954172 8.226366432065232e+82 61
1757588954258 1.340021976831487e+84 62
1757588954337 2.1828092794312524e+85 63
1757588954420 3.5556553793522784e+86 64
1757588954499 5.791933035950355e+87 65
1757588954572 9.434684949429514e+88 66
1757588954656 1.5368492615934784e+90 67
1757588954734 2.5034282178158325e+91 68
1757588954816 4.077922928666715e+92 69
1757588954902 6.6426731526795805e+93 70
1757588954996 1.08204856700803e+95 71
1757588955082 1.7625872513264215e+96 72
1757588955178 2.871140827928631e+97 73
1757588955265 4.676903028542379e+98 74
1757588955344 7.618373061195091e+99 75
1757588955426 1.2409837823306736e+101 76
1757588955502 2.0214824551610524e+102 77
1757588955585 3.2928643989604493e+103 78
1757588955668 5.3638634964443725e+104 79
1757588955747 8.73738730862148e+105 80
1757588955819 1.4232639781281838e+107 81
1757588955898 2.318405124880356e+108 82
1757588955978 3.776532256609547e+109 83
1757588956057 6.15172720770639e+110 84
1757588956133 1.0020766424489603e+112 85
1757588956208 1.6323181497447623e+113 86
1757588956289 2.658940872501057e+114 87
1757588956379 4.331243002206513e+115 88
1757588956448 7.055315196429002e+116 89
1757588956518 1.149265291640373e+118 90
1757588956591 1.8720789557888932e+119 91
1757588956668 3.049495744977495e+120 92
1757588956735 4.967431672622526e+121 93
1757588956810 8.09162546391928e+122 94
1757588956887 1.318073543098784e+124 95
1757588956959 2.147056698019099e+125 96
1757588957029 3.497416732658888e+126 97
1757588957101 5.697066040765355e+127 98
1757588957173 9.280152739524107e+128 99
1757588957245 1.511676962363722e+130 100
1757588957315 2.4624241676634246e+131 101
1757588957394 4.0111299784655805e+132 102
1757588957459 6.53387174940382e+133 103
1757588957531 1.064325520909413e+135 104
1757588957603 1.733717553550776e+136 105
1757588957672 2.8241139542738837e+137 106
1757588957742 4.600299287729897e+138 107
1757588957816 7.49359051346403e+139 108
1757588957901 1.2206575109852979e+141 109
1757588957975 1.9883722715401584e+142 110
1757588958050 3.2389300476580468e+143 111
1757588958123 5.2760079205370686e+144 112
1757588958197 8.594276248015082e+145 113
1757588958280 1.399952110376616e+147 114
1757588958355 2.2804315974839563e+148 115
1757588958427 3.7146758323070164e+149 116
1757588958496 6.050967086384139e+150 117
1757588958573 9.856634692606495e+151 118
1757588958645 1.6055821503658044e+153 119
1757588958721 2.6153896557685898e+154 120
1757588958794 4.2603008821086484e+155 121
1757588958868 6.939755063289776e+156 122
1757588958938 1.1304412920859015e+158 123
1757588959015 1.8414158759186188e+159 124
1757588959086 2.9995475676833864e+160 125
1757588959161 4.886069316800526e+161 126
1757588959239 7.95909143958588e+162 127
1757588959308 1.2964846062636315e+164 128
1757588959383 2.111889713841537e+165 129
1757588959454 3.4401319860505664e+166 130
1757588959527 5.603752887228744e+167 131
1757588959601 9.128151637337467e+168 132
1757588959667 1.486916964238818e+170 133
1757588959745 2.422091729389885e+171 134
1757588959822 3.94543104065134e+172 135
1757588959893 6.426852421669503e+173 136
1757588959971 1.0468927634102144e+175 137
1757588960037 1.7053207171606e+176 138
1757588960111 2.777857341284943e+177 139
1757588960181 4.524950251808813e+178 140
1757588960254 7.370851798988905e+179 141
1757588960324 1.200664166880953e+181 142
1757588960404 1.9558044048988824e+182 143
1757588960482 3.1858790956998105e+183 144
1757588960557 5.189591345123201e+184 145
1757588960633 8.453509226300948e+185 146
1757588960712 1.3770220714259032e+187 147
1757588960782 2.2430800445506994e+188 148
1757588960857 3.653832564246091e+189 149
1757588960938 5.951857331163286e+190 150
1757588961012 9.695191300543786e+191 151
1757588961086 1.5792840641858645e+193 152
1757588961160 2.5725517713627065e+194 153
1757588961247 4.190520734313269e+195 154
1757588961319 6.826087708006546e+196 155
1757588961402 1.1119256138231224e+198 156
1757588961477 1.8112550315252148e+199 157
1757588961545 2.950417499553408e+200 158
1757588961616 4.806039607984257e+201 159
1757588961691 7.828728211180212e+202 160
1757588961758 1.2752492780689878e+204 161
1757588961833 2.0772987353080057e+205 162
1757588961906 3.383785515445557e+206 163
1757588961982 5.511968124720118e+207 164
1757588962059 8.978640185452223e+208 165
1757588962130 1.4625625140731546e+210 166
1757588962203 2.3824199025570487e+211 167
1757588962272 3.8808081962204814e+212 168
1757588962342 6.321585980576908e+213 169
1757588962419 1.0297455398271423e+215 170
1757588962487 1.6773889970838036e+216 171
1757588962562 2.732358372739457e+217 172
1757588962642 4.450835369767498e+218 173
1757588962723 7.250123441498625e+219 174
1757588962794 1.1809982969492235e+221 175
1757588962869 1.9237699725408625e+222 176
1757588962939 3.133697073746915e+223 177
1757588963011 5.104590200584068e+224 178
1757588963085 8.315047850092014e+225 179
1757588963158 1.3544676072411992e+227 180
1757588963233 2.2063402786616563e+228 181
1757588963307 3.59398585777911e+229 182
1757588963388 5.854370910434275e+230 183
1757588963461 9.536392215554893e+231 184
1757588963536 1.5534167185548197e+233 185
1757588963608 2.5304155354994647e+234 186
1757588963679 4.121883526690702e+235 187
1757588963756 6.714282128468926e+236 188
1757588963832 1.0937132068084266e+238 189
1757588963904 1.781588196413699e+239 190
1757588963974 2.9020921406470592e+240 191
1757588964044 4.727320718535875e+241 192
1757588964120 7.700500222889502e+242 193
1757588964194 1.2543617667025267e+244 194
1757588964270 2.043274327930192e+245 195
1757588964346 3.3283619526715638e+246 196
1757588964416 5.4216867194790896e+247 197
1757588964491 8.831577605489057e+248 198
1757588964572 1.4386069693320403e+250 199
1757588964646 2.3433978669047856e+251 200
1757588964716 3.817243819667899e+252 201
1757588964795 6.218043715316231e+253 202
1757588964885 1.0128791733546481e+255 203
1757588964959 1.6499147751061126e+256 204
1757588965037 2.6876046390582636e+257 205
1757588965120 4.377934427202746e+258 206
1757588965211 7.13137251303558e+259 207
1757588965288 1.1616545374384197e+261 208
1757588965380 1.892260237260922e+262 209
1757588965452 3.08236974945623e+263 210
1757588965530 5.02098130335165e+264 211
1757588965609 8.178854354852884e+265 212
1757588965684 1.332282566223509e+267 213
1757588965759 2.1702022792592235e+268 214
1757588965833 3.535119390064746e+269 215
1757588965909 5.758481235342473e+270 216
1757588965985 9.380194126112399e+271 217
1757588966057 1.5279730583045089e+273 218
1757588966131 2.4889694557654607e+274 219
1757588966207 4.0543705388415405e+275 220
1757588966281 6.604307830354981e+276 221
1757588966353 1.0757991037136657e+278 222
1757588966437 1.7524072791272667e+279 223
1757588966512 2.8545583105036552e+280 224
1757588966589 4.649891178335893e+281 225
1757588966658 7.574372501275367e+282 226
1757588966734 1.2338163752169467e+284 227
1757588966812 2.0098072117487752e+285 228
1757588966893 3.273846181274044e+286 229
1757588966963 5.332884047777213e+287 230
1757588967042 8.686923786984148e+288 231
1757588967121 1.4150437962798822e+290 232
1757588967197 2.3050149793996737e+291 233
1757588967271 3.7547205741793372e+292 234
1757588967346 6.1161973853364136e+293 235
1757588967419 9.96289063789313e+294 236
1757588967498 1.6228905577931812e+296 237
1757588967569 2.6435839339206474e+297 238
1757588967647 4.306227540806225e+298 239
1757588967720 7.01456662497429e+299 240
1757588967797 1.1426276124505738e+301 241
1757588967865 1.8612666049619017e+302 242
1757588967939 3.0318831235983845e+303 243
1757588968012 inf 244
1757588968085 inf 245
