1757541992241 131354911112.7827 0
1757541992311 408350758150.4633 1
1757541992372 3190101856397.299 2
1757541992456 724568234243.6873 3
1757541992528 110971900978249.88 4
1757541992591 579404494398232.1 5
1757541992655 1183540604822543.5 6
1757541992727 1.3990586987527388e+16 7
1757541992795 4.406787055419055e+17 8
1757541992857 1.3544828766293396e+18 9
1757541992929 7.147488379383783e+19 10
1757541992991 6.327084406276411e+21 11
1757541993053 2.3652924595393718e+23 12
1757541993122 5.0192792411441574e+23 13
1757541993186 1.275992919957376e+25 14
1757541993252 1.0908038387487584e+26 15
1757541993319 2.2609507347033414e+27 16
1757541993386 5.715554885446292e+26 17
1757541993458 2.6421262004634202e+28 18
1757541993526 7.082247040261405e+29 19
1757541993589 2.760834500159573e+30 20
1757541993660 1.1233132290772724e+31 21
1757541993724 9.114278941395936e+31 22
1757541993792 5.462977344785374e+32 23
1757541993863 2.9517216998602494e+34 24
1757541993924 1.128723786762681e+36 25
1757541993991 5.669633443499801e+35 26
1757541994057 5.313015394312311e+37 27
1757541994123 6.958458369279684e+38 28
1757541994190 2.8462512137120964e+40 29
1757541994256 1.886587388020512e+40 30
1757541994323 2.043192216711971e+42 31
1757541994394 2.5714462487765284e+43 32
1757541994458 4.0635463295584046e+45 33
1757541994524 4.7763369350961735e+45 34
1757541994592 4.5165031478453534e+46 35
1757541994657 8.199190247654493e+45 36
1757541994723 1.6758414845985234e+48 37
1757541994790 2.2668488878159977e+48 38
1757541994858 3.513118507866931e+49 39
1757541994920 9.185271677843047e+49 40
1757541994987 1.381438825963781e+52 41
1757541995062 2.104342229575036e+53 42
1757541995123 4.315390483747562e+54 43
1757541995190 8.157845879086818e+56 44
1757541995257 6.1604122846809676e+57 45
1757541995321 2.2488082512329173e+59 46
1757541995386 5.742906563799089e+57 47
1757541995459 1.0038274829681265e+59 48
1757541995526 2.4898874224301637e+60 49
1757541995595 6.832840108306186e+61 50
1757541995658 3.7290695155428556e+63 51
1757541995722 2.5113867745898516e+66 52
1757541995801 1.242613271344481e+67 53
1757541995868 2.5050252290374133e+66 54
1757541995933 6.911660170796605e+66 55
1757541995998 1.355092930278062e+68 56
1757541996065 2.2100821652245193e+68 57
1757541996127 5.296212790071927e+70 58
1757541996195 1.945583081147728e+70 59
1757541996270 7.640284507736286e+70 60
1757541996333 6.978736625094582e+72 61
1757541996401 5.396091461976905e+70 62
1757541996466 9.375814039871335e+71 63
1757541996527 3.060088833322291e+73 64
1757541996590 2.0207730884866969e+74 65
1757541996658 1.1777493852617795e+72 66
1757541996724 3.011276264305034e+72 67
1757541996787 5.692053887164244e+74 68
1757541996856 8.688977517393162e+74 69
1757541996921 3.800957804548598e+75 70
1757541996986 6.330687910210489e+76 71
1757541997051 8.970026628857114e+77 72
1757541997125 3.0698150608730415e+79 73
1757541997200 3.050804848807855e+81 74
1757541997271 2.0529213030503175e+84 75
1757541997339 1.467182625109845e+84 76
1757541997402 1.2609754475322483e+84 77
1757541997471 9.261717722450439e+85 78
1757541997539 6.913943748176767e+89 79
1757541997602 1.519704535234348e+88 80
1757541997671 2.3234375887459955e+89 81
1757541997737 1.0090318292648089e+91 82
1757541997805 4.6680098131068925e+92 83
1757541997872 6.443444946392557e+93 84
1757541997937 4.6352483167286334e+94 85
1757541998004 1.2565269906293493e+95 86
1757541998067 1.9321088335359023e+96 87
1757541998146 1.9677860562104283e+98 88
1757541998211 1.9603868131066177e+98 89
1757541998277 1.6229381654647269e+97 90
1757541998347 1.174547126501739e+98 91
1757541998412 5.259149341514439e+100 92
1757541998478 3.702465119087192e+102 93
1757541998544 5.750214626506617e+101 94
1757541998607 4.5854740348636326e+101 95
1757541998679 3.1938924017983243e+103 96
1757541998744 1.4343967427805605e+103 97
1757541998817 1.6809100413380276e+103 98
1757541998884 1.8290840351142853e+103 99
1757541998950 7.196337951465988e+103 100
1757541999017 1.8539833258930032e+105 101
1757541999085 1.2841905161135908e+108 102
1757541999152 4.962755311878834e+108 103
1757541999232 1.0756169019631072e+110 104
1757541999298 1.241503030041114e+111 105
1757541999364 1.953522907378617e+112 106
1757541999431 3.656702232743091e+114 107
1757541999501 7.836522879954638e+116 108
1757541999569 2.4931504083668635e+117 109
1757541999634 1.0119387867661384e+119 110
1757541999701 6.659315724022556e+119 111
1757541999771 1.5951047688536656e+120 112
1757541999847 3.763089770599881e+122 113
1757541999923 3.552964850064953e+122 114
1757542000006 1.454846485580468e+124 115
1757542000081 5.653948897418953e+125 116
1757542000147 1.260961508998614e+129 117
1757542000213 1.5980759076466023e+128 118
1757542000278 1.2679099013332156e+129 119
1757542000344 1.6711493905798078e+131 120
1757542000412 2.3173722532040123e+132 121
1757542000475 2.706577858642985e+133 122
1757542000542 9.84004397599373e+133 123
1757542000617 3.451919505928959e+134 124
1757542000678 6.487187064363297e+136 125
1757542000748 3.38244513588818e+137 126
1757542000813 1.1347633994340754e+139 127
1757542000884 1.1135223863795616e+140 128
1757542000945 2.620990571460911e+142 129
1757542001019 1.2178641992853753e+142 130
1757542001080 3.2390976482525556e+143 131
1757542001148 1.8753629434500368e+142 132
1757542001216 3.1113567711852723e+142 133
1757542001287 5.494388620025201e+143 134
1757542001358 1.0602780653832855e+146 135
1757542001423 1.5643848742811056e+148 136
1757542001489 9.669119313855164e+146 137
1757542001558 2.4894675358256448e+148 138
1757542001625 8.975101656993076e+149 139
1757542001685 6.667135966817825e+150 140
1757542001757 1.8484090416972795e+152 141
1757542001824 2.0562429751507568e+154 142
1757542001896 1.9172386532929024e+156 143
1757542001966 8.523817544860245e+157 144
1757542002033 8.738224305685051e+158 145
1757542002098 1.873510514302702e+160 146
1757542002164 1.4880440152385937e+161 147
1757542002231 7.407658256399187e+161 148
1757542002304 6.8333410788037e+163 149
1757542002369 1.0528661090848585e+163 150
1757542002456 1.553471451830974e+164 151
1757542002533 3.1605745730374907e+165 152
1757542002593 5.415785621962779e+166 153
1757542002662 1.1417773261797953e+168 154
1757542002727 2.83081993187802e+168 155
1757542002792 7.101553217177021e+170 156
1757542002860 2.940603413561319e+171 157
1757542002942 2.6093035515789364e+171 158
1757542003006 8.691327286771315e+170 159
1757542003072 1.832186780439447e+173 160
1757542003139 5.211538180586897e+174 161
1757542003207 4.2762875245723974e+174 162
1757542003278 3.947887016681385e+175 163
1757542003342 5.711486808865486e+176 164
1757542003419 1.1710154986615026e+176 165
1757542003483 2.751107017208097e+179 166
1757542003551 3.401227210025334e+179 167
1757542003623 8.382149660829887e+180 168
1757542003696 3.91062356150493e+180 169
1757542003763 1.0510905909881275e+182 170
1757542003834 1.6932594672512116e+183 171
1757542003914 1.514709785153988e+184 172
1757542003985 3.2262197239946195e+185 173
1757542004052 5.852398492513935e+185 174
1757542004123 8.316850616501512e+186 175
1757542004191 4.161697428985025e+188 176
1757542004256 6.041891083554464e+189 177
1757542004320 1.5754602926818515e+191 178
1757542004387 8.566423178975676e+192 179
1757542004456 2.796151817769511e+193 180
1757542004527 3.2585085586921824e+195 181
1757542004598 5.3900998607881554e+196 182
1757542004667 2.3447366418467881e+201 183
1757542004739 1.4248297655566766e+202 184
1757542004799 7.142292297607837e+198 185
1757542004870 1.390207379746879e+200 186
1757542004949 2.392312156518299e+201 187
1757542005018 2.06669249133787e+202 188
1757542005082 2.2803796155543032e+203 189
1757542005151 1.1003290065274571e+206 190
1757542005222 1.4769950000273208e+207 191
1757542005291 1.9614436717054604e+208 192
1757542005359 3.1725006584625023e+209 193
1757542005429 4.309367689457766e+210 194
1757542005509 3.1619755876134324e+210 195
1757542005573 3.336785407290312e+208 196
1757542005638 7.611965188830997e+210 197
1757542005709 7.084908363084215e+211 198
1757542005777 1.0032407006835742e+212 199
1757542005848 2.2057230528341443e+213 200
1757542005919 2.588646727173164e+214 201
1757542005992 2.963561502103571e+216 202
1757542006061 2.285662637713664e+217 203
1757542006132 2.7936174671139706e+217 204
1757542006195 1.7794816680469974e+220 205
1757542006255 1.788752296520635e+219 206
1757542006326 3.456352550585942e+221 207
1757542006396 1.0480040807016722e+222 208
1757542006460 4.192585595228685e+223 209
1757542006529 1.6677903967821553e+225 210
1757542006602 2.008644414822529e+227 211
1757542006676 3.0081141138665477e+227 212
1757542006742 2.692971876564538e+228 213
1757542006816 1.688850834467944e+228 214
1757542006882 1.681340733784769e+230 215
1757542006952 9.004758074572807e+231 216
1757542007023 9.038277558388888e+232 217
1757542007091 1.7383593378328466e+234 218
1757542007159 9.465322238393077e+235 219
1757542007232 7.221862231055923e+237 220
1757542007304 6.807763975848882e+238 221
1757542007372 3.372723724574793e+239 222
1757542007442 1.7084910742340767e+241 223
1757542007512 1.9237511049897002e+244 224
1757542007584 1.1815434202753843e+243 225
1757542007651 2.1578577307896348e+244 226
1757542007723 1.0239317602037258e+245 227
1757542007787 4.67809619862646e+244 228
1757542007853 5.899173196353697e+246 229
1757542007933 2.0835513674418384e+247 230
1757542008002 1.057647848487561e+248 231
1757542008067 8.171965587418297e+250 232
1757542008138 3.4926103330648125e+249 233
1757542008207 2.9690717003301705e+251 234
1757542008284 4.426384963224572e+252 235
1757542008350 2.9764629776837618e+255 236
1757542008423 3.4594238561590185e+257 237
1757542008493 3.062005023179282e+259 238
1757542008561 4.879768194143673e+258 239
1757542008632 4.1730007845712526e+259 240
1757542008699 6.523957838724878e+261 241
1757542008772 8.737685362280508e+262 242
1757542008844 4.649282629264487e+261 243
1757542008935 5.880091022223861e+262 244
1757542009007 1.215724196581064e+263 245
1757542009076 3.709923683631008e+264 246
1757542009146 6.366882763864115e+264 247
1757542009213 2.7237598931004242e+265 248
1757542009284 7.839590599765499e+267 249
1757542009357 1.8301890504511635e+267 250
1757542009433 2.6242111731162855e+268 251
1757542009509 2.325936056973219e+269 252
1757542009572 4.410656720901696e+270 253
1757542009645 4.56900857800583e+271 254
1757542009723 6.661260805571394e+272 255
1757542009792 8.449074590082799e+272 256
1757542009872 4.0392495135275213e+272 257
1757542009943 6.2406620026874435e+273 258
1757542010019 3.3811875319097925e+276 259
1757542010087 4.051167597655589e+277 260
1757542010158 1.895497333562581e+278 261
1757542010227 8.778492824480411e+278 262
1757542010298 1.1567408424094918e+278 263
1757542010371 1.2056995333007152e+282 264
1757542010446 1.4509434617069677e+282 265
1757542010524 1.43556829022158e+283 266
1757542010588 1.338104413748357e+284 267
1757542010652 2.346767874497299e+286 268
1757542010723 1.4342778236181813e+288 269
1757542010795 4.849298437532053e+289 270
1757542010866 9.703394630547915e+288 271
1757542010934 3.0108371498056086e+291 272
1757542011008 1.195698480517221e+292 273
1757542011077 7.966054617094746e+293 274
1757542011141 3.6812340077761436e+294 275
1757542011211 7.7297201101054e+295 276
1757542011283 3.59487651010246e+297 277
1757542011356 7.728193148145714e+298 278
1757542011422 5.582613742930582e+302 279
1757542011488 4.230305998703602e+301 280
1757542011558 2.699394628293861e+301 281
1757542011631 1.4168513771102653e+300 282
1757542011701 5.553869106216127e+301 283
1757542011774 2.2336290661754404e+303 284
1757542011845 6.130140455800857e+304 285
