1757557805823 1064042470440.166 0
1757557805981 1061916036967.3583 1
1757557806035 1058736146329.2491 2
1757557806087 1055042093530.2992 3
1757557806141 1051104153155.4408 4
1757557806195 1047057540987.5269 5
1757557806251 1042969805899.3131 6
1757557806303 1038874629390.5814 7
1757557806358 1034788751455.8462 8
1757557806415 1030720440088.2035 9
1757557806471 1026673727679.6132 10
1757557806526 1022650529629.1201 11
1757557806582 1018651703742.5414 12
1757557806636 1014677579949.2058 13
1757557806689 1010728225157.4657 14
1757557806741 1006803575674.6973 15
1757557806796 1002903503408.3806 16
1757557806850 999027848957.509 17
1757557806903 995176438149.1753 18
1757557806955 991349090297.8304 19
1757557807012 987545622325.9703 20
1757557807067 983765850815.6276 21
1757557807121 980009593025.3673 22
1757557807174 976276667390.1234 23
1757557807231 972566893762.5524 24
1757557807285 968880093525.2358 25
1757557807339 965216089638.401 26
1757557807394 961574706655.4863 27
1757557807447 957955770722.7252 28
1757557807500 954359109570.8201 29
1757557807555 950784552502.7549 30
1757557807608 947231930379.7598 31
1757557807660 943701075606.4373 32
1757557807712 940191822115.5566 33
1757557807766 936704005352.7618 34
1757557807819 933237462261.3218 35
1757557807872 929792031266.982 36
1757557807933 926367552262.9502 37
1757557807989 922963866595.0225 38
1757557808042 919580817046.8684 39
1757557808096 916218247825.4644 40
1757557808150 912876004546.6853 41
1757557808204 909553934221.047 42
1757557808258 906251885239.6029 43
1757557808312 902969707359.9911 44
1757557808365 899707251692.6302 45
1757557808417 896464370687.0651 46
1757557808469 893240918118.4554 47
1757557808522 890036749074.2125 48
1757557808575 886851719940.7764 49
1757557808629 883685688390.5369 50
1757557808685 880538513368.8916 51
1757557808739 877410055081.4452 52
1757557808793 874300174981.3435 53
1757557808846 871208735756.7452 54
1757557808899 868135601318.4237 55
1757557808952 865080636787.5055 56
1757557809005 862043708483.3372 57
1757557809058 859024683911.482 58
1757557809110 856023431751.846 59
1757557809163 853039821846.9276 60
1757557809217 850073725190.1976 61
1757557809272 847125013914.5973 62
1757557809327 844193561281.164 63
1757557809380 841279241667.7739 64
1757557809433 838381930558.0085 65
1757557809486 835501504530.1361 66
1757557809541 832637841246.2129 67
1757557809595 829790819441.2985 68
1757557809647 826960318912.7877 69
1757557809699 824146220509.8547 70
1757557809754 821348406123.009 71
1757557809805 818566758673.7637 72
1757557809859 815801162104.4116 73
1757557809913 813051501367.9125 74
1757557809966 810317662417.8842 75
1757557810018 807599532198.7042 76
1757557810071 804896998635.712 77
1757557810124 802209950625.5176 78
1757557810178 799538278026.413 79
1757557810233 796881871648.8833 80
1757557810287 794240623246.2206 81
1757557810342 791614425505.2357 82
1757557810396 789003172037.0687 83
1757557810450 786406757368.0966 84
1757557810504 783825076930.9362 85
1757557810556 781258027055.5454 86
1757557810609 778705504960.4132 87
1757557810663 776167408743.8475 88
1757557810717 773643637375.3527 89
1757557810770 771134090687.0974 90
1757557810823 768638669365.4757 91
1757557810880 766157274942.7526 92
1757557810933 763689809788.8014 93
1757557810987 761236177102.9266 94
1757557811043 758796280905.7726 95
1757557811097 756370026031.318 96
1757557811151 753957318118.9548 97
1757557811204 751558063605.6503 98
1757557811259 749172169718.1901 99
1757557811313 746799544465.5056 100
1757557811366 744440096631.0796 101
1757557811422 742093735765.4327 102
1757557811476 739760372178.6885 103
1757557811529 737439916933.2163 104
1757557811582 735132281836.3527 105
1757557811638 732837379433.1959 106
1757557811693 730555122999.4803 107
1757557811750 728285426534.5216 108
1757557811805 726028204765.7942 109
1757557811859 723783373113.5702 110
1757557811913 721550847703.6462 111
1757557811967 719330545359.2496 112
1757557812020 717122383593.6804 113
1757557812075 714926280603.358 114
1757557812129 712742155261.101 115
1757557812182 710569927109.5592 116
1757557812236 708409516354.7574 117
1757557812292 706260843859.722 118
1757557812346 704123831138.1896 119
1757557812399 701998400348.381 120
1757557812453 699884474286.8475 121
1757557812506 697781976382.3796 122
1757557812559 695690830689.9795 123
1757557812614 693610961884.8986 124
1757557812671 691542295256.7358 125
1757557812726 689484756703.5972 126
1757557812781 687438272726.3169 127
1757557812838 685402770422.7377 128
1757557812894 683378177482.0513 129
1757557812949 681364422179.1965 130
1757557813002 679361433369.3169 131
1757557813060 677369140482.2745 132
1757557813114 675387473517.221 133
1757557813169 673416363037.2247 134
1757557813224 671455740163.9545 135
1757557813283 669505536572.416 136
1757557813336 667565684485.7455 137
1757557813389 665636116670.0547 138
1757557813443 663716766429.3312 139
1757557813496 661807567600.3887 140
1757557813551 659908454547.8727 141
1757557813605 658019362159.3156 142
1757557813659 656140225840.2423 143
1757557813713 654270981509.3275 144
1757557813766 652411565593.6033 145
1757557813821 650561915023.7139 146
1757557813876 648721967229.2205 147
1757557813929 646891660133.9562 148
1757557813983 645070932151.4242 149
1757557814041 643259722180.2474 150
1757557814095 641457969599.6633 151
1757557814149 639665614265.0641 152
1757557814206 637882596503.5839 153
1757557814261 636108857109.7299 154
1757557814315 634344337341.06 155
1757557814367 632588978913.9033 156
1757557814422 630842723999.1248 157
1757557814475 629105515217.9323 158
1757557814530 627377295637.7285 159
1757557814584 625658008768.0034 160
1757557814638 623947598556.2701 161
1757557814691 622246009384.0403 162
1757557814744 620553186062.8419 163
1757557814801 618869073830.2784 164
1757557814857 617193618346.1255 165
1757557814912 615526765688.4696 166
1757557814969 613868462349.8859 167
1757557815023 612218655233.6528 168
1757557815077 610577291650.0085 169
1757557815131 608944319312.4413 170
1757557815194 607319686334.0215 171
1757557815254 605703341223.7681 172
1757557815311 604095232883.053 173
1757557815371 602495310602.0415 174
1757557815425 600903524056.1698 175
1757557815482 599319823302.656 176
1757557815541 597744158777.0488 177
1757557815599 596176481289.8091 178
1757557815653 594616742022.9281 179
1757557815707 593064892526.5765 180
1757557815762 591520884715.7916 181
1757557815816 589984670867.1942 182
1757557815870 588456203615.7404 183
1757557815924 586935435951.5055 184
1757557815979 585422321216.5004 185
1757557816033 583916813101.5205 186
1757557816088 582418865643.0255 187
1757557816145 580928433220.05 188
1757557816202 579445470551.148 189
1757557816255 577969932691.363 190
1757557816309 576501775029.2349 191
1757557816365 575040953283.8303 192
1757557816419 573587423501.8076 193
1757557816474 572141142054.5089 194
1757557816528 570702065635.0812 195
1757557816583 569270151255.6271 196
1757557816637 567845356244.3842 197
1757557816693 566427638242.9304 198
1757557816750 565016955203.4203 199
1757557816804 563613265385.8466 200
1757557816859 562216527355.3297 201
1757557816914 560826699979.4348 202
1757557816969 559443742425.5145 203
1757557817022 558067614158.0787 204
1757557817085 556698274936.1903 205
1757557817141 555335684810.8866 206
1757557817196 553979804122.6268 207
1757557817252 552630593498.7639 208
1757557817308 551288013851.0426 209
1757557817364 549952026373.1215 210
1757557817422 548622592538.11914 211
1757557817480 547299674096.186 212
1757557817535 545983233072.09845 213
1757557817589 544673231762.878 214
1757557817642 543369632735.43335 215
1757557817697 542072398824.22546 216
1757557817751 540781493128.9561 217
1757557817805 539496879012.2789 218
1757557817859 538218520097.53296 219
1757557817915 536946380266.49866 220
1757557817970 535680423657.17554 221
1757557818029 534420614661.58185 222
1757557818083 533166917923.5758 223
1757557818139 531919298336.6985 224
1757557818193 530677721042.03687 225
1757557818249 529442151426.10913 226
1757557818306 528212555118.7691 227
1757557818361 526988897991.1326 228
1757557818417 525771146153.5231 229
1757557818472 524559265953.43756 230
1757557818529 523353223973.5323 231
1757557818589 522152987029.6284 232
1757557818648 520958522168.73663 233
1757557818709 519769796667.10077 234
1757557818769 518586778028.26135 235
1757557818830 517409433981.13684 236
1757557818893 516237732478.1242 237
1757557818954 515071641693.2177 238
1757557819016 513911130020.1456 239
1757557819078 512756166070.5257 240
1757557819139 511606718672.03723 241
1757557819201 510462756866.6121 242
1757557819262 509324249908.6424 243
1757557819324 508191167263.20593 244
1757557819385 507063478604.3079 245
1757557819446 505941153813.14056 246
1757557819512 504824162976.3592 247
1757557819572 503712476384.37415 248
1757557819638 502606064529.6603 249
1757557819701 501504898105.08154 250
1757557819765 500408948002.2329 251
1757557819825 499318185309.7962 252
1757557819886 498232581311.9141 253
1757557819947 497152107486.5778 254
1757557820009 496076735504.0307 255
1757557820070 495006437225.1878 256
1757557820132 493941184700.0692 257
1757557820194 492880950166.24945 258
1757557820257 491825706047.32086 259
1757557820318 490775424951.37225 260
1757557820379 489730079669.48145 261
1757557820440 488689643174.22253 262
1757557820501 487654088618.1867 263
1757557820561 486623389332.5183 264
1757557820622 485597518825.4631 265
1757557820686 484576450780.9315 266
1757557820749 483560159057.075 267
1757557820814 482548617684.87634 268
1757557820882 481541800866.75214 269
1757557820946 480539682975.16925 270
1757557821007 479542238551.27496 271
1757557821068 478549442303.53815 272
1757557821130 477561269106.405 273
1757557821191 476577693998.96674 274
1757557821256 475598692183.63934 275
1757557821317 474624239024.8562 276
1757557821378 473654310047.7731 277
1757557821441 472688880936.98505 278
1757557821501 471727927535.25507 279
1757557821560 470771425842.25494 280
1757557821618 469819352013.31805 281
1757557821676 468871682358.203 282
1757557821739 467928393339.8695 283
1757557821804 466989461573.2656 284
1757557821862 466054863824.1256 285
1757557821922 465124577007.7799 286
1757557821980 464198578187.9753 287
1757557822038 463276844575.70636 288
1757557822097 462359353528.0578 289
1757557822156 461446082547.05743 290
1757557822221 460537009278.54004 291
1757557822278 459632111511.0205 292
1757557822336 458731367174.5793 293
1757557822394 457834754339.7566 294
1757557822454 456942251216.4577 295
1757557822513 456053836152.8669 296
1757557822568 455169487634.3736 297
1757557822626 454289184282.50665 298
1757557822681 453412904853.87866 299
1757557822737 452540628239.14056 300
1757557822794 451672333461.945 301
1757557822850 450807999677.92004 302
1757557822905 449947606173.65173 303
1757557822962 449091132365.67554 304
1757557823018 448238557799.4779 305
1757557823074 447389862148.50616 306
1757557823129 446545025213.18805 307
1757557823186 445704026919.9593 308
1757557823242 444866847320.30115 309
1757557823297 444033466589.78516 310
1757557823353 443203865027.12854 311
1757557823410 442378023053.2559 312
1757557823466 441555921210.3713 313
1757557823523 440737540161.0374 314
1757557823581 439922860687.26416 315
1757557823637 439111863689.6041 316
1757557823693 438304530186.2573 317
1757557823749 437500841312.18353 318
1757557823808 436700778318.2224 319
1757557823866 435904322570.2221 320
1757557823922 435111455548.17456 321
1757557823983 434322158845.36053 322
1757557824040 433536414167.4994 323
1757557824099 432754203331.9095 324
1757557824157 431975508266.67377 325
1757557824217 431200311009.81445 326
1757557824275 430428593708.4734 327
1757557824333 429660338618.1012 328
1757557824392 428895528101.653 329
1757557824449 428134144628.79114 330
1757557824507 427376170775.0952 331
1757557824565 426621589221.2787 332
1757557824621 425870382752.4135 333
1757557824683 425122534257.16 334
1757557824741 424378026727.0045 335
1757557824798 423636843255.5043 336
1757557824855 422898967037.5373 337
1757557824912 422164381368.56067 338
1757557824974 421433069643.8738 339
1757557825031 420705015357.8895 340
1757557825088 419980202103.4104 341
1757557825147 419258613570.9119 342
1757557825206 418540233547.8321 343
1757557825263 417825045917.86694 344
1757557825322 417113034660.27216 345
1757557825385 416404183849.17126 346
1757557825443 415698477652.8688 347
1757557825504 414995900333.17096 348
1757557825564 414296436244.71063 349
1757557825622 413600069834.2791 350
1757557825682 412906785640.16376 351
1757557825747 412216568291.49066 352
1757557825804 411529402507.5736 353
1757557825861 410845273097.2681 354
1757557825920 410164164958.3322 355
1757557825976 409486063076.7907 356
1757557826034 408810952526.3067 357
1757557826091 408138818467.55804 358
1757557826155 407469646147.61865 359
1757557826214 406803420899.3455 360
1757557826272 406140128140.77057 361
1757557826331 405479753374.49884 362
1757557826389 404822282187.1102 363
1757557826446 404167700248.5674 364
1757557826504 403515993311.6283 365
1757557826563 402867147211.264 366
1757557826620 402221147864.081 367
1757557826678 401577981267.74915 368
1757557826734 400937633500.4335 369
1757557826791 400300090720.23157 370
1757557826848 399665339164.6153 371
1757557826906 399033365149.87805 372
1757557826963 398404155070.58484 373
1757557827020 397777695399.0292 374
1757557827078 397153972684.6931 375
1757557827136 396532973553.71234 376
1757557827194 395914684708.3456 377
1757557827251 395299092926.4484 378
1757557827309 394686185060.9521 379
1757557827367 394075948039.3452 380
1757557827423 393468368863.1621 381
1757557827485 392863434607.47266 382
1757557827542 392261132420.3788 383
1757557827600 391661449522.514 384
1757557827663 391064373206.5466 385
1757557827722 390469890836.6886 386
1757557827779 389877989848.2069 387
1757557827837 389288657746.94006 388
1757557827894 388701882108.8178 389
1757557827952 388117650579.38544 390
1757557828008 387535950873.3314 391
1757557828067 386956770774.0196 392
1757557828123 386380098133.0246 393
1757557828181 385805920869.6715 394
1757557828241 385234226970.57904 395
1757557828300 384665004489.2062 396
1757557828361 384098241545.4036 397
1757557828418 383533926324.9676 398
1757557828476 382972047079.19794 399
1757557828534 382412592124.45996 400
1757557828591 381855549841.74915 401
1757557828651 381300908676.2602 402
1757557828708 380748657136.95917 403
1757557828765 380198783796.15924 404
1757557828823 379651277305.93353 405
1757557828881 379106126355.6631 406
1757557828938 378563319701.0053 407
1757557828996 378022846161.39154 408
1757557829058 377484694618.57513 409
1757557829126 376948854015.704 410
1757557829189 376415313356.6578 411
1757557829248 375884061705.52045 412
1757557829306 375355088186.11957 413
1757557829364 374828381981.6028 414
1757557829424 374303932334.0324 415
1757557829481 373781728543.99255 416
1757557829537 373261759970.2029 417
1757557829596 372744016029.13727 418
1757557829655 372228486194.6469 419
1757557829713 371715159997.58624 420
1757557829772 371204027025.4429 421
1757557829834 370695076921.9702 422
1757557829894 370188299386.8229 423
1757557829954 369683684175.19525 424
1757557830013 369181221097.46265 425
1757557830071 368680900018.826 426
1757557830130 368182710858.95807 427
1757557830191 367686643591.654 428
1757557830250 367192688244.483 429
1757557830309 366700834898.44446 430
1757557830370 366211073687.6249 431
1757557830433 365723394798.85913 432
1757557830495 365237788471.39325 433
1757557830559 364754244996.5503 434
1757557830625 364272754717.3994 435
1757557830687 363793308028.4258 436
1757557830746 363315895375.2048 437
1757557830805 362840507254.0778 438
1757557830863 362367134211.8314 439
1757557830921 361895766845.37726 440
1757557830984 361426395801.43665 441
1757557831042 360959011776.22577 442
1757557831100 360493605515.1444 443
1757557831159 360030167812.4666 444
1757557831220 359568689511.0335 445
1757557831280 359109161501.9492 446
1757557831340 358651574724.278 447
1757557831402 358195920164.7452 448
1757557831463 357742188857.43854 449
1757557831527 357290371883.5136 450
1757557831586 356840460370.90027 451
1757557831644 356392445494.0119 452
1757557831704 355946318473.4565 453
1757557831811 355502070575.75055 454
1757557831869 355059693113.03406 455
1757557831929 354619177442.789 456
1757557831988 354180514967.5586 457
1757557832048 353743697134.6695 458
1757557832107 353308715435.95636 459
1757557832167 352875561407.4872 460
1757557832226 352444226629.29224 461
1757557832285 352014702725.0937 462
1757557832344 351586981362.0386 463
1757557832403 351161054250.4322 464
1757557832462 350736913143.4749 465
1757557832521 350314549837.0003 466
1757557832579 349893956169.2153 467
1757557832638 349475124020.4417 468
1757557832702 349058045312.861 469
1757557832764 348642712010.2596 470
1757557832824 348229116117.77655 471
1757557832883 347817249681.6537 472
1757557832943 347407104788.98663 473
1757557833001 346998673567.47784 474
1757557833059 346591948185.1921 475
1757557833119 346186920850.31354 476
1757557833178 345783583810.9035 477
1757557833239 345381929354.6616 478
1757557833298 344981949808.68805 479
1757557833357 344583637539.24646 480
1757557833415 344186984951.5309 481
1757557833474 343791984489.43207 482
1757557833534 343398628635.3067 483
1757557833592 343006909909.7483 484
1757557833650 342616820871.3597 485
1757557833711 342228354116.526 486
1757557833770 341841502279.1916 487
1757557833828 341456258030.63635 488
1757557833888 341072614079.25494 489
1757557833948 340690563170.3366 490
1757557834008 340310098085.8484 491
1757557834066 339931211644.21704 492
1757557834126 339553896700.1156 493
1757557834185 339178146144.24896 494
1757557834245 338803952903.14264 495
1757557834306 338431309938.9322 496
1757557834364 338060210249.15424 497
1757557834424 337690646866.5395 498
1757557834484 337322612858.80646 499
