1757591322400 1064044930856.3428 0
1757591322460 868232742022.3708 1
1757591322522 729418888590.6805 2
1757591322583 627510873741.2489 3
1757591322646 550674162710.6012 4
1757591322707 491583380843.8114 5
1757591322769 445473576751.1604 6
1757591322830 409101096838.33234 7
1757591322892 380171012024.67804 8
1757591322953 357008795523.2398 9
1757591323015 338363384065.8917 10
1757591323076 323283365369.1126 11
1757591323138 311035546433.44354 12
1757591323212 301049202646.6464 13
1757591323277 292876609716.24255 14
1757591323340 286164349235.0206 15
1757591323402 280632013835.59644 16
1757591323468 276056153847.7399 17
1757591323536 272258028823.176 18
1757591323601 269094174016.18567 19
1757591323662 266449080175.34723 20
1757591323725 264229478067.2262 21
1757591323787 262359852608.3968 22
1757591323850 260778906132.65244 23
1757591323911 259436758826.91666 24
1757591323973 258292724748.80225 25
1757591324035 257313539354.69168 26
1757591324096 256471942686.1113 27
1757591324157 255745543764.08194 28
1757591324219 255115908086.792 29
1757591324282 254567822686.11578 30
1757591324349 254088702902.30585 31
1757591324414 253668112570.079 32
1757591324477 253297375184.8944 33
1757591324541 252969258219.54547 34
1757591324602 252677716378.48853 35
1757591324663 252417682431.18866 36
1757591324726 252184896524.74225 37
1757591324789 251975766669.6011 38
1757591324851 251787254520.28043 39
1757591324914 251616781712.922 40
1757591324975 251462152933.79437 41
1757591325037 251321492624.3605 42
1757591325099 251193192816.3953 43
1757591325163 251075870063.90234 44
1757591325229 250968329820.24255 45
1757591325291 250869536917.1688 46
1757591325355 250778591051.83746 47
1757591325417 250694706389.8671 48
1757591325480 250617194556.3474 49
1757591325542 250545450419.74487 50
1757591325603 250478940181.80692 51
1757591325664 250417191374.5957 52
1757591325726 250359784437.49725 53
1757591325788 250306345605.54675 54
1757591325850 250256540888.1595 55
1757591325925 250210070956.38406 56
1757591325989 250166666788.7191 57
1757591326051 250126085951.67532 58
1757591326114 250088109412.70004 59
1757591326177 250052538800.6643 60
1757591326241 250019194043.56424 61
1757591326303 249987911324.9713 62
1757591326365 249958541310.55362 63
1757591326427 249930947604.0588 64
1757591326490 249905005398.81155 65
1757591326557 249880600296.28897 66
1757591326620 249857627267.89456 67
1757591326683 249835989739.8378 68
1757591326745 249815598784.16577 69
1757591326808 249796372401.6081 70
1757591326871 249778234884.0763 71
1757591326934 249761116246.47977 72
1757591326997 249744951719.04214 73
1757591327060 249729681292.58075 74
1757591327126 249715249310.28653 75
1757591327187 249701604100.44507 76
1757591327253 249688697645.30432 77
1757591327317 249676485281.94235 78
1757591327383 249664925431.53574 79
1757591327445 249653979353.89868 80
1757591327509 249643610924.55997 81
1757591327572 249633786431.9868 82
1757591327633 249624474392.8582 83
1757591327697 249615645383.54123 84
1757591327759 249607271886.14102 85
1757591327821 249599328147.68494 86
1757591327883 249591790051.1629 87
1757591327945 249584634997.28958 88
1757591328008 249577841795.97598 89
1757591328070 249571390566.6096 90
1757591328132 249565262646.334 91
1757591328193 249559440505.6061 92
1757591328256 249553907670.3794 93
1757591328318 249548648650.33057 94
1757591328382 249543648872.60132 95
1757591328444 249538894620.58167 96
1757591328508 249534372977.30383 97
1757591328570 249530071773.05927 98
1757591328633 249525979536.88586 99
1757591328698 249522085451.6056 100
1757591328764 249518379312.1229 101
1757591328827 249514851486.71942 102
1757591328891 249511492881.1042 103
1757591328954 249508294905.0007 104
1757591329017 249505249441.07117 105
1757591329087 249502348815.99466 106
1757591329153 249499585773.53256 107
1757591329220 249496953449.42953 108
1757591329284 249494445348.00897 109
1757591329349 249492055320.33618 110
1757591329412 249489777543.8313 111
1757591329475 249487606503.22394 112
1757591329540 249485536972.75226 113
1757591329602 249483563999.51352 114
1757591329665 249481682887.8843 115
1757591329727 249479889184.9328 116
1757591329790 249478178666.7525 117
1757591329853 249476547325.6525 118
1757591329915 249474991358.14362 119
1757591329978 249473507153.66595 120
1757591330042 249472091284.0056 121
1757591330104 249470740493.3543 122
1757591330166 249469451688.96786 123
1757591330230 249468221932.38297 124
1757591330292 249467048431.15533 125
