1757573215360 3.7577858879038694e+17 0
1757573215915 1.4076439640301005e+23 1
1757573216596 2.695373703624355e+34 2
1757573217256 1.3060360778097085e+39 3
1757573217940 2.540875106472036e+47 4
1757573218623 2.479337324813746e+55 5
1757573219295 9.840321635871481e+63 6
1757573219974 4.208823621991778e+69 7
1757573220650 3.522935352074607e+76 8
1757573221320 4.621909876066612e+85 9
1757573221994 1.157715043449104e+91 10
1757573222669 2.6987835500070578e+98 11
1757573223334 8.422897397656818e+104 12
1757573224018 3.913409872127362e+110 13
1757573224701 5.107575155177337e+121 14
1757573225374 3.2681067620789584e+127 15
1757573226051 2.6717926388403903e+136 16
1757573226721 3.9717887828529956e+145 17
1757573227389 9.01493770452963e+150 18
1757573228075 1.9375492306960874e+158 19
1757573228751 2.5580425642799257e+165 20
1757573229437 1.1995189732135174e+173 21
1757573230013 5.623677927773611e+181 22
1757573230651 2.980084733581446e+188 23
1757573231198 5.515511340128633e+197 24
1757573231874 9.046528441105887e+204 25
1757573232561 1.438612915362755e+211 26
1757573233229 7.197654772647646e+219 27
1757573233921 1.209850699666162e+228 28
1757573234598 5.734809754279812e+234 29
1757573235274 2.036958472964093e+243 30
1757573235954 3.8436186323256454e+251 31
1757573236633 8.455195014196143e+259 32
1757573237305 1.9232931049010482e+268 33
1757573237843 4.096981935732711e+275 34
1757573238508 1.785704995216786e+283 35
1757573239121 1.0217142915492816e+293 36
1757573239786 1.695624161556066e+299 37
1757573240467 1.142033501873071e+308 38
1757573241147 inf 39
