1757543247399 1064044748402.8925 0
1757543247457 1061374447330.4109 1
1757543247510 1057384480753.9418 2
1757543247566 1052754589332.6313 3
1757543247624 1047825584147.8439 4
1757543247683 1042767930893.9786 5
1757543247739 1037666701709.1503 6
1757543247794 1032564218736.7408 7
1757543247858 1027481418635.6704 8
1757543247912 1022428545753.6768 9
1757543247974 1017410501482.4446 10
1757543248029 1012429519593.0465 11
1757543248093 1007486504004.839 12
1757543248151 1002581697620.4418 13
1757543248210 997715016652.213 14
1757543248269 992886217683.6749 15
1757543248324 988094981096.9069 16
1757543248381 983340952684.4778 17
1757543248443 978623764356.2917 18
1757543248501 973943044396.9049 19
1757543248559 969298422501.213 20
1757543248624 964689532202.4314 21
1757543248684 960116011999.2822 22
1757543248748 955577505835.739 23
1757543248803 951073663259.9285 24
1757543248860 946604139425.374 25
1757543248919 942168595016.0847 26
1757543248974 937766696136.142 27
1757543249033 933398114184.0186 28
1757543249101 929062525721.6539 29
1757543249162 924759612343.216 30
1757543249220 920489060545.926 31
1757543249279 916250561604.0553 32
1757543249338 912043811446.5724 33
1757543249394 907868510538.6018 34
1757543249453 903724363766.706 35
1757543249515 899611080327.9238 36
1757543249573 895528373622.4657 37
1757543249625 891475961149.9554 38
1757543249690 887453564409.0939 39
1757543249747 883460908800.63 40
1757543249812 879497723533.5184 41
1757543249871 875563741534.1511 42
1757543249939 871658699358.5531 43
1757543249996 867782337107.4349 44
1757543250056 863934398343.9989 45
1757543250118 860114630014.4 46
1757543250177 856322782370.7664 47
1757543250238 852558608896.688 48
1757543250297 848821866235.0823 49
1757543250359 845112314118.3558 50
1757543250418 841429715300.7749 51
1757543250477 837773835492.9702 52
1757543250533 834144443298.4968 53
1757543250593 830541310152.3754 54
1757543250651 826964210261.5483 55
1757543250709 823412920547.1769 56
1757543250766 819887220588.7183 57
1757543250842 816386892569.7166 58
1757543250909 812911721225.2483 59
1757543250965 809461493790.9647 60
1757543251027 806035999953.6719 61
1757543251085 802635031803.3956 62
1757543251148 799258383786.8794 63
1757543251203 795905852662.4651 64
1757543251268 792577237456.3052 65
1757543251324 789272339419.8633 66
1757543251386 785990961988.6554 67
1757543251445 782732910742.1902 68
1757543251505 779497993365.064 69
1757543251572 776286019609.1732 70
1757543251630 773096801257.0044 71
1757543251689 769930152085.9618 72
1757543251747 766785887833.7013 73
1757543251815 763663826164.4319 74
1757543251875 760563786636.153 75
1757543251931 757485590668.7966 76
1757543251990 754429061513.2389 77
1757543252058 751394024221.1581 78
1757543252117 748380305615.7026 79
1757543252174 745387734262.9471 80
1757543252229 742416140444.1078 81
1757543252288 739465356128.4902 82
1757543252348 736535214947.1456 83
1757543252408 733625552167.2133 84
1757543252468 730736204666.9232 85
1757543252528 727867010911.2389 86
1757543252591 725017810928.1177 87
1757543252655 722188446285.3685 88
1757543252720 719378760068.088 89
1757543252782 716588596856.6531 90
1757543252855 713817802705.256 91
1757543283952 711066225120.9585 92
1757543284047 708333713043.2533 93
1757543284132 705620116824.113 94
1757543284219 702925288208.5105 95
1757543284303 700249080315.3988 96
1757543284389 697591347619.1298 97
1757543284482 694951945931.3046 98
1757543284577 692330732383.0358 99
1757543284671 689727565407.6108 100
1757543284767 687142304723.5442 101
1757543284862 684574811318.0048 102
1757543284961 682024947430.6082 103
1757543285058 679492576537.5602 104
1757543285152 676977563336.1427 105
1757543285246 674479773729.5297 106
1757543285387 671999074811.9237 107
1757543285470 669535334854.0032 108
1757543285550 667088423288.671 109
1757543285626 664658210697.0938 110
1757543285704 662244568795.0244 111
1757543285768 659847370419.4005 112
1757543285827 657466489515.2058 113
1757543285882 655101801122.5918 114
1757543285943 652753181364.249 115
1757543286004 650420507433.0216 116
1757543286063 648103657579.7555 117
1757543286126 645802511101.3796 118
1757543286191 643516948329.204 119
1757543286251 641246850617.4375 120
1757543286313 638992100331.914 121
1757543286376 636752580839.0195 122
1757543286442 634528176494.8212 123
1757543286505 632318772634.3845 124
1757543286562 630124255561.2798 125
1757543286621 627944512537.2683 126
1757543286679 625779431772.1653 127
1757543286739 623628902413.8759 128
1757543286797 621492814538.5948 129
1757543286859 619371059141.1724 130
1757543286920 617263528125.6337 131
1757543286978 615170114295.8561 132
1757543287048 613090711346.3934 133
1757543287113 611025213853.4463 134
1757543287168 608973517265.9753 135
1757543287230 606935517896.9509 136
1757543287291 604911112914.7389 137
1757543287357 602900200334.617 138
1757543287418 600902679010.4185 139
1757543287480 598918448626.3016 140
1757543287537 596947409688.6394 141
1757543287603 594989463518.0283 142
1757543287663 593044512241.4127 143
1757543287727 591112458784.3225 144
1757543287784 589193206863.219 145
1757543287844 587286660977.9509 146
1757543287902 585392726404.3127 147
1757543287969 583511309186.7074 148
1757543288027 581642316130.9073 149
1757543288087 579785654796.9153 150
1757543288145 577941233491.9181 151
1757543288203 576108961263.3362 152
1757543288263 574288747891.9633 153
1757543288323 572480503885.1947 154
1757543288382 570684140470.3442 155
1757543288445 568899569588.0458 156
1757543288514 567126703885.738 157
1757543288573 565365456711.2316 158
1757543288633 563615742106.3563 159
1757543288691 561877474800.6863 160
1757543288753 560150570205.3416 161
1757543288811 558434944406.8658 162
1757543288868 556730514161.177 163
1757543288927 555037196887.5905 164
1757543288990 553354910662.9124 165
1757543289049 551683574215.6028 166
1757543289111 550023106920.0072 167
1757543289179 548373428790.654 168
1757543289239 546734460476.61694 169
1757543289298 545106123255.94354 170
1757543289362 543488339030.1447 171
1757543289419 541881030318.7466 172
1757543289485 540284120253.9044 173
1757543289545 538697532575.07367 174
1757543289601 537121191623.7419 175
1757543289669 535555022338.2165 176
1757543289732 533998950248.47003 177
1757543289795 532452901471.04047 178
1757543289858 530916802703.9859 179
1757543289929 529390581221.8937 180
1757543289997 527874164870.94104 181
1757543290057 526367482064.009 182
1757543290112 524870461775.8458 183
1757543290175 523383033538.2823 184
1757543290232 521905127435.49414 185
1757543290298 520436674099.3155 186
1757543290354 518977604704.5987 187
1757543290415 517527850964.6214 188
1757543290479 516087345126.54 189
1757543290538 514656019966.889 190
1757543290595 513233808787.1252 191
1757543290653 511820645409.21625 192
1757543290715 510416464171.2723 193
1757543290777 509021199923.22144 194
1757543290852 507634788022.52673 195
1757543290926 506257164329.9458 196
1757543290983 504888265205.3307 197
1757543291048 503528027503.4693 198
1757543291108 502176388569.96545 199
1757543291175 500833286237.16046 200
1757543291233 499498658820.0912 201
1757543291295 498172445112.4884 202
1757543291358 496854584382.81244 203
1757543291422 495545016370.3256 204
1757543291485 494243681281.20245 205
1757543291543 492950519784.6759 206
1757543291604 491665473009.2192 207
1757543291664 490388482538.7635 208
1757543291724 489119490408.951 209
1757543291797 487858439103.4214 210
1757543291859 486605271550.13385 211
1757543291919 485359931117.7219 212
1757543291977 484122361611.88135 213
1757543292040 482892507271.7924 214
1757543292101 481670312766.5727 215
1757543292164 480455723191.7635 216
1757543292227 479248684065.84717 217
1757543292287 478049141326.79663 218
1757543292352 476857041328.65454 219
1757543292416 475672330838.14453 220
1757543292477 474494957031.31195 221
1757543292542 473324867490.1941 222
1757543292601 472162010199.52136 223
1757543292659 471006333543.44666 224
1757543292716 469857786302.3038 225
1757543292775 468716317649.3946 226
1757543292850 467581877147.8049 227
1757543292907 466454414747.24695 228
1757543292973 465333880780.93207 229
1757543293033 464220225962.4674 230
1757543293093 463113401382.783 231
1757543293154 462013358507.08325 232
1757543293220 460920049171.8257 233
1757543293284 459833425581.7271 234
1757543293345 458753440306.7931 235
1757543293412 457680046279.37634 236
1757543293488 456613196791.2572 237
1757543293548 455552845490.75226 238
1757543293610 454498946379.84576 239
1757543293677 453451453811.34656 240
1757543293732 452410322486.0694 241
1757543293793 451375507450.04016 242
1757543293858 450346964091.7252 243
1757543293921 449324648139.28406 244
1757543293986 448308515657.8457 245
1757543294045 447298523046.8084 246
1757543294108 446294627037.16156 247
1757543294167 445296784688.8316 248
1757543294234 444304953388.04913 249
1757543294302 443319090844.7389 250
1757543294363 442339155089.93256 251
1757543294426 441365104473.2015 252
1757543294486 440396897660.11334 253
1757543294549 439434493629.7087 254
1757543294608 438477851671.99927 255
1757543294673 437526931385.48706 256
1757543294739 436581692674.705 257
1757543294816 435642095747.77734 258
1757543294877 434708101114.0009 259
1757543294942 433779669581.44696 260
1757543295006 432856762254.58203 261
1757543295066 431939340531.9104 262
1757543295128 431027366103.63416 263
1757543295185 430120800949.33453 264
1757543295250 429219607335.67194 265
1757543295312 428323747814.1045 266
1757543295373 427433185218.6271 267
1757543295433 426547882663.5273 268
1757543295497 425667803541.1619 269
1757543295560 424792911519.7501 270
1757543295622 423923170541.1866 271
1757543295686 423058544818.8716 272
1757543295756 422198998835.5596 273
1757543295819 421344497341.22516 274
1757543295882 420495005350.9476 275
1757543295950 419650488142.8113 276
1757543296017 418810911255.8257 277
1757543296075 417976240487.8604 278
1757543296134 417146441893.59827 279
1757543296199 416321481782.5053 280
1757543296261 415501326716.81757 281
1757543296325 414685943509.5435 282
1757543296390 413875299222.4844 283
1757543296451 413069361164.2698 284
1757543296516 412268096888.4093 285
1757543296581 411471474191.3612 286
1757543296641 410679461110.61584 287
1757543296706 409892025922.7956 288
1757543296768 409109137141.76953 289
1757543296830 408330763516.78485 290
1757543296895 407556874030.6121 291
1757543296961 406787437897.7069 292
1757543297020 406022424562.3857 293
1757543297086 405261803697.0173 294
1757543297149 404505545200.22864 295
1757543297210 403753619195.12524 296
1757543297268 403005996027.52686 297
1757543297332 402262646264.2161 298
1757543297390 401523540691.2033 299
1757543297455 400788650312.004 300
1757543297516 400057946345.931 301
1757543297585 399331400226.40094 302
1757543297651 398608983599.25305 303
1757543297714 397890668321.0837 304
1757543297775 397176426457.59265 305
1757543297842 396466230281.94434 306
1757543297908 395760052273.1411 307
1757543297974 395057865114.4108 308
1757543298041 394359641691.6067 309
1757543298107 393665355091.6209 310
1757543298170 392974978600.81006 311
1757543298233 392288485703.43506 312
1757543298295 391605850080.112 313
1757543298358 390927045606.2764 314
1757543298420 390252046350.66046 315
1757543298484 389580826573.7809 316
1757543298551 388913360726.4414 317
1757543298613 388249623448.2453 318
1757543298670 387589589566.12134 319
1757543298731 386933234092.8608 320
1757543298800 386280532225.66724 321
1757543298865 385631459344.7169 322
1757543298928 384985991011.7317 323
1757543298993 384344102968.56366 324
1757543299053 383705771135.7899 325
1757543299113 383070971611.3203 326
1757543299174 382439680669.0156 327
1757543299239 381811874757.3167 328
1757543299301 381187530497.8855 329
1757543299368 380566624684.2559 330
1757543299434 379949134280.49695 331
1757543299499 379335036419.88525 332
1757543299565 378724308403.5897 333
1757543299624 378116927699.36554 334
1757543299685 377512871940.25946 335
1757543299748 376912118923.32526 336
1757543299809 376314646608.34985 337
1757543299868 375720433116.5891 338
1757543299939 375129456729.51447 339
1757543300004 374541695887.56946 340
1757543300065 373957129188.9359 341
1757543300133 373375735388.31067 342
1757543300200 372797493395.6914 343
1757543300261 372222382275.17334 344
1757543300320 371650381243.7543 345
1757543300385 371081469670.1506 346
1757543300445 370515627073.62146 347
1757543300506 369952833122.8036 348
1757543300574 369393067634.5552 349
1757543300634 368836310572.80804 350
1757543300701 368282542047.4308 351
1757543300763 367731742313.09955 352
1757543300831 367183891768.17865 353
1757543300913 366638970953.61 354
1757543300975 366096960551.8114 355
1757543301037 365557841385.5838 356
1757543301102 365021594417.0272 357
1757543301163 364488200746.4653 358
1757543301227 363957641611.37866 359
1757543301294 363429898385.347 360
1757543301353 362904952576.9988 361
1757543301417 362382785828.9708 362
1757543301477 361863379916.87445 363
1757543301546 361346716748.2717 364
1757543301611 360832778361.6584 365
1757543301679 360321546925.45593 366
1757543301743 359813004737.0114 367
1757543301818 359307134221.6048 368
1757543301882 358803917931.4653 369
1757543301948 358303338544.79474 370
1757543302006 357805378864.7987 371
1757543302069 357310021818.72644 372
1757543302131 356817250456.9169 373
1757543302198 356327047951.8537 374
1757543302271 355839397597.2273 375
1757543302330 355354282807.00415 376
1757543302396 354871687114.5038 377
1757543302459 354391594171.48346 378
1757543302524 353913987747.2293 379
1757543302597 353438851727.656 380
1757543302656 352966170114.4121 381
1757543302725 352495927023.99365 382
1757543302788 352028106686.8648 383
1757543302851 351562693446.5844 384
1757543302912 351099671758.9413 385
1757543302977 350639026191.0945 386
1757543303041 350180741420.72217 387
1757543303104 349724802235.17584 388
1757543303166 349271193530.64246 389
1757543303227 348819900311.3123 390
1757543303290 348370907688.55414 391
1757543303351 347924200880.0963 392
1757543303427 347479765209.21515 393
1757543303507 347037586103.92957 394
1757543303577 346597649096.2013 395
1757543303644 346159939821.1424 396
1757543303709 345724444016.2293 397
1757543303774 345291147520.5216 398
1757543303839 344860036273.8891 399
1757543303905 344431096316.2431 400
1757543303969 344004313786.7752 401
1757543304031 343579674923.20166 402
1757543304096 343157166061.01294 403
1757543304158 342736773632.731 404
1757543304219 342318484167.17096 405
1757543304285 341902284288.709 406
1757543304358 341488160716.55634 407
1757543304421 341076100264.03925 408
1757543304482 340666089837.8837 409
1757543304550 340258116437.50696 410
1757543304621 339852167154.3138 411
1757543304681 339448229170.9988 412
1757543304744 339046289760.8544 413
1757543304808 338646336287.0836 414
1757543304878 338248356202.1192 415
1757543304950 337852337046.94714 416
1757543305016 337458266450.4368 417
1757543305079 337066132128.675 418
1757543305146 336675921884.30615 419
1757543305207 336287623605.878 420
1757543305276 335901225267.1913 421
1757543305342 335516714926.6559 422
1757543305407 335134080726.6509 423
1757543305477 334753310892.891 424
1757543305542 334374393733.7966 425
1757543305608 333997317639.86975 426
1757543305674 333622071083.07495 427
1757543305740 333248642616.22437 428
1757543305805 332877020872.36816 429
1757543305868 332507194564.19025 430
1757543305932 332139152483.4076 431
1757543305999 331772883500.1751 432
1757543306062 331408376562.4955 433
1757543306127 331045620695.63245 434
1757543306194 330684605001.53046 435
1757543306259 330325318658.2367 436
1757543306323 329967750919.3305 437
1757543306394 329611891113.3541 438
1757543306461 329257728643.25024 439
1757543306526 328905252985.80365 440
1757543306594 328554453691.0861 441
1757543306659 328205320381.90656 442
1757543306724 327857842753.266 443
1757543306785 327512010571.8152 444
1757543306853 327167813675.3185 445
1757543306915 326825241972.1204 446
1757543306975 326484285440.617 447
1757543307042 326144934128.73145 448
1757543307113 325807178153.39374 449
1757543307181 325471007700.02405 450
1757543307241 325136413022.02094 451
1757543307302 324803384440.25275 452
1757543307366 324471912342.5533 453
1757543307431 324141987183.22205 454
1757543307497 323813599482.52747 455
1757543307562 323486739826.2146 456
1757543307630 323161398865.01654 457
1757543307732 322837567314.1695 458
1757543307800 322515235952.9322 459
1757543307864 322194395624.1083 460
1757543307930 321875037233.5733 461
1757543308008 321557151749.80475 462
1757543308071 321240730203.41595 463
1757543308137 320925763686.6938 464
1757543308203 320612243353.13995 465
1757543308266 320300160417.01575 466
1757543308335 319989506152.8903 467
1757543308399 319680271895.1928 468
1757543308467 319372449037.76764 469
1757543308541 319066029033.4335 470
1757543308602 318761003393.5454 471
1757543308670 318457363687.561 472
1757543308738 318155101542.6094 473
1757543308803 317854208643.06354 474
1757543308868 317554676730.11646 475
1757543308936 317256497601.36017 476
1757543308999 316959663110.36835 477
1757543309067 316664165166.282 478
1757543309135 316369995733.39813 479
1757543309198 316077146830.7626 480
1757543309265 315785610531.7645 481
1757543309329 315495378963.7359 482
1757543309392 315206444307.5522 483
1757543309455 314918798797.23773 484
1757543309515 314632434719.5733 485
1757543309582 314347344413.7071 486
1757543309650 314063520270.76843 487
1757543309719 313780954733.48505 488
1757543309784 313499640295.8026 489
1757543309853 313219569502.50775 490
1757543309916 312940734948.85376 491
1757543309980 312663129280.18945 492
1757543310046 312386745191.59076 493
1757543310114 312111575427.4948 494
1757543310175 311837612781.3374 495
1757543310241 311564850095.19354 496
1757543310302 311293280259.4198 497
1757543310368 311022896212.2999 498
1757543310437 310753690939.694 499
