1757575796660 126695624437.6438 0
1757575797178 32936738920.451176 1
1757575797700 516712915.66148305 2
1757575798215 1295564781.0194166 3
1757575798753 43709984842.99528 4
1757575799250 125197543544.92299 5
1757575799760 59857734489.32068 6
1757575800255 62408223641.25704 7
1757575800726 3698030322.5345645 8
1757575801196 2639662389.3160844 9
1757575801667 634518547462.8702 10
1757575802154 9099810217.500332 11
1757575802634 785803592.5694023 12
1757575803108 285865277795.28015 13
1757575803587 114747277693.10567 14
1757575804066 1960011559847.2083 15
1757575804587 51565543510.25822 16
1757575805078 22656285830.133015 17
1757575805587 40207752870.60715 18
1757575806075 3704657338405.727 19
1757575806574 2049567807117.16 20
1757575807108 45033267538.71242 21
1757575807616 21393724223.710983 22
1757575808111 217628904284.8749 23
1757575808606 26686234314.33294 24
1757575809090 676558424499.9176 25
1757575809593 27939024131.63309 26
1757575810097 921753430229.2463 27
1757575810592 595322906876.8865 28
1757575811091 15290105196.664173 29
1757575811588 322238323317.4483 30
1757575812087 1960843993.235619 31
1757575812580 337273787366.1684 32
1757575813076 196939608814.89594 33
1757575813559 896875440.2507269 34
1757575814070 148118877345.7654 35
1757575814563 18989321.506726798 36
1757575815050 43641442277.77152 37
1757575815545 266300585515.10944 38
1757575816044 343308387.69616777 39
1757575816531 22587359989.738285 40
1757575817029 2117816020.1110265 41
1757575817529 28045675079.392513 42
1757575818001 5531435013.561442 43
1757575818509 5496920027.773711 44
1757575818986 109673033248.93462 45
1757575819486 86987267150.1847 46
1757575819955 55878942178.993484 47
1757575820457 16783093415.426153 48
1757575820950 605852193.5389766 49
1757575821435 137444726835.26135 50
1757575821939 87790597266.7906 51
1757575822417 16162484117.257332 52
1757575822909 819117539860.8838 53
1757575823397 13355938639.601374 54
1757575823895 201136269314.00204 55
1757575824382 92634951.1898397 56
1757575824880 8837879454.32463 57
1757575825373 1015821318666.6731 58
1757575825864 513830393588.94025 59
1757575826348 20305556141.54673 60
1757575826876 104923300098.13115 61
1757575827378 466083369272.3729 62
1757575827931 28228201939.377872 63
1757575828432 8970860228.415615 64
1757575828930 18664143060.596004 65
1757575829437 64967373420.137115 66
1757575829953 1215474770880.9043 67
1757575830493 29470956416.43102 68
1757575831009 710705733.734968 69
1757575831567 102212910284.67271 70
1757575832283 24479263097.984554 71
1757575832928 64336770221.17584 72
1757575833605 691841018.291523 73
1757575834294 309096337694.4351 74
1757575834991 154587550227.3118 75
1757575835689 225651657645.71585 76
1757575836362 342739765156.5016 77
1757575836991 917414815672.3552 78
1757575837632 22092641907.535988 79
1757575838234 61471316446.06529 80
1757575838877 62256999737.4802 81
1757575839342 1027997845.1185509 82
1757575840004 3546826659.718912 83
1757575840693 551766113.852062 84
1757575841285 213661114367.64304 85
1757575841931 42926539440.19956 86
1757575842599 1160069337075.2043 87
1757575843250 14909349081.77743 88
1757575843814 5070692114.732456 89
1757575844470 316186329637.87427 90
1757575845060 24430310414.20681 91
1757575845753 125314265298.16116 92
1757575846461 42323471272.55776 93
1757575846979 214094886810.34842 94
1757575847649 7012001580.175011 95
1757575848318 255189153532.6451 96
1757575849007 244779137738.84436 97
1757575849702 439535293718.78186 98
1757575850355 2004658743.4423444 99
1757575851027 110330548135.0787 100
1757575851640 298649247652.2826 101
1757575852293 125776236122.24974 102
1757575852944 48849375431.36287 103
1757575853573 39004423760.57194 104
1757575854241 77579690883.27383 105
1757575854923 3315463959.6152086 106
1757575855613 141370285584.45267 107
1757575856197 4552707629.457669 108
1757575856877 49024403810.41031 109
1757575857471 433352634040.5715 110
1757575858156 1753334602.6450832 111
1757575858768 20249812.913675833 112
1757575859407 5136980269.513409 113
1757575859973 1671457628.9530141 114
1757575860631 1249896047018.6008 115
1757575861308 14191920265.63546 116
1757575861801 392785887514.8974 117
1757575862422 3181759154900.6265 118
1757575863064 27914698065.731655 119
1757575863679 892204471124.3712 120
1757575864307 39300895809.16307 121
1757575864821 28873262230.419937 122
1757575865453 52576598573.79483 123
1757575866027 20542502133.60919 124
1757575866714 72553149573.44891 125
1757575867405 20735069960.56033 126
1757575867998 2861952610.2274585 127
1757575868626 52992187250.24879 128
1757575869201 331369489261.9066 129
1757575869775 36989215964.47431 130
1757575870476 39818323443.796074 131
1757575871001 301606847833.94946 132
1757575871690 158801707498.8353 133
1757575872279 2083156089.4873555 134
1757575872867 1163150260819.333 135
1757575873572 2566463833335.5137 136
1757575874253 32608155082.45367 137
1757575874937 9582348373.334208 138
1757575875535 83679578792.94379 139
1757575876197 57593614541.061134 140
1757575876767 68265823902.47391 141
1757575877401 6760617438.0627165 142
1757575878046 1161349599535.5537 143
1757575878732 1070337143373.496 144
1757575879289 72588574250.68369 145
1757575879890 2350293475.201353 146
1757575880452 66163957407.83966 147
1757575881123 14728514682.5126 148
1757575881809 429864550084.0443 149
1757575882489 3639753.5385105275 150
1757575883176 75907818445.85223 151
1757575883874 90167062388.31512 152
1757575884476 6356348930.531533 153
1757575885027 110407755622.39548 154
1757575885633 2775248983460.283 155
1757575886240 40536589453.04651 156
1757575886896 15646432102.317205 157
1757575887430 27893237946.652916 158
1757575888112 23208185820.097492 159
1757575888798 307806787410.91833 160
1757575889412 5267577251622.09 161
1757575890035 6571232904.092527 162
1757575890576 192830294026.58844 163
1757575891190 19067171287.512726 164
1757575891797 89764543848.38423 165
1757575892483 1808973206.219957 166
1757575893178 933334513.0838114 167
1757575893857 706459781649.0896 168
1757575894564 47293005969.473114 169
1757575895223 43114338758.54341 170
1757575895786 19741554957.677998 171
1757575896351 288373297401.40875 172
1757575896889 7372568396878.309 173
1757575897464 38517640656.56252 174
1757575898014 14027564941.996119 175
1757575898556 21099942887.56114 176
1757575899104 16667269209.918604 177
1757575899663 48300570721.80781 178
1757575900280 671559518.3771921 179
1757575900925 16116473169.042778 180
1757575901615 115306110337.96307 181
1757575902299 13907083318.781511 182
1757575902998 69312408736.24138 183
1757575903701 8355324859095.749 184
1757575904395 35080335833.92518 185
1757575905082 619256235.9792943 186
1757575905777 34148793798.549625 187
1757575906461 46336740368.39837 188
1757575907169 33744495194.44234 189
1757575907821 67516195269.087 190
1757575908415 60336132529.85986 191
1757575909101 584990201762.4744 192
1757575909785 190543978425.35062 193
1757575910445 345542529967.1993 194
1757575911134 76046320090.97525 195
1757575911802 842544429528.0211 196
1757575912474 8070878817.321053 197
1757575913104 20046825225.07239 198
1757575913806 364272437.9037498 199
1757575914501 50276573452.730446 200
1757575915217 52392146654.52504 201
1757575915946 38979690706.36268 202
1757575916785 55647787076268.13 203
1757575917499 6758094217.469559 204
1757575918173 11922244550.261805 205
1757575918857 3666400555.6177526 206
1757575919555 702945079801.8147 207
1757575920249 11496120550.598608 208
1757575920941 1871783617379.2947 209
1757575921620 102174715009.22894 210
1757575922308 15464230152.774754 211
1757575922978 944527417259.565 212
1757575923637 335469583656.19 213
1757575924327 51791686559.33338 214
1757575925015 183146422595.77792 215
1757575925559 702774731253.4874 216
1757575926244 237269765387.20358 217
1757575926925 146501999418.45813 218
1757575927608 43297886814.55841 219
1757575928214 135567558027.09439 220
1757575928874 311802427054.35376 221
1757575929562 21588066781.68714 222
1757575930229 61845494105.53753 223
1757575930862 17598139896.064114 224
1757575931528 57429098395.21454 225
1757575932208 63216549231.46213 226
1757575932886 551593456.2348776 227
1757575933532 111283087319.94981 228
1757575934113 1455875656.2610993 229
1757575934792 42213875572.841484 230
1757575935458 182809351590.8327 231
1757575936138 38562005815.91404 232
1757575936809 329500633893.6931 233
1757575937474 2975791740441.2573 234
1757575938145 501302849910.15753 235
1757575938816 85922632217.0783 236
1757575939491 5553586249.933145 237
1757575940160 2284222822739.3384 238
1757575940844 30440284698.677242 239
1757575941407 152008462829.25366 240
1757575942032 288325704659.19885 241
1757575942666 51753777653.090294 242
1757575943291 645908673496.9956 243
1757575943878 359347716595.7203 244
1757575944538 1170688259.2096055 245
1757575945220 294714514173.98517 246
1757575945775 296853804195.6354 247
1757575946374 5634644440.077334 248
1757575946918 63924003336.224266 249
1757575947553 2444580101.9035983 250
1757575948089 34641694937.7074 251
1757575948686 177976829682.92508 252
1757575949314 44789328062.75654 253
1757575949979 114701629316.88643 254
1757575950641 7270111820.742868 255
1757575951303 191371244399.80576 256
1757575951980 5186092823.583045 257
1757575952644 933326190932.5676 258
1757575953311 138161008639.0203 259
1757575953993 51086430994.826614 260
1757575954676 877345373421.4938 261
1757575955278 89017854233.52809 262
1757575955818 798499227412.9482 263
1757575956341 591840091349.9968 264
1757575957037 4668507616.378431 265
1757575957716 26166568239.071846 266
1757575958401 5466271785.7948065 267
1757575959064 66172105839.201706 268
1757575959742 262448394537.71878 269
1757575960433 149673387253.2185 270
1757575961098 633662407.119543 271
1757575961765 467522476.04632956 272
1757575962448 65587638035.74411 273
1757575963131 54901856039.86397 274
1757575963710 40648917051.13617 275
1757575964280 251751209502.4847 276
1757575964915 5173635115.5194845 277
1757575965516 390698.2821935563 278
1757575966192 123438995624.74403 279
1757575966876 22950556754.91247 280
1757575967554 53948997168.08334 281
1757575968244 417974910502.3037 282
1757575968938 108282376287.5062 283
1757575969617 224909950953.7618 284
1757575970207 4779353443.459615 285
1757575970838 308327110629.2248 286
1757575971513 17387586074.04841 287
1757575972182 1103164867.0539355 288
1757575972816 146390254077.9912 289
1757575973487 2031320110.1317465 290
1757575974169 214712499156.57867 291
1757575974834 54074359074.58005 292
1757575975507 118625634894.23914 293
1757575976179 722556373476.7588 294
1757575976850 33513049952.77709 295
1757575977524 4581744273090.923 296
1757575978023 37405017468.49981 297
1757575978679 283329686473.82666 298
1757575979319 367888508208.91736 299
1757575980010 975616300.0636694 300
1757575980694 9598900.208406685 301
1757575981371 21967473638.932808 302
1757575982056 45154784915.26368 303
1757575982737 177424500187.38315 304
1757575983413 114750125148.46292 305
1757575984100 124872585991.01831 306
1757575984724 274054650267.363 307
1757575985336 58079596107.183754 308
1757575985981 30973398744.008007 309
1757575986539 296736519771.3105 310
1757575987202 40841730089.97207 311
1757575987880 73335475470.44392 312
1757575988557 2826708853.0189652 313
1757575989260 12174910308.055986 314
1757575989883 16511322926.571722 315
1757575990496 57202719831.69943 316
1757575991181 509934255574.2571 317
1757575991815 129943307339.4089 318
1757575992335 628757592202.1843 319
1757575992947 315893328419.5037 320
1757575993505 23859724310.178608 321
1757575994180 161676834.76890966 322
1757575994840 375828421880.0281 323
1757575995513 700522431.7526978 324
1757575996206 1498086857308.1104 325
1757575996894 67954826746.08153 326
1757575997569 46927175847.82357 327
1757575998256 246776909426.0734 328
1757575998949 23256108.57196716 329
1757575999564 27973026887.650967 330
1757576000152 178316180038.29102 331
1757576000832 416012854.4355965 332
1757576001482 148033162160.93826 333
1757576002075 43859446371.06068 334
1757576002759 27198181631.42659 335
1757576003439 3020717262.9512596 336
1757576004131 7363738697.924503 337
1757576004819 50807988525.09774 338
1757576005503 80445244411.52295 339
1757576006188 12098182316846.088 340
1757576006880 95470977862.2208 341
1757576007555 343364998196.4671 342
1757576008231 1719911137108.6758 343
1757576008914 1023198688744.5544 344
1757576009595 105143620024.04852 345
1757576010282 70858223777.24403 346
1757576010990 1553415600.8702404 347
1757576011690 153640912286.7347 348
1757576012374 26050027555.505142 349
1757576013074 137035359030.60295 350
1757576013762 71791941097.04117 351
1757576014441 13744907773600.662 352
1757576015121 7144954240619.655 353
1757576015792 256588376241.64764 354
1757576016469 58702525264.543335 355
1757576017146 39069070528.91442 356
1757576017825 57576418770.839226 357
1757576018475 57173880785.029495 358
1757576019149 10053084993.793737 359
1757576019770 36772214391.38526 360
1757576020464 42234269883.1475 361
1757576021184 1033854451607.7827 362
1757576021750 3252854356.2384124 363
1757576022412 909856396.8626221 364
1757576023067 588395924395.4612 365
1757576023727 755267397209.4982 366
1757576024407 36091844112.06719 367
1757576025068 11178061389.636206 368
1757576025730 52239162432.023605 369
1757576026408 105334557898.07338 370
1757576026994 1412616514.495735 371
1757576027679 5693971817.644914 372
1757576028360 15572225654.183231 373
1757576029051 1041804484472.5067 374
1757576029742 3664649262.4888964 375
1757576030423 6744631405227.931 376
1757576031123 7694028216.269836 377
1757576031803 4746276556.735289 378
1757576032493 14939803560.646725 379
1757576033179 4569019172.438546 380
1757576033861 5317756688.666136 381
1757576034552 304326699934.7451 382
1757576035241 326886651849.4812 383
1757576035932 10823472252.057535 384
1757576036621 24741182844.462936 385
1757576037309 60162621204.15515 386
1757576038001 9863996140.86944 387
1757576038631 113256099047.84555 388
1757576039243 2636151948.2287 389
1757576039849 3810751449960.066 390
1757576040459 174458095742.64532 391
1757576041116 75704016.49170108 392
1757576041812 75050879865.21738 393
1757576042459 172515443994.7083 394
1757576043098 21724413858.26921 395
1757576043665 5829667428.789035 396
1757576044263 2943151765.923351 397
1757576044937 10967867193.91654 398
1757576045626 15218965179.12576 399
1757576046307 299008740026.8221 400
1757576046981 441547453038.36115 401
1757576047668 2954912280.812966 402
1757576048350 2604950126.078715 403
1757576049038 682914929036.9154 404
1757576049644 954975710900.1526 405
1757576050324 55926815171.91851 406
1757576051005 13907863732.71794 407
1757576051698 1990835681476.8289 408
1757576052386 149006905887.3073 409
1757576053082 1528532379.364564 410
1757576053783 1262717238.1381013 411
1757576054478 487228448640.0601 412
1757576055163 41924073502.542915 413
1757576055850 192544296272.40677 414
1757576056536 6380440022.791774 415
1757576057224 1958119933.8322947 416
1757576057902 51104540422.4991 417
1757576058589 106998092.87372005 418
1757576059266 33749471903.172028 419
1757576059943 261935517763.84186 420
1757576060628 19510678040.382927 421
1757576061309 203886725.42526728 422
1757576061880 111159642807.96521 423
1757576062536 848299545148.0009 424
1757576063216 19605419098.034473 425
1757576063918 169027124192.36044 426
1757576064633 158346499067.7175 427
1757576065346 5773649956589.6 428
1757576066039 203423358634.75198 429
1757576066720 82433296591.88614 430
1757576067448 51657129714.91399 431
1757576068141 122459458559.66585 432
1757576068803 186920153455.045 433
1757576069481 8349277382.982561 434
1757576070177 377087824824.90094 435
1757576070878 109343892953.4466 436
1757576071469 24673700985.818855 437
1757576072118 8189108880.495325 438
1757576072657 990773285401.7104 439
1757576073338 3097748452149.0264 440
1757576073963 11905013923.03809 441
1757576074588 60498656662.00957 442
1757576075176 191320396857.02655 443
1757576075858 7767093858.313728 444
1757576076535 13207326996.223658 445
1757576077224 464310952669.1409 446
1757576077904 96646805367.90533 447
1757576078527 1668604616.7284522 448
1757576079059 97504975666.55215 449
1757576079596 299585810656.9302 450
1757576080148 833957068531.5741 451
1757576080816 155491703509.0304 452
1757576081498 3563077431.858248 453
1757576082178 264611106453.39148 454
1757576082806 104608720560.00021 455
1757576083336 251655569938.3811 456
1757576083912 25018639670.479324 457
1757576084608 25298114070.590405 458
1757576085295 520028676895.02905 459
1757576085851 306335236719.1126 460
1757576086532 16874373272.770689 461
1757576087211 6922776647.22204 462
1757576087892 21230038990.966827 463
1757576088576 1930522059499.7595 464
1757576089256 282884240667.3535 465
1757576089937 66105074452.06433 466
1757576090609 181528837.4199567 467
1757576091283 13215901442.540531 468
1757576091966 185393497606.97446 469
1757576092648 1409381056958.9883 470
1757576093331 6292201746437.884 471
1757576093915 2405881712.796328 472
1757576094511 8586395314.887511 473
1757576095138 804726633.1199837 474
1757576095749 12479266383.480036 475
1757576096438 6886773961.432056 476
1757576097090 75938809611.51163 477
1757576097662 42876877831.85582 478
1757576098305 1216946697.1997142 479
1757576098939 99054648396.79704 480
1757576099555 1413727873498.4155 481
1757576100237 10541627010.565342 482
1757576100914 565699768235.985 483
1757576101498 75039736966.61086 484
1757576102163 778600582.0425265 485
1757576102750 42291424139.717354 486
1757576103293 156524710643.64716 487
1757576103878 13988257563.253471 488
1757576104573 10881957424.910997 489
1757576105289 2596090737.0782576 490
1757576105976 165758315636.76285 491
1757576106655 25545681454.72447 492
1757576107335 1458943253.6000452 493
1757576108015 456522270447.1124 494
1757576108699 8391308401.1840725 495
1757576109328 2075657717.969182 496
1757576109882 210787261262.01703 497
1757576110563 1778073.4764866335 498
1757576111128 1061667709618.7458 499
