1757546704419 4.46898606185463e+18 0
1757546704946 5.33883071393712e+24 1
1757546705456 1.980816715070854e+33 2
1757546705969 3.738398131816204e+43 3
1757546706500 7.191639139657904e+50 4
1757546706998 8.743802457985606e+54 5
1757546707463 1.999553691709671e+61 6
1757546707933 1.9670454505035944e+75 7
1757546708424 3.576171582666061e+81 8
1757546708921 4.8447688775051234e+89 9
1757546709398 5.4517700679755184e+91 10
1757546709875 3.597816000703473e+102 11
1757546710349 1.3630276869550222e+113 12
1757546710848 9.399351399211475e+118 13
1757546711324 2.0210041880117684e+125 14
1757546711816 1.528611123391345e+133 15
1757546712285 2.1700774068773017e+140 16
1757546712763 5.487765017072725e+148 17
1757546713239 1.7731068115595706e+153 18
1757546713724 1.4806835397600032e+163 19
1757546714212 1.1358796340137317e+169 20
1757546714694 2.6524475021044245e+178 21
1757546715210 4.197118944891948e+183 22
1757546715705 1.4394034242674284e+194 23
1757546716201 3.283756658499502e+203 24
1757546716725 2.584326932559895e+209 25
1757546717202 9.212889180539172e+217 26
1757546717687 1.3059898677172703e+226 27
1757546718175 5.007189473028327e+233 28
1757546718650 4.918939749332783e+245 29
1757546719145 1.4083050459949514e+250 30
1757546719638 2.73606340702662e+257 31
1757546720122 6.668977551532928e+263 32
1757546720609 5.263724055842361e+274 33
1757546721083 3.032638911131984e+280 34
1757546721556 2.473318486148794e+285 35
1757546722022 8.112822058104183e+295 36
1757546722496 3.173978008060027e+300 37
1757546722973 inf 38
1757546723454 inf 39
