1757552449072 396326686179.3006 0
1757552449554 137655321598.2385 1
1757552450066 3143619767115.1133 2
1757552450554 550766768.838822 3
1757552451044 124115136111.76778 4
1757552451520 188175450946.48843 5
1757552451993 9347402.383580009 6
1757552452470 17294610481.587418 7
1757552452954 182557260231.52594 8
1757552453442 791391729043.3643 9
1757552453930 4124492952.7709913 10
1757552454428 22313948554.202427 11
1757552454912 2483369503.9592247 12
1757552455419 366691367100.15735 13
1757552455892 26039117776.951622 14
1757552456387 5365090821.429667 15
1757552456877 133447809970.50827 16
1757552457365 3919740405.086954 17
1757552457837 16944969454.689268 18
1757552458336 18184774435.280308 19
1757552458814 27430328706.82983 20
1757552459297 185203392617.02646 21
1757552459786 157413199099.3098 22
1757552460275 46401431801.68102 23
1757552460786 11365807214.97962 24
1757552461278 128225617826.9955 25
1757552461755 178141364735.22546 26
1757552462245 630981682284.6031 27
1757552462737 73845440861.24016 28
1757552463229 255557430495.982 29
1757552463712 2048406586.9983394 30
1757552464202 6084898358.654234 31
1757552464705 192480384840.75122 32
1757552465183 482512792292.9279 33
1757552465666 168323033308.35535 34
1757552466147 41187813673.27992 35
1757552466638 71239415648.42677 36
1757552467186 307930199827.9685 37
1757552467677 488881978.55845857 38
1757552468165 33884933139.13396 39
1757552468656 6008519716.626785 40
1757552469143 174713988406.52725 41
1757552469647 29030995163.019604 42
1757552470134 16267883955.735216 43
1757552470622 10847304190.574865 44
1757552471137 16646585242.58929 45
1757552471645 335830865467.60187 46
1757552472126 3159420113.4897003 47
1757552472606 581954167543.0588 48
1757552473090 73554607014.35551 49
1757552473570 17283475771.45167 50
1757552474056 27413157059.14022 51
1757552474555 334033690362.6703 52
1757552475046 101694371736.68587 53
1757552475523 12421948320.867292 54
1757552476001 34853018209.59867 55
1757552476492 1008459835548.3867 56
1757552476971 830528869.7302854 57
1757552477453 1596017307.866876 58
1757552477940 20765879746.14071 59
1757552478481 3401124711701.153 60
1757552479078 225441795515.61542 61
1757552479615 6583530868.018084 62
1757552480134 57274352030.0112 63
1757552480630 98921066787.86122 64
1757552481123 1785733.0506013671 65
1757552481621 3537526230.82709 66
1757552482122 16782040424.363367 67
1757552482617 570909508537.4556 68
1757552483117 143306446741.9705 69
1757552483597 37030484826.58758 70
1757552484094 17560565742.90422 71
1757552484585 136119535206.22935 72
1757552485087 161537291596.9504 73
1757552485562 49747075244.57118 74
1757552486047 32475337507.558865 75
1757552486526 4647657944.100693 76
1757552487009 215710663270.24924 77
1757552487481 8927184.291191954 78
1757552487979 55421294569.60778 79
1757552488464 38233792553.219406 80
1757552488961 2192380116.012679 81
1757552489447 55011716463.631035 82
1757552489927 25179487727.721252 83
1757552490400 15998442586.94566 84
1757552490885 11227351057.05834 85
1757552491379 109691814204.26817 86
1757552491870 118115523511.67249 87
1757552492371 48385077690.00895 88
1757552492867 19730981644.49268 89
1757552493356 282079527123.006 90
1757552493845 294200416581.8569 91
1757552494349 2096433643.6750925 92
1757552494832 45064274894.17398 93
1757552495369 85406547648.88266 94
1757552495866 169314341310.52588 95
1757552496364 157888557618.99136 96
1757552496853 218337839050.24847 97
1757552497332 60231550345.386055 98
1757552497812 3006841488.3686714 99
1757552498293 31345018270.22693 100
1757552498771 132220386455.39719 101
1757552499258 1523855293757.529 102
1757552499734 67014539978.436195 103
1757552500195 217705515161.78113 104
1757552500676 569207710121.2231 105
1757552501158 1046322633.6817052 106
1757552501650 605022673122.584 107
1757552502150 222291806856.15265 108
1757552502630 438837221.5496235 109
1757552503109 20182650447.794277 110
1757552503605 4359603902.078199 111
1757552504096 122750471261.98534 112
1757552504579 534773962.97819483 113
1757552505069 205946002.8726985 114
1757552505574 582875440569.372 115
1757552506063 21998058105.41721 116
1757552506546 20791788269.273052 117
1757552507054 6404842120.945186 118
1757552507571 90589834757.50633 119
1757552508052 130917006929.12721 120
1757552508525 88357766176.5026 121
1757552508990 8162587658.563745 122
1757552509475 15110277603.97723 123
1757552509956 326374064442.6879 124
1757552510460 599848445898.0858 125
1757552511000 26633813599.194313 126
1757552511494 178532387523.0558 127
1757552511969 199786964327.69626 128
1757552512442 8019924313.835485 129
1757552512918 7567278741.219251 130
1757552513406 12762575515.358559 131
1757552513911 293699296.5209057 132
1757552514404 72896724792.7142 133
1757552514891 451425624090.71124 134
1757552515374 1149950888.8050115 135
1757552515872 206516956934.60202 136
1757552516356 149036244425.3776 137
1757552516846 3636747324.160746 138
1757552517329 3005782752.4130697 139
1757552517827 17989430650.73162 140
1757552518307 5197503686.090186 141
1757552518789 71957825656.31389 142
1757552519272 968722430967.849 143
1757552519856 147547716270.55554 144
1757552520379 56270907.21535659 145
1757552520858 153109187721.486 146
1757552521353 361338035582.31323 147
1757552521828 75530599662.6428 148
1757552522309 96709526173.59354 149
1757552522785 80866369274.62238 150
1757552523262 5046895521.291939 151
1757552523751 38005608576.274765 152
1757552524258 38560360490.37925 153
1757552524746 57338241186.59128 154
1757552525226 11107455622.184168 155
1757552525710 8884916932.851774 156
1757552526194 57346528986.314735 157
1757552526665 27705291266.975624 158
1757552527137 349771973703.64655 159
1757552527616 27757444410.252907 160
1757552528102 28170878578.291553 161
1757552528581 207913712511.9305 162
1757552529078 54636670178.64529 163
1757552529557 4242685731.5252624 164
1757552530084 147710760463.46494 165
1757552530563 5101581266.329685 166
1757552531049 222647998157.24377 167
1757552531537 2161652234.0315804 168
1757552532023 8148617213.614396 169
1757552532505 37430274302.78656 170
1757552532979 41104272846.58366 171
1757552533468 55576442739.44484 172
1757552533938 471673764.18674535 173
1757552534425 23496849086.05624 174
1757552534898 610693614142.2544 175
1757552535378 40967081113.54236 176
1757552535854 76335976036.90564 177
1757552536336 19619170459.71648 178
1757552536826 295382024.755494 179
1757552537292 186420072903.9192 180
1757552537772 110655139866.80708 181
1757552538257 333550163344.4576 182
1757552538724 404648774706.4789 183
1757552539195 95237578658.8249 184
1757552539679 273313225344.80725 185
1757552540172 20016744882.59594 186
1757552540652 7492095862.185474 187
1757552541145 1739250767.3217785 188
1757552541636 8645898360.316437 189
1757552542114 41941128780.47751 190
1757552542626 21194471730.630035 191
1757552543119 23429138632.053917 192
1757552543597 215725978578.25522 193
1757552544105 1421187770199.8882 194
1757552544584 39651487781.29727 195
1757552545075 1826281319.7415724 196
1757552545595 5810808230.208033 197
1757552546108 119725246410.53143 198
1757552546609 167972227493.4237 199
1757552547111 627424255.1939455 200
1757552547590 60111943725.44364 201
1757552548064 3772214638.7816825 202
