1757551558669 4590793207.546562 0
1757551559208 8936931209.333164 1
1757551559705 2008131671.8304045 2
1757551560179 2060370159615.6333 3
1757551560655 428520708.55945134 4
1757551561133 282966848590.00055 5
1757551561609 40602878089.89602 6
1757551562099 1274631578.8288062 7
1757551562591 849612634128.5247 8
1757551563074 34134373757.156757 9
1757551563565 835003609.6856595 10
1757551564040 25658366421.675 11
1757551564515 7668651846.68524 12
1757551564993 18658577553.00413 13
1757551565490 679477127.5918225 14
1757551565966 16218004465.280313 15
1757551566438 17926394219.00596 16
1757551566915 10373416302.49691 17
1757551567430 1472345042032.7698 18
1757551567923 107304276904.5148 19
1757551568413 937146742.3481425 20
1757551568907 3706530353.0142674 21
1757551569375 2034385256.7591667 22
1757551569851 50998044078.17947 23
1757551570310 98981954053.55959 24
1757551570793 283844562.5456328 25
1757551571267 2550273965.4281554 26
1757551571772 4220426093.8774467 27
1757551572246 6958533595.911958 28
1757551572743 3903758585.8582044 29
1757551573234 357598976656.9212 30
1757551573718 5770116468.126301 31
1757551574214 3278830864.3112082 32
1757551574707 2804867867.318585 33
1757551575184 127607200.54847215 34
1757551575658 69232528573.55957 35
1757551576133 42314511186.51241 36
1757551576601 756969941939.8556 37
1757551577094 99625440389.98366 38
1757551577602 73270804394.01675 39
1757551578093 117026866805.44234 40
1757551578563 193344777621.13455 41
1757551579056 31774432391.092606 42
1757551579613 19185868945.88429 43
1757551580161 579956863208.0765 44
1757551580716 211452665748.4057 45
1757551581229 126567450430.08813 46
1757551581720 110502894636.36934 47
1757551582187 260122120919.47083 48
1757551582662 152624395.48852956 49
1757551583135 129109874761.60318 50
1757551583632 191824443210.27405 51
1757551584124 27488217281.31172 52
1757551584613 1901932848987.4993 53
1757551585091 225374071445.56454 54
1757551585570 163455785168.1822 55
1757551586045 180629444532.8192 56
1757551586517 1867368860.2533355 57
1757551587011 10777198307.88001 58
1757551587505 15951132856.356733 59
1757551587981 30547481498.667847 60
1757551588462 123122229866.82611 61
1757551588968 71523949156.68427 62
1757551589446 35992687355.49484 63
1757551589911 26992460132.15182 64
1757551590380 3137664175.2964344 65
1757551590859 195750441.18964902 66
1757551591327 343896911.91185284 67
1757551591801 101549645448.40254 68
1757551592265 252426911496.8794 69
1757551592745 28940303617.93483 70
1757551593212 70861688417.70479 71
1757551593727 1747228834.191352 72
1757551594223 22555367189.133846 73
1757551594705 68206958591.865875 74
1757551595186 20974448823.97202 75
1757551595662 53936271730.001724 76
1757551596137 3772905509.3931475 77
1757551596607 10794519977.39607 78
1757551597099 327972493750.64557 79
1757551597596 24725732849.686512 80
1757551598082 68211884453.27094 81
1757551598558 32325935064.97445 82
1757551599037 160856525861.7205 83
1757551599536 128076807079.0004 84
1757551600020 27902557677.244396 85
1757551600493 28096081723.624012 86
1757551600991 201470689778.92322 87
1757551601478 158353972828.6962 88
1757551601960 693552237.5121547 89
1757551602530 6246167422.193067 90
1757551603052 24977319177.72861 91
1757551603517 738085467958.3076 92
1757551603992 9831134643.028105 93
1757551604465 1251252538.6307998 94
1757551604970 21496323911.284767 95
1757551605461 60695761541.69671 96
1757551605956 206333446501.46436 97
1757551606426 43973614908.63198 98
1757551606900 102813611604.28622 99
1757551607377 4159715777.5506067 100
1757551607852 857155874629.9899 101
1757551608340 16851698904.557743 102
1757551608826 179449834133.17535 103
1757551609316 16359352728.475908 104
1757551609786 3199001181581.97 105
1757551610266 16284006844.659855 106
1757551610742 73566819294.1892 107
1757551611259 30141745504.485844 108
1757551611799 98349638630.11465 109
1757551612372 402531846.8580848 110
1757551612854 14849569973.122456 111
1757551613338 80439670572.9923 112
1757551613821 257394315428.6751 113
1757551614316 542341765669.858 114
1757551614806 17131947610.827806 115
1757551615297 30396560054.115753 116
1757551615792 849846470.7981197 117
1757551616274 22456976036.57892 118
1757551616755 269976247735.8346 119
1757551617237 857674787.2816627 120
1757551617712 41100204713.09932 121
1757551618183 241540193508.8305 122
1757551618654 40837993836.2746 123
1757551619152 56125331454.45703 124
1757551619632 346323840950.87744 125
1757551620110 3702266470.671478 126
1757551620595 24766142793.91633 127
1757551621078 89985074171.86682 128
1757551621555 1040945893631.9961 129
1757551622033 42520518013.93939 130
1757551622512 2578068321046.0527 131
1757551622995 152685391191.46576 132
1757551623474 57174340847.079636 133
1757551623962 36704932388.30245 134
1757551624452 48488730183.46236 135
1757551624947 759928035338.6951 136
1757551625426 285841275482.02496 137
1757551625921 148286166807.4434 138
1757551626401 190399320733.6916 139
1757551626873 2904573563.0162873 140
1757551627364 37264167559.1026 141
1757551627841 9029650126.902403 142
1757551628319 1346017781790.121 143
1757551628792 14818609339.48683 144
1757551629274 57151482862.18098 145
1757551629758 58066074404.23652 146
1757551630227 131668272696.27338 147
1757551630701 118073116502.79732 148
1757551631173 31949269067.198204 149
1757551631650 23584180963.215538 150
1757551632136 58490714086.09036 151
1757551632620 30851933641.95635 152
1757551633109 13349529010.964497 153
1757551633582 54793066148.129265 154
1757551634065 1077372798402.117 155
1757551634555 1221214870999.6309 156
1757551635028 86247619751.4455 157
1757551635515 6598631831.4532795 158
1757551636002 2153801585.2857213 159
1757551636493 5394950060.70964 160
1757551636985 53805294472.89893 161
1757551637476 27507450176.81594 162
1757551637957 225895058093.82986 163
1757551638447 57061256783.020775 164
1757551638932 17330028741.571236 165
1757551639402 1360852951.627403 166
1757551639911 92742113750.94972 167
1757551640374 130113424163.78667 168
1757551640853 42272999372.018486 169
1757551641326 2833378321.7419314 170
1757551641814 64897788206.41405 171
1757551642294 1597920432.91753 172
1757551642788 38994080215.75894 173
1757551643274 70466325274.23729 174
1757551643778 76901936701.30109 175
1757551644282 427073099367.2152 176
1757551644811 243525637.89507362 177
1757551645310 614345221844.9313 178
1757551645815 103023243383.8246 179
1757551646292 28284208939.210102 180
1757551646784 386452382422.966 181
1757551647274 583789450797.6688 182
1757551647790 27418860844.07413 183
1757551648265 75675874009.70682 184
1757551648738 814003618989.9585 185
1757551649229 47645322846.477905 186
1757551649760 1309991840.8605194 187
1757551650240 54429893317.061745 188
1757551650715 89950527952.52118 189
1757551651206 165812764222.20865 190
1757551651686 4049612882.185426 191
1757551652167 6880521180.765018 192
1757551652638 410180501431.722 193
1757551653123 176317775.22489482 194
1757551653592 25247352071.163353 195
1757551654072 415789566145.3335 196
1757551654547 265952458732.87982 197
1757551655046 4605206401.465353 198
1757551655528 428896847250.27686 199
1757551656006 395531996790.87537 200
1757551656487 396265894.6089385 201
1757551656973 159254031.3581155 202
1757551657467 647115726208.7336 203
1757551657962 1621580939.1605175 204
1757551658452 10235805980.744669 205
1757551658931 40841340237.053246 206
1757551659426 460771074115.3092 207
1757551659923 56254614464.49455 208
1757551660394 25369290085.465343 209
1757551660894 347935558264.7484 210
1757551661383 16240692299.640862 211
1757551661869 64610782144.45639 212
1757551662347 29089149001.952324 213
1757551662833 2389774835163.7544 214
1757551663320 4267543925012.8535 215
1757551663801 1532049642572.5928 216
1757551664291 50521574741.18007 217
1757551664796 2983516033.1811085 218
1757551665294 97651563182.10376 219
1757551665782 47457221984.59149 220
1757551666277 61203512327.38206 221
1757551666775 136907902846.17628 222
1757551667265 2170262217.4537096 223
1757551667765 1981071371448.7551 224
1757551668261 370196887250.30927 225
1757551668754 39373988819.06266 226
1757551669259 549779905428.5101 227
1757551669745 7425670497.65611 228
1757551670272 193027614842.5827 229
1757551670751 269966254367.4357 230
1757551671226 72206030136.94928 231
1757551671716 59792347210.58137 232
1757551672197 6288384935.326397 233
1757551672680 33903048.79466652 234
1757551673172 279217231029.6918 235
1757551673665 867139144947.2246 236
1757551674145 2911636601.863998 237
1757551674650 148989434182.51736 238
1757551675194 929727014625.0789 239
1757551675736 54621181303.6055 240
1757551676338 36516502334.6863 241
1757551676868 54255181228.34331 242
1757551677399 36369875082.4659 243
1757551677905 16839129582.194761 244
1757551678402 10678199803456.059 245
1757551678921 297875433544.17664 246
1757551679407 32786235199.68059 247
1757551679908 7879276809.080968 248
1757551680415 404646974322.95087 249
1757551680895 19336312777.811035 250
1757551681380 94779713670.09021 251
1757551681868 3894379400.4163623 252
1757551682356 7572866419.741195 253
1757551682840 425836353304.766 254
1757551683335 67198224165.07182 255
1757551683821 188539752874.92645 256
1757551684307 7244100397.811416 257
1757551684793 212801947092.98016 258
1757551685275 129151466775.22575 259
1757551685771 721361910.0898007 260
1757551686268 37251023687.511345 261
1757551686768 469252800755.40576 262
1757551687276 1557511626.4470227 263
1757551687782 609696902276.6027 264
1757551688299 2451864660.6758347 265
1757551688805 195110397.65253836 266
1757551689331 3362034993.2355847 267
1757551689822 111024891.8619233 268
1757551690317 769919058833.304 269
1757551690813 27499732291.92436 270
1757551691296 117639062422.06813 271
1757551691782 138159779195.51584 272
1757551692261 509677357.9977976 273
1757551692754 13898631079.864706 274
1757551693247 22817852931.93565 275
1757551693745 49151118567.88016 276
1757551694240 142800000532.71893 277
1757551694754 22380668046.263626 278
1757551695254 18925359494.618576 279
1757551695743 31079990785.838604 280
1757551696242 22905297937.938023 281
1757551696733 659849507855.7131 282
1757551697222 8076604210.693782 283
1757551697709 105400376850.87576 284
1757551698202 20027887798.22992 285
1757551698686 28533079360.302055 286
1757551699189 919337920824.0922 287
1757551699693 25989017509.22369 288
1757551700197 5666058.3221559385 289
1757551700712 74812319966.22456 290
1757551701208 334549855826.76215 291
1757551701706 3003339530973.3237 292
1757551702199 35630186878.494576 293
1757551702695 46313126429.53774 294
1757551703198 9128288160.312227 295
1757551703698 461323470447.2215 296
1757551704192 294479226007.5667 297
1757551704693 11079517126.711388 298
1757551705196 550640358035.931 299
1757551705682 27439684082.052578 300
1757551706177 721125033.6680578 301
1757551706675 994294743.0835607 302
1757551707183 10237797224.200191 303
1757551707719 3094873093.822716 304
1757551708218 16330712200.277248 305
1757551708707 391749044.1766531 306
1757551709229 170843176067.25668 307
1757551709746 195343183469.58426 308
1757551710257 3775196151.6315513 309
1757551710776 5504089325.4823265 310
1757551711261 3445578711.144995 311
1757551711764 12964011972.038342 312
1757551712278 7792903948.24624 313
1757551712778 21262743967.917618 314
1757551713277 42644142281.22082 315
1757551713772 196303611501.11777 316
1757551714258 32404203.29745848 317
1757551714761 120605859423.2816 318
1757551715248 8501598671.972019 319
1757551715746 12788550388.6242 320
1757551716266 120542655786.53134 321
1757551716765 57496622190.29096 322
1757551717260 81688155203.76176 323
1757551717762 19140447488.43509 324
1757551718251 22281418561.658447 325
1757551718739 58164759451.46157 326
1757551719247 10084442963.7263 327
1757551719768 5124297089.096117 328
1757551720296 319751084341.08795 329
1757551720771 45745839897.4193 330
1757551721265 7084165481.096765 331
1757551721751 479245882681.2563 332
1757551722238 4416980211.2972555 333
1757551722746 941459058.3054931 334
1757551723237 9769334.686917529 335
1757551723717 73302664975.82976 336
1757551724214 1662346944.3953838 337
1757551724705 10159048793.502863 338
1757551725206 287273703392.1698 339
1757551725706 15041778223.611366 340
1757551726249 2439582287526.9355 341
1757551726738 4580891778.685864 342
1757551727239 1427598085.1890004 343
1757551727728 536242434656.2476 344
1757551728220 198388650695.7581 345
1757551728719 66480175885.23593 346
1757551729223 9288501500.691504 347
1757551729737 7566807647761.762 348
1757551730231 539643872634.8748 349
1757551730743 85378104286.59618 350
1757551731247 779764316.7508754 351
1757551731737 115837462549.02985 352
1757551732211 11026690525.770622 353
1757551732698 32513163866.68721 354
1757551733182 21039042955.422356 355
1757551733685 32379906.572394256 356
1757551734172 15763744332.252811 357
1757551734670 9476676761.050646 358
1757551735151 53367498314.176674 359
1757551735651 14176621303.066004 360
1757551736139 245411689279.32712 361
1757551736645 71867883238.0798 362
1757551737146 5375776190.338765 363
1757551737655 172297406596.02905 364
1757551738140 149290329.47875988 365
1757551738698 1544166281357.1113 366
1757551739216 2338407652848.909 367
1757551739756 31155019163.24738 368
1757551740267 43247504416.677795 369
1757551740779 11396902844.346493 370
1757551741343 23166693073.218266 371
1757551741849 188736768989.3597 372
1757551742345 5417949054.281269 373
1757551742846 90047366623.08313 374
1757551743334 203353413927.51926 375
1757551743841 101197421921.84743 376
1757551744328 121716288740.99658 377
1757551744843 107531130681.23158 378
1757551745346 3375615527.489408 379
1757551745846 10021174142.66357 380
1757551746347 174673489525.17023 381
1757551746836 35541966740.389275 382
1757551747325 6130755.872535076 383
1757551747820 82697794948.32953 384
1757551748314 54247918620.084305 385
1757551748833 9154995883.269173 386
1757551749349 85515855757.43803 387
1757551749845 294025621126.32117 388
1757551750376 13306178271.47277 389
1757551750877 17418165969.646782 390
1757551751402 50283478897.35986 391
1757551751898 26666748193.578976 392
1757551752397 11796268366.490854 393
1757551752896 150988827164.67236 394
1757551753391 46058124745.57116 395
1757551753884 3362217968813.846 396
1757551754398 951254012.4348729 397
1757551754881 1602577216.2293603 398
1757551755374 141579733.78046146 399
1757551755872 1610965847.0678399 400
1757551756360 25531200380.678505 401
1757551756842 25016090178.577118 402
1757551757334 1565153091.285544 403
1757551757841 4673397320.6454 404
1757551758336 75524393693.21907 405
1757551758831 3394105626.1327634 406
1757551759338 21346923937.531715 407
1757551759826 121170148485.75258 408
1757551760305 81599304904.06253 409
1757551760808 1215672452666.127 410
1757551761325 3970255789.387896 411
1757551761865 270128295297.19675 412
1757551762352 8136966749.137706 413
1757551762836 3338435739.326157 414
1757551763329 69834024124.43073 415
1757551763842 630974526.2754713 416
1757551764345 1593294623.057267 417
1757551764848 98107575830.8231 418
1757551765326 897335231581.1743 419
1757551765819 348133677.90138686 420
1757551766319 65772501.79989938 421
1757551766802 11699112897.984713 422
1757551767289 10404236083.982534 423
1757551767774 29694984424.890102 424
1757551768271 146614049964.04462 425
1757551768792 474387134.10831195 426
1757551769298 89810869072.97832 427
1757551769791 56999221834.36766 428
1757551770277 13533077515.691383 429
1757551770772 274303653328.8062 430
1757551771277 302054671.8227509 431
1757551771846 121132522483.15019 432
1757551772430 5670327772.845668 433
1757551772970 39727878034.725555 434
1757551773466 108619616173.83487 435
1757551773966 186112408040.57816 436
1757551774479 4348469749.252888 437
1757551774989 111177790191.37543 438
1757551775524 267960699572.41977 439
1757551776003 92593526766.48622 440
1757551776508 74503875810.23535 441
1757551776999 296888650.66863275 442
1757551777506 44614207274.70867 443
1757551778003 138930697503.93475 444
1757551778495 74751492614.5787 445
1757551778976 13487991368.965303 446
1757551779466 194695428287.5554 447
1757551779946 21135219901.114918 448
1757551780436 1523779298646.7727 449
1757551780955 111052168688.39838 450
1757551781449 129749773045.38713 451
1757551781952 1295795940624.2314 452
1757551782476 3649450786584.353 453
1757551782973 25831283743.837543 454
1757551783468 4682744031.441529 455
1757551783959 16420291086.340925 456
1757551784446 437374797035.9431 457
1757551784940 9389957358.71135 458
1757551785539 1469338774.8694203 459
1757551786045 72802194161.61491 460
1757551786549 41961371.90045401 461
1757551787046 923138308799.2166 462
1757551787539 2499050031.994434 463
1757551788046 47160740035.07095 464
1757551788546 64402634967.9484 465
1757551789048 10814199031.470808 466
1757551789545 152386349332.42917 467
1757551790034 55618673550.511955 468
1757551790525 19163532449.395294 469
1757551791060 684888069759.165 470
1757551791604 9289653229.269514 471
1757551792093 180726363725.66595 472
1757551792583 2685018497440.7393 473
1757551793077 153729865590.1473 474
1757551793580 86401982620.30223 475
1757551794086 140492941098.4593 476
1757551794591 4207307409.677841 477
1757551795089 40377672708.58315 478
1757551795586 9473341138.892853 479
1757551796069 4639130225.154886 480
1757551796561 1525318810713.4556 481
1757551797051 30388309345.751705 482
1757551797551 271426583139.74734 483
1757551798062 14859412212646.43 484
1757551798556 50066192087.46559 485
1757551799062 8527919.974182226 486
1757551799575 867167753.8968366 487
1757551800086 14273036376.798925 488
1757551800583 270086949156.88147 489
1757551801077 564615988405.4746 490
1757551801580 90312231205.63397 491
1757551802082 53189803669.695724 492
1757551802612 689117766797.6426 493
1757551803156 123975341517.30286 494
1757551803719 9636239679.702265 495
1757551804318 712154806.6928611 496
1757551804893 73206365723.88617 497
1757551805466 4170982975.78559 498
1757551805982 83163515068.06087 499
