1757546768286 1004934844453.3948 0
1757546768799 40954141943370.87 1
1757546769309 1.4503529777289718e+17 2
1757546769789 4.521843134630807e+23 3
1757546770266 2.984865292332977e+21 4
1757546770735 9.7354862873021e+23 5
1757546771208 3.730880954760369e+28 6
1757546771688 9.048342837277573e+29 7
1757546772150 5.024408430676981e+32 8
1757546772615 7.791226737610188e+35 9
1757546773084 5.932915901812766e+40 10
1757546773560 5.0224686138223175e+43 11
1757546774039 1.0364705986412208e+47 12
1757546774536 2.1793919501118706e+48 13
1757546775007 4.2486743748337286e+49 14
1757546775496 5.701397264794934e+52 15
1757546775969 1.8439075304999888e+56 16
1757546776469 8.559191031272923e+59 17
1757546776950 2.9150060831916546e+63 18
1757546777467 1.4272205033382254e+64 19
1757546777928 1.8507964351236153e+65 20
1757546778423 2.22773292196838e+68 21
1757546778923 2.660747959285201e+67 22
1757546779438 3.634016587131167e+71 23
1757546779933 8.717794704830514e+69 24
1757546780417 1.7424361228731042e+73 25
1757546780889 6.890472306618689e+73 26
1757546781358 4.876107975462e+77 27
1757546781838 1.6769615785870018e+81 28
1757546782316 1.6072393177598172e+82 29
1757546782788 2.3592018781393408e+85 30
1757546783266 9.698148546920651e+87 31
1757546783758 2.3791934809319392e+88 32
1757546784244 4.6524303926807096e+91 33
1757546784713 1.7016400183158004e+93 34
1757546785178 4.789363826969378e+96 35
1757546785647 1.5670727250807515e+96 36
1757546786133 2.7600814984560907e+101 37
1757546786623 4.593033603840731e+102 38
1757546787120 1.7382027906171303e+106 39
1757546787610 1.112844850292886e+105 40
1757546788085 5.436036494078748e+105 41
1757546788569 2.887970879915071e+108 42
1757546789051 9.292673778911022e+112 43
1757546789569 9.852878678684616e+113 44
1757546790069 2.4581827045688103e+119 45
1757546790567 2.2110019564163244e+122 46
1757546791054 8.485288463822986e+124 47
1757546791550 5.358398035955409e+126 48
1757546792024 8.796286666947392e+127 49
1757546792500 1.982981360402473e+131 50
1757546792972 1.1103592240200131e+135 51
1757546793434 1.1730357523108605e+134 52
1757546793921 9.973567626195918e+134 53
1757546794424 2.6069984215795334e+138 54
1757546826885 1.6419825737038944e+142 55
1757546827397 2.534782268358353e+144 56
1757546827925 2.024887077481461e+147 57
1757546828472 8.550916569050337e+150 58
1757546828935 1.607802142768558e+154 59
1757546829419 3.515514513226298e+154 60
1757546829891 3.1263593908328055e+157 61
1757546830365 2.088728928451648e+163 62
1757546830862 1.7426397152334696e+163 63
1757546831381 4.542323099806594e+165 64
1757546831898 1.7426743834899203e+170 65
1757546832406 9.811939204674801e+172 66
1757546832951 3.8980627941368794e+174 67
1757546833437 8.099820058466351e+177 68
1757546833966 3.967561448725e+179 69
1757546834468 7.816248554041823e+182 70
1757546834952 5.993494519733205e+186 71
1757546835419 8.067495122655126e+187 72
1757546835903 2.221658797505345e+190 73
1757546836400 4.136008904838769e+193 74
1757546836883 6.431272616525931e+194 75
1757546837363 5.408892777914672e+193 76
1757546837834 1.7904050422580146e+196 77
1757546838307 1.3771483783616937e+202 78
1757546838772 4.162159698276089e+203 79
1757546839263 1.3882661778336712e+209 80
1757546839738 1.7463488348121492e+210 81
1757546840223 2.273672529877181e+211 82
1757546840700 3.013875450433913e+211 83
1757546841184 1.473143335308028e+215 84
1757546841661 1.503616353047987e+215 85
1757546842159 3.416188575384546e+213 86
1757546842662 3.0256412812165718e+217 87
1757546843143 1.95129062482271e+219 88
1757546843635 6.882253903023561e+219 89
1757546844131 1.2975384899141098e+226 90
1757546844622 9.42315453455238e+227 91
1757546845105 5.841200726260154e+230 92
1757546845575 7.504426195147009e+235 93
1757546846066 1.4944124977960112e+235 94
1757546846564 6.882385343883665e+238 95
1757546847065 7.908028481746876e+239 96
1757546847534 8.578292772664414e+242 97
1757546848027 4.679726978755248e+245 98
1757546848500 4.308811050199797e+242 99
1757546848998 6.4392921422585464e+246 100
1757546849466 7.362088389250162e+250 101
1757546849948 1.8032352503994054e+249 102
1757546850415 7.045925890009864e+251 103
1757546850904 2.8688549692089733e+253 104
1757546851377 6.495279876297741e+256 105
1757546851866 6.068776742349413e+259 106
1757546852352 1.5397366550348446e+262 107
1757546852827 2.4256571985389246e+265 108
1757546853325 1.51837281343613e+269 109
1757546853818 1.6230965963859781e+271 110
1757546854311 1.9154048991472335e+271 111
1757546854796 1.3367482807290076e+275 112
1757546855268 3.7694923370969886e+279 113
1757546855739 6.3032787061352e+279 114
1757546856234 1.6613346689932825e+282 115
1757546856724 3.9455184537304805e+285 116
1757546857212 1.0677916152839132e+285 117
1757546857695 6.170230592283203e+285 118
1757546858181 4.5210119870776995e+289 119
1757546858675 3.344522972676323e+293 120
1757546859237 1.8298875995739363e+294 121
1757546859826 5.4279011297024886e+296 122
1757546860371 1.9951948919452046e+299 123
1757546860861 1.3799438923682984e+301 124
1757546861354 8.198517715847547e+302 125
1757546861829 1.7461845259719984e+306 126
