1757531808526 9617989114559.47 0
1757531809012 3.973151951391446e+18 1
1757531809483 8.776035686063354e+16 2
1757531809966 3.6106961270264484e+19 3
1757531810441 1.3273419951374695e+23 4
1757531810903 5.1679033092498246e+23 5
1757531811379 1.5634345263401948e+25 6
1757531811872 9.654886536707758e+26 7
1757531812340 9.031096911466123e+26 8
1757531812812 3.193255511648812e+29 9
1757531813282 6.1673308268100216e+26 10
1757531813754 1.8008355850527518e+31 11
1757531814211 4.3003253236364144e+32 12
1757531814674 2.572061530077656e+33 13
1757531815135 2.884300884259594e+34 14
1757531815601 2.1893626607968565e+35 15
1757531816060 5.57657243729922e+37 16
1757531816525 1.390286455460246e+41 17
1757531816996 2.104913847441195e+42 18
1757531817474 6.463807279161823e+45 19
1757531817953 8.17458133680319e+45 20
1757531818428 3.107142523939771e+50 21
1757531818908 4.6433587470417056e+53 22
1757531819379 8.293701787908554e+54 23
1757531819855 1.1040578514690006e+55 24
1757531820315 8.955579565373837e+59 25
1757531820789 1.1033493154159174e+65 26
1757531821263 1.535581055233291e+69 27
1757531821738 1.2479349896211311e+74 28
1757531822227 2.8444463631268655e+75 29
1757531822694 2.0832152933158654e+76 30
1757531823189 7.286021921125987e+80 31
1757531823655 1.4980919853260684e+83 32
1757531824130 4.229548627557735e+86 33
1757531824591 3.525670152327444e+92 34
1757531825061 5.922978759413969e+94 35
1757531825527 2.3833850295413223e+93 36
1757531826002 2.554246394848999e+94 37
1757531826469 9.753890992504932e+98 38
1757531826933 3.9188491810280355e+97 39
1757531827410 4.547285381936776e+100 40
1757531827883 4.591381293306832e+102 41
1757531828355 2.271508760797025e+105 42
1757531828820 1.3936539865492506e+106 43
1757531829280 2.9199482176627835e+106 44
1757531829752 5.596306165850824e+107 45
1757531830218 6.975811094978725e+110 46
1757531830689 6.776582055989927e+112 47
1757531831164 1.369923313861587e+116 48
1757531831635 3.946557827832401e+113 49
1757531832122 1.0351658318777242e+115 50
1757531832586 1.0876422710066858e+115 51
1757531833069 4.64071610197678e+121 52
1757531833545 4.50907176866892e+119 53
1757531834028 8.662610592592348e+124 54
1757531834495 8.614327506138536e+126 55
1757531834964 1.6784032091426258e+128 56
1757531835436 2.0383725647318517e+135 57
1757531835920 3.664361908132479e+137 58
1757531836380 5.353871789913982e+139 59
1757531836845 1.0930030235849649e+142 60
1757531837309 1.013234794779126e+144 61
1757531837783 1.4809675709929061e+144 62
1757531838261 1.3451199333623266e+145 63
1757531838729 1.525990677453991e+144 64
1757531839201 2.4017670970703715e+144 65
1757531839668 5.13266512712084e+147 66
1757531901877 1.6024325556346131e+150 67
1757531902405 3.263001840879476e+151 68
1757531902869 2.3388971978751286e+153 69
1757531903329 7.630256473655547e+156 70
1757531903796 1.2465712663077266e+158 71
1757531904258 8.504553004899219e+160 72
1757531904727 1.0442465916872362e+162 73
1757531905189 6.481267531675218e+161 74
1757531905658 9.240449959536153e+161 75
1757531906132 7.527771946668247e+163 76
1757531906604 8.411841095929124e+166 77
1757531907077 1.6975165574122763e+167 78
1757531907561 6.896995856757796e+170 79
1757531908042 8.810466729525032e+173 80
1757531908568 4.39925671034933e+173 81
1757531909046 2.39464147954645e+177 82
1757531909526 3.2039828559746946e+178 83
1757531910015 2.0509579829164717e+178 84
1757531910502 4.34250558609584e+181 85
1757531910976 4.539293804419534e+183 86
1757531911460 1.7375588495442854e+186 87
1757531911951 2.159990542992631e+189 88
1757531912433 9.654101129301613e+191 89
1757531912901 3.1351859393873024e+192 90
1757531913397 3.747655612679627e+194 91
1757531913920 2.868131024527702e+195 92
1757531914425 1.8760018354319967e+192 93
1757531914970 4.615750032767708e+195 94
1757531915465 1.3960898642410446e+198 95
1757531915961 8.226451118098991e+198 96
1757531916442 6.426044075314076e+205 97
1757531916923 5.909721443447471e+206 98
1757531917413 3.983431140692271e+212 99
1757531917894 3.589704436691178e+213 100
1757531918381 6.273559729447173e+214 101
1757531918878 2.8858906893777966e+213 102
1757531919356 2.1383680315188208e+217 103
1757531919842 6.505709485495037e+219 104
1757531920330 3.8023881242340477e+222 105
1757531920809 1.1855700053396855e+225 106
1757531921281 2.0241779252812394e+228 107
1757531921756 1.024016969507119e+229 108
1757531922232 2.549367462970584e+232 109
1757531922701 3.9506144712455864e+234 110
1757531923169 1.5641577758285976e+233 111
1757531923639 1.5270092070661047e+235 112
1757531924114 2.9105229266472306e+240 113
1757531924577 3.52733054440475e+243 114
1757531925040 1.7123956045166627e+244 115
1757531925504 5.313599791320368e+245 116
1757531925973 8.869823594874148e+246 117
1757531926449 1.508923915112866e+253 118
1757531926914 5.398964463530622e+253 119
1757531927379 3.0799700020557116e+251 120
1757531927850 4.076640298377103e+257 121
1757531928311 5.553077038210988e+255 122
1757531928778 1.3421952259821895e+257 123
1757531929247 9.647746194355467e+259 124
1757531929709 2.9260245226949677e+262 125
1757531930175 5.498111627120197e+265 126
1757531930649 5.389515947372291e+267 127
1757531931108 2.881477143707964e+269 128
1757531931600 1.2098724731154863e+272 129
1757531932096 7.173766406685131e+274 130
1757531932567 1.0781772903522302e+277 131
1757531933046 4.521602502507576e+277 132
1757531933528 9.188358793127053e+276 133
1757531934002 1.5073775609875027e+282 134
1757531934481 1.21129385224719e+285 135
1757531934946 8.54120338686627e+286 136
1757531935414 2.32904123940426e+287 137
1757531935874 2.598407705820997e+288 138
1757531936330 9.176310952756453e+287 139
1757531936800 2.139572870968056e+290 140
1757531937274 4.159993792215915e+292 141
1757531937743 7.027470135033917e+292 142
1757531938216 2.4882484988765296e+292 143
1757531938713 7.0707298022381394e+292 144
1757531939202 4.6371264479103666e+293 145
1757531939736 5.7551704332442886e+296 146
1757531940211 2.0449290161531513e+300 147
1757531940692 1.4338065397283333e+302 148
1757531941208 1.4472534087991554e+306 149
