1757542188967 418659902801.0618 0
1757542189035 108797836311.97522 1
1757542189102 271631113084.36414 2
1757542189177 192243552188959.4 3
1757542189237 3138019599812990.0 4
1757542189299 146069417341066.3 5
1757542189369 991015303912062.8 6
1757542189435 1.5264570090543452e+18 7
1757542189495 5.291041949794332e+18 8
1757542189562 3.501456409009225e+18 9
1757542189627 2.6119738371292105e+22 10
1757542189700 7.31438630067383e+20 11
1757542189763 2.2677261262392145e+23 12
1757542189832 1.8441145398967157e+23 13
1757542189895 2.609197791662207e+24 14
1757542189970 1.4407490863120232e+26 15
1757542190043 5.508331274011771e+26 16
1757542190113 1.3658180153796143e+29 17
1757542190180 6.866507154877707e+28 18
1757542190245 1.3315004165681288e+32 19
1757542190315 2.3667902818513617e+31 20
1757542190378 7.298986286490933e+31 21
1757542190438 1.864789102356175e+33 22
1757542190505 1.922708671776161e+35 23
1757542190575 7.846879353976003e+35 24
1757542190640 7.755947531614504e+36 25
1757542190715 4.143205020932454e+37 26
1757542190796 2.546608445396345e+39 27
1757542190856 7.781275873631775e+41 28
1757542190921 5.747539244472765e+41 29
1757542190980 5.431725827286047e+42 30
1757542191043 5.506763683720577e+44 31
1757542191109 4.5082141612475864e+45 32
1757542191175 4.8497846909333665e+45 33
1757542191238 1.4797028794380909e+47 34
1757542191299 5.318779578225909e+48 35
1757542191360 2.647169561129566e+49 36
1757542191429 1.449385584269363e+52 37
1757542191491 1.5009478658796988e+52 38
1757542191555 1.2254305762130392e+53 39
1757542191633 5.1254473752222934e+54 40
1757542191699 7.709119881531295e+54 41
1757542191769 1.7780816729494466e+57 42
1757542191835 2.890829172429977e+59 43
1757542191897 1.5266765697302923e+59 44
1757542191959 9.843510738488678e+59 45
1757542192023 1.0197918559044972e+61 46
1757542192090 7.464936679457078e+62 47
1757542192158 2.8675513889399264e+64 48
1757542192222 1.1591154059094815e+64 49
1757542192287 2.887974508712581e+65 50
1757542192353 2.3506010137932515e+68 51
1757542192421 2.440091739183302e+67 52
1757542192487 5.315288159232927e+68 53
1757542192563 5.103284993557341e+70 54
1757542192636 9.766549555834676e+70 55
1757542192702 2.6108333522850485e+72 56
1757542192773 3.3160169074288746e+73 57
1757542192843 1.8141123397480387e+74 58
1757542192910 5.10205509320294e+75 59
1757542192978 3.588704021769774e+76 60
1757542193043 5.337596642668968e+78 61
1757542193113 6.044663547489893e+78 62
1757542193176 9.788892157888564e+79 63
1757542193239 4.204354321635125e+81 64
1757542193304 3.131735113592221e+82 65
1757542193371 1.863315087993424e+83 66
1757542193438 1.0683754583870293e+85 67
1757542193505 1.824902822984899e+87 68
1757542193572 3.434363423752805e+88 69
1757542193644 1.774856114801001e+89 70
1757542193721 1.2370045736397591e+89 71
1757542193790 1.201793234192542e+91 72
1757542193855 1.508087767494216e+93 73
1757542193923 1.0021975020755241e+93 74
1757542193985 5.2067915657540455e+93 75
1757542194048 1.0226312516059202e+95 76
1757542194118 2.2686574655846553e+96 77
1757542194181 1.4033788596027522e+98 78
1757542194250 7.795927010786041e+98 79
1757542194315 2.8407218033414876e+100 80
1757542194380 5.590448297009228e+100 81
1757542194446 1.8065070479094362e+102 82
1757542194510 1.204516951782168e+103 83
1757542194576 1.2948727918228722e+104 84
1757542194638 2.1743196060031755e+105 85
1757542194710 1.9945344155391065e+106 86
1757542194780 1.2769146978939741e+109 87
1757542194850 1.0979306262622999e+109 88
1757542194914 3.795234906292643e+110 89
1757542194980 9.135513381594417e+111 90
1757542195046 9.936408977233817e+111 91
1757542195114 1.7120124279400796e+114 92
1757542195179 1.004242358110619e+115 93
1757542195246 4.646204737262741e+117 94
1757542195312 1.8904304838897588e+117 95
1757542195378 5.165835896042281e+117 96
1757542195446 3.90373061282979e+119 97
1757542195511 7.641299662510682e+119 98
1757542195573 2.9421354675311668e+121 99
1757542195639 4.717580091870431e+122 100
1757542195712 1.0072630180292231e+124 101
1757542195784 6.350583412010554e+124 102
1757542195851 1.8962116120904488e+126 103
1757542195917 1.467423840387422e+127 104
1757542195991 2.021604853850547e+128 105
1757542196055 4.358364877505857e+130 106
1757542196120 7.361852830835441e+130 107
1757542196187 6.9082273779854055e+131 108
1757542196255 5.573568936811408e+133 109
1757542196327 4.3132926781795855e+133 110
1757542196390 3.938915499516304e+135 111
1757542196459 9.982835460660115e+135 112
1757542196528 1.2406666053268197e+137 113
1757542196603 3.914655262491097e+138 114
1757542196666 1.184696591971178e+140 115
1757542196733 3.3566086643516664e+140 116
1757542196810 9.76440811074117e+141 117
1757542196877 1.7994634634126136e+143 118
1757542196949 7.325748575542007e+143 119
1757542197014 1.709995735883605e+146 120
1757542197080 1.0268789239413117e+147 121
1757542197150 5.621845207134519e+148 122
1757542197216 3.3173999690044505e+148 123
1757542197286 1.4428778280193756e+150 124
1757542197354 7.092729366719945e+151 125
1757542197418 1.4652452527023303e+154 126
1757542197487 6.821431579671603e+154 127
1757542197554 1.5583698732865325e+154 128
1757542197617 1.5757608055589752e+155 129
1757542197679 9.427875547734759e+156 130
1757542197754 8.728415259179385e+158 131
1757542197819 1.833979412814128e+159 132
1757542197891 1.584521167870675e+162 133
1757542197960 2.7821409391625443e+161 134
1757542198025 3.32827772267818e+162 135
1757542198093 9.944117293333657e+163 136
1757542198161 1.0820054029107963e+165 137
1757542198232 7.682768315417986e+165 138
1757542198294 4.537826338712939e+169 139
1757542198362 2.336714235590329e+168 140
1757542198426 7.641317887214568e+169 141
1757542198494 8.038252337124894e+170 142
1757542198560 6.924337823682581e+172 143
1757542198626 1.7834896105969187e+173 144
1757542198695 4.201916961274006e+174 145
1757542198765 3.6708407531824016e+175 146
1757542198831 3.259775295215192e+176 147
1757542198896 1.28855949191716e+177 148
1757542198959 5.705854092024463e+178 149
1757542199026 5.266420642890913e+180 150
1757542199096 2.466583147613714e+183 151
1757542199164 5.2470102629183876e+181 152
1757542199237 2.0977365265864371e+183 153
1757542199306 3.057759477272155e+185 154
1757542199372 1.8423667322530372e+185 155
1757542199441 1.2085408122039862e+188 156
1757542199506 6.99035096461857e+187 157
1757542199585 1.4628184861895594e+189 158
1757542199652 2.0412480615898113e+190 159
1757542199719 5.282913581945439e+191 160
1757542199795 3.479772934499419e+192 161
1757542199867 4.857514397572598e+193 162
1757542199940 1.6097818624802677e+195 163
1757542200037 3.6756828650391117e+195 164
1757542200112 3.192252045449832e+196 165
1757542200179 1.2716057904375628e+198 166
1757542200251 2.3174327447355724e+199 167
1757542200321 1.126379635635088e+200 168
1757542200391 2.3872056379463627e+201 169
1757542200464 2.306845570148643e+202 170
1757542200531 5.938889169810002e+203 171
1757542200601 3.483773677028215e+204 172
1757542200666 4.911435554637934e+206 173
1757542200731 2.2130644184146347e+207 174
1757542200799 6.104275767947067e+208 175
1757542200876 6.091634793056298e+209 176
1757542200945 1.4073725587375277e+210 177
1757542201011 7.826969720038869e+211 178
1757542201076 3.555651208542267e+212 179
1757542201148 3.268622938566571e+216 180
1757542201212 3.068046021731126e+217 181
1757542201278 9.089203839758927e+215 182
1757542201343 1.005578859093645e+218 183
1757542201417 5.193712314439506e+218 184
1757542201484 7.017807906543971e+219 185
1757542201554 3.257690479121719e+221 186
1757542201629 2.9349268806863066e+222 187
1757542201726 9.173374974713457e+222 188
1757542201803 6.662394348273915e+223 189
1757542201889 8.578770949493899e+225 190
1757542201999 1.2542807109637165e+227 191
1757542202112 4.405109774587781e+227 192
1757542202208 3.7812582937640394e+229 193
1757542202313 7.728943940660652e+229 194
1757542202423 3.628927847224949e+231 195
1757542202520 2.368496824050192e+233 196
1757542202634 7.324860491577254e+233 197
1757542202743 1.696188812323123e+234 198
1757542202844 7.671444934890198e+235 199
1757542202941 1.1475907796510186e+237 200
1757542203052 2.4944194161155446e+238 201
1757542203143 8.0067712958521e+238 202
1757542203215 3.4303565286989044e+242 203
1757542203286 1.799453998315818e+241 204
1757542203360 1.2118463878548746e+242 205
1757542203424 2.3912656692147992e+244 206
1757542203492 4.1064588123556606e+245 207
1757542203561 5.695646252487903e+245 208
1757542203630 5.725631051049417e+247 209
1757542203702 6.126378032774826e+250 210
1757542203769 1.0115281384268413e+252 211
1757542203842 1.9936826164200778e+251 212
1757542203915 9.340778823617841e+251 213
1757542203989 3.7657002548291795e+252 214
1757542204053 1.2329747480045772e+254 215
1757542204127 2.0904072674839876e+255 216
1757542204204 1.0739330075411878e+258 217
1757542204275 1.370140717114499e+257 218
1757542204346 5.8027915343606026e+258 219
1757542204421 4.472172489362146e+259 220
1757542204488 1.2405211999003232e+262 221
1757542204560 5.347336309987333e+262 222
1757542204625 1.1781325787340673e+263 223
1757542204695 4.713769464940392e+265 224
1757542204764 1.87254833072028e+266 225
1757542204834 5.003168850299766e+266 226
1757542204908 1.0045776060729364e+268 227
1757542204977 9.895829049838147e+268 228
1757542205043 1.7225169680086267e+270 229
1757542205111 2.0706012364538354e+271 230
1757542205180 2.1604539682846177e+273 231
1757542205252 9.14362893434616e+273 232
1757542205320 7.249459631867644e+274 233
1757542205389 2.184186078879429e+276 234
1757542205455 1.7174118827006023e+277 235
1757542205525 2.724782128785547e+278 236
1757542205606 1.1868164451081062e+280 237
1757542205678 6.52827010776921e+280 238
1757542205749 3.669151102680831e+281 239
1757542205819 7.52360454708495e+282 240
1757542205891 1.2933616802430762e+284 241
1757542205961 4.718391361390162e+284 242
1757542206032 1.5034668969705805e+286 243
1757542206101 6.1666931762120775e+286 244
1757542206177 7.19875154119871e+288 245
1757542206259 4.484511652903709e+289 246
1757542206328 1.1038240173137882e+291 247
1757542206398 1.8483100132661063e+292 248
1757542206473 6.687170171512196e+292 249
1757542206546 2.2791356014339258e+294 250
1757542206614 9.16795829957813e+294 251
1757542206693 1.385882516328296e+297 252
1757542206762 6.006350562179963e+297 253
1757542206830 3.7477480623690873e+300 254
1757542206902 3.39056429825946e+300 255
1757542206973 1.526028645725614e+301 256
1757542207045 7.246301267844756e+302 257
1757542207114 4.961521250243123e+303 258
