1757581904654 110113010979.69164 0
1757581904718 264068675699.15274 1
1757581904786 194290736520.9965 2
1757581904856 161794194490.1668 3
1757581904925 508270198270.9611 4
1757581904994 79553292047.99483 5
1757581905065 435067919899.26166 6
1757581905134 163483765241.77194 7
1757581905200 88201760590.19676 8
1757581905266 220467993782.16223 9
1757581905333 358283942772.7106 10
1757581905397 110284572931.91335 11
1757581905463 366395450135.555 12
1757581905536 263636233879.9715 13
1757581905608 114688689465.03438 14
1757581905675 328961939734.596 15
1757581905761 399076639275.6891 16
1757581905831 331098568359.4279 17
1757581905951 184187877333.14365 18
1757581906020 257534089631.73734 19
1757581906089 566974363052.5858 20
1757581906163 370264257542.52765 21
1757581906232 310179267946.8889 22
1757581906300 225325996044.74585 23
1757581906365 120825913614.49625 24
1757581906430 158668079938.70782 25
1757581906495 196502782109.5077 26
1757581906561 159194000282.58585 27
1757581906626 184354830658.94586 28
1757581906691 133046755147.12195 29
1757581906758 135875852849.30312 30
1757581906829 243843598676.3 31
1757581906893 404102441791.9167 32
1757581906956 307334180302.6639 33
1757581907019 216845575838.22226 34
1757581907091 125957445775.45595 35
1757581907179 291511827707.0117 36
1757581907261 142927247945.79135 37
1757581907336 679705286537.973 38
1757581907413 332963096737.5567 39
1757581907491 159926856985.8039 40
1757581907570 308975979904.8617 41
1757581907650 98305587264.72015 42
1757581907729 89059103531.8331 43
1757581907809 799622241634.7227 44
1757581907887 307698768770.58594 45
1757581907962 143320164786.96124 46
1757581908038 114856416522.62315 47
1757581908115 289292663466.7672 48
1757581908194 396022922109.51904 49
1757581908275 82914871361.1317 50
1757581908354 83589620824.71394 51
1757581908432 291443014818.7213 52
1757581908512 189251553153.802 53
1757581908592 233804607694.51898 54
1757581908674 124182087494.90668 55
1757581908754 169862774194.3372 56
1757581908833 153436533009.4742 57
1757581908911 261180782415.97266 58
1757581908992 259934738562.89282 59
1757581909083 306292963612.0161 60
1757581909167 217835502405.65344 61
1757581909246 279357229905.7203 62
1757581909325 95697546391.04433 63
1757581909406 380027408284.59436 64
1757581909484 177774431160.0468 65
1757581909561 102314246724.37198 66
1757581909641 146402106997.92032 67
1757581909718 268763211210.90433 68
1757581909796 108641879900.67192 69
1757581909875 191824937583.1786 70
1757581909949 408752529791.3628 71
1757581910025 327601077078.2319 72
1757581910103 734395892303.2863 73
1757581910182 253875341368.88272 74
1757581910259 795373303908.8037 75
1757581910336 76907765535.0102 76
1757581910412 220443530730.10037 77
1757581910491 167475185845.76505 78
1757581910573 458525157609.0484 79
1757581910652 98568653880.22098 80
1757581910739 193453229434.23148 81
1757581910821 102493858893.19684 82
1757581910904 348054716340.69385 83
1757581910981 304496383860.6773 84
1757581911057 240439058804.3097 85
1757581911125 103139435297.56473 86
1757581911194 671997752040.5961 87
1757581911263 302017808766.99207 88
1757581911331 206529002483.99075 89
1757581911396 56714687209.44604 90
1757581911468 88524450353.46089 91
1757581911533 197432997733.02228 92
1757581911600 150246749992.2702 93
1757581911668 150839988372.728 94
1757581911735 378271665574.22107 95
1757581911800 233675997519.35056 96
1757581911865 371671188872.6157 97
1757581911930 123345972802.03564 98
1757581911994 134438303611.27344 99
1757581912058 355433365188.0775 100
1757581912122 154077578421.1193 101
1757581912190 130818981597.56175 102
1757581912255 496188131929.7122 103
1757581912320 329062794821.12897 104
1757581912386 246408213922.0407 105
1757581912451 138407080634.744 106
1757581912515 276379833594.8864 107
1757581912587 72574605686.97533 108
1757581912660 142655578541.24634 109
1757581912736 115448672236.44945 110
1757581912809 165643506949.91278 111
1757581912881 219094858610.0748 112
1757581912957 233009745076.44208 113
1757581913027 103654945823.24716 114
1757581913094 182205438999.01917 115
1757581913165 175758236194.72168 116
1757581913235 143933245287.26175 117
1757581913304 166163963704.28226 118
1757581913374 89009119749.42494 119
1757581913440 183536214080.8809 120
1757581913506 389568876897.9917 121
1757581913584 227166189635.86783 122
1757581913654 169204926711.56952 123
1757581913721 160464830473.01312 124
1757581913787 565479692751.6357 125
1757581913856 341049123800.8854 126
1757581913924 656499122349.4293 127
1757581913995 406073709263.2495 128
1757581914063 94926019451.83702 129
1757581914127 379689401130.8144 130
1757581914197 153958639384.57416 131
1757581914272 151854504814.95007 132
1757581914348 217293501458.3899 133
1757581914418 429650663566.94293 134
1757581914484 121512208984.60416 135
1757581914550 139432254833.58224 136
1757581914615 290902706877.0771 137
1757581914681 466550745828.47577 138
1757581914746 157581542536.99908 139
1757581914811 278180037285.6508 140
1757581914877 116677413283.07568 141
1757581914944 143384872530.45792 142
1757581915013 208847801154.69846 143
1757581915078 326293175036.7816 144
1757581915143 76129701177.64658 145
1757581915209 229517906631.85605 146
1757581915275 129147481291.7303 147
1757581915340 259583136221.3215 148
1757581915405 220642712967.74197 149
1757581915471 325318602664.1821 150
1757581915538 148900377220.58875 151
1757581915604 244640137253.6233 152
1757581915669 196931143625.10046 153
1757581915734 384214416932.25494 154
1757581915799 166960909232.34796 155
1757581915864 277587144392.5479 156
1757581915929 463513560286.2941 157
1757581915995 61077177252.3099 158
1757581916062 221602648055.35605 159
1757581916127 601979064956.129 160
1757581916193 152919922579.1138 161
1757581916260 147793456607.42447 162
1757581916327 205454792580.45016 163
1757581916392 436002738149.40045 164
1757581916457 354106703273.0861 165
1757581916524 134714711406.52785 166
1757581916591 162917085396.65775 167
1757581916658 103470456164.25478 168
1757581916723 209453889630.82434 169
1757581916787 169738300130.16028 170
1757581916869 190133919439.2783 171
1757581916939 159617826738.62238 172
1757581917006 245428687467.81323 173
1757581917074 340128850146.8789 174
1757581917140 332647349688.3132 175
1757581917208 141233438332.002 176
1757581917280 113609267344.34906 177
1757581917346 92166294604.1445 178
1757581917413 122237268666.35829 179
1757581917481 190789284201.2464 180
1757581917547 405975585337.92487 181
1757581917640 82703390838.55904 182
1757581917735 408524394099.9748 183
1757581917828 152731577594.72583 184
1757581917917 373493287225.7611 185
1757581918001 293079544845.7564 186
1757581918086 229607375579.21796 187
1757581918165 187838000768.80237 188
1757581918254 109229325778.8413 189
1757581918345 271550049934.49545 190
1757581918438 182365015276.30402 191
1757581918533 384044920789.64453 192
1757581918628 311669992455.6595 193
1757581918724 217118141506.57596 194
1757581918821 190182432766.6923 195
1757581918912 285743628488.95593 196
1757581918980 200128311089.90323 197
1757581919052 180398413543.4517 198
1757581919123 92218945417.98186 199
1757581919190 158959099128.6265 200
1757581919263 74756815965.91574 201
1757581919332 112976784609.29243 202
1757581919416 199065274712.57272 203
1757581919510 302299292354.42487 204
1757581919610 187533526590.23688 205
1757581919715 280522935392.0397 206
1757581919825 231431643027.29733 207
1757581919936 105974476950.37704 208
1757581920028 315283904441.6194 209
1757581920118 293596713842.79987 210
1757581920204 113605990384.77544 211
1757581920282 182702971636.58945 212
1757581920363 124365400887.26671 213
1757581920452 284184969639.85706 214
1757581920547 109957833950.46577 215
1757581920643 150016997499.12704 216
1757581920746 73024813667.87202 217
1757581920882 145165425914.33218 218
1757581920982 131259074557.7321 219
1757581921079 132216993037.52576 220
1757581921174 178029905281.96112 221
1757581921268 196957428333.42667 222
1757581921363 308058456247.8631 223
1757581921456 106199471121.93332 224
1757581921534 138643853047.59573 225
1757581921623 78689078424.42517 226
1757581921701 211955425574.8369 227
1757581921780 318827709383.8614 228
1757581921872 177360076735.59976 229
1757581921950 423801853503.3243 230
1757581922048 128627486007.61035 231
1757581922143 213123793939.6887 232
1757581922236 295376010033.49255 233
1757581922332 231325348188.8648 234
1757581922430 248794749045.9875 235
1757581922507 338368785961.40424 236
1757581922578 147701808497.04166 237
1757581922645 361080593207.139 238
1757581922721 131370693041.34583 239
1757581922791 105654301093.27747 240
1757581922868 342460385113.62213 241
1757581922941 132661414314.48582 242
1757581923036 350737532759.1922 243
1757581923136 179926201824.71042 244
1757581923233 98237493234.37135 245
1757581923330 244091959649.11252 246
1757581923430 208070094596.47983 247
1757581923515 327730126673.08295 248
1757581923595 321714934321.8153 249
1757581923669 419445220835.06573 250
1757581923747 226600554034.07413 251
1757581923823 389224481779.57184 252
1757581923916 343745844430.308 253
1757581924001 301415562447.2836 254
1757581924098 381176751959.09094 255
1757581924196 237469051306.14096 256
1757581924292 339465819245.3229 257
1757581924389 565714653430.3636 258
1757581924493 124538755405.86897 259
1757581924588 90113828958.81918 260
1757581924685 150733130945.56995 261
1757581924782 363679487952.9844 262
1757581924880 486822771819.19135 263
1757581924981 352473976987.529 264
1757581925080 72307344258.38171 265
1757581925177 497704893699.8757 266
1757581925274 305859328849.06177 267
1757581925372 199635521028.56055 268
1757581925470 174093894001.4239 269
1757581925564 331206837491.6064 270
1757581925661 219498375666.8532 271
1757581925757 113496930506.0491 272
1757581925855 146194648207.4461 273
1757581925952 296664406495.3242 274
1757581926045 91856720977.87125 275
1757581926141 190281706987.1783 276
1757581926237 368500626245.59357 277
1757581926333 195326183515.37933 278
1757581926431 133531185325.98763 279
1757581926530 156888738997.33682 280
1757581926627 96623757978.51546 281
1757581926725 252787949344.61545 282
1757581926821 368016586254.6188 283
1757581926917 126776148253.59534 284
1757581927017 174041360044.35333 285
1757581927116 153992514878.37695 286
1757581927216 120377543906.02052 287
1757581927319 193233642538.7218 288
1757581927421 122518802349.48529 289
1757581927523 144205067712.14713 290
1757581927624 112510082151.59485 291
1757581927723 202373973389.80597 292
1757581927819 496221651013.4234 293
1757581927915 235765682702.2121 294
1757581928010 205552959694.49564 295
1757581928102 237580566732.49237 296
1757581928198 261650045153.83908 297
1757581928293 379401735052.2757 298
1757581928387 92781498513.58588 299
1757581928484 95738550235.82518 300
1757581928593 394860899121.3035 301
1757581928672 270672187981.22937 302
1757581928744 608592018283.2186 303
1757581928815 92150272923.88063 304
1757581928896 181543347791.48477 305
1757581928970 196464583916.46344 306
1757581929053 205627239073.3418 307
1757581929143 454065541684.9783 308
1757581929241 120698372815.84935 309
1757581929341 143046551045.31375 310
1757581929436 167485288718.53 311
1757581929532 321234180123.6158 312
1757581929625 149286483325.86673 313
1757581929704 196370551837.8099 314
1757581929785 137243323440.29428 315
1757581929857 216909198194.24048 316
1757581929936 303975898599.61273 317
1757581930013 134281756647.82076 318
1757581930088 166162273755.1661 319
1757581930182 147047081226.37695 320
1757581930279 177329256878.12845 321
1757581930376 267084541311.49316 322
1757581930474 139160418684.98074 323
1757581930574 179076476381.56866 324
1757581930671 150470440453.39835 325
1757581930755 204983774134.47864 326
1757581930843 147205940794.70468 327
1757581930927 96258995133.15083 328
1757581931022 184177933742.35016 329
1757581931114 302696513216.27576 330
1757581931207 247710223009.23044 331
1757581931303 178280709263.02597 332
1757581931402 174311428976.24338 333
1757581931502 112287252339.57187 334
1757581931602 414091176831.8883 335
1757581931703 117059160666.42496 336
1757581931804 340973414520.5199 337
1757581931907 215638254039.09042 338
1757581932006 416238329786.1191 339
1757581932109 305016362875.0282 340
1757581932209 97941074670.40132 341
1757581932306 132349650027.61632 342
1757581932402 335154986741.47314 343
1757581932511 162751077548.46948 344
1757581932610 161556977604.08002 345
1757581932697 102624954951.58818 346
1757581932771 163526422756.53632 347
1757581932841 259879319187.41937 348
1757581932918 212871612452.9594 349
1757581932995 140555478393.24237 350
1757581933077 302442729521.78613 351
1757581933163 295231051806.50757 352
1757581933259 224713487654.29318 353
1757581933355 457973662455.21265 354
1757581933453 199911809072.1132 355
1757581933549 258472916317.9311 356
1757581933649 339952459622.6881 357
1757581933748 133985371588.36143 358
1757581933847 258414097807.87296 359
1757581933946 102935991713.60548 360
1757581934047 225832510042.5966 361
1757581934144 451447154353.6371 362
1757581934243 132573054171.97998 363
1757581934340 214627765189.8393 364
1757581934439 480485448826.2912 365
1757581934534 238810239545.09464 366
1757581934631 327603899648.73517 367
1757581934729 632642758482.0138 368
1757581934825 96691230884.82423 369
1757581934920 178532653933.8266 370
1757581935015 127023241033.93251 371
1757581935109 405726410126.63043 372
1757581935204 311766782211.14545 373
1757581935277 214437627380.0723 374
1757581935350 182412156958.56506 375
1757581935432 338227153435.09924 376
1757581935510 89449909458.32372 377
1757581935584 196056337313.64185 378
1757581935661 80516658665.03177 379
1757581935747 170231396749.59238 380
1757581935844 159933163213.9722 381
1757581935940 143717576635.6711 382
1757581936037 128693427312.1246 383
1757581936137 356966569356.6651 384
1757581936238 292281100424.5938 385
1757581936348 422763628318.65607 386
1757581936451 277978347815.4452 387
1757581936549 368373431009.0234 388
1757581936646 168659451194.76315 389
1757581936738 230796705776.7688 390
1757581936818 139232300608.84644 391
1757581936893 327973840590.356 392
1757581936969 240210707509.6043 393
1757581937053 194901184262.58942 394
1757581937141 151086971308.71548 395
1757581937218 190157725848.8824 396
1757581937319 159903145896.17438 397
1757581937417 407365545384.74677 398
1757581937514 170774684749.3105 399
1757581937611 183897993042.81876 400
1757581937715 158126703488.72827 401
1757581937809 378801812374.4393 402
1757581937906 91207822942.41603 403
1757581938005 253796993296.4505 404
1757581938104 369132725227.35876 405
1757581938205 329636800158.2784 406
1757581938301 154791477643.8459 407
1757581938382 152946942424.32172 408
1757581938460 330503415030.83356 409
1757581938539 311965489432.5712 410
1757581938627 182460012382.50854 411
1757581938705 303904623796.11993 412
1757581938785 63328870762.37332 413
1757581938885 314530779630.06274 414
1757581938983 298416807784.9407 415
1757581939083 323810581890.9691 416
1757581939183 230144704370.37628 417
1757581939282 89892573937.05467 418
1757581939360 439844544034.2887 419
1757581939436 167721858275.6039 420
1757581939516 550601360059.2153 421
1757581939595 299708356235.2669 422
1757581939673 251256466026.977 423
1757581939743 149088578693.15085 424
1757581939832 240368675583.1848 425
1757581939936 189525004251.6099 426
1757581940036 158110082384.73056 427
1757581940136 279305032182.6819 428
1757581940243 155602229441.45935 429
1757581940343 488516032184.81854 430
1757581940442 94240093737.70207 431
1757581940541 359225744752.622 432
1757581940645 239481099703.53134 433
1757581940745 522233416704.58466 434
1757581940847 83572171473.62355 435
1757581940947 408250029733.745 436
1757581941045 285865916135.6539 437
1757581941145 217589143574.19333 438
1757581941248 109160576938.98306 439
1757581941344 444130405536.52716 440
1757581941423 191880186453.08093 441
1757581941499 225517241454.37555 442
1757581941581 336777022299.78235 443
1757581941676 166514666725.42603 444
1757581941762 162428829864.96976 445
1757581941852 120210678761.26132 446
1757581941957 192274317949.9845 447
1757581942069 253419555401.95206 448
1757581942180 522667677310.01373 449
1757581942302 268966080491.0774 450
1757581942418 255043764728.647 451
1757581942526 369378657613.66705 452
1757581942637 123395193741.4033 453
1757581942743 387106268757.12787 454
1757581942845 213581771803.92468 455
1757581942931 311951211235.1998 456
1757581943008 112481051390.46786 457
1757581943088 266272284973.02856 458
1757581943168 269874392930.92514 459
1757581943244 333351517312.759 460
1757581943322 159312604829.36823 461
1757581943421 278544130826.0161 462
1757581943525 443106099287.98395 463
1757581943626 186482005696.46063 464
1757581943729 384284860808.8476 465
1757581943829 205942823763.2377 466
1757581943912 152784893956.92136 467
1757581943991 124553971101.35086 468
1757581944077 161014601133.0449 469
1757581944177 108699872035.75346 470
1757581944267 232887333150.11227 471
1757581944350 110690555800.53337 472
1757581944450 505592994006.5683 473
1757581944559 523273713954.1549 474
1757581944662 286029964245.4881 475
1757581944764 303668753467.901 476
1757581944867 122094525175.02803 477
1757581944948 627057054522.7994 478
1757581945034 289099866634.7635 479
1757581945118 529694897757.7411 480
1757581945196 156089076668.9893 481
1757581945271 121084056952.30704 482
1757581945355 312519754243.2849 483
1757581945454 152388307820.15915 484
1757581945558 213486392687.48593 485
1757581945660 90819918204.19156 486
1757581945763 132710481848.01257 487
1757581945870 353057371980.4394 488
1757581945956 148696968843.71335 489
1757581946036 135356388752.8816 490
1757581946119 250678475958.14606 491
1757581946205 94593460041.836 492
1757581946294 291172732107.5191 493
1757581946372 290894264794.3654 494
1757581946477 239521579130.14194 495
1757581946583 332228172565.4871 496
1757581946694 460657982272.81537 497
1757581946802 194127058754.93774 498
1757581946907 177515465531.25937 499
