1757540907740 1449703530.1472402 0
1757540908221 3049514248.634391 1
1757540908698 24995164462.201607 2
1757540909178 10579416949.99333 3
1757540909662 13421713.565297164 4
1757540910138 16418041994.128492 5
1757540910625 293768176.54863 6
1757540911113 4874977898.197507 7
1757540911587 184300163969.6734 8
1757540912076 1528159529.8408818 9
1757540912658 46117276993.95226 10
1757540913147 4807559813195.394 11
1757540913637 342761057963.1339 12
1757540914111 1625661175.6518264 13
1757540914592 10455194565.706438 14
1757540915069 362315728772.5556 15
1757540915532 56013234601.46883 16
1757540916011 288563953.0394114 17
1757540916499 46699123666.1451 18
1757540916975 22249602454.206993 19
1757540917459 17523303785.56083 20
1757540917941 128856677.59079617 21
1757540918419 35922919558.18457 22
1757540918889 148235215.1327313 23
1757540919381 19751213916.79802 24
1757540919858 37143858528.87981 25
1757540920330 100851376.78359102 26
1757540920803 145815725.54007688 27
1757540921269 66926990778.64183 28
1757540921754 8738884306.904549 29
1757540922244 63601990375.60635 30
1757540922717 24283191557.999687 31
1757540923208 159156024150.55002 32
1757540923724 38610698733.20139 33
1757540924239 112265565980.327 34
1757540924726 114652330666.92456 35
1757540925227 40570306343.78483 36
1757540925694 5849598576.710913 37
1757540926191 45338955024.8162 38
1757540926662 181455237876.9916 39
1757540927151 15023189584.685911 40
1757540927638 3287030831167.717 41
1757540928111 5502080502.457613 42
1757540928590 106178822110.7839 43
1757540929085 690795706.0895803 44
1757540929565 8907990884.322876 45
1757540930044 216066428182.04688 46
1757540930539 78394117.63020964 47
1757540931006 113301094939.71715 48
1757540931468 38230252389.51826 49
1757540931961 651169140452.0923 50
1757540932423 40561656872.876884 51
1757540932893 373071011423.4973 52
1757540933356 23263750525.94996 53
1757540933830 50452942185.7375 54
1757540934306 20990187604.13332 55
1757540934805 47161566469.04548 56
1757540935282 74774542003.96413 57
1757540935770 18891971399.62777 58
1757540936253 130481013495.15337 59
1757540936745 928953407002.6451 60
1757540937222 22614890905.482735 61
1757540937705 16846620456.770287 62
1757540938187 32309709051.839558 63
1757540938667 130121641543.2129 64
1757540939164 372862689751.1101 65
1757540939626 317709949177.7284 66
1757540940093 1345818442.1465778 67
1757540940558 354175274.0198783 68
1757540941022 75638738988.17043 69
1757540941493 2082422953.8665116 70
1757540942005 636678818626.5962 71
1757540942476 68155001183.83025 72
1757540942955 183335652623.12256 73
1757540943447 215153973.2539198 74
1757540943932 9891873537512.934 75
1757540944429 30640450526.513435 76
1757540944899 306787321600.22095 77
1757540945384 65432318.85088199 78
1757540945919 999106508.6993153 79
1757540946414 6277901445.146978 80
1757540946900 449246132.67541397 81
1757540947395 12421011631.237026 82
1757540947902 58631363648.94425 83
1757540948385 267677925106.5996 84
1757540948921 206810902199.8268 85
1757540949516 4326500025100.688 86
1757540950019 48994143041.34282 87
1757540950513 95481979752.54553 88
1757540950996 254736282220.00272 89
1757540951467 8755928482.112537 90
1757540951968 148802799792.97934 91
1757540952438 157310614222.98938 92
1757540952909 128523271188.84673 93
1757540953372 4557056506.64729 94
1757540953842 5422010782.203292 95
1757540954315 12896719673.848063 96
1757540954823 156724243.77754894 97
1757540955301 19004377456.708473 98
1757540955801 34667909613.95676 99
1757540956306 9790782342.985056 100
1757540956777 3655041250.88202 101
1757540957263 351925105510.0449 102
1757540957783 265548609.1374612 103
1757540958274 653706113.8487352 104
1757540958785 20210550891.446182 105
1757540959305 79448470607.07333 106
1757540959769 2594029015.8758216 107
1757540960296 23011514830.917725 108
1757540960843 67033907570.72987 109
1757540961321 54159453175.60978 110
1757540961820 239474860823.1025 111
1757540962296 1652040914.137016 112
1757540962799 1313875301.521826 113
1757540963284 620816325310.8964 114
1757540963760 333783001.08869666 115
1757540964247 37204745043.02511 116
1757540964732 151424591664.15073 117
1757540965209 14065162734.382175 118
1757540965678 10107042479.629986 119
1757540966160 310278314.472194 120
1757540966628 41053398244.00664 121
1757540967115 962719402261.2844 122
1757540967586 4536714567.629412 123
1757540968061 5675005703.314378 124
1757540968542 140227109183.7736 125
1757540969047 145435670119.40433 126
1757540969564 95785912778.69553 127
1757540970050 2533606051.1243806 128
1757540970547 159495718827.76105 129
1757540971038 14943311997.873625 130
1757540971547 2681034624.403505 131
1757540972098 342939026.8196238 132
1757540972613 72346151518.48514 133
1757540973100 7965149330378.378 134
1757540973614 14095228545.944265 135
1757540974107 10763380844725.967 136
1757540974590 721094873041.3696 137
1757540975081 10567813971642.318 138
1757540975560 184778796.7141717 139
1757540976029 262746779201.8831 140
1757540976503 525575899907.48804 141
1757540976993 11483231635.864822 142
1757540977457 72961777503.83438 143
1757540977923 496099129.5982923 144
1757540978392 42744949280.63131 145
1757540978872 67930875988.99468 146
1757540979368 341498229736.3375 147
1757540979864 2911333444.042417 148
1757540980341 126174899425.74498 149
1757540980814 345102.0572136357 150
1757540981288 5449648512.471131 151
1757540981804 52056964584.266205 152
1757540982294 10718919949.868618 153
1757540982775 61303136320.72552 154
1757540983247 14559842914.343607 155
1757540983716 5072789.562614732 156
1757540984206 582645433.4989935 157
1757540984712 66560706.34635901 158
1757540985190 566427718460.2965 159
1757540985703 280472958355.1705 160
1757540986234 119825194238.12561 161
1757540986713 152010069912.0648 162
1757540987213 195617607747.52728 163
1757540987678 152574581331.30795 164
1757540988148 39204060007.09179 165
1757540988622 5820979561.173626 166
1757540989090 338630319.32812065 167
1757540989577 53242263643.540985 168
1757540990057 116346816954.18991 169
1757540990549 1182152452.311613 170
1757540991037 73870231402.46982 171
1757540991510 6486174840.576409 172
1757540992001 134986837069.01625 173
1757540992485 5257956169.254138 174
1757540992957 4374974229.615577 175
1757540993422 2943402651.644955 176
1757540993909 38679237107.72106 177
1757540994378 14644653351.208017 178
1757540994862 18079241858.82703 179
1757540995339 3083057720.627421 180
1757540995833 3488916468.656754 181
1757540996302 349786317259.0525 182
1757540996771 219015644158.05658 183
1757540997276 116998867405.99829 184
1757540997761 34989271145.48408 185
1757540998379 16710383181.50013 186
1757540998864 38347265920.52916 187
1757540999353 4852987431.236582 188
1757540999829 233307886191.84705 189
1757541000316 804468932971.0964 190
1757541000808 1338147848703.365 191
1757541001270 21228188705.258026 192
1757541001749 21975794233.787457 193
1757541002227 19908158044.981335 194
1757541002713 6439372163.394455 195
1757541003182 81075677.01684877 196
1757541003674 39424265985.363754 197
1757541004157 1245075909.6790733 198
1757541004660 117573381829.25575 199
1757541005143 51342463120.88887 200
1757541005639 29740207524.37201 201
1757541006124 49545615651.11934 202
1757541006611 16216958128.626534 203
1757541007096 22268681735.37149 204
1757541007578 1313882725.5792706 205
1757541008049 46216166649.489975 206
1757541008555 397363434561.1791 207
1757541009052 25903802388.920815 208
1757541009554 14611969606.44298 209
1757541010025 21396344708.762955 210
1757541010501 15002236961.347084 211
1757541010999 279662435991.15454 212
1757541011482 109622758165.37926 213
1757541011944 29277973236.243893 214
1757541012416 37520261187.452354 215
1757541012881 4594596280.2934885 216
1757541013365 39989447663.57624 217
1757541013832 111635770.8262868 218
1757541014320 48887934174.93504 219
1757541014793 70288965784.56824 220
1757541015278 262871565.70996422 221
1757541015747 327951352102.86096 222
1757541016222 2575113747.5236573 223
1757541016691 11215790242.844736 224
1757541017165 2410815642.5450335 225
1757541017645 63605045.45896387 226
1757541018147 27733290868.450733 227
1757541018644 321543771454.3541 228
1757541019129 11388285710.021574 229
1757541019642 80372351532.8994 230
1757541020114 379071976814.92865 231
1757541020601 666584147115.9647 232
1757541021100 4633162888.816853 233
1757541021621 1460789260.7495003 234
1757541022130 1633559343.8646498 235
1757541022642 144539453063.48303 236
1757541023120 1207148708.0307934 237
1757541023630 27963908158.19998 238
1757541024127 77171988556.8711 239
1757541024623 7948165.13399503 240
1757541025090 38401684190.974304 241
1757541025571 19797505064.40225 242
1757541026038 37180510719.295456 243
1757541026504 52347914521.591576 244
1757541026976 110757196363.63104 245
1757541027449 76599615342.29234 246
1757541027917 24883712085.627182 247
1757541028407 340539794339.7183 248
1757541028882 322969935726.09015 249
1757541029380 1761231060.5355103 250
1757541029845 18796873432.14952 251
1757541030323 44147025087.40263 252
1757541030813 7977031469898.651 253
1757541031306 16929430049.002869 254
1757541031801 34302120100.542236 255
1757541032284 26947863814.196606 256
1757541032760 50228626339.45788 257
1757541033267 244162335679.85922 258
1757541033758 2005592654.1435716 259
1757541034249 394828692120.9831 260
1757541034734 28916491395.085285 261
1757541035227 52687021291.39492 262
1757541035721 10376358960.81519 263
1757541036196 20224499732.164017 264
1757541036679 9461903579.623692 265
1757541037147 28338518392.786694 266
1757541037624 49927408736.51428 267
1757541038092 418262251884.79926 268
1757541038553 21834407735.999966 269
1757541039028 53313857716.81958 270
1757541039536 1045609243.0530785 271
1757541040003 120623642483.9587 272
1757541040486 10331965709.955276 273
1757541040958 55350648621.65196 274
1757541041445 17029635893.580555 275
1757541041936 36932115548.590805 276
1757541042426 54172775008.35388 277
1757541042917 142169580662.0547 278
1757541043387 48342851152.530334 279
1757541043870 26375644223.46583 280
1757541044356 366255067.876535 281
1757541044826 31494105625.515594 282
1757541045295 372289238057.0361 283
1757541045786 56817045099.30831 284
1757541046272 14477817257.570057 285
1757541046757 99774846456.03609 286
1757541047233 110384011197.8422 287
1757541047707 44868204348.60516 288
1757541048197 11206013028.625456 289
1757541048672 1966849735.0562608 290
1757541049154 42941113853.181274 291
1757541049638 102002181233.88731 292
1757541050132 358552001667.96295 293
1757541050605 191430275226.5191 294
1757541051072 38220810733.68487 295
1757541051542 169125222616.1986 296
1757541052027 25847313195.757263 297
1757541052505 97015169887.18126 298
1757541052989 134854304.1713106 299
1757541053471 126521409409.83833 300
1757541053958 59821912851.127975 301
1757541054450 28275290812.765793 302
1757541054928 87205917040.7448 303
1757541055407 433404486.74682194 304
1757541055897 105877588.92961085 305
1757541056377 318098151434.7027 306
1757541056855 196868781886.79468 307
1757541057358 83364539589.04024 308
1757541057849 32592810356.31149 309
1757541058323 97059701.2727078 310
1757541058807 23634683157.265873 311
1757541059299 2071547692.109097 312
1757541059775 13852343198.166779 313
1757541060258 154722373314.94232 314
1757541060733 13347279602.978971 315
1757541061211 18644430147.307747 316
1757541061687 186769442294.2691 317
1757541062174 2023394753.5885034 318
1757541062652 100547751.17279007 319
1757541063146 26455018425.730217 320
1757541063651 1233520498.95898 321
1757541064144 2502655184.2397995 322
1757541064641 224939384769.59686 323
1757541065116 14644104250.782818 324
1757541065600 142483646778.35248 325
1757541066066 21168726964.6669 326
1757541066550 352241344724.80066 327
1757541067042 81034326714.72063 328
1757541067528 1392954500828.1492 329
1757541068015 97841230065.74074 330
1757541068503 129960664.67827138 331
1757541069004 6414498230.525421 332
1757541069523 33051040433.804398 333
1757541070007 20059457051.2901 334
1757541070480 37898720598.95635 335
1757541070966 1623547641.9146063 336
1757541071448 48066391243.8022 337
1757541071945 97401030631.77582 338
1757541072419 12039315363.964275 339
1757541072894 218327691318.3235 340
1757541073368 15623394036.678404 341
1757541073835 77200309032.92218 342
1757541074357 13333994826.95152 343
1757541074842 67869060127.642 344
1757541075316 33207046187.340313 345
1757541075788 382724395.12400097 346
1757541076263 13325970532.235155 347
1757541076737 61469447617.620445 348
1757541077214 86597824443.43909 349
1757541077696 1408565238.6422265 350
1757541078173 880064433.5691153 351
1757541078662 18069496525.17081 352
1757541079137 461402951967.4822 353
1757541079651 5198505589.935138 354
1757541080290 89622567048.8292 355
1757541080794 4111835206.0743475 356
1757541081296 25222829692.030476 357
1757541081790 136402407716.41647 358
1757541082314 53008230232.64415 359
1757541082805 36308096104.20872 360
1757541083318 93444475104.34435 361
1757541083789 5888400243.1051655 362
1757541084311 51277258528.74734 363
1757541084799 92829035555.52715 364
1757541085326 50201872085.04903 365
1757541085811 260549069131.54984 366
1757541086317 52725913950.977646 367
1757541086812 29655943495.226746 368
1757541087304 36548056507.80274 369
1757541087841 120150509694.7272 370
1757541088329 491642908340.65906 371
1757541088803 68338846271.30612 372
1757541089309 142205912843.1473 373
1757541089797 112432065283.8317 374
1757541090264 21946030153.29004 375
1757541090763 93526224.75555335 376
1757541091237 88746218002.77432 377
1757541091714 18874132262.753025 378
1757541092190 88566803386.60373 379
1757541092677 117145240531.67928 380
1757541093147 907160263.0241798 381
1757541093636 52860737741.17303 382
1757541094124 61735317111.132286 383
1757541094605 33706066816.1669 384
1757541095099 53947958102.163574 385
1757541095584 29924142027.273537 386
1757541096060 186600186092.3375 387
1757541096545 40766251770.13182 388
1757541097015 76654413.30868535 389
1757541097493 30747807348.876476 390
1757541097977 211343917537.37637 391
1757541098469 476983801253.04913 392
1757541098972 22762786049.010723 393
1757541099482 131889598327.26811 394
1757541099979 1290175387552.2646 395
1757541100482 117266555670.15115 396
1757541100983 25832904.037594154 397
1757541101480 11305881041.702417 398
1757541102007 599107735569.7976 399
1757541102492 211047241034.22668 400
1757541102989 42793048127.92117 401
1757541103486 93708742409.34451 402
1757541103981 21529595.262904465 403
1757541104491 52127456845.31385 404
1757541104993 114347551335.09874 405
1757541105482 44244415549.33982 406
1757541105977 28557.611560035602 407
1757541106464 49104193586.79702 408
1757541106943 487977152804.74774 409
1757541107425 204627297760.64062 410
1757541107910 157469462740.31122 411
1757541108393 868630147.0731133 412
1757541108881 36083888422.70471 413
1757541109411 41102186157.35957 414
1757541109937 47236441410.94471 415
1757541110447 214651374328.5461 416
1757541110958 17507442448.917065 417
1757541111478 15135224592.393972 418
1757541111989 6006243756506.419 419
1757541112502 10022061096.764193 420
1757541112992 12076403217.056358 421
1757541113494 7456888038.390594 422
1757541113986 259768338.91678888 423
1757541114485 174907309755.6222 424
1757541114983 36082868696.92812 425
1757541115484 28468686165.6687 426
1757541115966 31749496698.38438 427
1757541116463 3234943049.77788 428
1757541116962 633542086832.796 429
1757541117439 44635277923.55426 430
1757541117925 202870192.1856498 431
1757541118415 24287929669.920372 432
1757541118913 228799959639.17792 433
1757541119417 13018086975.420515 434
1757541119908 1950009165.6673193 435
1757541120413 1960632804218.5635 436
1757541120908 13940183.481561003 437
1757541121398 164773167469.31232 438
1757541121929 137545537240.8565 439
1757541122435 57219629175.87163 440
1757541122932 544131991.2272384 441
1757541123422 9112164208.344753 442
1757541123910 7861037258.68188 443
1757541124413 34350193.701753154 444
1757541124907 111395452728.83679 445
1757541125405 1146848096.1583745 446
1757541125897 373181036014.1693 447
1757541126387 34486675469.58975 448
1757541126892 4603334711.961618 449
1757541127371 11637393183.884539 450
1757541127864 7334756969.647299 451
1757541128367 253601847549.0401 452
1757541128853 60653289616.230064 453
1757541129369 19200542479.146378 454
1757541129862 8360181593.690805 455
1757541130343 118318787503.50156 456
1757541130850 22874597591.961338 457
1757541131333 59292019356.12188 458
1757541131833 24663214781.738308 459
1757541132338 24728010711.998596 460
1757541132830 22674098498.331013 461
1757541133317 3366770890.9158792 462
1757541133803 191792694739.29724 463
1757541134296 606257103164.1586 464
1757541134792 44789840788.119865 465
1757541135293 163527144034.78702 466
1757541135788 1019452609459.0704 467
1757541136289 422372080562.00134 468
1757541136793 160122799325.1898 469
1757541137283 68630169012.05802 470
1757541137809 956673431.4270558 471
1757541138299 1381908398.6986835 472
1757541138802 60859278276.24858 473
1757541139318 212933347472.886 474
1757541139823 977463524659.495 475
1757541140300 5800294898.069348 476
1757541140804 10963651683.944393 477
1757541141310 24933911544.550644 478
1757541141820 1119389690.5007868 479
1757541142383 5452386375.318827 480
1757541142887 149522628159.79672 481
1757541143364 827204540.7066517 482
1757541143841 631986606.8188373 483
1757541144329 171418450800.63623 484
1757541144835 298076955860.0411 485
1757541145324 29178225504.529346 486
1757541145809 4508050931.796422 487
1757541146297 492389198253.7963 488
1757541146797 446702409305.5496 489
1757541147301 166603957.81508064 490
1757541147798 50096940001.96462 491
1757541148296 1572009209103.076 492
1757541148788 1838770436.6432266 493
1757541149343 1990147882.7187545 494
1757541149866 7584185.419677581 495
1757541150382 14096528050.78448 496
1757541150969 470005072900.07214 497
1757541151457 3004420032.9252768 498
1757541151996 25364070094.9288 499
