1757572839879 136434730130.75313 0
1757572840567 1384029218556874.2 1
1757572841196 2.7572993426275896e+18 2
1757572841763 4.5036676623789096e+21 3
1757572842376 1.47803353314224e+25 4
1757572842927 1.5197672227623126e+30 5
1757572843603 5.424241470938727e+32 6
1757572844296 9.531222867861869e+35 7
1757572845049 3.799950585248689e+35 8
1757572845819 8.598347471671999e+43 9
1757572846591 2.9011918450532776e+46 10
1757572847286 9.736457889652064e+49 11
1757572847778 1.4804291490152253e+52 12
1757572848463 7.276130792947376e+55 13
1757572849141 2.561175189217391e+58 14
1757572849828 3.2059653626689222e+63 15
1757572850533 3.960239473401122e+66 16
1757572851211 1.6697271292977813e+69 17
1757572851891 2.8822923719699878e+72 18
1757572852576 4.638363700577789e+76 19
1757572853258 3.8124009749332837e+80 20
1757572853777 5.365524593475474e+84 21
1757572854410 1.7991751652947927e+87 22
1757572854877 1.8913747806475465e+90 23
1757572855536 5.299216533188878e+94 24
1757572856236 2.249685784526456e+97 25
1757572856921 1.6915399930957478e+100 26
1757572857604 2.3192454294387577e+105 27
1757572858310 2.237639253113159e+107 28
1757572859008 5.452942648624661e+110 29
1757572859681 1.8163297211216246e+115 30
1757572860358 1.2085645637543425e+118 31
1757572861068 1.3068979890695497e+121 32
1757572861667 6.898235486072235e+123 33
1757572862338 2.786530147118028e+128 34
1757572863028 4.793042857319198e+130 35
1757572863715 2.4782593916187125e+135 36
1757572864397 1.7726780799945564e+137 37
1757572865088 2.382486567905953e+140 38
1757572865779 1.4854239569796954e+144 39
1757572866478 7.06106564473904e+144 40
1757572867153 9.640185858879888e+151 41
1757572867818 1.105638043349705e+153 42
1757572868459 2.6296288862528065e+158 43
1757572869087 2.15775068883653e+161 44
1757572869654 2.4856803601777e+165 45
1757572870319 2.0895958251296297e+168 46
1757572871021 3.6790718051394825e+173 47
1757572871707 1.8149470764551263e+176 48
1757572872385 1.2468029796202637e+180 49
1757572873050 6.775923068303123e+180 50
1757572873581 1.690904113979044e+187 51
1757572874183 6.416090550891457e+191 52
1757572874826 2.6800433664675236e+193 53
1757572875506 1.7445813593225079e+199 54
1757572876186 1.1392994349875353e+201 55
1757572876859 5.732574449093089e+202 56
1757572877529 1.1161156104440801e+210 57
1757572878207 7.500769361027465e+210 58
1757572878725 2.693198868155439e+215 59
1757572879368 1.799652356804208e+217 60
1757572880044 1.4123109500281914e+221 61
1757572880723 2.9042158692865714e+224 62
1757572881264 4.290524921686328e+227 63
1757572881912 1.2694307088722252e+231 64
1757572882587 9.179613943548615e+233 65
1757572883264 2.4559992959001544e+238 66
1757572883940 1.2603603323596383e+241 67
1757572884618 2.484591220337467e+246 68
1757572885296 2.065213693603901e+249 69
1757572885964 1.890160657672512e+252 70
1757572886592 1.060534241060896e+256 71
1757572887268 1.5745726535982022e+260 72
1757572887932 1.6104628744826668e+263 73
1757572888599 2.638636929026047e+265 74
1757572889267 3.5746551823141095e+269 75
1757572889941 9.393803563830282e+274 76
1757572890621 3.4246573194320337e+277 77
1757572891292 2.9742450474256623e+280 78
1757572891883 2.5419862849021325e+285 79
1757572892531 8.025535406258902e+287 80
1757572893217 3.1708154181343536e+291 81
1757572893893 2.4196066920632335e+292 82
1757572894565 1.4732862940097988e+296 83
1757572895112 9.626734490522188e+300 84
1757572895791 4.9043343329552006e+303 85
1757572896485 5.531002532576408e+306 86
