1757559399977 260608705444042.4 0
1757559400546 1.3566799922970048e+18 1
1757559401091 1.0581299305126081e+20 2
1757559401652 2.504681580626941e+24 3
1757559402164 2.012274686065281e+30 4
1757559402707 2.2597603816429218e+29 5
1757559403234 2.569860189976588e+33 6
1757559403768 5.137307332091579e+37 7
1757559404313 1.3646123200838745e+42 8
1757559404833 9.13596999035824e+46 9
1757559405349 6.463794801024878e+49 10
1757559405871 1.2991411992139044e+54 11
1757559406366 1.2346293005517975e+56 12
1757559406904 7.053623971500974e+56 13
1757559407427 2.5682748161400038e+64 14
1757559407985 2.9819101768931455e+67 15
1757559408501 5.291921388785241e+72 16
1757559409014 5.3766381717455566e+76 17
1757559409544 2.5059400652309863e+80 18
1757559410054 7.163564245413177e+86 19
1757559410613 2.7186003705634082e+88 20
1757559411122 5.737785041095845e+93 21
1757559411623 3.1591577947245374e+95 22
1757559412129 4.382763757168316e+98 23
1757559412647 4.385493329127209e+100 24
1757559413159 3.182350837291347e+105 25
1757559413693 5.3618629915033385e+107 26
1757559414236 2.8773994440595896e+111 27
1757559414739 1.691067825159968e+116 28
1757559415251 9.114697293111146e+116 29
1757559415771 1.9111458862286883e+118 30
1757559416286 9.84667518829101e+119 31
1757559416783 1.1852256926395274e+129 32
1757559417324 5.506811362775398e+131 33
1757559417850 1.7209427606851538e+137 34
1757559418348 1.4300696344804943e+140 35
1757559418864 1.1097842143132087e+143 36
1757559419352 2.2285248929358516e+143 37
1757559419853 8.423619585987087e+145 38
1757559420350 5.288871794902309e+149 39
1757559420863 1.4468724179017585e+150 40
1757559421366 2.9242557459791805e+157 41
1757559421886 3.594827805827263e+160 42
1757559422443 1.326652529308187e+163 43
1757559422988 4.615480924396252e+167 44
1757559423533 2.1061634414787477e+171 45
1757559424052 5.607185966998889e+174 46
1757559424546 3.262576665552146e+179 47
1757559425047 5.2599262869668604e+182 48
1757559425552 1.682190475414644e+185 49
1757559426084 1.1869617260229598e+188 50
1757559426616 7.31241096433355e+189 51
1757559427146 7.323735402837162e+194 52
1757559427667 1.2700334269593564e+199 53
1757559428180 2.0415446939540117e+204 54
1757559428684 5.722898364473633e+210 55
1757559429227 6.1024063672892574e+212 56
1757559429765 2.4871852697809492e+219 57
1757559430285 5.721497681612831e+221 58
1757559430833 6.109353134409756e+228 59
1757559431340 3.50675927151153e+231 60
1757559431853 5.841546400285083e+232 61
1757559432381 8.119212731439566e+235 62
1757559432947 1.673645521544e+244 63
1757559433547 2.2481604880060128e+244 64
1757559434125 1.1721055140687945e+249 65
1757559434736 2.2412186850512638e+253 66
1757559435354 1.4972931812848004e+260 67
1757559435899 2.2582897958908055e+265 68
1757559436536 8.053382723758496e+263 69
1757559437028 8.057285141918424e+267 70
1757559437554 9.788580206617288e+271 71
1757559438101 2.4957614911857214e+275 72
1757559438629 3.425710397575789e+281 73
1757559439132 1.1052070396589319e+282 74
1757559439657 9.873670550097912e+286 75
1757559440157 4.867496606792848e+290 76
1757559440691 3.141410646455929e+293 77
1757559441198 1.8845071538422782e+298 78
1757559441714 1.5204558513472751e+299 79
1757559442227 8.354596883626259e+297 80
1757559442744 9.046690468807218e+301 81
1757559443250 3.7670429925158226e+303 82
1757559443797 5.794037474900511e+306 83
