1757543018921 1019578794230.9694 0
1757543018982 804760458974.4695 1
1757543019035 1121827009841.8296 2
1757543019097 14330684852944.105 3
1757543019155 336902118769698.94 4
1757543019222 8131645659860494.0 5
1757543019277 1.9644824768557197e+17 6
1757543019336 4.746052806382484e+18 7
1757543019394 1.1466148841185886e+20 8
1757543019449 2.7701456383450656e+21 9
1757543019512 6.6924884688483364e+22 10
1757543019568 1.6168609068804603e+24 11
1757543019623 3.906228908133197e+25 12
1757543019684 9.437190433347958e+26 13
1757543019744 2.2799627305548143e+28 14
1757543019803 5.508239013961535e+29 15
1757543019870 1.3307540789295817e+31 16
1757543019931 3.2150137532140687e+32 17
1757543019997 7.767260380422726e+33 18
1757543020054 1.8765186854013304e+35 19
1757543020115 4.533544910552739e+36 20
1757543020170 1.0952744364281633e+38 21
1757543020231 2.6461105266667996e+39 22
1757543020300 6.392827848854933e+40 23
1757543020358 1.5444648850921295e+42 24
1757543020418 3.731324912354569e+43 25
1757543020478 9.014633958950334e+44 26
1757543020532 2.1778758838393655e+46 27
1757543020595 5.261603950873438e+47 28
1757543020664 1.2711686805146215e+49 29
1757543020736 3.0710593754458644e+50 30
1757543020796 7.419476134115994e+51 31
1757543020857 1.7924963139706332e+53 32
1757543020914 4.330552423808192e+54 33
1757543020974 1.0462327955257522e+56 34
1757543021030 2.5276291690081004e+57 35
1757543021087 6.106584732712399e+58 36
1757543021146 1.4753104432811142e+60 37
1757543021206 3.5642523592521215e+61 38
1757543021267 8.610997731555863e+62 39
1757543021327 2.080360043541324e+64 40
1757543021382 5.026012136669418e+65 41
1757543021441 1.2142512579191676e+67 42
1757543021498 2.9335506506264137e+68 43
1757543021557 7.087264158604261e+69 44
1757543021616 1.712236100069072e+71 45
1757543021678 4.136649060583504e+72 46
1757543021734 9.993870266919429e+73 47
1757543021792 2.4144528928912236e+75 48
1757543021857 5.833158342356346e+76 49
1757543021913 1.4092524375680303e+78 50
1757543021970 3.4046605907652845e+79 51
1757543022033 8.225434584533488e+80 52
1757543022094 1.9872105398098354e+82 53
1757543022151 4.8009691025404595e+83 54
1757543022207 1.1598823507525193e+85 55
1757543022267 2.802198970360595e+86 56
1757543022328 6.769927195112042e+87 57
1757543022384 1.6355695905926317e+89 58
1757543022442 3.9514278493316514e+90 59
1757543022501 9.546388082952979e+91 60
1757543022567 2.3063441597639413e+93 61
1757543022622 5.571974800370634e+94 62
1757543022679 1.3461522229684512e+96 63
1757543022736 3.252214649790524e+97 64
1757543022795 7.857135283696662e+98 65
1757543022851 1.898231867022904e+100 66
1757543022910 4.586002519847119e+101 67
1757543022973 1.1079478475423965e+103 68
1757543023031 2.6767286488860267e+104 69
1757543023104 6.466799205088969e+105 70
1757543023165 1.5623358750369925e+107 71
1757543023227 3.7745000409271617e+108 72
1757543023291 9.118942211207832e+109 73
1757543023350 2.203076067020574e+111 74
1757543023404 5.322485925081839e+112 75
1757543023465 1.2858773624192685e+114 76
1757543023527 3.1065945771512947e+115 77
1757543023590 7.505326828857472e+116 78
1757543023650 1.8132372734527025e+118 79
1757543023709 4.380661208778705e+119 80
1757543023764 1.0583387462335353e+121 81
1757543023825 2.556876344453587e+122 82
1757543023883 6.177243972303498e+123 83
1757543023942 1.4923812477726341e+125 84
1757543023999 3.605494292745063e+126 85
1757543024051 8.710635512486494e+127 86
1757543024120 2.1044318717704274e+129 87
1757543024186 5.084168080015348e+130 88
1757543024247 1.2283013488149037e+132 89
1757543024309 2.967494740055794e+133 90
1757543024369 7.169270831425121e+134 91
1757543024432 1.7320483693041548e+136 92
1757543024491 4.184514191400464e+137 93
1757543024549 1.0109509254101573e+139 94
1757543024612 2.4423905066160283e+140 95
1757543024671 5.900653767528729e+141 96
1757543024733 1.4255588854417661e+143 97
1757543024790 3.444055889273245e+144 98
1757543024852 8.320611017595363e+145 99
1757543024912 2.0102045359298325e+147 100
1757543024980 4.856521074867762e+148 101
1757543025036 1.1733033394895295e+150 102
1757543025095 2.834623190623684e+151 103
1757543025149 6.848261964648832e+152 104
1757543025210 1.6544947523038154e+154 105
1757543025269 3.997149787101101e+155 106
1757543025331 9.65684925762066e+156 107
1757543025390 2.333030848264532e+158 108
1757543025445 5.6364480730177905e+159 109
1757543025504 1.361728538800006e+161 110
1757543025565 3.289845997622386e+162 111
1757543025623 7.948050128705979e+163 112
1757543025685 1.9201962916828935e+165 113
1757543025742 4.639067115688978e+166 114
1757543025802 1.1207679025879925e+168 115
1757543025863 2.7077010531349798e+169 116
1757543025929 6.541626483251888e+170 117
1757543025995 1.5804136500533087e+172 118
1757543026066 3.8181747485423463e+173 119
1757543026134 9.224457413357988e+174 120
1757543026190 2.2285678413053336e+176 121
1757543026259 5.384072364091858e+177 122
1757543026381 1.3007562383561335e+179 123
1757543026438 3.14254095637101e+180 124
1757543026493 7.592170901251822e+181 125
1757543026553 1.8342182263991408e+183 126
1757543026607 4.431349802070555e+184 127
1757543026666 1.0705847747931809e+186 128
1757543026728 2.5864619387154383e+187 129
1757543026784 6.248720809350179e+188 130
1757543026847 1.5096495783965903e+190 131
1757543026908 3.647213436296911e+191 132
1757543026965 8.811426201326155e+192 133
1757543027025 2.1287822349176196e+194 134
1757543027087 5.142996945283189e+195 135
1757543027148 1.24251401319195e+197 136
1757543027205 3.001831596252973e+198 137
1757543027265 7.2522264027541464e+199 138
1757543027330 1.7520898861367066e+201 139
1757543027390 4.232933169235762e+202 140
1757543027450 1.0226486299013048e+204 141
1757543027509 2.4706513862297302e+205 142
1757543027569 5.968930181687123e+206 143
1757543027631 1.442054015084045e+208 144
1757543027701 3.483907030442492e+209 145
1757543027756 8.416888736348229e+210 146
1757543027817 2.033464595381808e+212 147
1757543027876 4.9127158385906203e+213 148
1757543027940 1.1868796223721554e+215 149
1757543028004 2.8674225912614573e+216 150
1757543028073 6.927503145132335e+217 151
1757543028143 1.673638896898907e+219 152
1757543028212 4.043400773020491e+220 153
1757543028275 9.768588577593403e+221 154
1757543028347 2.360026328208967e+223 155
1757543028418 5.70166736534998e+224 156
1757543028484 1.3774850880484968e+226 157
1757543028550 3.3279127774573414e+227 158
1757543028623 8.04001694860738e+228 159
1757543028701 1.942414866512302e+230 160
1757543028768 4.6927457215143427e+231 161
1757543028837 1.1337362983806074e+233 162
1757543028922 2.7390318388079547e+234 163
1757543028988 6.617319587208882e+235 164
1757543029059 1.5987006028493483e+237 165
1757543029128 3.8623548158249033e+238 166
1757543029195 9.331193531007627e+239 167
1757543029263 2.2543545806917882e+241 168
1757543029329 5.446371419259656e+242 169
1757543029397 1.3158072776388966e+244 170
1757543029465 3.178903270836478e+245 171
1757543029531 7.680019845663267e+246 172
1757543029597 1.8554419497722353e+248 173
1757543029656 4.482624912640792e+249 174
1757543029720 1.0829725020442977e+251 175
1757543029782 2.616389867634841e+252 176
1757543029849 6.321024704265521e+253 177
1757543029913 1.5271177207261458e+255 178
1757543029977 3.68941531170111e+256 179
1757543030039 8.91338313836222e+257 180
1757543030098 2.1534143559080134e+259 181
1757543030161 5.202506518846635e+260 182
1757543030221 1.2568911321866376e+262 183
1757543030282 3.0365657639187993e+263 184
1757543030342 7.336141852287776e+264 185
1757543030415 1.7723633031886954e+266 186
1757543030477 4.281912402648458e+267 187
1757543030537 1.0344816884308208e+269 188
1757543030601 2.4992392722391283e+270 189
1757543030676 6.037996621648336e+271 190
1757543030751 1.4587400097299864e+273 191
1757543030812 3.524219288824526e+274 192
1757543030873 8.514280483759297e+275 193
1757543030938 2.056993796782261e+277 194
1757543031004 4.9695608314426714e+278 195
1757543031066 1.2006129963076132e+280 196
1757543031130 2.9006015134827964e+281 197
1757543031193 7.007661224635821e+282 198
1757543031252 1.6930045582269777e+284 199
1757543031314 4.090186928701419e+285 200
1757543031377 9.881620832279566e+286 201
1757543031442 2.3873341726203897e+288 202
1757543031501 5.767641309554586e+289 203
1757543031566 1.3934239561932574e+291 204
1757543031625 3.366420027675422e+292 205
1757543031686 8.133047915793398e+293 206
1757543031756 1.9648905322805792e+295 207
1757543031815 4.747045442027527e+296 208
1757543031887 1.1468547513697586e+298 209
1757543031946 2.7707251527333493e+299 210
1757543032002 6.693888535422847e+300 211
1757543032068 1.6171991538194138e+302 212
1757543032127 3.9070460902872187e+303 213
1757543032189 inf 214
1757543032248 inf 215
1757543032311 inf 216
