1757555086635 548019775139.68646 0
1757555086700 202080989183.15683 1
1757555086762 571032613190.2241 2
1757555086822 121803829949.42363 3
1757555086882 904491722018.761 4
1757555086941 478648689736.45374 5
1757555087000 371529449905.69275 6
1757555087059 120642158843.49045 7
1757555087121 125859645710.87862 8
1757555087182 189340972458.77933 9
1757555087241 223976464399.78003 10
1757555087304 169643815284.2218 11
1757555087364 184308434774.87076 12
1757555087424 490377740531.86835 13
1757555087483 102172372847.0148 14
1757555087543 107909856771.08076 15
1757555087604 156190858403.09326 16
1757555087664 381395052999.77167 17
1757555087731 267100297946.73892 18
1757555087792 300843764486.69885 19
1757555087865 340559886923.5452 20
1757555087928 358620535186.3714 21
1757555087989 99013703660.26395 22
1757555088048 371257568171.6712 23
1757555088109 147902180855.30753 24
1757555088170 64073760622.30627 25
1757555088233 189502992749.37274 26
1757555088295 108699517533.4749 27
1757555088356 300347558762.6763 28
1757555088417 316641853667.7344 29
1757555088478 176299619214.434 30
1757555088539 172807525258.27893 31
1757555088599 136688198332.73068 32
1757555088659 110786895755.9019 33
1757555088720 82827551308.13019 34
1757555088781 108126167842.33885 35
1757555088844 156287406467.1175 36
1757555088905 363501926146.4366 37
1757555088966 109938342135.19218 38
1757555089027 436202975250.3995 39
1757555089092 208641032028.70032 40
1757555089153 87179523313.7204 41
1757555089213 105497477180.12315 42
1757555089274 722769298584.1017 43
1757555089334 681433642841.0375 44
1757555089394 94090017387.55434 45
1757555089454 491626007933.4069 46
1757555089514 340777198476.9442 47
1757555089575 110138056936.40321 48
1757555089635 108393090710.33205 49
1757555089695 276042185440.13525 50
1757555089755 135519800640.30435 51
1757555089815 221581828343.85175 52
1757555089875 151827578287.23657 53
1757555089936 175194488210.3721 54
1757555089996 277630920602.65314 55
1757555090058 120214327321.73631 56
1757555090117 47025798395.90893 57
1757555090179 139559190686.09454 58
1757555090239 121239104438.94682 59
1757555090300 281163040667.22107 60
1757555090361 188379074688.85538 61
