1757541640031 67618922537.24569 0
1757541640098 1308799818676.2732 1
1757541640157 93469956925867.8 2
1757541640224 1008801971079280.1 3
1757541640285 1.3755220330895253e+17 4
1757541640351 3.18769677757411e+18 5
1757541640415 1.2373135249035972e+20 6
1757541640479 9.810396463976617e+20 7
1757541640547 6.450613765538147e+22 8
1757541640616 2.420405073675307e+25 9
1757541640681 5.676169863737314e+25 10
1757541640747 1.3802874709857428e+27 11
1757541640814 2.1095730977203213e+29 12
1757541640876 2.9945627227944422e+28 13
1757541640939 1.6894219044794854e+27 14
1757541641011 1.99526124488116e+29 15
1757541641081 7.360869561806283e+29 16
1757541641145 2.5190346955043926e+31 17
1757541641208 9.790006336200067e+31 18
1757541641299 5.302186194994131e+33 19
1757541641376 1.3138625043555396e+35 20
1757541641436 1.5759376723583727e+35 21
1757541641505 2.8586629937552725e+35 22
1757541641578 4.2250443567114284e+35 23
1757541641639 1.3982215931976818e+37 24
1757541641714 6.107501948597267e+38 25
1757541641780 2.644931782444616e+39 26
1757541641847 4.931602358773026e+39 27
1757541641917 3.4870932227603105e+42 28
1757541641978 3.754876627749514e+42 29
1757541642042 1.341982744261796e+44 30
1757541642112 4.282832240758689e+46 31
1757541642188 4.848196867667922e+44 32
1757541642256 2.41085858637063e+46 33
1757541642327 3.6069392498971536e+47 34
1757541642395 8.029852911421833e+46 35
1757541642461 1.4556929581747973e+47 36
1757541642528 6.800558306163232e+48 37
1757541642596 4.6050319494128124e+49 38
1757541642659 4.215261050195798e+50 39
1757541642722 7.265082146702428e+52 40
1757541642789 6.920731577470753e+53 41
1757541642853 1.0328229717340171e+53 42
1757541642918 1.467797520819661e+55 43
1757541642980 5.859773767924544e+55 44
1757541643049 7.272172576099482e+55 45
1757541643117 1.40315389169335e+58 46
1757541643179 5.557552401780331e+58 47
1757541643244 6.413166050882012e+58 48
1757541643312 7.408995051671026e+58 49
1757541643379 6.035987870682311e+57 50
1757541643441 1.987903713896864e+58 51
1757541643508 1.2455294497763869e+59 52
1757541643574 6.043907481042684e+60 53
1757541643643 2.2149553333570723e+62 54
1757541643704 1.3790119313394608e+63 55
1757541643772 8.372899976576544e+64 56
1757541643839 2.7373184370145792e+66 57
1757541643898 1.0001215058284627e+69 58
1757541643968 1.0257403093210753e+67 59
1757541644033 7.316600415238981e+67 60
1757541644103 2.070589199572028e+71 61
1757541644175 6.224742136587833e+69 62
1757541644246 2.008824279188472e+71 63
1757541644317 2.329264546744527e+72 64
1757541644381 1.095045156391646e+73 65
1757541644448 7.274286116261929e+74 66
1757541644512 1.9410353596985916e+76 67
1757541644580 2.40678105127726e+74 68
1757541644644 4.9628169214111756e+73 69
1757541644713 1.1175501644596862e+75 70
1757541644778 5.013897614269792e+76 71
1757541644842 9.692166466581038e+77 72
1757541644905 2.6618263054346245e+79 73
1757541644971 6.240964834743235e+81 74
1757541645033 7.486518117650641e+82 75
1757541645101 2.1364862507002258e+84 76
1757541645165 1.4228361881275028e+86 77
1757541645234 1.8239169002206455e+86 78
1757541645297 2.3748516331385023e+88 79
1757541645365 2.016279905195021e+89 80
1757541645429 1.9340578824198936e+89 81
1757541645497 1.4159175201926617e+90 82
1757541645561 3.1720742697828215e+92 83
1757541645633 7.098325600489352e+92 84
1757541645698 1.762992786817526e+95 85
1757541645767 4.003290251311636e+97 86
1757541645832 7.883276957504464e+98 87
1757541645902 4.099595039732791e+99 88
1757541645967 9.479791081107967e+101 89
1757541646034 8.345107668155749e+102 90
1757541646100 1.3128869748360044e+102 91
1757541646163 2.582198844838602e+102 92
1757541646227 1.1572592367076711e+104 93
1757541646294 1.446071185160311e+105 94
1757541646365 7.800032621274757e+106 95
1757541646432 9.619515542471729e+107 96
1757541646500 2.8831553365482115e+110 97
1757541646567 3.4262293503178674e+111 98
1757541646632 4.8357804444468566e+110 99
1757541646694 7.391640220167748e+110 100
1757541646765 2.7499691305191545e+114 101
1757541646834 1.3523208884851137e+114 102
1757541646899 1.7423833046723125e+115 103
1757541646969 4.965804871775381e+118 104
1757541647037 4.475333392442378e+116 105
1757541647102 1.0650265481449199e+119 106
1757541647168 4.834994784700721e+118 107
1757541647233 1.5668471589776216e+120 108
1757541647301 1.5637098759903368e+122 109
1757541647364 4.923231814612508e+123 110
1757541647432 1.8977238544213434e+126 111
1757541647494 8.261996551345944e+125 112
1757541647555 7.693317527828687e+127 113
1757541647627 7.227527606495405e+129 114
1757541647690 3.4777917689598745e+129 115
1757541647755 1.6655675410769985e+132 116
1757541647821 2.997654654735814e+131 117
1757541647890 4.209830830564733e+132 118
1757541647960 1.8629846448856969e+136 119
1757541648033 7.606161382395629e+134 120
1757541648100 1.5101260787489715e+136 121
1757541648172 9.619988649064874e+136 122
1757541648239 8.162998902643034e+137 123
1757541648305 2.1778787511818166e+139 124
1757541648372 3.653850023114235e+139 125
1757541648436 1.2792187848064516e+141 126
1757541648536 6.374010379072295e+142 127
1757541648598 1.3180468583016398e+143 128
1757541648666 1.5816255447390453e+144 129
1757541648733 3.247252960340664e+146 130
1757541648803 5.846962638396624e+146 131
1757541648869 3.37449825746918e+149 132
1757541648932 4.153320040729391e+152 133
1757541648996 6.113648828947743e+151 134
1757541649065 4.892162077099244e+153 135
1757541649131 7.713421271475218e+154 136
1757541649192 7.271124219320416e+154 137
1757541649258 5.7587740157822284e+156 138
1757541649327 2.0924067339979903e+158 139
1757541649394 4.74109000604585e+158 140
1757541649461 1.0400237642484114e+160 141
1757541649533 3.1502685586593053e+161 142
1757541649616 1.1028652308846623e+161 143
1757541649689 1.0174348809350892e+163 144
1757541649762 5.858958067193179e+164 145
1757541649839 1.833484335181306e+166 146
1757541649901 4.687509694284118e+165 147
1757541649967 1.39770479172372e+165 148
1757541650034 3.533147422277149e+164 149
1757541650103 2.7851771918205903e+165 150
1757541650168 2.4228174435805618e+166 151
1757541650232 2.1896415821376142e+167 152
1757541650300 2.101115872744638e+168 153
1757541650370 2.113676949674087e+169 154
1757541650439 6.223164731650097e+169 155
1757541650504 3.390118058392178e+171 156
1757541650572 3.688102357343421e+173 157
1757541650636 1.2564074096941994e+175 158
1757541650704 3.311725284076057e+175 159
1757541650773 5.726824918730912e+176 160
1757541650840 7.480172892402623e+177 161
1757541650907 1.6305311521743734e+180 162
1757541650977 1.023764191257778e+181 163
1757541651040 7.113015981577241e+182 164
1757541651119 4.1001600239408864e+183 165
1757541651183 7.084056228664524e+185 166
1757541651249 3.0274637239148203e+186 167
1757541651316 7.086610212037086e+187 168
1757541651389 2.61673332854542e+189 169
1757541651454 1.2727203438453796e+191 170
1757541651524 2.243077862249605e+191 171
1757541651592 7.146355703108532e+191 172
1757541651661 1.0313731069157075e+192 173
1757541651729 8.557622832038134e+192 174
1757541651803 5.91214553062114e+194 175
1757541651869 1.9961239081500855e+196 176
1757541651942 4.469266750260025e+197 177
1757541652008 1.158211364645985e+199 178
1757541652073 5.054599566337437e+198 179
1757541652143 6.308771191610432e+199 180
1757541652225 1.1675703354706752e+199 181
1757541652297 4.426062670839794e+200 182
1757541652365 1.015990016900953e+200 183
1757541652438 1.6361928649099204e+201 184
1757541652512 2.2096500330243786e+202 185
1757541652576 7.863642195021916e+204 186
1757541652646 3.878336176478039e+205 187
1757541652717 2.1312648067609164e+206 188
1757541652784 5.1258186864149435e+207 189
1757541652865 3.094794919671281e+207 190
1757541652934 2.2214097835235422e+210 191
1757541652999 5.756711439624337e+211 192
1757541653072 2.9002595101798326e+214 193
1757541653140 5.648700726672645e+214 194
1757541653204 9.348321791163134e+212 195
1757541653275 9.868206530318101e+213 196
1757541653343 6.820151644017588e+214 197
1757541653412 8.759664516785341e+215 198
1757541653476 2.54253278133252e+216 199
1757541653546 8.338957385401618e+217 200
1757541653614 1.4967347405253748e+219 201
1757541653685 1.3808200266289997e+222 202
1757541653749 1.290036424514811e+222 203
1757541653817 2.598990191055423e+223 204
1757541653885 3.205968783049466e+225 205
1757541653951 2.0263245543293792e+224 206
1757541654015 5.756892785791446e+224 207
1757541654087 4.76865215831695e+226 208
1757541654160 4.533690575135822e+227 209
1757541654226 1.558134558017268e+230 210
1757541654310 8.392402717672954e+230 211
1757541654378 6.143629405288899e+232 212
1757541654452 1.0273216423564692e+233 213
1757541654519 1.075836152759003e+233 214
1757541654584 8.113008629586561e+233 215
1757541654654 3.009742665262199e+235 216
1757541654723 1.298306706277235e+236 217
1757541654791 9.945281195864287e+236 218
1757541654857 9.543496118121815e+237 219
1757541654926 3.103655796371273e+239 220
1757541654994 5.0946816303051846e+240 221
1757541655067 1.1044394239618822e+243 222
1757541655134 2.234304379509511e+244 223
1757541655204 1.5949817751538545e+245 224
1757541655271 1.7026491763288918e+246 225
1757541655338 5.389719077374341e+247 226
1757541655408 2.410170964018289e+248 227
1757541655482 9.28616673590304e+248 228
1757541655550 1.1671472739500974e+251 229
1757541655620 1.7872596211772867e+252 230
1757541655699 9.92202821609851e+253 231
1757541655771 2.308204613925566e+255 232
1757541655839 1.6144267367449856e+256 233
1757541655915 5.139309609105152e+257 234
1757541655984 1.3606910943931211e+259 235
1757541656054 3.233552152847563e+259 236
1757541656118 6.852774964163514e+259 237
1757541656189 3.1678977712914913e+261 238
1757541656257 1.2847101289250367e+260 239
1757541656329 4.189380704133512e+261 240
1757541656399 1.8187404862732676e+263 241
1757541656463 4.837682265057139e+264 242
1757541656529 8.838432235594397e+264 243
1757541656600 7.2108379723469895e+267 244
1757541656671 1.2832532386484662e+269 245
1757541656736 3.557585444907433e+270 246
1757541656811 1.4606582260138989e+271 247
1757541656880 5.433556179962255e+272 248
1757541656949 5.800931693656783e+273 249
1757541657022 2.5376530166137046e+274 250
1757541657092 1.0512932609968967e+274 251
1757541657159 1.4698329423146567e+274 252
1757541657232 5.032316829714416e+275 253
1757541657302 2.4928617644132554e+277 254
1757541657366 1.2205427108737068e+278 255
1757541657433 2.2983198942801892e+280 256
1757541657499 7.231587500719158e+281 257
1757541657568 8.65729935667336e+282 258
1757541657636 3.636741956803404e+283 259
1757541657707 3.63467257490502e+284 260
1757541657772 3.5915837054411813e+286 261
1757541657843 4.374648926200046e+286 262
1757541657913 1.989915158739842e+285 263
1757541657992 1.6376276090396472e+285 264
1757541658069 1.900001464829576e+286 265
1757541658146 3.812577428363787e+286 266
1757541658214 5.898449680082207e+287 267
1757541658291 1.1498688287034229e+289 268
1757541658367 4.571963015281226e+288 269
1757541658442 2.1541773402820844e+291 270
1757541658526 4.371184053647992e+292 271
1757541658601 9.806722639457881e+292 272
1757541658676 1.6612233518128463e+294 273
1757541658749 6.901150352222205e+295 274
1757541658825 1.2619625226121865e+297 275
1757541658897 1.7896013759406837e+297 276
1757541658969 1.1156414096799138e+296 277
1757541659048 5.421821575508823e+297 278
1757541659136 4.0946891012844963e+298 279
1757541659212 1.115893529216927e+301 280
1757541659295 1.7153430321561235e+301 281
1757541659376 2.8253610223305323e+302 282
1757541659453 4.4082824742386286e+303 283
1757541659528 2.255196612921227e+304 284
