1757591772336 1064042333529.7424 0
1757591772395 868230923326.9789 1
1757591772455 728147830481.3932 2
1757591772515 624757839180.2906 3
1757591772576 546575955549.5869 4
1757591772635 486363498504.90436 5
1757591772695 439352320506.40924 6
1757591772755 402269675154.6064 7
1757591772817 372787665084.4537 8
1757591772878 349201606842.44366 9
1757591772938 330234583581.91113 10
1757591773001 314913554104.06433 11
1757591773061 302487471074.09515 12
1757591773121 292371036252.5747 13
1757591773182 284104771818.12494 14
1757591773247 277325904048.84863 15
1757591773307 271746682939.06754 16
1757591773370 267137979913.1201 17
1757591773444 263316729080.60532 18
1757591773509 260136223774.82413 19
1757591773572 257478566725.1186 20
1757591773665 255248763437.0279 21
1757591773726 253370080360.01523 22
1757591773785 251780383199.4304 23
1757591773846 250429238900.13367 24
1757591773906 249275615281.42325 25
1757591773966 248286050157.06134 26
1757591774027 247433190474.4339 27
1757591774087 246694623942.67786 28
1757591774148 246051942491.74985 29
1757591774208 245489989948.3961 30
1757591774269 244996256442.63702 31
1757591774329 244560389950.81192 32
1757591774389 244173801551.99216 33
1757591774450 243829345813.67886 34
1757591774511 243521061528.05847 35
1757591774572 243243961020.3519 36
1757591774632 242993858622.14417 37
1757591774691 242767230781.28543 38
1757591774761 242561101771.72592 39
1757591774826 242372950153.74567 40
1757591774886 242200632081.6633 41
1757591774946 242042318312.4757 42
1757591775011 241896442374.40085 43
1757591775072 241761657839.94055 44
1757591775132 241636803038.28302 45
1757591775193 241520871855.91107 46
1757591775257 241412989527.45462 47
1757591775319 241312392523.2511 48
1757591775381 241218411805.38828 49
1757591775444 241130458857.88882 50
1757591775504 241048014005.28064 51
1757591775564 240970616621.98923 52
1757591775625 240897856906.71204 53
1757591775688 240829368954.34683 54
1757591775750 240764824905.67596 55
1757591775813 240703929993.90005 56
1757591775874 240646418338.90802 57
1757591775935 240592049366.19794 58
1757591775997 240540604748.69434 59
1757591776059 240491885787.21384 60
1757591776119 240445711159.71637 61
1757591776179 240401914981.31332 62
1757591776241 240360345126.7546 63
1757591776302 240320861775.16037 64
1757591776365 240283336143.4049 65
1757591776426 240247649380.05746 66
1757591776488 240213691596.3347 67
1757591776549 240181361014.2961 68
1757591776611 240150563215.6496 69
1757591776672 240121210477.1439 70
1757591776733 240093221180.69894 71
1757591776794 240066519288.239 72
1757591776855 240041033872.71228 73
1757591776918 240016698698.04813 74
1757591776978 239993451841.87186 75
1757591777040 239971235355.69107 76
1757591777101 239949995006.16605 77
1757591777162 239929679865.32632 78
1757591777223 239910242173.0194 79
1757591777283 239891637078.23212 80
1757591777343 239873822429.57153 81
1757591777408 239856758583.9498 82
1757591777475 239840408231.53302 83
1757591777538 239824736235.2626 84
1757591777604 239809709483.47116 85
1757591777668 239795296754.2954 86
1757591777732 239781468590.7454 87
1757591777795 239768197185.42297 88
1757591777858 239755456273.9962 89
1757591777937 239743221036.63834 90
1757591778000 239731468006.7263 91
1757591778062 239720174986.1658 92
1757591778124 239709320966.7822 93
1757591778186 239698886057.2675 94
1757591778248 239688851415.2279 95
1757591778310 239679199183.922 96
1757591778373 239669912433.3148 97
1757591778435 239660975105.11255 98
1757591778498 239652371961.4707 99
1757591778561 239644088542.05234 100
1757591778624 239636111109.87967 101
1757591778685 239628426612.91058 102
1757591778748 239621022645.74207 103
1757591778811 239613887413.06247 104
1757591778875 239607009695.38855 105
1757591778939 239600378816.93826 106
1757591779005 239593984615.49478 107
1757591779080 239587817414.12994 108
1757591779148 239581867994.66177 109
1757591779222 239576127572.73154 110
1757591779290 239570587774.3923 111
1757591779352 239565240614.1087 112
1757591779413 239560078474.07587 113
1757591779474 239555094084.77014 114
1757591779538 239550280506.65195 115
1757591779602 239545631112.94647 116
1757591779674 239541139573.43155 117
1757591779749 239536799839.1697 118
1757591779817 239532606128.12314 119
1757591779883 239528552911.59604 120
1757591779956 239524634901.45227 121
1757591780038 239520847038.05994 122
1757591780107 239517184478.91666 123
1757591780170 239513642587.91486 124
1757591780232 239510216925.20593 125
1757591780295 239506903237.62805 126
1757591780359 239503697449.662 127
1757591780431 239500595654.88394 128
1757591780507 239497594107.88397 129
1757591780579 239494689216.62402 130
1757591780642 239491877535.20703 131
1757591780704 239489155757.0342 132
1757591780769 239486520708.32715 133
1757591780844 239483969341.99265 134
1757591780921 239481498731.81085 135
1757591780991 239479106066.92752 136
1757591781057 239476788646.63266 137
1757591781120 239474543875.40952 138
1757591781201 239472369258.2374 139
1757591781271 239470262396.13455 140
1757591781336 239468220981.92755 141
1757591781403 239466242796.23373 142
1757591781466 239464325703.64468 143
1757591781527 239462467649.1005 144
1757591781589 239460666654.44263 145
1757591781653 239458920815.13693 146
1757591781718 239457228297.15643 147
1757591781786 239455587334.01505 148
1757591781851 239453996223.94528 149
1757591781913 239452453327.2102 150
1757591781977 239450957063.5439 151
1757591782046 239449505909.71295 152
1757591782123 239448098397.19202 153
1757591782203 239446733109.94873 154
1757591782278 239445408682.33066 155
1757591782341 239444123797.04953 156
1757591782404 239442877183.25848 157
1757591782466 239441667614.7159 158
1757591782529 239440493908.0327 159
1757591782593 239439354920.99814 160
1757591782654 239438249550.98004 161
1757591782718 239437176733.39645 162
1757591782786 239436135440.25372 163
1757591782854 239435124678.74954 164
1757591782931 239434143489.93558 165
1757591783006 239433190947.4386 166
1757591783084 239432266156.23636 167
1757591783159 239431368251.4851 168
1757591783225 239430496397.39737 169
1757591783289 239429649786.1668 170
1757591783352 239428827636.93765 171
1757591783415 239428029194.81747 172
1757591783478 239427253729.9303 173
1757591783546 239426500536.509 174
1757591783622 239425768932.02435 175
1757591783687 239425058256.34952 176
1757591783750 239424367870.95834 177
1757591783812 239423697158.15576 178
1757591783875 239423045520.33844 179
1757591783939 239422412379.28546 180
1757591784003 239421797175.47623 181
1757591784066 239421199367.43536 182
1757591784129 239420618431.10336 183
1757591784193 239420053859.2312 184
1757591784270 239419505160.7983 185
1757591784333 239418971860.45337 186
1757591784395 239418453497.97543 187
