1757571823126 138695612003.41898 0
1757571823861 3.835032720214933e+17 1
1757571824591 4.483479400474274e+25 2
1757571825314 8.36645083658038e+28 3
1757571826021 3.92837919485317e+29 4
1757571826715 5.1806245322709985e+33 5
1757571827350 5.196147374508062e+37 6
1757571828021 3.6347722777520786e+41 7
1757571828692 3.0183775136342354e+48 8
1757571829387 2.157090581492965e+52 9
1757571830105 2.5138561884586837e+58 10
1757571830757 1.5752381131437956e+61 11
1757571831455 1.6816584371347738e+66 12
1757571832166 9.753521268997355e+69 13
1757571832852 3.59825265066027e+70 14
1757571833574 8.238746691930541e+78 15
1757571834303 1.4733650331036135e+82 16
1757571834970 2.098561469917437e+89 17
1757571835713 3.454256724990346e+95 18
1757571836372 2.0139513364365953e+102 19
1757571837083 2.874724434679928e+105 20
1757571837769 1.5009081576491456e+114 21
1757571838471 9.910082209337091e+120 22
1757571839184 8.803549112831092e+127 23
1757571839931 2.415030120827721e+125 24
1757571840627 3.8589329284807724e+132 25
1757571841325 4.809663438400758e+138 26
1757571842004 1.7205701403384115e+143 27
1757571842658 3.7287724616036465e+147 28
1757571843363 1.9746550971110552e+150 29
1757571844106 3.617840236874462e+156 30
1757571844814 1.2906995116349934e+163 31
1757571845531 6.091980960754979e+167 32
1757571846181 9.959113657002887e+171 33
1757571846748 8.999326490739515e+176 34
1757571847354 7.594889994035885e+182 35
1757571848007 6.816783237338852e+188 36
1757571848692 1.0342335212527158e+195 37
1757571849376 7.572365584142197e+197 38
1757571850063 1.4928648968636389e+200 39
1757571850599 1.4168682511458493e+210 40
1757571851224 1.360748240245221e+215 41
1757571851823 1.8167779173106285e+218 42
1757571852535 1.4114515314214858e+227 43
1757571853091 1.1878784045052525e+227 44
1757571853703 5.696404266243826e+235 45
1757571854360 1.148617319666578e+241 46
1757571855046 6.153171492629949e+242 47
1757571855746 5.7221800440327105e+250 48
1757571856381 1.5323992979018134e+259 49
1757571857049 1.0177352072668744e+263 50
1757571857773 3.738654120827584e+268 51
1757571858441 2.683852735828428e+273 52
1757571859117 1.9233056899155092e+280 53
1757571859765 1.0034053402320883e+282 54
1757571860343 3.884098605846715e+287 55
1757571860941 6.521522104070766e+291 56
1757571861584 1.0035065455030408e+296 57
1757571862161 9.825036054820452e+302 58
1757571862818 4.861533696216048e+307 59
1757571863504 inf 60
