1757571242008 1064043530030.753 0
1757571242077 1061917087534.6863 1
1757571242153 1058737248016.191 2
1757571242214 1055043372067.8854 3
1757571242273 1051105781312.2872 4
1757571242337 1047059720906.5045 5
1757571242394 1042972756110.3987 6
1757571242457 1038878576264.7694 7
1757571242529 1034793923925.6538 8
1757571242588 1030727066522.9867 9
1757571242651 1026682034098.728 10
1757571242707 1022660738714.148 11
1757571242771 1018664034314.0073 12
1757571242839 1014692246707.8666 13
1757571242899 1010745438573.8383 14
1757571242965 1006823541960.4567 15
1757571243025 1002926424532.3319 16
1757571243087 999053922685.4165 17
1757571243153 995205858096.0684 18
1757571243221 991382045986.5754 19
1757571243280 987582299248.7479 20
1757571243346 983806430496.5173 21
1757571243404 980054253083.0731 22
1757571243471 976325581600.3372 23
1757571243535 972620232119.6884 24
1757571243592 968938022303.4073 25
1757571243655 965278771451.5698 26
1757571243719 961642300516.762 27
1757571243781 958028432102.8003 28
1757571243844 954436990455.5477 29
1757571243922 950867801449.8713 30
1757571243984 947320692574.7639 31
1757571244050 943795492917.6361 32
1757571244114 940292033148.2877 33
1757571244173 936810145502.8058 34
1757571244233 933349663767.5139 35
1757571244293 929910423263.0359 36
1757571244356 926492260828.5037 37
1757571244415 923095014805.9199 38
1757571244481 919718525024.6847 39
1757571244547 916362632786.2872 40
1757571244606 913027180849.1628 41
1757571244662 909712013413.7125 42
1757571244721 906416976107.4878 43
1757571244784 903141915970.5354 44
1757571244848 899886681440.9004 45
1757571244907 896651122340.2898 46
1757571244968 893435089859.8898 47
1757571245030 890238436546.3386 48
1757571245092 887061016287.8519 49
1757571245151 883902684300.4988 50
1757571245213 880763297114.6266 51
1757571245278 877642712561.4346 52
1757571245344 874540789759.6919 53
1757571245401 871457389102.6014 54
1757571245460 868392372244.8052 55
1757571245520 865345602089.5306 56
1757571245586 862316942775.8777 57
1757571245650 859306259666.2426 58
1757571245713 856313419333.8783 59
1757571245771 853338289550.5902 60
1757571245830 850380739274.5648 61
1757571245891 847440638638.3308 62
1757571245952 844517858936.8489 63
1757571246016 841612272615.733 64
1757571246081 838723753259.598 65
1757571246142 835852175580.5311 66
1757571246202 832997415406.6927 67
1757571246269 830159349671.0361 68
1757571246329 827337856400.1519 69
1757571246389 824532814703.2305 70
1757571246446 821744104761.1469 71
1757571246509 818971607815.6602 72
1757571246576 816215206158.7317 73
1757571246634 813474783121.9581 74
1757571246700 810750223066.117 75
1757571246769 808041411370.8268 76
1757571246830 805348234424.318 77
1757571246906 802670579613.3132 78
1757571246970 800008335313.0182 79
1757571247033 797361390877.2181 80
1757571247099 794729636628.4828 81
1757571247161 792112963848.4766 82
1757571247226 789511264768.3705 83
1757571247285 786924432559.3615 84
1757571247346 784352361323.2883 85
1757571247407 781794946083.3531 86
1757571247472 779252082774.9396 87
1757571247533 776723668236.53 88
1757571247598 774209600200.7218 89
1757571247662 771709777285.3369 90
1757571247742 769224098984.6298 91
1757571247820 766752465660.5873 92
1757571247895 764294778534.3235 93
1757571247968 761850939677.5652 94
1757571248044 759420852004.2284 95
1757571248104 757004419262.087 96
1757571248169 754601546024.5277 97
1757571248234 752212137682.3961 98
1757571248298 749836100435.9265 99
1757571248365 747473341286.7605 100
1757571248424 745123768030.0498 101
1757571248483 742787289246.6432 102
1757571248544 740463814295.3574 103
1757571248615 738153253305.3297 104
1757571248674 735855517168.4517 105
1757571248733 733570517531.8853 106
1757571248798 731298166790.6562 107
1757571248865 729038378080.3289 108
1757571248935 726791065275.4752 109
1757571248999 724556142968.4216 110
1757571249064 722333526471.8345 111
1757571249125 720123131811.0409 112
1757571249188 717924875716.7537 113
1757571249250 715738675618.0348 114
1757571249312 713564449635.4152 115
1757571249374 711402116574.1252 116
1757571249436 709251595917.4199 117
1757571249493 707112807819.983 118
1757571249553 704985673101.4069 119
1757571249620 702870113239.7428 120
1757571249682 700766050365.1223 121
1757571249746 698673407253.4459 122
1757571249808 696592107320.138 123
1757571249870 694522074613.9689 124
1757571249930 692463233810.942 125
1757571249994 690415510208.2458 126
1757571250072 688378829718.2683 127
1757571250136 686353118862.6765 128
1757571250195 684338304766.5558 129
1757571250261 682334315152.6152 130
1757571250320 680341078335.4486 131
1757571250388 678358523215.8597 132
1757571250454 676386579275.2458 133
1757571250520 674425176570.0403 134
1757571250585 672474245726.2135 135
1757571250648 670533717933.8324 136
1757571250707 668603524941.6754 137
1757571250772 666683599051.9059 138
1757571250839 664773873114.7999 139
1757571250901 662874280523.5294 140
1757571250961 660984755209.001 141
1757571251025 659105231634.7474 142
1757571251085 657235644791.8743 143
1757571251149 655375930194.0571 144
1757571251211 653526023872.5931 145
1757571251275 651685862371.5034 146
1757571251334 649855382742.6858 147
1757571251397 648034522541.1202 148
1757571251462 646223219820.1218 149
1757571251525 644421413126.6447 150
1757571251585 642629041496.6351 151
1757571251647 640846044450.4312 152
1757571251710 639072361988.213 153
1757571251773 637307934585.4973 154
1757571251845 635552703188.682 155
1757571251910 633806609210.634 156
1757571251985 632069594526.3241 157
1757571252047 630341601468.5083 158
1757571252117 628622572823.4523 159
1757571252183 626912451826.7008 160
1757571252265 625211182158.891 161
1757571252352 623518707941.6085 162
1757571252420 621834973733.2877 163
1757571252489 620159924525.1525 164
1757571252551 618493505737.2002 165
1757571252618 616835663214.2283 166
1757571252688 615186343221.8977 167
1757571252746 613545492442.8428 168
1757571252810 611913057972.8158 169
1757571252881 610288987316.8749 170
1757571252942 608673228385.61 171
1757571253009 607065729491.4062 172
1757571253075 605466439344.7488 173
1757571253141 603875307050.5629 174
1757571253206 602292282104.5931 175
1757571253276 600717314389.819 176
1757571253338 599150354172.9076 177
1757571253403 597591352100.7026 178
1757571253466 596040259196.7499 179
1757571253529 594497026857.8569 180
1757571253594 592961606850.6896 181
1757571253663 591433951308.402 182
1757571253726 589914012727.3024 183
1757571253789 588401743963.5509 184
1757571253849 586897098229.8934 185
1757571253918 585400029092.4277 186
1757571253982 583910490467.4014 187
1757571254041 582428436618.0442 188
1757571254103 580953822151.4324 189
1757571254168 579486602015.3833 190
1757571254231 578026731495.384 191
1757571254298 576574166211.5491 192
1757571254360 575128862115.61 193
1757571254424 573690775487.9354 194
1757571254483 572259862934.5814 195
1757571254551 570836081384.3711 196
1757571254610 569419388086.0048 197
1757571254676 568009740605.1984 198
1757571254743 566607096821.8514 199
1757571254807 565211414927.2437 200
1757571254882 563822653421.2592 201
1757571254948 562440771109.6398 202
1757571255015 561065727101.2649 203
1757571255083 559697480805.4597 204
1757571255148 558335991929.3297 205
1757571255211 556981220475.1229 206
1757571255275 555633126737.6174 207
1757571255337 554291671301.5366 208
1757571255405 552956815038.9886 209
1757571255469 551628519106.934 210
1757571255533 550306744944.6752 211
1757571255598 548991454271.3747 212
1757571255661 547682609083.59595 213
1757571255728 546380171652.86975 214
1757571255786 545084104523.28375 215
1757571255851 543794370509.0979 216
1757571255923 542510932692.3823 217
1757571255988 541233754420.6789 218
1757571256055 539962799304.68665 219
1757571256124 538698031215.9697 220
1757571256185 537439414284.6884 221
1757571256250 536186912897.35266 222
1757571256311 534940491694.5979 223
1757571256377 533700115568.98236 224
1757571256440 532465749662.80817 225
1757571256513 531237359365.96124 226
1757571256574 530014910313.7744 227
1757571256647 528798368384.9116 228
1757571256714 527587699699.2726 229
1757571256783 526382870615.918 230
1757571256847 525183847731.0159 231
1757571256913 523990597875.807 232
1757571256980 522803088114.5921 233
1757571257058 521621285742.73706 234
1757571257122 520445158284.6994 235
1757571257186 519274673492.073 236
1757571257253 518109799341.65216 237
1757571257314 516950504033.51483 238
1757571257386 515796755989.1255 239
1757571257454 514648523849.455 240
1757571257515 513505776473.12 241
1757571257578 512368482934.54047 242
1757571257649 511236612522.1141 243
1757571257721 510110134736.41046 244
1757571257781 508989019288.3811 245
1757571257847 507873236097.58795 246
1757571257915 506762755290.4487 247
1757571257981 505657547198.49927 248
1757571258047 504557582356.6731 249
1757571258112 503462831501.5977 250
1757571258176 502373265569.90674 251
1757571258245 501288855696.5695 252
1757571258312 500209573213.2357 253
1757571258374 499135389646.5971 254
1757571258444 498066276716.7643 255
1757571258513 497002206335.6596 256
1757571258576 495943150605.4254 257
1757571258637 494889081816.84753 258
1757571258712 493839972447.7941 259
1757571258775 492795795161.67 260
1757571258837 491756522805.8844 261
1757571258903 490722128410.33563 262
1757571258965 489692585185.9078 263
1757571259030 488667866522.9844 264
1757571259094 487647945989.974 265
1757571259158 486632797331.8517 266
1757571259228 485622394468.7138 267
1757571259292 484616711494.3458 268
1757571259358 483615722674.8053 269
1757571259422 482619402447.01764 270
1757571259489 481627725417.3843 271
1757571259556 480640666360.4063 272
1757571259621 479658200217.3193 273
1757571259691 478680302094.7415 274
1757571259751 477706947263.33594 275
1757571259814 476738111156.4836 276
1757571259886 475773769368.9704 277
1757571259953 474813897655.68604 278
1757571260019 473858471930.3356 279
1757571260080 472907468264.16235 280
1757571260149 471960862884.6841 281
1757571260214 471018632174.4396 282
1757571260276 470080752669.74896 283
1757571260343 469147201059.4838 284
1757571260412 468217954183.85 285
1757571260474 467292989033.1813 286
1757571260542 466372282746.74506 287
1757571260603 465455812611.5584 288
1757571260667 464543556061.2157 289
1757571260736 463635490674.7269 290
1757571260797 462731594175.3674 291
1757571260866 461831844429.53766 292
1757571260934 460936219445.6341 293
1757571260999 460044697372.93024 294
1757571261065 459157256500.46857 295
1757571261135 458273875255.96234 296
1757571261198 457394532204.70764 297
1757571261262 456519206048.50586 298
1757571261330 455647875624.5958 299
1757571261397 454780519904.5961 300
1757571261468 453917117993.4565 301
1757571261532 453057649128.42004 302
1757571261596 452202092677.99414 303
1757571261663 451350428140.93085 304
1757571261732 450502635145.21796 305
1757571261794 449658693447.07666 306
1757571261859 448818582929.9721 307
1757571261924 447982283603.6293 308
1757571261990 447149775603.0607 309
1757571262056 446321039187.602 310
1757571262123 445496054739.95557 311
1757571262197 444674802765.24457 312
1757571262269 443857263890.0743 313
1757571262338 443043418861.60236 314
1757571262405 442233248546.6183 315
1757571262474 441426733930.6296 316
1757571262554 440623856116.95807 317
1757571262623 439824596325.84357 318
1757571262686 439028935893.55524 319
1757571262757 438236856271.512 320
1757571262817 437448339025.41016 321
1757571262890 436663365834.3592 322
1757571262949 435881918490.0251 323
1757571263016 435103978895.7823 324
1757571263086 434329529065.8719 325
1757571263157 433558551124.5681 326
1757571263225 432791027305.35345 327
1757571263291 432026939950.0983 328
1757571263358 431266271508.25134 329
1757571263423 430509004536.03455 330
1757571263492 429755121695.64667 331
1757571263554 429004605754.474 332
1757571263635 428257439584.3068 333
1757571263700 427513606160.56476 334
1757571263772 426773088561.5276 335
1757571263836 426035869967.5731 336
1757571263905 425301933660.42285 337
1757571263972 424571263022.3927 338
1757571264037 423843841535.6517 339
1757571264108 423119652781.4867 340
1757571264175 422398680439.5737 341
1757571264248 421680908287.2556 342
1757571264314 420966320198.8261 343
1757571264382 420254900144.8203 344
1757571264448 419546632191.3116 345
1757571264515 418841500499.2138 346
1757571264581 418139489323.591 347
1757571264646 417440583012.972 348
1757571264708 416744766008.6715 349
1757571264779 416052022844.1172 350
1757571264848 415362338144.1823 351
1757571264912 414675696624.52484 352
1757571264979 413992083090.9314 353
1757571265044 413311482438.66754 354
1757571265108 412633879651.83386 355
1757571265178 411959259802.7271 356
1757571265244 411287608051.20715 357
1757571265314 410618909644.0694 358
1757571265381 409953149914.42285 359
1757571265450 409290314281.073 360
1757571265514 408630388247.91064 361
1757571265584 407973357403.3055 362
1757571265653 407319207419.5056 363
1757571265719 406667924052.04126 364
1757571265790 406019493139.13416 365
1757571265857 405373900601.11224 366
1757571265922 404731132439.82886 367
1757571265990 404091174738.0873 368
1757571266054 403454013659.0698 369
1757571266119 402819635445.77185 370
1757571266184 402188026420.4415 371
1757571266248 401559172984.0227 372
1757571266317 400933061615.6041 373
1757571266383 400309678871.8718 374
1757571266451 399689011386.5679 375
1757571266531 399071045869.9521 376
1757571266601 398455769108.2692 377
1757571266667 397843167963.2205 378
1757571266731 397233229371.4395 379
1757571266803 396625940343.97235 380
1757571266867 396021287965.7627 381
1757571266936 395419259395.14026 382
1757571267002 394819841863.3149 383
1757571267064 394223022673.87354 384
1757571267136 393628789202.28217 385
1757571267206 393037128895.39215 386
1757571267270 392448029270.9492 387
1757571267344 391861477917.109 388
1757571267413 391277462491.95435 389
1757571267477 390695970723.01764 390
1757571267548 390116990406.80725 391
1757571267618 389540509408.3374 392
1757571267685 388966515660.6621 393
1757571267754 388394997164.4134 394
1757571267823 387825941987.3424 395
1757571267891 387259338263.8653 396
1757571267964 386695174194.61224 397
1757571268034 386133438045.9804 398
1757571268099 385574118149.6904 399
1757571268169 385017202902.3466 400
1757571268234 384462680765.001 401
1757571268303 383910540262.7203 402
1757571268373 383360769984.1572 403
1757571268437 382813358581.1248 404
1757571268499 382268294768.17377 405
1757571268570 381725567322.175 406
1757571268637 381185165081.90283 407
1757571268705 380647076947.6245 408
1757571268775 380111291888.80994 409
1757571268847 379577798923.4526 410
1757571268913 379046587131.83984 411
1757571268979 378517645655.1456 412
1757571269044 377990963694.53 413
1757571269115 377466530510.495 414
1757571269183 376944335422.3691 415
1757571269251 376424367807.8585 416
1757571269322 375906617102.6326 417
1757571269390 375391072799.92804 418
1757571269465 374877724450.1643 419
1757571269532 374366561660.56573 420
1757571269595 373857574094.7887 421
1757571269670 373350751472.55304 422
1757571269740 372846083569.27563 423
1757571269811 372343560215.7093 424
1757571269888 371843171297.5824 425
1757571269958 371344906755.2429 426
1757571270024 370848756583.30475 427
1757571270095 370354710830.2966 428
1757571270166 369862759598.3146 429
1757571270246 369372893042.67645 430
1757571270315 368885101371.57904 431
1757571270386 368399374845.7584 432
1757571270457 367915703778.15295 433
1757571270527 367434078533.5684 434
1757571270595 366954489528.3462 435
1757571270665 366476927230.0335 436
1757571270730 366001382157.0574 437
1757571270806 365527844878.3999 438
1757571270871 365056306013.2761 439
1757571270938 364586756230.8154 440
1757571271011 364119186249.7448 441
1757571271086 363653586838.074 442
1757571271152 363189948812.7836 443
1757571271220 362728263039.51666 444
1757571271289 362268520432.2699 445
1757571271360 361810711953.0904 446
1757571271430 361354828611.7723 447
1757571271495 360900861465.5574 448
1757571271561 360448801618.83704 449
1757571271628 359998640222.856 450
1757571271715 359550368475.4208 451
1757571271810 359103977620.6072 452
1757571271894 358659458948.47186 453
1757571271982 358216803794.76624 454
1757571272064 357776003540.6516 455
1757571272132 357337049612.4172 456
1757571272200 356899933481.1995 457
1757571272272 356464646662.7049 458
1757571272346 356031180716.9333 459
1757571272441 355599527247.9048 460
1757571272524 355169677903.38715 461
1757571272596 354741624374.6271 462
1757571272682 354315358396.08167 463
1757571272766 353890871745.15314 464
1757571272836 353468156241.9249 465
1757571272900 353047203748.90027 466
1757571272971 352628006170.7421 467
1757571273042 352210555454.0153 468
1757571273117 351794843586.931 469
1757571273187 351380862599.09235 470
1757571273260 350968604561.2422 471
1757571273327 350558061585.01337 472
1757571273404 350149225822.6797 473
1757571273470 349742089466.9098 474
1757571273542 349336644750.52216 475
1757571273611 348932883946.24243 476
1757571273678 348530799366.4619 477
1757571273744 348130383362.9981 478
1757571273816 347731628326.8574 479
1757571273889 347334526687.9995 480
1757571273960 346939070915.1021 481
1757571274031 346545253515.32947 482
1757571274103 346153067034.10144 483
1757571274170 345762504054.864 484
1757571274237 345373557198.8623 485
1757571274310 344986219124.9145 486
1757571274383 344600482529.1878 487
1757571274452 344216340144.97614 488
1757571274520 343833784742.4788 489
1757571274600 343452809128.58167 490
1757571274669 343073406146.6391 491
1757571274739 342695568676.2578 492
1757571274807 342319289633.08264 493
1757571274875 341944561968.5828 494
1757571274944 341571378669.841 495
1757571275013 341199732759.34314 496
1757571275083 340829617294.7698 497
1757571275154 340461025368.7889 498
1757571275229 340093950108.8509 499
