1757591394733 1064041608214.269 0
1757591394793 868230762124.1853 1
1757591394854 727725927135.6383 2
1757591394915 623841811709.0729 3
1757591394977 545213757432.65814 4
1757591395038 484634989292.8327 5
1757591395097 437337677154.74054 6
1757591395159 400039645020.2735 7
1757591395221 370401672497.8466 8
1757591395282 346708396724.3249 9
1757591395343 327673520013.3433 10
1757591395406 312315969957.30524 11
1757591395467 299877915647.3888 12
1757591395527 289768389749.3994 13
1757591395587 281523231165.155 14
1757591395651 274775846823.37207 15
1757591395711 269235415279.34592 16
1757591395774 264670374542.65048 17
1757591395840 260895761005.5499 18
1757591395902 257763412883.39682 19
1757591395964 255154337757.73254 20
1757591396038 252972734343.65115 21
1757591396108 251141289933.5438 22
1757591396171 249597468222.2695 23
1757591396233 248290570051.65677 24
1757591396296 247179399894.80353 25
1757591396357 246230408714.93253 26
1757591396418 245416212582.64035 27
1757591396480 244714408473.3276 28
1757591396540 244106625667.1615 29
1757591396605 243577764353.76254 30
1757591396670 243115383302.69815 31
1757591396735 242709206473.02356 32
1757591396798 242350724710.82465 33
1757591396860 242032873612.10425 34
1757591396924 241749772507.90506 35
1757591396987 241496512589.2945 36
1757591397050 241268984609.67822 37
1757591397112 241063738518.94354 38
1757591397174 240877868905.60712 39
1757591397238 240708921333.2928 40
1757591397301 240554815622.05176 41
1757591397362 240413782894.63358 42
1757591397424 240284313823.18408 43
1757591397486 240165116004.73355 44
1757591397548 240055078789.2938 45
1757591397609 239953244202.18845 46
1757591397672 239858782858.05432 47
1757591397734 239770973970.1944 48
1757591397797 239689188725.501 49
1757591397860 239612876429.84476 50
1757591397924 239541552937.9107 51
1757591397985 239474790969.93845 52
1757591398047 239412211989.70364 53
1757591398108 239353479376.5475 54
1757591398170 239298292764.24707 55
1757591398234 239246382891.10757 56
1757591398296 239197507790.3207 57
1757591398358 239151449189.55237 58
1757591398421 239108009538.31152 59
1757591398483 239067009694.82675 60
1757591398546 239028286068.4501 61
1757591398609 238991689462.23 62
1757591398670 238957083229.52237 63
1757591398734 238924341891.24686 64
1757591398807 238893349939.12927 65
1757591398872 238864000796.80316 66
1757591398938 238836195915.20007 67
1757591399002 238809843982.44427 68
1757591399064 238784860231.6085 69
1757591399127 238761165832.31207 70
1757591399191 238738687354.32596 71
1757591399254 238717356293.17432 72
1757591399317 238697108649.25244 73
1757591399379 238677884553.25867 74
1757591399442 238659627931.81528 75
1757591399504 238642286208.0552 76
1757591399567 238625810032.71494 77
1757591399628 238610153041.91397 78
1757591399690 238595271638.34683 79
1757591399753 238581124793.07034 80
1757591399818 238567673865.46155 81
1757591399882 238554882439.25067 82
1757591399945 238542716172.81607 83
1757591400009 238531142662.16925 84
1757591400074 238520131315.2613 85
1757591400138 238509653236.42035 86
1757591400202 238499681119.8775 87
1757591400269 238490189151.4699 88
1757591400337 238481152917.72015 89
1757591400406 238472549321.58737 90
1757591400472 238464356504.26773 91
1757591400539 238456553772.49463 92
1757591400606 238449121530.85037 93
1757591400671 238442041218.65543 94
1757591400739 238435295251.04865 95
1757591400807 238428866963.9126 96
1757591400875 238422740562.33417 97
1757591400940 238416901072.32214 98
1757591401012 238411334295.53174 99
1757591401080 238406026766.76862 100
1757591401148 238400965714.06866 101
1757591401215 238396139021.1675 102
1757591401282 238391535192.19034 103
1757591401353 238387143318.4086 104
1757591401419 238382953046.923 105
1757591401490 238378954551.14355 106
1757591401559 238375138502.94858 107
1757591401628 238371496046.41486 108
1757591401696 238368018773.018 109
1757591401764 238364698698.21167 110
1757591401840 238361528239.2989 111
1757591401920 238358500194.5189 112
1757591401989 238355607723.27383 113
1757591402062 238352844327.4285 114
1757591402135 238350203833.62027 115
1757591402202 238347680376.51913 116
1757591402270 238345268382.9837 117
1757591402338 238342962557.06177 118
1757591402406 238340757865.78717 119
1757591402474 238338649525.72827 120
1757591402542 238336632990.246 121
1757591402609 238334703937.42188 122
1757591402675 238332858258.61954 123
1757591402748 238331092047.64362 124
1757591402817 238329401590.46576 125
1757591402895 238327783355.48404 126
1757591402962 238326233984.28967 127
1757591403031 238324750282.91147 128
1757591403098 238323329213.51422 129
1757591403168 238321967886.52548 130
1757591403238 238320663553.16882 131
1757591403307 238319413598.38098 132
1757591403375 238318215534.09427 133
1757591403445 238317066992.8628 134
1757591403512 238315965721.81647 135
1757591403577 238314909576.92426 136
1757591403644 238313896517.55103 137
1757591403708 238312924601.29245 138
1757591403776 238311991979.07373 139
1757591403841 238311096890.49832 140
1757591403906 238310237659.43314 141
1757591403969 238309412689.81888 142
1757591404033 238308620461.69315 143
1757591404097 238307859527.41583 144
1757591404160 238307128508.08557 145
1757591404227 238306426090.1381 146
1757591404290 238305751022.11734 147
1757591404354 238305102111.60913 148
1757591404418 238304478222.3308 149
1757591404481 238303878271.36703 150
1757591404544 238303301226.54596 151
1757591404607 238302746103.94708 152
1757591404671 238302211965.53525 153
1757591404734 238301697916.9133 154
1757591404797 238301203105.18817 155
1757591404862 238300726716.94388 156
1757591404926 238300267976.31693 157
1757591404990 238299826143.16757 158
1757591405054 238299400511.3433 159
1757591405118 238298990407.02893 160
1757591405182 238298595187.17987 161
1757591405246 238298214238.0328 162
1757591405308 238297846973.69183 163
1757591405373 238297492834.7844 164
1757591405439 238297151287.18442 165
1757591405511 238296821820.7994 166
1757591405577 238296503948.4174 167
1757591405640 238296197204.61145 168
1757591405703 238295901144.699 169
1757591405765 238295615343.75192 170
1757591405828 238295339395.65643 171
1757591405892 238295072912.2193 172
1757591405957 238294815522.31787 173
1757591406020 238294566871.0931 174
1757591406083 238294326619.18103 175
1757591406147 238294094441.98337 176
1757591406212 238293870028.9733 177
1757591406276 238293653083.03543 178
1757591406339 238293443319.83856 179
1757591406403 238293240467.2388 180
1757591406466 238293044264.71204 181
1757591406530 238292854462.81454 182
1757591406594 238292670822.66898 183
1757591406660 238292493115.4767 184
1757591406723 238292321122.05264 185
1757591406786 238292154632.38388 186
1757591406851 238291993445.20868 187
1757591406919 238291837367.61667 188
1757591406984 238291686214.6679 189
1757591407049 238291539809.03067 190
1757591407113 238291397980.63647 191
1757591407178 238291260566.352 192
1757591407246 238291127409.66617 193
1757591407310 238290998360.3935 194
1757591407376 238290873274.38986 195
1757591407444 238290752013.28366 196
1757591407508 238290634444.21854 197
1757591407579 238290520439.60895 198
1757591407646 238290409876.9073 199
1757591407711 238290302638.38184 200
1757591407775 238290198610.90552 201
1757591407839 238290097685.7545 202
1757591407903 238289999758.41605 203
1757591407969 238289904728.40616 204
1757591408033 238289812499.09476 205
1757591408098 238289722977.53986 206
1757591408161 238289636074.32916 207
1757591408224 238289551703.4289 208
1757591408292 238289469782.04022 209
1757591408356 238289390230.46167 210
1757591408419 238289312971.95816 211
1757591408485 238289237932.63647 212
1757591408550 238289165041.32556 213
1757591408615 238289094229.4635 214
1757591408678 238289025430.98853 215
1757591408756 238288958582.2358 216
1757591408821 238288893621.8385 217
1757591408886 238288830490.63342 218
1757591408953 238288769131.57114 219
1757591409018 238288709489.62988 220
1757591409084 238288651511.73346 221
1757591409147 238288595146.67276 222
1757591409211 238288540345.03082 223
1757591409275 238288487059.11148 224
1757591409340 238288435242.8705 225
1757591409404 238288384851.8507 226
1757591409469 238288335843.11905 227
1757591409537 238288288175.20706 228
