1757543032413 1053300496920.496 0
1757543032471 825693207837.4851 1
1757543032535 825215332861.5206 2
1757543032597 4623219237609.867 3
1757543032652 68924390305616.375 4
1757543032705 1117563895645867.8 5
1757543032763 1.819980933093204e+16 6
1757543032821 2.964588131662598e+17 7
1757543032883 4.829118794283912e+18 8
1757543032940 7.866322249367498e+19 9
1757543032999 1.2813731035845377e+21 10
1757543033055 2.087274050043462e+22 11
1757543033112 3.4000346595519685e+23 12
1757543033174 5.538436931106528e+24 13
1757543033242 9.021756162133874e+25 14
1757543033315 1.4695858282855398e+27 15
1757543033370 2.3938604279379766e+28 16
1757543033428 3.899444073388242e+29 17
1757543033486 6.351942621225907e+30 18
1757543033543 1.0346904405859757e+32 19
1757543033611 1.6854439211439128e+33 20
1757543033671 2.7454793239533273e+34 21
1757543033732 4.472208552118072e+35 22
1757543033792 7.284938975551374e+36 23
1757543033852 1.1866695226539237e+38 24
1757543033911 1.9330080330413602e+39 25
1757543033969 3.1487452778309334e+40 26
1757543034023 5.129102753423716e+41 27
1757543034088 8.3549772159726e+42 28
1757543034145 1.360971843132319e+44 29
1757543034203 2.2169352589710922e+45 30
1757543034258 3.611244396620037e+46 31
1757543034314 5.882483955878871e+47 32
1757543034375 9.58218655141694e+48 33
1757543034435 1.5608763201877297e+50 34
1757543034491 2.5425667449174507e+51 35
1757543034551 4.1416770622688335e+52 36
1757543034626 6.746524519921977e+53 37
1757543034682 1.0989652841975778e+55 38
1757543034747 1.7901434913712103e+56 39
1757543034811 2.9160281637454916e+57 40
1757543034865 4.750021600359888e+58 41
1757543034923 7.737478493659267e+59 42
1757543034988 1.2603852882543456e+61 43
1757543035042 2.053086255619058e+62 44
1757543035103 3.344344949352716e+63 45
1757543035162 5.447721989102966e+64 46
1757543035223 8.873987378694304e+65 47
1757543035281 1.4455152475611653e+67 48
1757543035340 2.354651006095139e+68 49
1757543035399 3.835574456830674e+69 50
1757543035455 6.247903139705255e+70 51
1757543035511 1.0177430807951059e+72 52
1757543035571 1.657837766280062e+73 53
1757543035632 2.7005106801190657e+74 54
1757543035688 4.398957534790003e+75 55
1757543035751 7.165617797902055e+76 56
1757543035810 1.167232873232587e+78 57
1757543035873 1.9013469860947523e+79 58
1757543035928 3.097171476604945e+80 59
1757543035995 5.045092361177897e+81 60
1757543036051 8.218129711279852e+82 61
1757543036114 1.3386802681973572e+84 62
1757543036171 2.1806237226959756e+85 63
1757543036229 3.5520952485447606e+86 64
1757543036288 5.786133812730865e+87 65
1757543036349 9.425238389241809e+88 66
1757543036407 1.5353104779322435e+90 67
1757543036477 2.500921638585893e+91 68
1757543036536 4.073839872942736e+92 69
1757543036597 6.636022118534768e+93 70
1757543036656 1.0809651564893887e+95 71
1757543036724 1.7608224455438215e+96 72
1757543036785 2.868266073256503e+97 73
1757543036846 4.672220238794966e+98 74
1757543036902 7.61074509904895e+99 75
1757543036961 1.2397412365483178e+101 76
1757543037023 2.0194584283087043e+102 77
1757543037083 3.2895673899027507e+103 78
1757543037139 5.358492881566481e+104 79
1757543037201 8.728638923748392e+105 80
1757543037258 1.4218389227178096e+107 81
1757543037315 2.3160838016280108e+108 82
1757543037373 3.7727509709117e+109 83
1757543037434 6.145567737449803e+110 84
1757543037497 1.0010733045138444e+112 85
1757543037558 1.630683777030703e+113 86
1757543037615 2.6562785848759384e+114 87
1757543037672 4.326906307560384e+115 88
1757543037732 7.048251000856626e+116 89
1757543037788 1.1481145797928295e+118 90
1757543037852 1.870204520486939e+119 91
1757543037911 3.0464424108967526e+120 92
1757543037968 4.962457988548766e+121 93
1757543038028 8.083523653697621e+122 94
1757543038090 1.3167538105244092e+124 95
1757543038146 2.1449069388662478e+125 96
1757543038199 3.493914913801808e+126 97
1757543038263 5.691361803948134e+127 98
1757543038322 9.270860906052742e+128 99
1757543038383 1.510163382685559e+130 100
1757543038441 2.459958644094577e+131 101
1757543038502 4.007113799762701e+132 102
1757543038564 6.527329653608336e+133 103
1757543038630 1.0632598557444956e+135 104
1757543038691 1.7319816538036355e+136 105
1757543038748 2.821286285667138e+137 106
1757543038814 4.5956931981428066e+138 107
1757543038875 7.486087490926775e+139 108
1757543038932 1.2194353170585362e+141 109
1757543038992 1.986381396546521e+142 110
1757543039052 3.2356870408376865e+143 111
1757543039109 5.270725271817017e+144 112
1757543039169 8.585671154333429e+145 113
1757543039243 1.3985503961761448e+147 114
1757543039299 2.2781482955554772e+148 115
1757543039363 3.7109564808908437e+149 116
1757543039424 6.044908503073528e+150 117
1757543039484 9.846765651576343e+151 118
1757543039544 1.6039745473031632e+153 119
1757543039604 2.6127709741772064e+154 120
1757543039669 4.256035218875974e+155 121
1757543039730 6.932806573303636e+156 122
1757543039794 1.1293094279312757e+158 123
1757543039851 1.8395721422914942e+159 124
1757543039911 2.996544244648653e+160 125
1757543039978 4.881177097491661e+161 126
1757543040048 7.951122330206361e+162 127
1757543040106 1.2951864897996366e+164 128
1757543040169 2.10977516593681e+165 129
1757543040225 3.436687524043203e+166 130
1757543040286 5.59814208101637e+167 131
1757543040347 9.119011996288873e+168 132
1757543040407 1.4854281757236697e+170 133
1757543040468 2.4196665890249037e+171 134
1757543040526 3.9414806435801464e+172 135
1757543040588 6.420417479904739e+173 136
1757543040653 1.0458445529450449e+175 137
1757543040727 1.703613249992352e+176 138
1757543040790 2.775075987513419e+177 139
1757543040855 4.520419606097894e+178 140
1757543040926 7.363471669654763e+179 141
1757543040984 1.1994619914634963e+181 142
1757543041049 1.953846138764367e+182 143
1757543041109 3.1826892066055237e+183 144
1757543041167 5.184395221749297e+184 145
1757543041230 8.445045076821502e+185 146
1757543041291 1.3756433161259439e+187 147
1757543041357 2.24083414118878e+188 148
1757543041418 3.6501741326801517e+189 149
1757543041474 5.945897982355321e+190 150
1757543041532 9.685483906111208e+191 151
1757543041595 1.5777027923102611e+193 152
1757543041654 2.5699759815748916e+194 153
1757543041715 4.186324939059225e+195 154
1757543041773 6.819253028446449e+196 155
1757543041831 1.1108122886520654e+198 156
1757543041893 1.8094414967053185e+199 157
1757543041954 2.9474633684257914e+200 158
1757543042014 4.8012275191159487e+201 159
1757543042076 7.820889629114536e+202 160
1757543042135 1.2739724236616464e+204 161
1757543042208 2.0752188219207484e+205 162
1757543042266 3.380397470830907e+206 163
1757543042328 5.506449218797796e+207 164
1757543042389 8.969650244042409e+208 165
1757543042452 1.4610981106626025e+210 166
1757543042510 2.380034483952986e+211 167
1757543042571 3.8769225033331225e+212 168
1757543042631 6.315256437749861e+213 169
1757543042691 1.0287144981683998e+215 170
1757543042752 1.6757094967926943e+216 171
1757543042818 2.7296225752050704e+217 172
1757543042878 4.4463789322254605e+218 173
1757543042941 7.242864192480218e+219 174
1757543043011 1.1798158121547163e+221 175
1757543043074 1.9218437811597728e+222 176
1757543043134 3.1305594323549826e+223 177
1757543043202 5.099479185343836e+224 178
1757543043278 8.306722336267163e+225 179
1757543043342 1.3531114347942438e+227 180
1757543043404 2.2041311613091762e+228 181
1757543043465 3.5903873482473954e+229 182
1757543043528 5.8485091707510936e+230 183
1757543043591 9.52684382008432e+231 184
1757543043650 1.5518613465835235e+233 185
1757543043710 2.52788193498349e+234 186
1757543043769 4.117756455036452e+235 187
1757543043831 6.707559395215637e+236 188
1757543043901 1.0926181169679536e+238 189
1757543043961 1.779804365769938e+239 190
1757543044038 2.8991863957044667e+240 191
1757543044117 4.7225874476388213e+241 192
1757543044184 7.692790030209978e+242 193
1757543044244 1.2531058260972196e+244 194
1757543044306 2.041228481776119e+245 195
1757543044376 3.325029401380165e+246 196
1757543044434 5.416258208597317e+247 197
1757543044500 8.822734911763772e+248 198
1757543044564 1.4371665516185616e+250 199
1757543044629 2.341051519452577e+251 200
1757543044696 3.813421771164219e+252 201
1757543044757 6.211817845080888e+253 202
1757543044819 1.0118650192917153e+255 203
1757543044881 1.6482627836182008e+256 204
1757543044945 2.6849136515881437e+257 205
1757543045007 4.373550982362156e+258 206
1757543045081 7.124232164414923e+259 207
1757543045148 1.1604914207510076e+261 208
1757543045226 1.8903655952757526e+262 209
1757543045285 3.079283499993208e+263 210
1757543045347 5.0159540022454205e+264 211
1757543045408 8.170665205947202e+265 212
1757543045467 1.3309486067414225e+267 213
1757543045530 2.16802934539229e+268 214
1757543045598 3.531579821094722e+269 215
1757543045660 5.752715506028661e+270 216
1757543045719 9.370802125334449e+271 217
1757543045782 1.5264431620188504e+273 218
1757543045841 2.4864773534965097e+274 219
1757543045902 4.050311065152294e+275 220
1757543045959 6.597695209822119e+276 221
1757543046022 1.0747219505243857e+278 222
1757543046090 1.7506526661301743e+279 223
1757543046149 2.8517001592210016e+280 224
1757543046210 4.645235434437907e+281 225
1757543046273 7.566788595071681e+282 226
1757543046338 1.2325810058631629e+284 227
1757543046404 2.007794874835213e+285 228
1757543046465 3.2705682143718535e+286 229
1757543046532 5.32754445134113e+287 230
1757543046595 8.678225929150017e+288 231
1757543046660 1.4136269713979169e+290 232
1757543046718 2.3027070631466935e+291 233
1757543046778 3.7509611276177997e+292 234
1757543046840 6.110073489622808e+293 235
1757543046907 9.952915207175569e+294 236
1757543046965 1.6212656245373822e+296 237
1757543047031 2.640937022563564e+297 238
1757543047095 4.301915893107913e+298 239
1757543047170 7.007543229262697e+299 240
1757543047234 1.1414835466369192e+301 241
1757543047297 1.8594029956200394e+302 242
1757543047361 3.0288474243076323e+303 243
1757543047423 inf 244
1757543047485 inf 245
