1757531023383 1053299514365.2896 0
1757531023430 3134564764148.7783 1
1757531023480 6797973829847463.0 2
1757531023527 2.0615146979141526e+19 3
1757531023575 6.25192956035665e+22 4
1757531023622 1.8960147982138065e+26 5
1757531023668 5.750020182337422e+29 6
1757531023716 1.7438013737253195e+33 7
1757531023766 5.2884044482956735e+36 8
1757531023818 1.6038077518545862e+40 9
1757531023865 4.863847555641893e+43 10
1757531023911 1.4750529181048957e+47 11
1757531023967 4.473374394076025e+50 12
1757531024018 1.3566346145251969e+54 13
1757531024067 4.114248697281414e+57 14
1757531024117 1.2477230170782588e+61 15
1757531024170 3.783953868358932e+64 16
1757531024217 1.1475549205942474e+68 17
1757531024264 3.4801753446090233e+71 18
1757531024313 1.0554283905604016e+75 19
1757531024360 3.200784378081563e+78 20
1757531024410 9.706978442688251e+81 21
1757531024462 2.943823118234843e+85 22
1757531024510 8.927695268532938e+88 23
1757531024559 2.7074908921693935e+92 24
1757531024611 8.210973505130418e+95 25
1757531024660 2.490131586294385e+99 26
1757531024710 7.551790677666431e+102 27
1757531024757 2.290222041002917e+106 28
1757531024804 6.9455275191980705e+109 29
1757531024851 2.1063613770310543e+113 30
1757531024899 6.387935600837452e+116 31
1757531024946 1.937261178704425e+120 32
1757531024993 5.875107560607292e+123 33
1757531025039 1.7817364652807707e+127 34
1757531025087 5.403449722345296e+130 35
1757531025138 1.6386973871196196e+134 36
1757531025185 4.969656912782634e+137 37
1757531025232 1.5071415884893598e+141 38
1757531025280 4.5706893003250985e+144 39
1757531025328 1.3861471834936278e+148 40
1757531025388 4.203751093233692e+151 41
1757531025436 1.2748662958953855e+155 42
1757531025484 3.866270947930431e+158 43
1757531025535 1.1725191175685064e+162 44
1757531025585 3.55588395013946e+165 45
1757531025635 1.0783884439411408e+169 46
1757531025683 3.2704150425949176e+172 47
1757531025736 9.918146481375767e+175 48
1757531025785 3.007863783184387e+179 49
1757531025835 9.121910585996233e+182 50
1757531025885 2.7663903267194323e+186 51
1757531025935 8.389597077958027e+189 52
1757531025983 2.5443025320996438e+193 53
1757531026031 7.716074222272715e+196 54
1757531026079 2.3400441045227798e+200 55
1757531026127 7.096622263308089e+203 56
1757531026174 2.1521836896467678e+207 57
1757531026222 6.526900350790844e+210 58
1757531026269 1.979404843280154e+214 59
1757531026317 6.002916121013244e+217 60
1757531026364 1.8204968063130317e+221 61
1757531026412 5.5209977200823195e+224 62
1757531026460 1.6743460202430576e+228 63
1757531026509 5.077768073162624e+231 64
1757531026558 1.5399283238411353e+235 65
1757531026606 4.6701212194025593e+238 66
1757531026653 1.4163017762743656e+242 67
1757531026701 4.2952005467098694e+245 68
1757531026751 1.3026000563938362e+249 69
1757531026799 3.950378773854807e+252 70
1757531026847 1.1980263919322563e+256 71
1757531026895 3.633239539624384e+259 72
1757531026943 1.1018479760700012e+263 73
1757531026993 3.3415604700125865e+266 74
1757531027042 1.0133908322432104e+270 75
1757531027091 3.0732976047885737e+273 76
1757531027143 9.320350912087551e+276 77
1757531027192 2.8265710743111502e+280 78
1757531027241 8.572106472698274e+283 79
1757531027289 2.599651926218886e+287 80
1757531027338 7.883931632228388e+290 81
1757531027386 2.390950009682869e+294 82
1757531027434 7.251003960300326e+297 83
1757531027482 2.1990028323203965e+301 84
1757531027530 inf 85
1757531027581 inf 86
