1757582580688 323613232738.20276 0
1757582580754 733432452963.4183 1
1757582580824 1700451075496.4768 2
1757582580890 873532133567.1915 3
1757582580957 332249372129.5695 4
1757582581023 167924621808.7486 5
1757582581089 523329037197.253 6
1757582581155 574294447800.6106 7
1757582581223 185334607904.8538 8
1757582581290 616115930514.9104 9
1757582581357 152013813481.48053 10
1757582581423 233609622135.41928 11
1757582581490 122595022286.49278 12
1757582581558 90825462058.74063 13
1757582581623 372764644789.1595 14
1757582581689 95594470254.09819 15
1757582581754 71301221468.91972 16
1757582581831 147894051926.95197 17
1757582581952 440197722891.9993 18
1757582582018 466850084053.158 19
1757582582085 183404580272.67368 20
1757582582156 343103412477.8628 21
1757582582222 154289173430.57288 22
1757582582288 67184349106.31249 23
1757582582354 347712136583.5675 24
1757582582423 676596084067.8821 25
1757582582488 118431644525.92291 26
1757582582553 116958398210.52869 27
1757582582619 226286932077.1621 28
1757582582685 130141377511.39014 29
1757582582751 446484624062.04846 30
1757582582816 100340344090.73244 31
1757582582882 81311590705.25479 32
1757582582948 181621028874.63605 33
1757582583016 117533079308.16638 34
1757582583081 505333339761.9137 35
1757582583146 101386924563.49979 36
1757582583211 236621785654.9125 37
1757582583279 129595804375.25993 38
1757582583345 100888232670.04292 39
1757582583410 133612399139.91026 40
1757582583476 466211188342.3537 41
1757582583542 190609253378.29807 42
1757582583610 171463715862.1584 43
1757582583678 337722677779.2861 44
1757582583744 196114934518.45996 45
1757582583810 380920788541.8189 46
1757582583875 234263254326.9685 47
1757582583942 231447239637.32706 48
1757582584011 125739073608.28537 49
1757582584078 447168714822.3453 50
1757582584150 158680597232.2383 51
1757582584216 100951680253.00563 52
1757582584285 190648470125.35794 53
1757582584358 237412679005.81403 54
1757582584426 556831280098.0835 55
1757582584492 535903928151.515 56
1757582584559 272638660869.19052 57
1757582584629 110568262459.6481 58
1757582584695 77512457369.54414 59
1757582584761 151085818922.27213 60
1757582584827 118076602847.48686 61
1757582584894 148721973319.30487 62
1757582584963 209755407955.81854 63
1757582585046 334498314007.9755 64
1757582585112 57471091322.801 65
1757582585178 79556620512.11072 66
1757582585244 77710563811.50574 67
1757582585309 139702772049.45566 68
1757582585375 246222665415.57446 69
1757582585440 153093322620.00833 70
1757582585505 84162383111.34544 71
1757582585571 152774256970.41544 72
1757582585637 414999087525.1867 73
1757582585702 372186804078.4378 74
1757582585768 232111653204.93677 75
1757582585837 122166106860.44829 76
1757582585902 305564456752.9841 77
1757582585968 367609653815.8605 78
1757582586036 141246092385.37378 79
1757582586101 111961881948.77774 80
1757582586167 172206872557.81415 81
1757582586233 93727704447.5576 82
1757582586300 69690749609.56435 83
1757582586370 147760865924.76013 84
1757582586436 130296567472.64584 85
1757582586501 323775513178.1548 86
1757582586567 583174767348.3215 87
1757582586634 110390735839.85367 88
1757582586701 443972656737.86066 89
1757582586772 101556894897.886 90
1757582586862 578897612963.2598 91
1757582586929 229150574878.49042 92
1757582586995 123145284578.0593 93
1757582587061 296568197698.536 94
