1757529920154 1053297166863.6554 0
1757529920174 3131380257648.384 1
1757529920194 6789575810908221.0 2
1757529920215 2.0593413198189224e+19 3
1757529920237 6.246472701240502e+22 4
1757529920259 1.8947039668611946e+26 5
1757529920284 5.7470884670644046e+29 6
1757529920307 1.7432288328910538e+33 7
1757529920329 5.287628302988268e+36 8
1757529920357 1.603863620371286e+40 9
1757529920380 4.86490041536529e+43 10
1757529920401 1.4756401822957092e+47 11
1757529920422 4.4759681837027056e+50 12
1757529920452 1.3576677717159213e+54 13
1757529920477 4.118129760322045e+57 14
1757529920498 1.2491268538705949e+61 15
1757529920521 3.7888993010716445e+64 16
1757529920542 1.1492634130134866e+68 17
1757529920570 3.4859896965797797e+71 18
1757529920593 1.0573837143911394e+75 19
1757529920617 3.2072966840853454e+78 20
1757529920637 9.728494849826751e+81 21
1757529920658 2.9508842294736403e+85 22
1757529920679 8.950734795230236e+88 23
1757529920700 2.7149710779685773e+92 24
1757529920722 8.235154010075045e+95 25
1757529920746 2.497918380051344e+99 26
1757529920768 7.576781473381908e+102 27
1757529920789 2.2982183066447258e+106 28
1757529920809 6.9710435803811e+109 29
1757529920833 2.1144835744746614e+113 30
1757529920855 6.413732370439039e+116 31
1757529920876 1.945437808843595e+120 32
1757529920896 5.900976295054056e+123 33
1757529920918 1.7899066768671743e+127 34
1757529920940 5.429213322851256e+130 35
1757529920964 1.6468097295785965e+134 36
1757529920987 4.995166194741606e+137 37
1757529921010 1.5151528962288924e+141 38
1757529921031 4.595819657346868e+144 39
1757529921052 1.3940215786423878e+148 40
1757529921075 4.228399516534694e+151 41
1757529921098 1.2825742976549344e+155 42
1757529921125 3.8903533655523083e+158 43
1757529921146 1.180036847497786e+162 44
1757529921167 3.5793328538802945e+165 45
1757529921193 1.0856969175185766e+169 46
1757529921214 3.2931773736312034e+172 47
1757529921235 9.98899143877411e+175 48
1757529921259 3.029899050165056e+179 49
1757529921280 9.190405568430202e+182 50
1757529921303 2.7876689326540965e+186 51
1757529921324 8.45566392062087e+189 52
1757529921346 2.5648042886648286e+193 53
1757529921368 7.779662367033251e+196 54
1757529921398 2.3597569144950326e+200 55
1757529921419 7.157704837042479e+203 56
1757529921440 2.171102380059542e+207 57
1757529921461 6.585470694888107e+210 58
1757529921482 1.997530133610773e+214 59
1757529921506 6.058984724934481e+217 60
1757529921527 1.8378343975532098e+221 61
1757529921549 5.574589516507308e+224 62
1757529921571 1.6909057921065187e+228 63
1757529921599 5.12892005646858e+231 64
1757529921620 1.555723628628299e+235 65
1757529921644 4.71888035302862e+238 66
1757529921664 1.431348819059419e+242 67
1757529921689 4.3416219284048604e+245 68
1757529921713 1.3169173522351228e+249 69
1757529921737 3.994524030919349e+252 70
1757529921762 1.2116342917428075e+256 71
1757529921784 3.675175429071629e+259 72
1757529921806 1.1147682536306869e+263 73
1757529921827 3.38135766111368e+266 74
1757529921850 1.0256463256048189e+270 75
1757529921872 3.1110296237641913e+273 76
1757529921894 9.436493924190704e+276 77
1757529921915 2.8623133930028333e+280 78
1757529921939 8.682078349842238e+283 79
1757529921965 2.6334811784435754e+287 80
1757529921988 7.987975733186717e+290 81
1757529922016 2.4229433206616356e+294 82
1757529922037 7.349364258517583e+297 83
1757529922059 2.229237248093211e+301 84
1757529922080 inf 85
1757529922102 inf 86
