1757559576890 101249056756.13348 0
1757559577386 14553980712468.438 1
1757559577885 2896122137616.607 2
1757559578382 21753446307192.586 3
1757559578876 7887160137943309.0 4
1757559579371 9.920584626815258e+16 5
1757559579857 1519078526917303.8 6
1757559580350 64924556825738.72 7
1757559580839 1.0237135581199365e+17 8
1757559581366 4.3311915716969313e+18 9
1757559581875 1.5873813315594162e+16 10
1757559582404 5.369197852707833e+16 11
1757559582936 3.948884253170364e+19 12
1757559583469 5.6010175833659654e+19 13
1757559583991 1.5626889468700244e+19 14
1757559584514 5.596016732814743e+17 15
1757559585023 1.6665377708877509e+19 16
1757559585547 3.5895182133090554e+19 17
1757559586039 7.740950237396029e+19 18
1757559586546 4.253336790384355e+21 19
1757559587058 1.7088112398845883e+21 20
1757559587578 9.33533856927034e+21 21
1757559588092 7.389949310180323e+24 22
1757559588599 3.799500791687711e+23 23
1757559589103 5.834833971073341e+25 24
1757559589609 9.69034566944794e+27 25
1757559590101 3.296066754767264e+29 26
1757559590609 4.8654323239186484e+30 27
1757559591098 2.170447204019984e+29 28
1757559591602 1.2175864825663923e+30 29
1757559592089 4.118384278768715e+29 30
1757559592591 4.0515906388130656e+30 31
1757559593094 4.3063698417905605e+33 32
1757559593635 2.6526986548150207e+33 33
1757559594125 3.664386874954204e+35 34
1757559594624 1.5339465524731659e+34 35
1757559595162 2.574744149333248e+34 36
1757559595652 1.144259346093249e+33 37
1757559596191 2.0232114284632566e+36 38
1757559596707 3.353503079499274e+37 39
1757559597207 6.375172719438045e+37 40
1757559597709 1.0060036207231623e+36 41
1757559598209 6.82514607139138e+38 42
1757559598727 6.381147917049512e+37 43
1757559599229 7.058414276032197e+39 44
1757559599780 8.190666198202219e+38 45
1757559600309 6.251278443252723e+38 46
1757559600882 2.797408153110423e+34 47
1757559601465 5.354542404693668e+41 48
1757559602074 2.0991379171198413e+40 49
1757559602643 7.72308239408633e+41 50
1757559603154 8.271459675345811e+43 51
1757559603657 4.9782136143827114e+42 52
1757559604154 4.824731462760746e+46 53
1757559604669 3.435605574874135e+47 54
1757559605182 4.634829214605938e+46 55
1757559605694 4.915288367622123e+46 56
1757559606213 1.9967180345880256e+47 57
1757559606735 7.406675508210221e+47 58
1757559607262 3.3480257689966985e+49 59
1757559607783 5.783378715041021e+52 60
1757559608295 1.6124593843979987e+51 61
1757559608809 3.247163764726603e+51 62
1757559609354 1.8372165809293407e+50 63
1757559609883 1.2141949337165055e+53 64
1757559610380 1.4789035707709923e+53 65
1757559610899 4.9906813219552345e+53 66
1757559611409 3.284129206866104e+54 67
1757559611931 3.0936789971220166e+54 68
1757559612435 3.3215525230334945e+55 69
1757559612933 1.0065062022062198e+56 70
1757559613420 1.948212375698376e+56 71
1757559613938 2.5208807745252205e+55 72
1757559614470 2.3489786039013728e+56 73
1757559614955 1.0904227496504552e+57 74
1757559615478 1.5949737773496767e+58 75
1757559615997 3.603500136983125e+58 76
1757559616514 1.826158873200627e+58 77
1757559617023 8.124434311416724e+58 78
1757559617543 3.340564165230364e+60 79
1757559618049 4.1804102377574377e+61 80
1757559618551 3.506552149990141e+63 81
1757559619054 1.9808459110953824e+62 82
1757559619573 5.392079932316926e+63 83
1757559620105 5.880684365997773e+62 84
1757559620603 2.2357646512395698e+64 85
1757559621115 2.681633171381628e+62 86
1757559621647 1.2730495052243067e+61 87
1757559622164 2.704091422399674e+65 88
1757559622677 5.5323392277957654e+63 89
1757559623180 8.707685311865781e+67 90
1757559623693 6.770694423261278e+66 91
1757559624189 1.553408169787103e+66 92
1757559624709 1.6128408934484247e+70 93
1757559625212 5.653691211715149e+71 94
1757559625726 1.0456249285731552e+73 95
1757559626247 5.456139221270628e+74 96
1757559626746 1.8066622513291179e+74 97
1757559627267 2.731040593076665e+74 98
1757559627783 3.1393653209194707e+74 99
1757559628288 3.880171865165404e+74 100
1757559628792 1.0033060781582378e+75 101
1757559629299 3.551682127617226e+74 102
1757559629816 1.2323040020687622e+75 103
1757559630334 3.5791631564033276e+75 104
1757559630850 6.797871739004307e+72 105
1757559631375 5.4183528288047644e+76 106
1757559631881 4.380246964306354e+77 107
1757559632381 7.388752924749083e+77 108
1757559632878 6.9759968681803394e+78 109
1757559633387 3.0630627363274735e+81 110
1757559633907 1.2266053209613104e+82 111
1757559634461 3.190012223890133e+81 112
1757559635029 5.320279225990451e+83 113
1757559635592 1.5048989984382202e+85 114
1757559636109 5.565508536067282e+86 115
1757559636623 2.3088683970729646e+87 116
1757559637140 2.0119417156403776e+86 117
1757559637650 1.9202430015309983e+85 118
1757559638169 4.39882218603764e+85 119
1757559638672 1.7814487005428255e+89 120
1757559639173 2.298614418884593e+88 121
1757559639680 3.0240439918987963e+90 122
1757559640188 3.1607029276076946e+91 123
1757559640686 3.659833148952371e+92 124
1757559641194 9.043188359517596e+92 125
1757559641711 3.553745750160922e+90 126
1757559642235 7.276735907577159e+93 127
1757559642756 1.4177931517948226e+95 128
1757559643260 2.372251635007686e+95 129
1757559643776 6.020251469619665e+96 130
1757559644291 4.2567781453565795e+94 131
1757559644825 4.423514857417644e+96 132
1757559645348 2.789084302573227e+94 133
1757559645861 3.437593749242628e+94 134
1757559646378 4.8012628548060346e+97 135
1757559646890 1.1097705397951495e+100 136
1757559647387 6.251342548494036e+97 137
1757559647905 1.0653680707595451e+98 138
1757559648430 1.884853847593682e+95 139
1757559648941 3.874351289178847e+98 140
1757559649443 2.192677096265146e+101 141
1757559649935 1.810351017245575e+100 142
1757559650421 4.064047809370785e+100 143
1757559650903 1.5158301955191335e+98 144
1757559651393 5.155691533451866e+99 145
1757559651877 6.748331339286669e+101 146
1757559652369 4.073830793059551e+101 147
1757559652861 1.3724053819198126e+101 148
1757559653360 5.621285038862519e+102 149
1757559653845 3.323375630065514e+102 150
1757559654335 6.013673553102076e+104 151
1757559654819 4.572695673676578e+101 152
1757559655314 7.701253254705649e+102 153
1757559655809 2.41161536021602e+104 154
1757559656302 1.368929658825882e+105 155
1757559656800 5.3829765865641e+104 156
1757559657300 8.934495901578717e+106 157
1757559657800 3.1802112117441207e+105 158
1757559658290 8.936106794818525e+107 159
1757559658775 6.013768135880781e+108 160
1757559659257 1.1701950299486683e+110 161
1757559659746 4.31516856115717e+113 162
1757559660228 5.243795275622186e+112 163
1757559660713 1.875023024535327e+113 164
1757559661195 6.182204046175459e+115 165
1757559661682 1.666719965215027e+113 166
1757559662192 1.770837763900435e+111 167
1757559662690 1.0300986642495294e+114 168
1757559663205 7.998459179993485e+113 169
1757559663720 1.4264604366117088e+113 170
1757559664239 1.0536616177191993e+117 171
1757559664767 1.8255030201653004e+117 172
1757559665304 2.4660911647399005e+120 173
1757559665829 2.2457804753776845e+120 174
1757559666358 3.3060271067547756e+121 175
1757559666867 2.6250820566867973e+122 176
1757559667414 9.259958846993596e+117 177
1757559667974 9.9131455617644e+117 178
1757559668527 6.430025780061769e+121 179
1757559669066 1.5829311074149232e+123 180
1757559669578 9.372024717025264e+124 181
1757559670098 3.449208226626831e+123 182
1757559670617 8.369195569649108e+126 183
1757559671108 1.0246407592268964e+126 184
1757559671609 8.933102572428092e+124 185
1757559672136 1.5745836367476923e+125 186
1757559672643 1.0975912930844671e+125 187
1757559673150 1.0457458589714973e+124 188
1757559673651 4.243969176308559e+124 189
1757559674153 7.1429355351810035e+124 190
1757559674656 6.340342234801135e+123 191
1757559675168 6.364830750369433e+124 192
1757559675671 5.0350374766181555e+126 193
1757559676189 1.1656683139835996e+126 194
1757559676718 9.773528425861854e+127 195
1757559677239 6.124267072790834e+129 196
1757559677768 1.6834795162661815e+129 197
1757559678281 3.552595001182047e+125 198
1757559678810 1.1698916975142074e+128 199
1757559679327 4.584114067525824e+129 200
1757559679855 5.631651968259862e+131 201
1757559680355 1.130403065221856e+131 202
1757559680857 5.844109258266581e+132 203
1757559681370 2.1537981158812354e+134 204
1757559681875 8.54983891454598e+134 205
1757559682394 1.5723244334002594e+135 206
1757559682907 2.2157638246466775e+139 207
1757559683409 9.199071442947837e+138 208
1757559683908 1.4571909124224626e+134 209
1757559684404 2.2808649564504937e+139 210
1757559684910 4.5034670058231545e+139 211
1757559685434 2.331562743136611e+138 212
1757559685936 3.475356603685221e+140 213
1757559686437 2.0926035944134765e+141 214
1757559686954 8.863325386333928e+142 215
1757559687469 7.520172484875658e+143 216
1757559687983 1.3926047376327383e+145 217
1757559688492 1.8567822579866925e+144 218
1757559689001 6.303361146946994e+147 219
1757559689505 2.597146702406208e+147 220
1757559690032 3.018675998938547e+150 221
1757559690543 6.568275284562375e+144 222
1757559691041 2.949052524324917e+150 223
1757559691571 1.3946885420083602e+148 224
1757559692104 8.920212949853834e+147 225
1757559692621 6.277699930060174e+149 226
1757559693122 2.0436400793679608e+152 227
1757559693648 3.6520971362584615e+153 228
1757559694174 8.156682748007805e+151 229
1757559694695 5.758106842334844e+148 230
1757559695206 1.1939924170886455e+153 231
1757559695711 4.502891010564505e+153 232
1757559696215 4.8762522979678625e+154 233
1757559696721 8.724662060326537e+155 234
1757559697242 3.30487344687313e+157 235
1757559697745 2.0638564794202445e+158 236
1757559698244 1.7321493753562895e+156 237
1757559698750 9.398111981142898e+157 238
1757559699273 1.9257944259457773e+158 239
1757559699807 3.485224319218432e+160 240
1757559700355 5.19165328911985e+159 241
1757559700892 2.261003311846735e+162 242
1757559701409 2.9356229211010924e+160 243
1757559702100 4.132097124880064e+163 244
1757559702620 3.419800311840978e+163 245
1757559703150 2.341938517267987e+164 246
1757559703668 1.0828953674959018e+165 247
1757559704179 1.0508138204083472e+164 248
1757559704685 2.7027868401181615e+165 249
1757559705189 7.558008117910723e+166 250
1757559705716 1.5062602221380378e+167 251
1757559706225 5.336030482961959e+167 252
1757559706749 5.564925694999463e+170 253
1757559707272 5.609103381510394e+170 254
1757559707781 7.361568974555761e+172 255
1757559708283 1.2537615395377642e+174 256
1757559708779 5.441321348378281e+174 257
1757559709292 2.248648945781866e+176 258
1757559709823 7.60721584400591e+176 259
1757559710335 1.5425670283292721e+177 260
1757559710843 3.578564620026529e+181 261
1757559711340 1.6474337212514816e+181 262
1757559711828 7.025526080466185e+182 263
1757559712338 1.7618973259284328e+182 264
1757559712851 1.4470333416521293e+183 265
1757559713357 3.679800221392691e+181 266
1757559713860 1.4810891083720697e+183 267
1757559714353 6.385034629042928e+185 268
1757559714847 3.180819381699853e+185 269
1757559715361 3.436706686426269e+189 270
1757559715873 1.5957391825800784e+186 271
1757559716368 3.1634956215177207e+187 272
1757559716901 1.6435445526185008e+191 273
1757559717418 4.5115217365791827e+192 274
1757559717908 1.2880706667697292e+190 275
1757559718402 1.7610441787496718e+190 276
1757559718894 2.3803027192195116e+191 277
1757559719425 8.81950833308922e+190 278
1757559719953 1.2631338405218863e+193 279
1757559720482 1.7231520129024765e+191 280
1757559720989 8.628545202838328e+189 281
1757559721509 2.0552145611451545e+191 282
1757559722015 6.097948181147629e+192 283
1757559722525 9.214890045605035e+193 284
1757559723027 3.0483704397132844e+194 285
1757559723551 2.477202321339656e+195 286
1757559724077 6.9376174292420205e+193 287
1757559724583 5.016745614364626e+196 288
1757559725109 5.72937079854282e+194 289
1757559725615 6.064156156737196e+195 290
1757559726135 7.097905381377911e+194 291
1757559726647 1.4739797708085655e+195 292
1757559727146 1.9098177369535024e+196 293
1757559727662 2.5695812904197928e+200 294
1757559728178 1.8577726925804125e+199 295
1757559728682 3.998281253057075e+199 296
1757559729229 1.088972631012207e+202 297
1757559729719 3.846466467088568e+203 298
1757559730213 2.3358235816738904e+203 299
1757559730712 6.072874107905129e+205 300
1757559731217 2.9157634310130633e+206 301
1757559731750 6.280545210371625e+205 302
1757559732283 1.3055351075237112e+206 303
1757559732796 3.8041770923692433e+205 304
1757559733330 7.847553247323762e+206 305
1757559733866 2.7050871543535897e+208 306
1757559734393 6.581600438985767e+209 307
1757559734898 7.301388107697743e+211 308
1757559735417 2.222915329666509e+210 309
1757559735918 4.9689842864641554e+212 310
1757559736432 8.440092064766601e+211 311
1757559736934 8.760830402361877e+213 312
1757559737443 4.144601632798631e+214 313
1757559737944 1.029080335587776e+216 314
1757559738476 2.387676646011759e+216 315
1757559738990 2.393452683558275e+218 316
1757559739494 2.9283041367754514e+220 317
1757559740027 3.087614332614111e+217 318
1757559740564 7.434165018927919e+222 319
1757559741092 6.176050164007711e+220 320
1757559741626 3.460103440601645e+220 321
1757559742133 4.576586517367253e+220 322
1757559742655 5.31808720139365e+222 323
1757559743156 6.186064533608678e+223 324
1757559743653 9.496692316066852e+221 325
1757559744154 4.7811427844603905e+222 326
1757559744656 5.747441213494755e+226 327
1757559745175 5.6485790828264214e+225 328
1757559745692 6.428658027232066e+226 329
1757559746202 4.402923733031097e+229 330
1757559746703 1.0219683510489057e+229 331
1757559747214 6.863354678226769e+226 332
1757559747716 1.3594657833164322e+230 333
1757559748217 2.692576536123799e+227 334
1757559748727 9.091849393281072e+228 335
1757559749242 4.171170077660626e+230 336
1757559749761 1.6592331084199615e+231 337
1757559750280 4.229094942713219e+231 338
1757559750794 3.292679232738025e+234 339
1757559751302 2.20525221014957e+233 340
1757559751840 1.3061368263160717e+235 341
1757559752365 5.541981357368205e+236 342
1757559752881 1.5041059526642608e+234 343
1757559753400 2.4364116256622792e+236 344
1757559753935 3.754968120736618e+234 345
1757559754444 2.9642590831293824e+233 346
1757559754958 1.9685192323483192e+237 347
1757559755473 6.677711720380345e+235 348
1757559755990 1.7109869294591583e+236 349
1757559756498 1.2312344352293949e+238 350
1757559757005 4.70792370377639e+239 351
1757559757502 3.735417777304203e+238 352
1757559758005 2.8565677044567573e+241 353
1757559758516 2.6649874638055066e+238 354
1757559759026 4.6534736843381616e+240 355
1757559759532 3.2845574778145406e+243 356
1757559760032 2.704389939853704e+244 357
1757559760572 3.34581772059704e+244 358
1757559761086 9.328606754773298e+242 359
1757559761598 1.0035552769535402e+243 360
1757559762108 6.895460050851761e+243 361
1757559762629 5.134582688281532e+242 362
1757559763162 4.354084205524087e+245 363
1757559763683 3.4658005550600667e+246 364
1757559764187 7.474400365767618e+245 365
1757559764684 2.368446277981618e+248 366
1757559765193 2.553879690643263e+249 367
1757559765720 2.0196829286776878e+250 368
1757559766262 1.0599351314102563e+251 369
1757559766779 2.283312682550386e+251 370
1757559767304 1.6131759695226013e+254 371
1757559767855 1.1408261950932277e+252 372
1757559768370 1.885028019780899e+253 373
1757559768889 9.233194357150686e+253 374
1757559769392 1.5355586907711664e+253 375
1757559769892 6.797118438429883e+255 376
1757559770417 5.1948564105610384e+256 377
1757559770934 8.383015862387456e+258 378
1757559771436 6.804008102393567e+259 379
1757559771937 1.4947344446864336e+260 380
1757559772435 1.0239139749759893e+261 381
1757559772916 7.513736131944812e+262 382
1757559773442 1.5058517927785373e+261 383
1757559773953 9.100063331780842e+261 384
1757559774457 3.0781795827260676e+264 385
1757559774964 1.90680907558255e+266 386
1757559775467 7.569798914306003e+266 387
1757559775998 2.157631220454982e+266 388
1757559776524 4.509184723310243e+268 389
1757559777020 6.636606481422876e+266 390
1757559777524 5.818793007204017e+268 391
1757559778023 5.2930311209085286e+268 392
1757559778512 3.6496851680920486e+268 393
1757559778999 1.297479943556282e+268 394
1757559779493 7.468160419434405e+269 395
1757559779988 7.354374812858119e+270 396
1757559780494 4.954044337278904e+270 397
1757559780988 1.5640422607621136e+270 398
1757559781489 1.8824436128151053e+270 399
1757559782000 8.212380410797176e+272 400
1757559782524 7.827331978241425e+272 401
1757559783049 6.863143961549861e+272 402
1757559783563 9.431942303736956e+274 403
1757559784074 2.6343089486314956e+273 404
1757559784600 4.273889210403131e+273 405
1757559785111 8.035576803586305e+273 406
1757559785623 3.3725902067274506e+273 407
1757559786120 1.0380891724482492e+275 408
1757559786634 1.729229986714985e+274 409
1757559787136 1.3637041096884347e+273 410
1757559787646 5.226443631676505e+276 411
1757559788158 7.459277963956333e+280 412
1757559788698 2.815490296187429e+281 413
1757559789217 2.707364648615245e+282 414
1757559789728 5.923530948943853e+285 415
1757559790234 2.370468221804056e+287 416
1757559790779 2.2440348130015203e+285 417
1757559791295 5.908878258004042e+286 418
1757559791815 5.3284748729649946e+284 419
1757559792321 4.240019027610245e+284 420
1757559792840 1.5777460951053581e+286 421
1757559793326 1.1455240981706702e+288 422
1757559793813 7.565409142710701e+291 423
1757559794315 2.876876307403739e+287 424
1757559794839 1.0989896558705585e+291 425
1757559795360 7.830466453952459e+289 426
1757559795870 2.104503575965181e+290 427
1757559796372 2.0134635888218717e+293 428
1757559796886 2.6190236416952916e+291 429
1757559797395 3.71574317153105e+293 430
1757559797906 2.182529603589717e+293 431
1757559798427 9.082108069956374e+294 432
1757559798965 1.3902695532483406e+294 433
1757559799541 1.0909661867507042e+291 434
1757559800110 1.126584363947746e+295 435
1757559800682 1.5226195293747447e+295 436
1757559801268 1.1738314276968063e+295 437
1757559801894 1.3392154214757125e+297 438
1757559802420 1.6816886570228087e+298 439
1757559802934 1.0349491726462815e+297 440
1757559803456 5.789570736084526e+298 441
1757559803961 1.2846568941911774e+297 442
1757559804478 6.756108440353853e+298 443
1757559805006 7.448053242036531e+297 444
1757559805540 4.214627526834082e+296 445
1757559806050 1.07914687004142e+299 446
1757559806550 4.416545686592336e+298 447
1757559807053 9.684058650486593e+297 448
1757559807560 7.088884218200417e+296 449
1757559808088 2.038090952727006e+296 450
1757559808593 4.938777088616265e+299 451
1757559809088 1.937922990068712e+300 452
1757559809593 3.465602219713727e+301 453
1757559810105 2.2212086333002263e+303 454
1757559810608 5.13950582111918e+304 455
