1757542518740 1012255713454.4344 0
1757542518816 449315603382.5722 1
1757542518885 183106150893.31168 2
1757542519005 668439982083.5175 3
1757542519120 196918186612.9208 4
1757542519233 853353519349.9266 5
1757542519339 290253542597.3021 6
1757542519455 606788259958.6124 7
1757542519553 1342787504579.5103 8
1757542519654 351382223585.68787 9
1757542519762 430779079534.5659 10
1757542519860 635207416862.7227 11
1757542519964 632497663225.9332 12
1757542520068 372873138599.0788 13
1757542520192 111973264830.86484 14
1757542520280 256048161394.5762 15
1757542520358 153950840419.19867 16
1757542520422 58974601800.80215 17
1757542520487 142487268283.22318 18
1757542520551 191297554386.87064 19
1757542520621 134300426548.63 20
1757542520687 84491643135.22609 21
1757542520757 238732195621.5955 22
1757542520822 124449293177.25371 23
1757542520888 65750419226.03005 24
1757542520955 562105367741.6233 25
1757542521021 48894265641.221756 26
1757542521090 84775240264.52795 27
1757542521162 445686881742.86725 28
1757542521228 385143799872.39233 29
1757542521289 202551820568.24542 30
1757542521358 142258407169.54904 31
1757542521424 66269540850.56223 32
1757542521491 136243516862.99881 33
1757542521558 278648575841.58374 34
1757542521631 461931229568.8547 35
1757542521695 149683595180.64624 36
1757542521757 383722139076.2562 37
1757542521815 90598181610.62415 38
1757542521882 60276774494.192184 39
1757542521952 111981201859.68594 40
1757542522017 571797391441.3276 41
1757542522086 226364655252.56097 42
1757542522157 46632558265.11386 43
1757542522222 764851608288.9127 44
1757542522294 696099360673.8995 45
1757542522359 141011334742.1657 46
1757542522425 156709756103.3785 47
1757542522490 80621421997.61061 48
1757542522552 100307444653.03015 49
1757542522616 294375556130.13586 50
1757542522687 64973735498.03844 51
1757542522754 102640939471.97978 52
1757542522837 171255659021.57343 53
1757542522914 287691257277.82947 54
1757542522981 367624982557.96576 55
1757542523053 319699035404.4377 56
1757542523119 172165730276.2024 57
1757542523182 113272095796.5455 58
1757542523242 654490213680.7472 59
1757542523307 284633024462.0778 60
1757542523372 133568054036.72647 61
1757542523435 298422143313.9144 62
1757542523501 125964706234.27196 63
1757542523567 199476412535.66428 64
1757542523630 333413707687.4643 65
1757542523694 286740880072.9806 66
1757542523753 126543197412.74806 67
1757542523821 65994651310.53825 68
1757542523888 139253161606.63696 69
1757542523959 648622969559.642 70
1757542524021 281019313915.1619 71
1757542524090 90503861603.24507 72
1757542524159 309298987397.4165 73
1757542524234 309251801481.8629 74
1757542524298 342629439943.66565 75
1757542524363 126581322490.57883 76
1757542524430 111496878343.46576 77
1757542524493 150662220471.36572 78
1757542524560 573449493304.1389 79
