1757586366328 1053300062154.2299 0
1757586366394 3132252006578.472 1
1757586366465 6795977242276470.0 2
1757586366531 2.0624045048076296e+19 3
1757586366600 6.259172703070744e+22 4
1757586366668 1.8995906566150278e+26 5
1757586366736 5.765050485313761e+29 6
1757586366801 1.749629952244653e+33 7
1757586366867 5.309936101322944e+36 8
1757586366932 1.6115076998973386e+40 9
1757586366993 4.890750128200974e+43 10
1757586367058 1.484289328435824e+47 11
1757586367122 4.5046562444580775e+50 12
1757586367203 1.3671140452191507e+54 13
1757586367270 4.149042038301674e+57 14
1757586367341 1.2591890117576058e+61 15
1757586367409 3.8215013313774924e+64 16
1757586367476 1.15978397916096e+68 17
1757586367544 3.519817897940068e+71 18
1757586367637 1.0682263470842295e+75 19
1757586367706 3.2419504692919954e+78 20
1757586367776 9.838966127385606e+81 21
1757586367839 2.9860189220282076e+85 22
1757586367902 9.062241791739687e+88 23
1757586367966 2.7502915566312473e+92 24
1757586368029 8.34683494471741e+95 25
1757586368089 2.5331733803412445e+99 26
1757586368151 7.687904957232573e+102 27
1757586368212 2.3331953150194267e+106 28
1757586368274 7.080993337342473e+109 29
1757586368336 2.1490042569826964e+113 30
1757586368397 6.521993562929977e+116 31
1757586368457 1.979353921551708e+120 32
1757586368518 6.007123295905316e+123 33
1757586368589 1.823096410364003e+127 34
1757586368675 5.532898789921062e+130 35
1757586368747 1.6791744443947253e+134 36
1757586368815 5.096111318437046e+137 37
1757586368879 1.546614210131303e+141 38
1757586368944 4.6938054636406435e+144 39
1757586369014 1.4245187704975447e+148 40
1757586369082 4.323259119319993e+151 41
1757586369154 1.3120619959437506e+155 42
1757586369223 3.9819650723842675e+158 43
1757586369294 1.2084829746389485e+162 44
1757586369360 3.6676140384067897e+165 45
1757586369425 1.1130808639432724e+169 46
1757586369486 3.378079036405098e+172 47
1757586369546 1.0252101483240634e+176 48
1757586369613 3.111400997133465e+179 49
1757586369674 9.442762716296356e+182 50
1757586369736 2.865775507510125e+186 51
1757586369798 8.697316141674776e+189 52
1757586369862 2.6395406014882826e+193 53
1757586369925 8.010717873667533e+196 54
1757586369988 2.4311655147609332e+200 55
1757586370049 7.378322209538477e+203 56
1757586370111 2.2392403272107948e+207 57
1757586370173 6.795850195488759e+210 58
1757586370235 2.0624664230235136e+214 59
1757586370298 6.259360674140755e+217 60
1757586370363 1.8996477039147966e+221 61
1757586370426 5.765223617640687e+224 62
1757586370487 1.7496824960178388e+228 63
1757586370550 5.3100955659444646e+231 64
1757586370613 1.6115560956709488e+235 65
1757586370676 4.890897004096121e+238 66
1757586370739 1.4843339036682596e+242 67
1757586370801 4.504791525427418e+245 68
1757586370862 1.367155101518056e+249 69
1757586370925 4.149166639691509e+252 70
1757586370986 1.2592268269206e+256 71
1757586371046 3.8216160962732875e+259 72
1757586371109 1.159818809055279e+263 73
1757586371171 3.519923602870997e+266 74
1757586371234 1.0682584273780129e+270 75
1757586371294 3.242047829485151e+273 76
1757586371356 9.83926160495433e+276 77
1757586371420 2.9861085962480216e+280 78
1757586371485 9.0625139432175e+283 79
1757586371547 2.7503741516368472e+287 80
1757586371611 8.347085611552121e+290 81
1757586371672 2.5332494549919675e+294 82
1757586371734 7.688135835501281e+297 83
1757586371806 2.3332653840561655e+301 84
1757586371874 inf 85
1757586371937 inf 86
