1757555808593 1064044748402.8925 0
1757555808682 823653826788.9973 1
1757555808795 582891399660.6234 2
1757555808886 424489759262.5055 3
1757555808977 342609068029.03644 4
1757555809066 304397147035.45526 5
1757555809150 284171074558.6879 6
1757555809233 270676640931.6608 7
1757555809313 260205748943.825 8
1757555809391 251841390263.4852 9
1757555809464 245191534767.77997 10
1757555809536 239732474115.0913 11
1757555809612 235009301300.94528 12
1757555809695 230729620043.9398 13
1757555809779 226744376412.88348 14
1757555809857 222997345272.91272 15
1757555809935 219466662598.23306 16
1757555810012 216137573949.86047 17
1757555810102 212995206975.6749 18
1757555810207 210023899772.3006 19
1757555810292 207208925372.04218 20
1757555810381 204537233754.79388 21
1757555810466 201997344733.87726 22
1757555810549 199579091472.81152 23
1757555810628 197273341053.31396 24
1757555810709 195071818649.17004 25
1757555810790 192967007723.26163 26
1757555810866 190952070559.9856 27
1757555810946 189020780643.88202 28
1757555811030 187167459327.15103 29
1757555811110 185386918339.40204 30
1757555811190 183674409334.59985 31
1757555811272 182025579882.26147 32
1757555811353 180436435006.61145 33
1757555811443 178903303335.8077 34
1757555811534 177422806990.15558 35
1757555811615 175991834684.10724 36
1757555811693 174607517628.1651 37
1757555811767 173267207889.0505 38
1757555811840 171968458925.63135 39
1757555811920 170709008047.28397 40
1757555812000 169486760575.21878 41
1757555812084 168299775517.37915 42
1757555812169 167146252592.01047 43
1757555812249 166024520456.73688 44
1757555812329 164933026069.5446 45
1757555812410 163870324837.52127 46
1757555812489 162835071888.52075 47
1757555812564 161826013935.24084 48
1757555812639 160841981967.00067 49
1757555812718 159881884566.54846 50
1757555812801 158944701704.39328 51
1757555812880 158029479243.37354 52
1757555812967 157135323674.01355 53
1757555813045 156261397517.68478 54
1757555813125 155406915026.08435 55
1757555813204 154571138243.7302 56
1757555813281 153753373399.68253 57
1757555813350 152952967598.65033 58
1757555813411 152169305794.40186 59
1757555813477 151401807978.1342 60
1757555813538 150649926635.28497 61
1757555813602 149913144451.6199 62
1757555813676 149190971996.35495 63
1757555813736 148482945841.34277 64
1757555813824 147788626721.70535 65
1757555813890 147107597845.96524 66
1757555813951 146439463341.3652 67
1757555814016 145783846822.18576 68
1757555814077 145140390070.3696 69
1757555814139 144508751818.908 70
1757555814200 143888606629.38025 71
1757555814262 143279643892.99863 72
1757555814329 142681566778.0446 73
1757555814394 142094091415.05472 74
1757555814460 141516946074.02454 75
1757555814525 140949870405.70514 76
1757555814588 140392614740.66895 77
1757555814652 139844939440.91733 78
1757555814715 139306614324.80484 79
1757555814779 138777418047.3414 80
1757555814841 138257137628.89792 81
1757555814904 137745567973.39346 82
1757555814965 137242511422.3485 83
1757555815027 136747777341.29478 84
1757555815088 136261181735.66132 85
1757555815147 135782546893.66217 86
1757555815213 135311701054.00075 87
1757555815278 134848478096.42422 88
1757555815340 134392717253.34584 89
1757555815401 133944262840.90666 90
1757555815464 133502964007.98622 91
1757555815529 133068674501.79475 92
1757555815592 132641252448.79147 93
1757555815670 132220560149.77446 94
1757555815733 131806463888.08084 95
1757555815796 131398833749.92122 96
1757555815864 130997543455.94958 97
1757555815925 130602470203.24185 98
1757555815988 130213494516.92151 99
1757555816052 129830500110.73077 100
1757555816119 129453373755.90135 101
1757555816183 129082005157.72873 102
1757555816244 128716286839.30168 103
1757555816307 128356114031.87999 104
1757555816377 128001384632.83743 105
1757555816447 127651998952.63684 106
1757555816513 127307859732.77716 107
1757555816579 126968872091.10611 108
1757555816643 126634943332.29785 109
1757555816706 126305982939.86217 110
1757555816767 125981902523.56505 111
1757555816830 125662615675.14809 112
1757555816926 125348037949.54288 113
1757555816993 125038086796.72684 114
1757555817058 124732681498.87154 115
1757555817120 124431743111.48332 116
1757555817186 124135194407.80235 117
1757555817248 123842959826.01552 118
1757555817310 123554965418.98792 119
1757555817372 123271138806.29976 120
1757555817436 122991409128.41805 121
1757555817509 122715707002.86156 122
1757555817578 122443964482.23338 123
1757555817651 122176115014.00877 124
1757555817720 121912093401.97543 125
1757555817789 121651835769.23148 126
1757555817861 121395279522.6534 127
1757555817930 121142363318.75217 128
1757555817993 120893027030.84184 129
1757555818062 120647211717.4502 130
1757555818127 120404859591.90453 131
1757555818190 120165913993.0322 132
1757555818251 119930319356.9172 133
1757555818315 119698021189.65984 134
1757555818377 119468966041.08875 135
1757555818440 119243101479.37788 136
1757555818505 119020376066.52516 137
1757555818566 118800739334.65033 138
1757555818638 118584141763.07404 139
1757555818704 118370534756.14113 140
1757555818766 118159870621.75444 141
1757555818829 117952102550.58636 142
1757555818890 117747184595.9383 143
1757555818955 117545071654.21944 144
1757555819016 117345719446.01782 145
1757555819077 117149084497.73882 146
1757555819141 116955124123.78664 147
1757555819202 116763796409.26672 148
1757555819266 116575060193.18765 149
1757555819325 116388875052.14249 150
1757555819385 116205201284.45042 151
1757555819447 116023999903.69417 152
1757555819508 115845232601.6671 153
1757555819570 115668861748.96901 154
1757555819634 115494850379.78436 155
1757555819698 115323162210.01964 156
1757555819760 115153761541.93872 157
1757555819819 114986613308.518 158
1757555819879 114821683056.44331 159
1757555819942 114658936931.5607 160
1757555820032 114498341665.70721 161
