1757531239343 1064044935252.9872 0
1757531239394 868233078500.4163 1
1757531239439 656203059573.9012 2
1757531239486 499031474015.261 3
1757531239534 397964431154.1406 4
1757531239583 335551722624.2691 5
1757531239631 297420576621.4497 6
1757531239678 274673876512.7974 7
1757531239725 261567616026.62595 8
1757531239773 254134724058.23306 9
1757531239821 249795836012.69308 10
1757531239869 247086234846.70322 11
1757531239916 245270652773.57742 12
1757531239963 243991730674.6234 13
1757531240009 243057663306.55533 14
1757531240055 242350775638.79163 15
1757531240102 241795710818.76794 16
1757531240149 241345519461.96576 17
1757531240201 240971489362.0913 18
1757531240250 240655456638.9513 19
1757531240297 240385101582.7275 20
1757531240376 240151557728.06693 21
1757531240423 239948235188.37708 22
1757531240470 239770136383.14136 23
1757531240517 239613385802.03 24
1757531240565 239474902491.39035 25
1757531240611 239352183388.64783 26
1757531240660 239243161900.07358 27
1757531240707 239146110874.81366 28
1757531240754 239059571484.30765 29
1757531240801 238982299303.9194 30
1757531240849 238913223296.3953 31
1757531240896 238851414656.32642 32
1757531240944 238796062945.5094 33
1757531240990 238746457493.31763 34
1757531241037 238701972619.51392 35
1757531241083 238662055694.88293 36
1757531241132 238626217354.27795 37
1757531241178 238594023366.49997 38
1757531241224 238565087795.68582 39
1757531241270 238539067184.46143 40
1757531241318 238515655559.31815 41
1757531241374 238494580108.80298 42
1757531241426 238475597420.41284 43
1757531241472 238458490187.23285 44
1757531241519 238443064313.74527 45
1757531241566 238429146363.95532 46
1757531241613 238416581305.37592 47
1757531241661 238405230510.374 48
1757531241706 238394969982.56808 49
1757531241752 238385688780.85544 50
1757531241798 238377287617.57654 51
1757531241846 238369677610.53235 52
1757531241893 238362779171.22745 53
1757531241939 238356521013.93777 54
1757531241986 238350839272.08643 55
1757531242032 238345676710.02917 56
1757531242079 238340982019.7392 57
1757531242126 238336709193.09164 58
1757531242172 238332816961.5031 59
1757531242220 238329268295.6062 60
1757531242266 238326029958.45322 61
1757531242315 238323072106.4626 62
1757531242363 238320367932.9558 63
1757531242410 238317893349.6976 64
1757531242458 238315626702.34958 65
1757531242599 238313548516.19455 66
1757531242646 238311641268.8814 67
1757531242706 238309889187.29245 68
1757531242754 238308278065.94907 69
1757531242802 238306795104.64975 70
1757531242848 238305428763.28156 71
1757531242896 238304168631.97043 72
1757531242944 238303005314.93146 73
1757531242990 238301930326.556 74
1757531243038 238300935998.4306 75
1757531243084 238300015396.12332 76
1757531243134 238299162244.69595 77
1757531243181 238298370862.01437 78
1757531243228 238297636099.02765 79
1757531243275 238296953286.27603 80
1757531243321 238296318185.9659 81
1757531243371 238295726949.02283 82
1757531243419 238295176076.594 83
1757531243466 238294662385.53116 84
1757531243512 238294182977.43158 85
1757531243559 238293735210.8629 86
1757531243607 238293316676.43652 87
1757531243654 238292925174.42816 88
1757531243702 238292558694.67987 89
1757531243748 238292215398.5435 90
1757531243795 238291893602.65057 91
1757531243842 238291591764.32 92
1757531243892 238291308468.43066 93
1757531243946 238291042415.6074 94
1757531243997 238290792411.5838 95
1757531244044 238290557357.61914 96
1757531244092 238290336241.8617 97
1757531244140 238290128131.55945 98
1757531244187 238289932166.03165 99
1757531244234 238289747550.32352 100
1757531244281 238289573549.4732 101
1757531244329 238289409483.32956 102
1757531244377 238289254721.86414 103
1757531244427 238289108680.92746 104
1757531244476 238288970818.405 105
1757531244523 238288840630.73218 106
1757531244570 238288717649.73312 107
1757531244618 238288601439.74994 108
1757531244666 238288491595.03473 109
1757531244713 238288387737.3778 110
1757531244760 238288289513.9486 111
1757531244807 238288196595.32938 112
1757531244856 238288108673.72205 113
1757531244904 238288025461.31174 114
1757531244953 238287946688.7727 115
1757531245001 238287872103.9013 116
1757531245048 238287801470.36594 117
1757531245095 238287734566.56134 118
1757531245152 238287671184.55844 119
1757531245201 238287611129.14066 120
1757531245255 238287554216.91824 121
1757531245305 238287500275.51407 122
1757531245353 238287449142.8142 123
1757531245401 238287400666.27716 124
1757531245450 238287354702.29712 125
1757531245497 238287311115.61584 126
1757531245546 238287269778.7793 127
1757531245594 238287230571.63525 128
1757531245641 238287193380.86752 129
1757531245689 238287158099.565 130
1757531245736 238287124626.82153 131
