1757539641025 8760045006.086784 0
1757539641504 190891621515.75085 1
1757539641975 36151173296.80989 2
1757539642449 31318116710.001774 3
1757539642912 26133104791.212135 4
1757539643387 6750501189.250636 5
1757539643863 143309617.85250282 6
1757539644342 1554237547.6048734 7
1757539644817 210978934566.43488 8
1757539645319 1107348812.2087772 9
1757539645795 1875300877099.4458 10
1757539646278 15432983211.975748 11
1757539646778 5803745946.304715 12
1757539647249 16611780753.381336 13
1757539647742 4356074509.842771 14
1757539648243 12529932.753217269 15
1757539648728 12045464233.008171 16
1757539649195 343451008.58633226 17
1757539649699 13327266832.339502 18
1757539650193 106522423413.11768 19
1757539650737 1483908057.106983 20
1757539651231 188476845675.40366 21
1757539651710 55571146376.22871 22
1757539652203 2482455420.134376 23
1757539652690 108104249423.75258 24
1757539653167 8933533874.815065 25
1757539653645 32879078618.334866 26
1757539654113 99530192459.84857 27
1757539654591 1883328340.510153 28
1757539655052 39178513130.77206 29
1757539655531 55455313663.120926 30
1757539656003 29073817462.91209 31
1757539656480 224898855381.54007 32
1757539656957 126411810133.83078 33
1757539657444 38023169421.432465 34
1757539657930 103171935.86636281 35
1757539658429 1118870671.7259629 36
1757539658915 12032437257.503626 37
1757539659399 19765837831.076607 38
1757539659889 4143071630.6923523 39
1757539660372 3186683758.920264 40
1757539660864 30427547515.62568 41
1757539661345 1115674083162.8813 42
1757539661831 68430034261.87031 43
1757539662317 32334666975.437355 44
1757539662813 1780020672.7559712 45
1757539663303 466015450985.7261 46
1757539663794 9227050703190.25 47
1757539664273 38714799457.72693 48
1757539664771 12251478136.260855 49
1757539665263 134660021.15426442 50
1757539665746 1975093087.2981455 51
1757539666233 2143388339.4376898 52
1757539666726 24249592755.986885 53
1757539667217 1087855461.524642 54
1757539667721 61858050552.31521 55
1757539668230 4182892294.7540736 56
1757539668744 39037584259.35448 57
1757539669239 4815571423.045721 58
1757539669741 27676949250.712143 59
1757539670275 95440642904.20491 60
1757539670757 106062002842.10114 61
1757539671239 27597870013.458622 62
1757539671721 25134789519.173412 63
1757539672209 147370315975.12613 64
1757539672693 177466729794.48602 65
1757539673199 71076916524.39412 66
1757539673695 1972666240.7956429 67
1757539674169 868174210.630387 68
1757539674662 455814351777.68933 69
1757539675167 1035265793562.3552 70
1757539675640 88123937102.84756 71
1757539676223 1168657561.1606612 72
1757539676710 87596792.14391522 73
1757539677201 107896061245.04623 74
1757539677690 18275259324.967457 75
1757539678208 65859313010.419525 76
1757539678721 85629400.68191946 77
1757539679205 70270156310.16943 78
1757539679692 1168015.697588276 79
1757539680181 584549947.6520463 80
1757539680693 6304222075.250418 81
1757539681173 251856795762.8663 82
1757539681670 16734379071.914545 83
1757539682162 130579760742.52255 84
1757539682635 26280143231.17354 85
1757539683138 147676463365.81268 86
1757539683645 10733292140.081964 87
1757539684192 43540703712.09831 88
1757539684692 754865548988.7559 89
1757539685242 95350990.13232137 90
1757539685809 22797119192.300114 91
1757539686338 8673204085.501091 92
1757539686834 143184164.24967995 93
1757539687341 128744223.44823699 94
1757539687827 5987520040.973172 95
1757539688353 1534104034.9008455 96
1757539688846 471952079747.81335 97
1757539689333 76323341730.13358 98
1757539689820 431619779.91930115 99
1757539690334 417634014936.0126 100
1757539690842 74733706273.65997 101
1757539691328 7313679226.119848 102
1757539691824 45202621359.23092 103
1757539692307 24927411344.06054 104
1757539692801 123232256144.72356 105
1757539693280 14642749105.988705 106
1757539693770 32794661385.688305 107
1757539694265 14763284945.630463 108
1757539694762 51535026548.143745 109
1757539695240 68680351757.36539 110
1757539695724 73705893689.27673 111
1757539696206 23168080010.175465 112
1757539696694 66062091844.53346 113
1757539697177 54830369685.5983 114
1757539697659 10267264723.451666 115
1757539698165 5655436594.157074 116
1757539698658 71101403199.69627 117
1757539699140 27870978046.70025 118
1757539699657 272888890818.16013 119
1757539700139 451459950231.8364 120
1757539700633 8666813.087311568 121
1757539701141 3497289501.9678407 122
1757539701634 340227659164.1707 123
1757539702139 35093761737.46224 124
1757539702640 150185915733.84387 125
1757539703137 3080392090626.8037 126
1757539703624 117697334455.15337 127
1757539704120 764809472.6361738 128
1757539704628 292301953179.93134 129
1757539705121 451312687.501804 130
1757539705615 2522762355.959894 131
1757539706104 68246874426.22089 132
1757539706595 63860478131.91714 133
1757539707077 6898408835.339051 134
1757539707558 1545009519.481206 135
1757539708046 57000285984.443665 136
1757539708527 428247371475.85535 137
1757539709023 22959189660.345974 138
1757539709518 11987918391.096025 139
1757539709999 92731789790.46944 140
1757539710482 8121885243.353817 141
1757539710983 59558989352.86643 142
1757539711482 80751976431.74362 143
1757539711973 63349399202.92464 144
1757539712464 236986693.39310265 145
1757539712950 6797041139.047991 146
1757539713442 51672663861.12975 147
1757539713948 2057399479.6112764 148
1757539714478 82185461635.17525 149
1757539715006 29255737911.824314 150
1757539715491 111876704370.03757 151
1757539715978 61891481222.63604 152
1757539716460 31188022965.081272 153
1757539716961 20528910356.961845 154
1757539717443 882584293.3441633 155
1757539717937 198865750879.1857 156
1757539718463 48560768519.86807 157
1757539718945 51266393715.25029 158
1757539719450 421568718.7247517 159
1757539719963 32148929286.79735 160
1757539720450 25749544773.698112 161
1757539720948 360596796220.584 162
1757539721438 15095906509.016813 163
1757539721936 76638950681.23369 164
1757539722416 1380550426051.6165 165
1757539722902 101267753884.16685 166
1757539723378 23521495917.80884 167
1757539723874 56062858504.11273 168
1757539724369 2978558004.5834227 169
1757539724880 11982014017.259378 170
1757539725374 9797581787897.697 171
1757539725884 134391760010.26488 172
1757539726377 5374140907.830891 173
1757539726870 1785173503.3798678 174
1757539727358 3475213560.0025477 175
1757539727855 11250356655.680872 176
1757539728366 95588515455.41965 177
1757539728855 100110426803.80223 178
1757539729404 294218720.4809508 179
1757539729937 685859383417.6602 180
1757539730435 225575762204.49213 181
1757539730937 11222302795.503716 182
1757539731431 3134803944639.3525 183
1757539731920 137775746364.8354 184
1757539732405 59950681829.97227 185
1757539732895 56913261382.78894 186
1757539733393 29420488544.57774 187
1757539733890 107701788102.97768 188
1757539734394 23542600533.11573 189
1757539734917 14786266552.099478 190
1757539735403 256337922.32787532 191
1757539735882 18250689368.254906 192
1757539736366 161484327.40598646 193
1757539736866 2988604456.431054 194
1757539737349 58818630675.57472 195
1757539737823 79645567771.48718 196
1757539738327 29510032836.437195 197
1757539738824 510135689.981471 198
1757539739321 5275776909.32974 199
1757539739820 1094246695.3127244 200
1757539740325 138060863030.6602 201
1757539740833 25204556958.53446 202
1757539741331 930872134780.3234 203
1757539741819 41095827091.59189 204
1757539742320 5420436327573.982 205
1757539742815 11115644010.726257 206
1757539743314 11892048535.999146 207
1757539743805 33290193970.381783 208
1757539744312 39961702252.66946 209
1757539744833 778917175710.982 210
1757539745347 1930131156.093307 211
1757539745868 5393694841.584297 212
1757539746376 3288935375.869571 213
1757539746880 142045585719.90045 214
1757539747364 31603981292.661663 215
1757539747880 3482443688.184137 216
1757539748389 595393520.3330672 217
1757539748916 69447767683.57689 218
1757539749469 171298390718.24142 219
1757539749971 3195061697977.921 220
1757539750486 321344863007.90607 221
1757539751020 114803378198.79117 222
1757539751517 430351263331.258 223
1757539752023 283906770924.4103 224
1757539752532 11759309721.81592 225
1757539753029 21649413599.76347 226
1757539753523 155377948.88211817 227
1757539754015 10336165128.252413 228
1757539754501 24041918020.766415 229
1757539754991 105824834182.31161 230
1757539755472 57353660110.45202 231
1757539755969 18966538905.30212 232
1757539756466 1842015153.9304404 233
1757539756962 38473372940.18684 234
1757539757452 11747549360.86413 235
1757539757946 917673541.4566071 236
1757539758463 3270958518.903166 237
1757539758963 1307303608815.19 238
1757539759465 171634084208.96384 239
1757539759951 11046452891.73015 240
1757539760433 32837236573.183884 241
1757539760942 570158995982.321 242
1757539761462 36515015317.76086 243
1757539761984 21008085558.845608 244
1757539762465 7520520646.484973 245
1757539762965 12962600122.655111 246
1757539763459 138339810726.278 247
1757539763944 47143358729.32566 248
1757539764423 7368440375.976197 249
1757539764939 334376857918.0659 250
1757539765437 3549486625.2487698 251
1757539765924 5762131140.631305 252
1757539766430 60970881919.99152 253
1757539766935 7388765302.708436 254
1757539767423 5446947786394.625 255
1757539767923 290476147078.7295 256
1757539768419 3282869340.990258 257
1757539768906 14915378911.423038 258
1757539769394 234876468551.76532 259
1757539769884 1169274004535.983 260
1757539770378 75892206999.6705 261
1757539770932 4632427696.328344 262
1757539771435 78116312475.70563 263
1757539771923 3520495786.813682 264
1757539772430 193597151380.8421 265
1757539772943 227355112725.42783 266
1757539773443 396844964661.97516 267
1757539773938 734055346.5671084 268
1757539774429 112039145122.1515 269
1757539774912 16846888205.130688 270
1757539775414 34746166264.259094 271
1757539775900 20142128235.567688 272
1757539776409 2832874969.98898 273
1757539776910 182758525376.46957 274
1757539777416 17804765225.352318 275
1757539777904 34537524500.03853 276
1757539778416 9792739854.253149 277
1757539778905 17484567372.763195 278
1757539779396 183887755211.43744 279
1757539779893 12041806152.540695 280
1757539780378 21054606270.785206 281
1757539780873 210360682425.4632 282
1757539781366 27729008000.812496 283
1757539781877 47817801749.20639 284
1757539782369 26895748892.945736 285
1757539782857 66984497987.34466 286
1757539783335 1396336300.5033028 287
1757539783830 162047987287.58908 288
1757539784311 59753774190.30658 289
1757539784803 504451750976.5696 290
1757539785287 2510270795.8289156 291
1757539785777 85969076741.63907 292
1757539786254 146422567652.175 293
1757539786754 159212433982.06677 294
1757539787249 311132917559.50574 295
1757539787741 1190659797.8667731 296
1757539788241 4983039.502094498 297
1757539788732 62474583273.81302 298
1757539789227 2687696016.147627 299
1757539789710 9401158805.0539 300
1757539790199 38442218542.25639 301
1757539790699 65169285735.78952 302
1757539791194 660499278.7757651 303
1757539791680 1102966492.1548731 304
1757539792175 10424654038.497686 305
1757539792675 20830193383.255016 306
1757539793181 3336725044.4410543 307
1757539793674 95315905327.35484 308
1757539794153 525108567.1684744 309
1757539794628 8371475985.6610775 310
1757539795153 73318448777.16428 311
1757539795646 61673161174.76489 312
1757539796141 132890610230.95532 313
1757539796617 1122368993.353 314
1757539797117 5198621506.136037 315
1757539797608 9586439855.790228 316
1757539798101 1066391987088.1595 317
1757539798622 588740631455.9209 318
1757539799122 58311389848.8526 319
1757539799608 35346621661.792305 320
1757539800119 242771363678.18304 321
1757539800619 56262540555.493675 322
1757539801136 45841761063.58227 323
1757539801638 76947534632.98071 324
1757539802118 1778348922.817811 325
1757539802611 524794451906.7953 326
1757539803124 48744841258.417366 327
1757539803627 41045572988.63889 328
1757539804127 90321789943.33301 329
1757539804615 27078676962.582268 330
1757539805114 2657234721.977905 331
1757539805598 55588689774.36764 332
1757539806097 19845524534.515697 333
1757539806606 23385853134.522766 334
1757539807114 1998855134.3343055 335
1757539807608 5367200523910.596 336
1757539808105 614185573665.899 337
1757539808598 50023607841.32675 338
1757539809088 38725950.8302125 339
1757539809590 42145108288.85196 340
1757539810085 7940181586.716333 341
1757539810572 71329398852.30551 342
1757539811087 53099478790.06087 343
1757539811642 14935072009.238424 344
1757539812162 6154281274.596391 345
1757539812677 802367091.4278758 346
1757539813220 662702023.0720106 347
1757539813748 794172870466.4717 348
1757539814283 788384248.8497508 349
1757539814809 6840801698.943952 350
1757539815311 60567138.528200075 351
1757539815801 943507984296.8071 352
1757539816293 96479879906.96185 353
1757539816774 335517712915.2917 354
1757539817256 40493773440.5994 355
1757539817756 4053866657.6580753 356
1757539818254 93782021899.92444 357
1757539818726 462616455478.2284 358
1757539819210 440162910471.7682 359
1757539819708 59364631616.70965 360
1757539820196 80048557084.54811 361
1757539820674 1518454025.2229743 362
1757539821178 123973114278.18292 363
1757539821684 5965465.529073605 364
1757539822196 297596704187.1349 365
1757539822681 3166354415.720148 366
1757539823195 44312469914.468704 367
1757539823694 268359573374.9452 368
1757539824197 200225381.15535688 369
1757539824695 182620540409.3063 370
1757539825183 56908659006.332306 371
1757539825694 11254151302.63193 372
1757539826211 1540255735209.9128 373
1757539826707 551684606624.3451 374
1757539827191 34126096518.69605 375
1757539827688 57136535158.825424 376
1757539828177 40772788826.739845 377
1757539828683 5696178198.433506 378
1757539829165 321929344745.07074 379
1757539829660 2756039294.8975964 380
1757539830138 6888198297.608277 381
1757539830620 69527677555.49762 382
1757539831137 71662482013.46312 383
1757539831630 31209449878.148712 384
1757539832108 42201132530.64323 385
1757539832591 44446205834.46564 386
1757539833078 7048569819.162862 387
1757539833570 2549086159.769702 388
1757539834060 91736355003.7899 389
1757539834559 10113836925.148054 390
1757539835059 22568964320.69441 391
1757539835553 789456981.4101981 392
1757539836069 24497219684.97226 393
1757539836563 55044556344.81434 394
1757539837046 93190818286.09135 395
1757539837522 88009540159.68376 396
1757539838028 30464769790.816467 397
1757539838569 109105615800.99483 398
1757539839095 257211353.46386385 399
1757539839601 1182224087.5958734 400
1757539840106 114578751.57580113 401
1757539840592 5995996446.972156 402
1757539841124 224602454189.90637 403
1757539841598 46276417818.78108 404
1757539842088 10826210101.04968 405
1757539842577 958002548687.01 406
1757539843066 16252919508.491354 407
1757539843548 7437277064.327621 408
1757539844052 231914056538.50653 409
1757539844543 10579257230.408022 410
1757539845056 9823809548.159405 411
1757539845544 23578547291.814724 412
1757539846043 122848357311.88399 413
1757539846539 552480915189.9961 414
1757539847024 71224046714.36432 415
1757539847513 59092793436.51806 416
1757539848012 371556569847.4883 417
1757539848517 108974503141.25423 418
1757539849010 142514094956.45352 419
1757539849537 1700437728.9994488 420
1757539850032 38817864.50058673 421
1757539850529 82223203843.8142 422
1757539851011 56714129825.39814 423
1757539851550 19271228857.114544 424
1757539852072 21256928207.615364 425
1757539852560 3620175315.951002 426
1757539853048 5393482709987.1045 427
1757539853535 635820488570.3809 428
1757539854020 5994731998.310058 429
1757539854525 183420660.34344757 430
1757539855011 139557086759.76733 431
1757539855503 355944200697.50604 432
1757539855993 17960778413.50494 433
1757539856467 764226265.4828594 434
1757539856962 60738170911.45959 435
1757539857448 76367298007.32538 436
1757539857940 32262844037.172447 437
1757539858443 860121083524.5614 438
1757539858937 100546771000.06537 439
1757539859470 95021127.31463166 440
1757539859970 145462106394.0368 441
1757539860467 206439844.9829131 442
1757539860973 40572967320.82427 443
1757539861478 107436225553.78673 444
1757539861955 124781233298.62024 445
1757539862488 122252427430.44434 446
1757539862982 94445153184.32483 447
1757539863469 2551425193.806531 448
1757539863969 26403252191.20621 449
1757539864475 343180216.5631041 450
1757539864967 145905307308.35535 451
1757539865447 42902605620.10873 452
1757539865981 4828786296.385092 453
1757539866480 344621022.8559781 454
1757539866971 1827442540.4759974 455
1757539867450 145903746.90454105 456
1757539867934 23190237049.727356 457
1757539868446 29727343336.535526 458
1757539868961 552936761827.0563 459
1757539869469 9800122658.45249 460
1757539869965 22158521771.31945 461
1757539870479 57420108122.80342 462
1757539870985 105707560023.24098 463
1757539871473 49296771935.791985 464
1757539871972 8037863116.755937 465
1757539872574 5487858432.287393 466
1757539873059 16315753090.280499 467
1757539873550 245249151774.05383 468
1757539874045 75514744506.3183 469
1757539874562 272832529694.86624 470
1757539875053 109662959769.46385 471
1757539875592 2213004065.716337 472
1757539876182 286615751272.43994 473
1757539876692 12701309307.743282 474
1757539877209 3024609822615.2925 475
1757539877736 478611294841.3958 476
1757539878340 11363622534.76552 477
1757539878860 14707487353.749166 478
1757539879358 630704961.7765765 479
1757539879840 3435799150.784211 480
1757539880324 26436100776.641346 481
1757539880806 12056892097.965576 482
1757539881299 16145058335.12828 483
1757539881785 53776603944.76912 484
1757539882265 3616749666.4815497 485
1757539882758 2720698021.621855 486
1757539883248 27648817260.567654 487
1757539883739 11652443.256069258 488
1757539884242 54614845049.418274 489
1757539884749 196618999.04877406 490
1757539885242 2219850.8383474573 491
1757539885754 237838674559.80884 492
1757539886263 322997840650.21674 493
1757539886788 18210995228.51578 494
1757539887282 62759749550.61619 495
1757539887779 139579549551.9522 496
1757539888298 46013493346.03193 497
1757539888805 414543925457.5285 498
1757539889306 6864721031.251176 499
