1757577334801 120376358326.78305 0
1757577335272 11241047784.866499 1
1757577335780 183103318937.21786 2
1757577336269 23769182884.5176 3
1757577336757 32203458240.72264 4
1757577337244 3578821272.811931 5
1757577337717 73234323260.45367 6
1757577338193 50768109.01762374 7
1757577338686 2963667782376.3286 8
1757577339172 876202662786.6915 9
1757577339667 21353112206.962254 10
1757577340132 126464662337.67357 11
1757577340635 140036423633.28726 12
1757577341111 24359211701.02697 13
1757577341601 92489767876.68382 14
1757577342083 87455838430.93098 15
1757577342561 45458224007.85642 16
1757577343050 221335883759.67017 17
1757577343561 149251271827.64627 18
1757577344050 832318463610.1906 19
1757577344539 20923739907.904152 20
1757577345102 3915677700.3461685 21
1757577345649 2044993172.7974489 22
1757577346155 55223555966.70522 23
1757577346659 969571894.2158191 24
1757577347244 32012157121.359394 25
1757577347750 79433064228.60054 26
1757577348245 6127637515.133499 27
1757577348712 63729866524.716324 28
1757577349194 68737463773.70511 29
1757577349666 96366199573.90326 30
1757577350131 68658472376.26858 31
1757577350602 22834475479.12398 32
1757577351078 44463790613.70684 33
1757577351554 649280910.9603567 34
1757577352037 17147980366.920168 35
1757577352511 434272492525.6266 36
1757577352991 128421544268.97966 37
1757577353469 19133864951.334156 38
1757577353960 20582977687.47765 39
1757577354442 597058365917.7781 40
1757577354915 11723359686.904125 41
1757577355388 6330472126.329021 42
1757577355870 2492973817.476412 43
1757577356359 3626022169.710749 44
1757577356866 193950492328.3153 45
1757577357371 724744649042.1128 46
1757577357856 95047173795.88078 47
1757577358321 42503386793.86009 48
1757577358788 12924591684.251814 49
1757577359262 30906634810.81218 50
1757577359717 69694416827.17133 51
1757577360197 183674297137.05115 52
1757577360666 1483327823.6550765 53
1757577361141 91300230021.29231 54
1757577361624 99186805262.12543 55
1757577362099 629393220.8788588 56
1757577362567 333115594274.3969 57
1757577363031 15388360421.0885 58
1757577363514 2056061858.1534388 59
1757577363978 31227198473.618443 60
1757577364470 10044964052.008347 61
1757577364946 44781897.83752172 62
1757577365424 111254576.39401232 63
1757577365912 31109329222.30349 64
1757577366425 105122013627.29039 65
1757577366913 3877624861583.0347 66
1757577367415 142719024232.89648 67
1757577367890 360002570.9309528 68
1757577368374 94267136898.21985 69
1757577368843 5169597171.172428 70
1757577369333 2922609108.494618 71
1757577369794 7955701070.271731 72
1757577370269 125265124256.93196 73
1757577370732 293516686391.31744 74
1757577371197 77057299480.8379 75
1757577371672 121074656435.45088 76
1757577372147 2258307781.4628606 77
1757577372615 3181365364.726577 78
1757577373085 22002838893.91001 79
1757577373556 681888824865.8616 80
1757577374024 115745354667.24878 81
1757577374497 30935407907.52888 82
1757577374956 241440668928.66104 83
1757577375425 160678614914.89136 84
1757577375881 538679417.0588839 85
1757577376383 32238081570.297394 86
1757577376868 15973900.4870303 87
1757577377408 9579500382.130096 88
1757577377935 758672644662.9193 89
1757577378441 157579931903.6706 90
1757577379019 53429056087.62197 91
1757577379587 76766808697.49603 92
1757577380087 17257687836.786892 93
1757577380588 21120396098.081776 94
1757577381094 2222596089.3772526 95
1757577381586 240544161251.08005 96
1757577382075 1777666024.2342894 97
1757577382555 89834111273.07939 98
1757577383025 130854858362.6318 99
1757577383503 17169545797.020798 100
1757577383986 127212454397.11249 101
1757577384453 492669696466.226 102
1757577384919 95648718884.14885 103
1757577385403 371749233967.0094 104
1757577385884 61903445254.45169 105
1757577386352 8580746241.440498 106
1757577386824 118134173688.14526 107
1757577387301 28118609388.433056 108
1757577387787 52590367960.33033 109
1757577388258 3169636138.894451 110
1757577388732 22584923878.283134 111
1757577389201 6258285258.375193 112
1757577389682 21178661551.000298 113
1757577390162 34064510598.5752 114
1757577390651 5097377922.407299 115
1757577391136 34095537990.043247 116
1757577391610 121399561772.8717 117
1757577392101 21965261.210931562 118
1757577392587 6098322811082.296 119
1757577393101 163505594242.28116 120
1757577393561 8600696270.326523 121
1757577394026 1263119276.7172828 122
1757577394526 196569992.80579975 123
1757577394994 25927716048.98716 124
1757577395466 27819268080.718193 125
1757577395943 50311164496.72557 126
1757577396414 64109010210.100006 127
1757577396900 17118344296.131048 128
1757577397368 4756695286.713401 129
1757577397847 4472185484.240172 130
1757577398329 702227251.7707862 131
1757577398820 12972363190.891909 132
1757577399289 21319509566.71068 133
1757577399755 62396707347.53665 134
1757577400225 443762742.01386243 135
1757577400704 2348481654966.7617 136
1757577401187 348189215418.5134 137
1757577401678 17785533164.57434 138
1757577402153 26074695013.180653 139
1757577402630 441066982.54337937 140
1757577403114 1722863248.1265945 141
1757577403605 126028527504.15996 142
1757577404080 50424656725.46023 143
1757577404559 785204608.2189856 144
1757577405045 455391933627.01953 145
1757577405546 34548881427.0866 146
1757577406018 46442623821.434875 147
1757577406491 13804139343.978151 148
1757577406981 565810482157.2214 149
1757577407453 137700684519.28766 150
1757577407930 13450646126.943544 151
1757577408397 40999954659.59619 152
1757577408891 1454378753.3247817 153
1757577409369 11065868278.191074 154
1757577409857 70424421629.23653 155
1757577410346 1116076360.7245796 156
1757577410820 13900786432.709738 157
1757577411325 66541123998.69576 158
1757577411892 5240409114.495281 159
1757577412411 27526738694.4215 160
1757577412929 572991598036.6584 161
1757577413459 134910954806.53606 162
1757577413964 20280298509.56233 163
1757577414469 2970020522.175291 164
1757577414980 37492871887.09515 165
1757577415487 1039549890.0413948 166
1757577415950 26260064243.019524 167
1757577416453 36453882478.28722 168
1757577416933 10614604094.601212 169
1757577417436 1104855852.7204938 170
1757577417914 13130725592.763052 171
1757577418405 328273609.5584811 172
1757577418894 357009680164.8481 173
1757577419360 601542568.651533 174
1757577419855 11890536350.989391 175
1757577420332 51668873439.50729 176
1757577420805 253733630274.0846 177
1757577421285 61888660605.56379 178
1757577421754 76850777522.19077 179
1757577422227 268513515995.79626 180
1757577422702 157630333084.40973 181
1757577423176 2208688.105217692 182
1757577423662 326860724152.8783 183
1757577424153 17311544755.91306 184
1757577424611 63752042419.948685 185
1757577425123 169218643619.0363 186
1757577425600 370134530632.44525 187
1757577426069 21854448082.242973 188
1757577426551 474757537205.0045 189
1757577427020 17940369009.079422 190
1757577427516 152580639600.4824 191
1757577427981 57415158847.472015 192
1757577428451 850108659256.695 193
1757577428943 2428408577.018465 194
1757577429430 122898871311.48111 195
1757577429908 32592240731.953396 196
1757577430385 61566727107.98324 197
1757577430875 27540217593.0996 198
1757577431367 3659221343.977498 199
1757577431863 23440791377.751537 200
1757577432335 768406310016.6405 201
