1757554500895 145439783501.3832 0
1757554500964 48773631414.73616 1
1757554501033 185761196911.2262 2
1757554501101 10489656199144.0 3
1757554501179 2437853005333982.5 4
1757554501246 5538002595777261.0 5
1757554501309 85587667725064.89 6
1757554501382 3208430100991493.5 7
1757554501449 362642824018935.56 8
1757554501517 5464266743071271.0 9
1757554501582 8.9602420545627e+16 10
1757554501653 9.109870226965318e+18 11
1757554501723 4.0616670818366495e+20 12
1757554501792 1.16593547709533e+20 13
1757554501859 1.8120637107338197e+21 14
1757554501934 9.804276533969845e+21 15
1757554502000 2.3026786414426253e+23 16
1757554502075 6.961287683022844e+24 17
1757554502139 1.5045908786855706e+26 18
1757554502207 7.310920628266268e+23 19
1757554502281 3.451868049319427e+23 20
1757554502354 1.6899495043385936e+24 21
1757554502419 6.593239291078178e+22 22
1757554502483 1.439681972644884e+24 23
1757554502546 8.732459662535651e+25 24
1757554502606 5.938766260106511e+26 25
1757554502668 7.192536426648827e+25 26
1757554502740 5.181151446380522e+26 27
1757554502817 8.071518123601525e+27 28
1757554502882 3.9823767536880105e+28 29
1757554502957 4.692491358556903e+29 30
1757554503025 3.875943357317167e+29 31
1757554503094 4.919627497849025e+29 32
1757554503160 1.7988039564136755e+30 33
1757554503238 1.527938103982562e+32 34
1757554503307 5.072109636015049e+32 35
1757554503383 4.933481047043293e+32 36
1757554503457 9.831023654581467e+32 37
1757554503526 1.578037853862199e+35 38
1757554503611 2.3282477612059265e+37 39
1757554503680 1.778680820025611e+37 40
1757554503753 1.5482067291584783e+38 41
1757554503823 3.426923246451018e+38 42
1757554503886 2.148036179432014e+39 43
1757554503962 1.6499719584197518e+40 44
1757554504034 2.502142356189768e+40 45
1757554504103 3.859331301288392e+41 46
1757554504182 1.0060768241511302e+43 47
1757554504245 6.756086250819986e+42 48
1757554504325 2.3087673527361914e+43 49
1757554504393 2.7053582282988145e+45 50
1757554504461 1.3456193156269195e+47 51
1757554504528 2.608262409544572e+47 52
1757554504600 8.4921163867685e+44 53
1757554504671 2.0702072448989807e+45 54
1757554504741 3.3067978933644787e+44 55
1757554504811 7.059423795524075e+46 56
1757554504887 3.3077703450866564e+47 57
1757554504956 1.3187398206576688e+47 58
1757554505023 7.763080324066213e+46 59
1757554505088 5.965945710572205e+48 60
1757554505159 2.3456922960918922e+50 61
1757554505230 4.6465354179951864e+53 62
1757554505298 1.0639996952494176e+52 63
1757554505362 2.996779039527425e+53 64
1757554505432 3.7729419409713316e+54 65
1757554505503 8.184663360715494e+56 66
1757554505572 1.753327490471194e+57 67
1757554505642 5.048897752751884e+59 68
1757554505714 7.138606102884454e+59 69
1757554505784 9.544285853897792e+60 70
1757554505856 8.47163326244946e+59 71
1757554505933 8.050902452490183e+61 72
1757554506011 9.395863361986018e+60 73
1757554506079 1.7861763035477967e+63 74
1757554506149 1.1944255192110635e+62 75
1757554506221 1.9217089621870136e+62 76
1757554506287 3.798060414888818e+61 77
1757554506362 2.6541959343141417e+65 78
1757554506427 4.9454483789455e+63 79
1757554506499 2.7838604869454948e+66 80
1757554506571 1.1616244604305065e+67 81
1757554506643 1.1969573618828097e+69 82
1757554506712 3.0594390520236955e+68 83
1757554506781 1.0083476161890066e+70 84
1757554506850 1.7242261951545943e+70 85
1757554506923 5.4339488083108696e+69 86
1757554506998 3.3119761335213247e+68 87
1757554507062 4.389948399524794e+70 88
1757554507130 1.6524574543804132e+70 89
1757554507200 1.871704054692369e+70 90
1757554507287 4.31257193899693e+71 91
1757554507355 8.163801931680225e+72 92
1757554507426 2.132852276605501e+73 93
1757554507491 4.2648476012470785e+73 94
1757554507556 1.5257810953445337e+74 95
1757554507625 1.578454534695727e+74 96
1757554507694 3.5789932889160255e+73 97
1757554507757 3.0492925913109945e+73 98
1757554507820 8.772829023974166e+74 99
1757554507887 2.056509145512502e+77 100
1757554507963 1.1655584034834092e+78 101
1757554508036 3.661966989480463e+76 102
1757554508105 1.7091840926493286e+77 103
1757554508173 2.487541594835937e+77 104
1757554508242 6.763252909784328e+78 105
1757554508311 8.717824085136727e+78 106
1757554508380 5.4416251581687215e+79 107
1757554508449 6.400248346197483e+79 108
1757554508521 4.486122920364794e+79 109
1757554508599 3.049242133524533e+81 110
1757554508666 1.898165193292234e+82 111
1757554508739 2.5559544488202227e+83 112
1757554508808 5.673170970813947e+84 113
1757554508880 9.26484970394508e+85 114
1757554508954 1.7995979221030904e+88 115
1757554509035 8.264437359752454e+88 116
1757554509102 5.0439217733977574e+88 117
1757554509169 2.5770412609361887e+90 118
1757554509242 1.4733606596311547e+91 119
1757554509309 1.3444021850902267e+92 120
1757554509378 1.1242394048478985e+93 121
1757554509450 1.0778546191692458e+93 122
1757554509521 2.5297458140321253e+95 123
1757554509595 9.847361286751555e+94 124
1757554509669 1.7737515210502518e+94 125
1757554509737 1.6670060272561303e+96 126
1757554509802 1.2018615164964875e+97 127
1757554509868 4.262599650615389e+97 128
1757554509936 3.964105417864093e+98 129
1757554510011 2.623693150766332e+99 130
1757554510084 2.8650186387535315e+100 131
1757554510164 3.3266543366976836e+101 132
1757554510233 5.209668952892063e+102 133
1757554510304 6.395808020480079e+103 134
1757554510373 3.337978283354185e+104 135
1757554510444 2.0982923777529574e+104 136
1757554510516 5.990165482678439e+104 137
1757554510581 2.779050636183186e+105 138
1757554510655 1.0384819054731854e+106 139
1757554510726 3.5418521833614e+107 140
1757554510798 6.44723635395346e+107 141
1757554510872 4.2063677001931565e+108 142
1757554510939 1.4813216425335069e+110 143
1757554511005 3.5807622010611474e+111 144
1757554511081 8.731809704611575e+110 145
1757554511146 1.889196072132782e+111 146
1757554511216 9.153415697127668e+111 147
1757554511290 5.302876142155463e+112 148
1757554511358 2.3559825036842398e+113 149
1757554511426 1.0314288645091611e+114 150
1757554511497 1.1578260655035171e+115 151
1757554511568 2.0849923353741415e+118 152
1757554511633 1.396002860620728e+117 153
1757554511706 6.419400388856821e+117 154
1757554511772 1.6458413626595857e+118 155
1757554511846 8.227946750260902e+118 156
1757554511916 7.778830938848075e+119 157
1757554511987 1.8026358284978936e+119 158
1757554512064 3.0818759262076682e+119 159
1757554512135 1.2060150724349067e+121 160
1757554512219 1.8629011134262495e+122 161
1757554512287 6.5863708871566465e+122 162
1757554512366 4.0828954322019306e+124 163
1757554512438 2.640302389027856e+123 164
1757554512510 2.6605110493812677e+124 165
1757554512594 1.7388944840357395e+126 166
1757554512686 6.155695761054356e+126 167
1757554512766 1.6829669607847138e+128 168
1757554512848 3.868993337492684e+129 169
1757554512924 5.740801668169562e+129 170
1757554513006 4.2954089232602794e+129 171
1757554513091 3.064064667972804e+129 172
1757554513164 3.494051325676395e+129 173
1757554513255 3.8863180622353594e+129 174
1757554513335 1.8542425505261487e+130 175
1757554513427 2.218219572710354e+130 176
1757554513518 4.1854122074416184e+129 177
1757554513618 6.311997481983024e+131 178
1757554513708 3.909361165890285e+133 179
1757554513810 1.9645036520767808e+132 180
1757554513896 4.189686524084522e+134 181
1757554513987 1.421340680552289e+134 182
1757554514083 1.6432041946908523e+134 183
1757554514175 6.404819501613258e+136 184
1757554514257 1.2226695073905867e+135 185
1757554514344 6.40280339791761e+134 186
1757554514419 3.9553511803179194e+135 187
1757554514496 4.956765226787904e+136 188
1757554514590 2.36873033733089e+136 189
1757554514668 7.247110450228198e+137 190
1757554514745 3.601475378674868e+138 191
1757554514817 9.757002294142171e+138 192
1757554514899 1.7290501736860193e+140 193
1757554514975 1.1361061654421274e+141 194
1757554515045 3.8940484521640436e+142 195
1757554515123 1.781367756667255e+141 196
1757554515198 1.4158788434993276e+142 197
1757554515268 9.740786987323192e+141 198
1757554515342 3.5743817117766964e+142 199
1757554515416 8.676106019324854e+143 200
1757554515484 3.810637409179163e+147 201
1757554515554 1.2748689858722315e+147 202
1757554515635 1.0790908374851865e+148 203
1757554515704 8.146929776279795e+148 204
1757554515782 4.5166561341736434e+148 205
1757554515854 5.849339779909587e+148 206
1757554515927 2.4159261586790427e+149 207
1757554516000 5.1949980814810265e+150 208
1757554516070 3.574571870015275e+151 209
1757554516147 3.095787587213606e+153 210
1757554516220 4.178700413963759e+153 211
1757554516285 1.9852978140066467e+152 212
1757554516362 1.1014100073184995e+153 213
1757554516433 3.3096438171876757e+154 214
1757554516510 8.487778072006387e+155 215
1757554516579 3.5343645961846367e+155 216
1757554516650 1.0463914734522384e+154 217
1757554516731 1.7697845244678147e+154 218
1757554516801 1.824013055081519e+155 219
1757554516869 3.592801270651389e+155 220
1757554516941 1.180586887616252e+155 221
1757554517012 2.672752975039041e+157 222
1757554517087 8.733743035325606e+157 223
1757554517162 1.7464577409186927e+159 224
1757554517228 5.473414307815151e+159 225
1757554517297 2.9926134614425046e+161 226
1757554517370 1.6602415760565033e+160 227
1757554517440 7.5913555454629495e+158 228
1757554517509 3.200448668414416e+158 229
1757554517580 7.126935628247344e+158 230
1757554517652 4.5843196055341045e+159 231
1757554517723 1.2372693293446215e+163 232
1757554517793 6.650349585167851e+161 233
1757554517867 2.3894380938469215e+163 234
1757554517943 3.307978610698546e+164 235
1757554518013 2.274371253449063e+166 236
1757554518087 1.5397381566381935e+168 237
1757554518158 8.803658043278758e+168 238
1757554518223 4.6793602720027205e+167 239
1757554518290 1.8448726760682118e+167 240
1757554518361 1.9393816930578808e+168 241
1757554518428 1.6181045211112984e+168 242
1757554518500 1.863947732337639e+167 243
1757554518566 1.7496038098801194e+169 244
1757554518639 8.32134194553195e+169 245
1757554518710 2.5463153289642692e+169 246
1757554518782 1.304451878859785e+170 247
1757554518856 1.557357341460089e+169 248
1757554518942 1.0327869345322849e+170 249
1757554519013 2.541066600850063e+171 250
1757554519087 3.462913376464438e+172 251
1757554519157 9.036754711853025e+173 252
1757554519233 4.643625465812506e+174 253
1757554519300 1.0893786235749323e+177 254
1757554519375 3.4658202019498193e+177 255
1757554519440 4.905641768782547e+177 256
1757554519513 1.3447376201705044e+180 257
1757554519589 1.6389604061462908e+178 258
1757554519655 1.358974066466959e+179 259
1757554519725 3.8808064285286466e+180 260
1757554519795 1.8030614715301646e+181 261
1757554519862 4.1744465795731e+182 262
1757554519930 1.3089208196094973e+184 263
1757554520002 3.685190985551465e+184 264
1757554520071 3.91968042518611e+184 265
1757554520145 4.501388743984909e+184 266
1757554520219 9.79022990250342e+184 267
1757554520294 7.071737854299224e+185 268
1757554520366 1.1148640157136209e+186 269
1757554520438 2.504625656578949e+186 270
1757554520509 5.1911555863451974e+187 271
1757554520574 4.15350969860867e+188 272
1757554520653 3.798913493996141e+187 273
1757554520727 2.40318408706425e+188 274
1757554520801 1.1733572324541487e+187 275
1757554520870 3.411893244194329e+187 276
1757554520948 1.7300177602274536e+189 277
1757554521023 2.476929534315904e+188 278
1757554521099 7.276825981924388e+189 279
1757554521177 1.612722288154205e+190 280
1757554521249 6.090541022967852e+191 281
1757554521320 1.6654363524564747e+191 282
1757554521392 2.914674421671722e+192 283
1757554521469 1.0766650949851007e+194 284
1757554521546 2.359700826201557e+193 285
1757554521623 6.757133344558252e+194 286
1757554521698 1.6215623360284723e+196 287
1757554521769 3.881634207175893e+197 288
1757554521837 2.5939311057622876e+199 289
1757554521913 5.451960858499676e+198 290
1757554521988 3.828574494312354e+201 291
1757554522066 5.128440362792779e+201 292
1757554522140 1.0073059946746509e+203 293
1757554522220 9.230758712954593e+203 294
1757554522296 7.801666401629925e+203 295
1757554522367 3.962463374422512e+204 296
1757554522442 7.124417045967302e+203 297
1757554522512 3.6020767877063946e+203 298
1757554522582 4.021057012601621e+202 299
1757554522651 1.0535156460338574e+204 300
1757554522729 2.992083402601713e+204 301
1757554522806 2.48870639190536e+204 302
1757554522876 1.3430885780183424e+205 303
1757554522952 3.6157357537546054e+206 304
1757554523022 7.218986781509183e+207 305
1757554523100 2.407843190215602e+209 306
1757554523170 2.4428419386132373e+208 307
1757554523244 2.0436790817749965e+208 308
1757554523323 7.403064334334407e+208 309
1757554523401 3.923703112056211e+209 310
1757554523472 4.900766249190713e+209 311
1757554523541 2.1399219093652607e+211 312
1757554523626 4.88720675493007e+212 313
1757554523694 5.044503510223964e+211 314
1757554523782 3.0939898110108485e+212 315
1757554523855 2.288316262372988e+211 316
1757554523933 6.891791309561307e+212 317
1757554524015 4.4860391564988174e+213 318
1757554524084 1.7823617283347115e+215 319
1757554524164 5.0423241786271584e+216 320
1757554524239 1.900810295440461e+217 321
1757554524314 4.9597107608733864e+218 322
1757554524389 2.8990997696854205e+221 323
1757554524464 6.34498065468559e+217 324
1757554524534 2.4908680007118898e+219 325
1757554524608 1.359846762952703e+220 326
1757554524683 6.826207000344613e+219 327
1757554524758 1.4778893369603401e+221 328
1757554524828 1.6954586873944974e+221 329
1757554524905 1.4414808467932669e+221 330
1757554524984 7.710205324340976e+221 331
1757554525058 7.424913723985145e+223 332
1757554525135 6.352577989607425e+225 333
1757554525209 2.6255882778627865e+227 334
1757554525280 7.346593728675524e+228 335
1757554525347 3.7437910462966256e+230 336
1757554525420 4.447599695248843e+232 337
1757554525505 1.978906255511288e+234 338
1757554525579 5.006622247120167e+235 339
1757554525654 8.702921233218266e+236 340
1757554525721 1.486972683509172e+238 341
1757554525792 2.1107148640464745e+239 342
1757554525871 1.1462317373376408e+241 343
1757554525944 7.549472014151798e+240 344
1757554526017 2.165909836671857e+240 345
1757554526093 6.466376411568939e+241 346
1757554526174 1.0596839057074395e+240 347
1757554526241 2.4585877133854236e+239 348
1757554526317 5.479005050285399e+239 349
1757554526389 1.293887203025738e+240 350
1757554526469 1.9204166879728102e+240 351
1757554526548 4.1288370900692705e+242 352
1757554526616 1.7173060472706863e+241 353
1757554526689 2.812599158906774e+241 354
1757554526766 2.0411272428139032e+241 355
1757554526838 1.7173505218714122e+242 356
1757554526908 3.35016633055107e+243 357
1757554526977 4.8882935156924095e+244 358
1757554527051 2.0051503420517624e+242 359
1757554527125 9.258339411523407e+243 360
1757554527200 1.4215910024914682e+244 361
1757554527270 1.237093525786163e+246 362
1757554527340 6.473254438392738e+246 363
1757554527413 1.6064149611602896e+247 364
1757554527483 8.409415108203808e+246 365
1757554527565 7.850224574211774e+246 366
1757554527632 1.268452667342039e+249 367
1757554527713 3.98663964024249e+250 368
1757554527786 1.3229664121599786e+251 369
1757554527863 3.953819641625769e+252 370
1757554527935 2.8408959226894162e+253 371
1757554528006 1.5414585404154839e+252 372
1757554528078 1.5677743361283928e+254 373
1757554528152 1.7296088142191953e+255 374
1757554528227 5.467639992387659e+254 375
1757554528302 1.4236694152004185e+256 376
1757554528379 7.546743476397686e+255 377
1757554528454 3.809782969474302e+258 378
1757554528532 4.240250006806286e+258 379
1757554528606 1.5122392584134047e+259 380
1757554528681 3.426186704159507e+259 381
1757554528752 3.5456244383814695e+262 382
1757554528823 1.653805925075238e+264 383
1757554528899 9.063307060827388e+265 384
1757554528986 4.432725661930836e+264 385
1757554529060 5.956480364760557e+265 386
1757554529139 1.2218183608281733e+267 387
1757554529215 2.1862980531143206e+268 388
1757554529289 2.093272543721291e+268 389
1757554529366 3.532839867600171e+269 390
1757554529440 1.0068047696220247e+270 391
1757554529511 1.3475913571829146e+272 392
1757554529582 5.92489251598651e+273 393
1757554529659 4.753861404989998e+273 394
1757554529738 1.624574068906401e+274 395
1757554529815 2.483084111758977e+274 396
1757554529903 4.757222310130689e+273 397
1757554529973 3.815872374513935e+273 398
1757554530050 1.9962780398659533e+274 399
1757554530128 1.829434661753236e+274 400
1757554530209 7.332285723945666e+274 401
1757554530282 1.7609834826114426e+275 402
1757554530360 1.0099906238895407e+276 403
1757554530439 6.675640649750739e+275 404
1757554530513 6.07650422890876e+276 405
1757554530590 3.139594900834715e+275 406
1757554530662 2.660465966559368e+274 407
1757554530729 3.912564070453663e+275 408
1757554530807 1.3881415130626467e+277 409
1757554530887 2.352223907097236e+277 410
1757554530961 4.614345907072704e+277 411
1757554531037 9.868703752739698e+278 412
1757554531112 3.481021298663374e+278 413
1757554531189 1.675733202014228e+279 414
1757554531263 2.246061544973325e+281 415
1757554531339 3.9754534267575975e+282 416
1757554531419 5.630628613129585e+282 417
1757554531492 1.3883894851596598e+283 418
1757554531565 2.4985187429352405e+285 419
1757554531639 2.335720366356986e+283 420
1757554531710 1.77224468565844e+284 421
1757554531789 6.672551668780952e+284 422
1757554531859 1.7540258924284077e+286 423
1757554531939 4.6326702891946644e+288 424
1757554532014 1.4062368264640686e+289 425
1757554532094 4.434978979587506e+288 426
1757554532172 4.1454775401000375e+289 427
1757554532246 2.071233484503543e+288 428
1757554532321 1.8674580873614442e+290 429
1757554532407 7.585008373582272e+290 430
1757554532485 6.661725661386876e+290 431
1757554532561 5.3263575560307345e+293 432
1757554532641 1.5302771738958524e+291 433
1757554532716 6.069551818425256e+292 434
1757554532789 1.4398614865493471e+293 435
1757554532861 8.657297148734553e+294 436
1757554532933 2.6159579108100655e+296 437
1757554533007 2.4128836839301545e+295 438
1757554533082 4.001639588319461e+296 439
1757554533167 1.5818899532717397e+298 440
1757554533245 5.314494768530981e+299 441
1757554533319 8.28319093720445e+298 442
1757554533394 5.063654349751121e+299 443
1757554533469 5.031631871365536e+299 444
1757554533549 1.5522798221301808e+298 445
1757554533626 1.0118681273049673e+299 446
1757554533696 1.2483227275981687e+299 447
1757554533775 7.305612489462478e+299 448
1757554533852 4.399696606942182e+301 449
1757554533936 2.6561932693049507e+300 450
1757554534013 2.1785848359270067e+303 451
1757554534091 3.3819632507270326e+301 452
1757554534174 4.5592987367552377e+300 453
1757554534259 6.4452477789374255e+299 454
1757554534440 4.898567363997208e+300 455
1757554534511 7.710862438744921e+302 456
1757554534581 1.1764525379957942e+303 457
1757554534652 7.008557914336938e+304 458
