1757557057503 1053300496920.496 0
1757557057564 1051192393554.776 1
1757557057621 1048039960350.1975 2
1757557057679 1044377879903.3052 3
1757557057736 1040474118483.4729 4
1757557057795 1036462737778.4913 5
1757557057851 1032410710215.9868 6
1757557057908 1028351429800.174 7
1757557057981 1024301493524.1183 8
1757557058057 1020269098619.324 9
1757557058131 1016258242822.3478 10
1757557058213 1012270824914.7236 11
1757557058293 1008307695088.3284 12
1757557058372 1004369180145.1144 13
1757557058442 1000455346094.348 14
1757557058504 996566129443.7212 15
1757557058573 992701402836.2395 16
1757557058632 988861007859.7804 17
1757557058706 985044771443.0016 18
1757557058770 981252514044.501 19
1757557058839 977484053738.6888 20
1757557058910 973739208250.112 21
1757557058970 970017795962.0911 22
1757557059028 966319636412.6069 23
1757557059091 962644550533.9042 24
1757557059158 958992360764.038 25
1757557059219 955362891094.482 26
1757557059278 951755967085.8575 27
1757557059339 948171415867.8019 28
1757557059399 944609066130.9991 29
1757557059466 941068748115.372 30
1757557059543 937550293596.4377 31
1757557059625 934053535870.8308 32
1757557059703 930578309741.4874 33
1757557059777 927124451502.7443 34
1757557059858 923691798925.4716 35
1757557059935 920280191242.3048 36
1757557060002 916889469133.0011 37
1757557060060 913519474709.9376 38
1757557060117 910170051503.7544 39
1757557060176 906841044449.1476 40
1757557060235 903532299870.8113 41
1757557060290 900243665469.5267 42
1757557060353 896974990308.3998 43
1757557060415 893726124799.2434 44
1757557060480 890496920689.1056 45
1757557060557 887287231046.9376 46
1757557060636 884096910250.4071 47
1757557060715 880925813972.847 48
1757557060792 877773799170.347 49
1757557060866 874640724068.9772 50
1757557060945 871526448152.15 51
1757557061014 868430832148.1156 52
1757557061073 865353738017.5883 53
1757557061133 862295028941.504 54
1757557061194 859254569308.909 55
1757557061261 856232224704.9749 56
1757557061327 853227861899.1394 57
1757557061390 850241348833.3754 58
1757557061453 847272554610.5808 59
1757557061530 844321349483.0929 60
1757557061616 841387604841.323 61
1757557061695 838471193202.5112 62
1757557061780 835571988199.5996 63
1757557061862 832689864570.2227 64
1757557061939 829824698145.8147 65
1757557062020 826976365840.83 66
1757557062099 824144745642.0782 67
1757557062177 821329716598.1718 68
1757557062255 818531158809.0828 69
1757557062334 815748953415.8126 70
1757557062410 812982982590.1669 71
1757557062489 810233129524.6404 72
1757557062546 807499278422.4071 73
1757557062603 804781314487.4154 74
1757557062667 802079123914.5881 75
1757557062729 799392593880.1234 76
1757557062790 796721612531.9009 77
1757557062846 794066068979.9836 78
1757557062904 791425853287.2245 79
1757557063017 788800856459.968 80
1757557063100 786190970438.8497 81
1757557063178 783596088089.6935 82
1757557063257 781016103194.5026 83
1757557063335 778450910442.5459 84
1757557063410 775900405421.5369 85
1757557063487 773364484608.9047 86
1757557063551 770843045363.1572 87
1757557063611 768335985915.3333 88
1757557063673 765843205360.5454 89
1757557063727 763364603649.6097 90
1757557063795 760900081580.7634 91
1757557063852 758449540791.4697 92
1757557063907 756012883750.3059 93
1757557063960 753590013748.939 94
1757557064026 751180834894.1824 95
1757557064102 748785252100.136 96
1757557064179 746403171080.4098 97
1757557064260 744034498340.4249 98
1757557064349 741679141169.799 99
1757557064428 739337007634.8066 100
1757557064506 737008006570.9208 101
1757557064569 734692047575.4309 102
1757557064629 732389041000.1384 103
1757557064697 730098897944.1257 104
1757557064757 727821530246.6033 105
1757557064823 725556850479.8287 106
1757557064882 723304771942.0996 107
1757557064940 721065208650.8208 108
1757557065003 718838075335.6395 109
1757557065068 716623287431.6567 110
1757557065128 714420761072.7037 111
1757557065183 712230413084.6918 112
1757557065247 710052160979.0295 113
1757557065307 707885922946.1066 114
1757557065363 705731617848.848 115
1757557065425 703589165216.3317 116
1757557065483 701458485237.4744 117
1757557065547 699339498754.7809 118
1757557065624 697232127258.1587 119
1757557065703 695136292878.7968 120
1757557065782 693051918383.1062 121
1757557065858 690978927166.7236 122
1757557065936 688917243248.577 123
1757557066016 686866791265.012 124
1757557066086 684827496463.9786 125
1757557066146 682799284699.2771 126
1757557066208 680782082424.8646 127
1757557066264 678775816689.2184 128
1757557066336 676780415129.7579 129
1757557066415 674795805967.3239 130
1757557066471 672821918012.8561 131
1757557066536 670858680631.9847 132
1757557066611 668906023760.3866 133
1757557066689 666963877897.0597 134
1757557066767 665032174098.3698 135
1757557066847 663110843972.5016 136
1757557066927 661199819674.1442 137
1757557067008 659299033899.3171 138
1757557067083 657408419880.292 139
1757557067142 655527911380.5911 140
1757557067204 653657442690.0419 141
1757557067264 651796948619.8945 142
1757557067325 649946364497.9863 143
1757557067384 648105626163.9596 144
1757557067450 646274669964.527 145
1757557067506 644453432748.7877 146
1757557067568 642641851863.59 147
1757557067642 640839865148.9404 148
1757557067721 639047410933.461 149
1757557067800 637264428029.8917 150
1757557067878 635490855730.6394 151
1757557067956 633726633803.3702 152
1757557068034 631971702486.6495 153
1757557068106 630226002485.622 154
1757557068166 628489474967.7399 155
1757557068226 626762061558.5312 156
1757557068284 625043704337.4122 157
1757557068343 623334345833.5415 158
1757557068405 621633929021.7168 159
1757557068463 619942397318.3125 160
1757557068524 618259694577.2583 161
1757557068581 616585765086.0588 162
1757557068663 614920553561.8527 163
1757557068743 613264005147.5116 164
1757557068822 611616065407.7795 165
1757557068900 609976680325.4485 166
1757557068980 608345796297.5759 167
1757557069058 606723360131.7369 168
1757557069128 605109319042.3165 169
1757557069185 603503620646.8376 170
1757557069242 601906212962.3274 171
1757557069303 600317044401.7177 172
1757557069367 598736063770.2837 173
1757557069428 597163220262.118 174
1757557069489 595598463456.6385 175
1757557069551 594041743315.1327 176
1757557069608 592493010177.336 177
1757557069685 590952214758.0441 178
1757557069767 589419308143.7594 179
1757557069844 587894241789.3702 180
1757557069924 586376967514.8652 181
1757557070004 584867437502.077 182
1757557070085 583365604291.4619 183
1757557070165 581871420778.909 184
1757557070245 580384840212.583 185
1757557070328 578905816189.7959 186
1757557070407 577434302653.9131 187
1757557070486 575970253891.2872 188
1757557070577 574513624528.2241 189
1757557070678 573064369527.9783 190
1757557070782 571622444187.7777 191
1757557070876 570187804135.8796 192
1757557070972 568760405328.6533 193
1757557071057 567340204047.694 194
1757557071226 565927156896.9628 195
1757557071364 564521220799.9574 196
1757557071510 563122352996.9086 197
1757557071650 561730511042.0062 198
1757557071773 560345652800.6511 199
1757557071897 558967736446.7346 200
1757557072021 557596720459.9447 201
1757557072140 556232563623.0992 202
1757557072261 554875225019.5044 203
1757557072399 553524664030.3402 204
1757557072541 552180840332.0707 205
1757557072666 550843713893.8799 206
1757557072801 549513244975.13306 207
1757557072919 548189394122.86316 208
1757557073037 546872122169.2806 209
1757557073154 545561390229.3086 210
1757557073283 544257159698.1427 211
1757557073415 542959392248.833 212
1757557073552 541668049829.8909 213
1757557073687 540383094662.91907 214
1757557073818 539104489240.26404 215
1757557073948 537832196322.69244 216
1757557074084 536566178937.08954 217
1757557074214 535306400374.1794 218
1757557074346 534052824186.2681 219
1757557074461 532805414185.0092 220
1757557074573 531564134439.18933 221
1757557074691 530328949272.5372 222
1757557074818 529099823261.5521 223
1757557074953 527876721233.355 224
1757557075083 526659608263.5586 225
1757557075342 525448449674.1602 226
1757557075453 524243211031.4528 227
1757557075561 523043858143.9578 228
1757557075670 521850357060.3772 229
1757557075771 520662674067.5651 230
1757557075879 519480775688.5196 231
1757557075976 518304628680.3931 232
1757557076168 517134200032.5229 233
1757557076235 515969456964.4792 234
1757557076300 514810366924.1331 235
1757557076373 513656897585.7429 236
1757557076436 512509016848.05804 237
1757557076503 511366692832.4421 238
1757557076561 510229893881.0133 239
1757557076622 509098588554.8028 240
1757557076682 507972745631.93085 241
1757557076756 506852334105.79987 242
1757557076837 505737323183.3054 243
1757557076917 504627682283.0634 244
1757557076996 503523381033.6554 245
1757557077077 502424389271.8891 246
1757557077158 501330677041.0766 247
1757557077240 500242214589.32886 248
1757557077322 499158972367.86505 249
1757557077403 498080921029.34 250
1757557077485 497008031426.18634 251
1757557077568 495940274608.97156 252
1757557077648 494877621824.77264 253
1757557077730 493820044515.5644 254
1757557077812 492767514316.6236 255
1757557077893 491720003054.9482 256
1757557078024 490677482747.6916 257
1757557078103 489639925600.611 258
1757557078183 488607304006.5317 259
1757557078265 487579590543.8238 260
1757557078347 486556757974.8956 261
1757557078428 485538779244.6994 262
1757557078510 484525627479.2516 263
1757557078592 483517275984.16754 264
1757557078675 482513698243.20917 265
1757557078756 481514867916.8466 266
1757557078840 480520758840.83374 267
1757557078922 479531345024.7952 268
1757557079003 478546600650.8294 269
1757557079087 477566500072.122 270
1757557079169 476591017811.5741 271
1757557079250 475620128560.4421 272
1757557079337 474653807176.9904 273
1757557079431 473692028685.1573 274
1757557079522 472734768273.2326 275
1757557079615 471782001292.54724 276
1757557079707 470833703256.1763 277
1757557079789 469889849837.6523 278
1757557079866 468950416869.69214 279
1757557079941 468015380342.93445 280
1757557080036 467084716404.68915 281
1757557080123 466158401357.69885 282
1757557080186 465236411658.911 283
1757557080257 464318723918.2619 284
1757557080322 463405314897.4712 285
1757557080388 462496161508.84863 286
1757557080456 461591240814.11066 287
1757557080520 460690530023.2084 288
1757557080582 459794006493.1657 289
1757557080652 458901647726.9295 290
1757557080717 458013431372.2287 291
1757557080785 457129335220.4444 292
1757557080852 456249337205.49066 293
1757557080919 455373415402.705 294
1757557080988 454501548027.7496 295
1757557081060 453633713435.5216 296
1757557081133 452769890119.074 297
1757557081201 451910056708.54614 298
1757557081266 451054191970.1041 299
1757557081331 450202274804.89056 300
1757557081407 449354284247.9837 301
1757557081473 448510199467.3665 302
1757557081547 447669999762.90436 303
1757557081620 446833664565.3329 304
1757557081688 446001173435.2541 305
1757557081757 445172506062.14185 306
1757557081824 444347642263.356 307
1757557081895 443526561983.1667 308
1757557081974 442709245291.78546 309
1757557082045 441895672384.40643 310
1757557082125 441085823580.2555 311
1757557082213 440279679321.64856 312
1757557082277 439477220173.0576 313
1757557082345 438678426820.1853 314
1757557082412 437883280069.04816 315
1757557082478 437091760845.0674 316
1757557082545 436303850192.16833 317
1757557082612 435519529271.88763 318
1757557082682 434738779362.4883 319
1757557082747 433961581858.083 320
1757557082817 433187918267.7644 321
1757557082883 432417770214.7445 322
1757557082946 431651119435.4997 323
1757557083012 430887947778.9255 324
1757557083081 430128237205.497 325
1757557083147 429371969786.4379 326
1757557083213 428619127702.8964 327
1757557083279 427869693245.12805 328
1757557083348 427123648811.6863 329
1757557083441 426380976908.6201 330
1757557083525 425641660148.6783 331
1757557083590 424905681250.52124 332
1757557083655 424173023037.93915 333
1757557083724 423443668439.0773 334
1757557083792 422717600485.668 335
1757557083857 421994802312.26984 336
1757557083927 421275257155.512 337
1757557083992 420558948353.3476 338
1757557084067 419845859344.31085 339
1757557084149 419135973666.7829 340
1757557084224 418429274958.2626 341
1757557084296 417725746954.6442 342
1757557084364 417025373489.5017 343
1757557084426 416328138493.3783 344
1757557084495 415634025993.08246 345
1757557084565 414943020110.99146 346
1757557084624 414255105064.358 347
1757557084692 413570265164.62573 348
1757557084760 412888484816.74896 349
1757557084825 412209748518.5186 350
1757557084912 411534040859.8942 351
1757557084997 410861346522.3413 352
1757557085082 410191650278.17456 353
1757557085165 409524936989.9071 354
1757557085252 408861191609.6042 355
1757557085336 408200399178.24365 356
1757557085401 407542544825.0811 357
1757557085463 406887613767.0207 358
1757557085532 406235591307.9914 359
1757557085605 405586462838.32794 360
1757557085682 404940213834.1583 361
1757557085749 404296829856.795 362
1757557085821 403656296552.132 363
1757557085895 403018599650.0478 364
1757557085982 402383724963.8114 365
1757557086069 401751658389.4952 366
1757557086156 401122385905.392 367
1757557086243 400495893571.43713 368
1757557086328 399872167528.6353 369
1757557086402 399251193998.4923 370
1757557086468 398632959282.4514 371
1757557086534 398017449761.33496 372
1757557086598 397404651894.78973 373
1757557086667 396794552220.7379 374
1757557086732 396187137354.8321 375
1757557086815 395582393989.91455 376
1757557086905 394980308895.48236 377
1757557086989 394380868917.15485 378
1757557087073 393784060976.1472 379
1757557087157 393189872068.7484 380
1757557087242 392598289265.80164 381
1757557087327 392009299712.19183 382
1757557087407 391422890626.3345 383
1757557087475 390839049299.6717 384
1757557087543 390257763096.1693 385
1757557087611 389679019451.82074 386
1757557087678 389102805874.1535 387
1757557087744 388529109941.7401 388
1757557087810 387957919303.7131 389
1757557087874 387389221679.28406 390
1757557087952 386823004857.2662 391
1757557088037 386259256695.6013 392
1757557088123 385697965120.89056 393
1757557088211 385139118127.9286 394
1757557088298 384582703779.2421 395
1757557088385 384028710204.6317 396
1757557088471 383477125600.71765 397
1757557088555 382927938230.4892 398
1757557088640 382381136422.85785 399
1757557088722 381836708572.21423 400
1757557088807 381294643137.98755 401
1757557088896 380754928644.2106 402
1757557088967 380217553679.0858 403
1757557089036 379682506894.5576 404
1757557089101 379149777005.8851 405
1757557089168 378619352791.2208 406
1757557089235 378091223091.19183 407
1757557089298 377565376808.48346 408
1757557089362 377041802907.42773 409
1757557089432 376520490413.5942 410
1757557089515 376001428413.3844 411
1757557089603 375484606053.6293 412
1757557089688 374970012541.18994 413
1757557089773 374457637142.56195 414
1757557089857 373947469183.4817 415
1757557089941 373439498048.53796 416
1757557090009 372933713180.7835 417
1757557090077 372430104081.3528 418
1757557090142 371928660309.08093 419
1757557090215 371429371480.12573 420
1757557090281 370932227267.5937 421
1757557090348 370437217401.16785 422
1757557090435 369944331666.7393 423
1757557090524 369453559906.0414 424
1757557090607 368964892016.2865 425
1757557090690 368478317949.8059 426
1757557090774 367993827713.69293 427
1757557090858 367511411369.4477 428
1757557090944 367031059032.6256 429
1757557091012 366552760872.4887 430
1757557091078 366076507111.6591 431
1757557091142 365602288025.7752 432
1757557091209 365130093960.2561 433
1757557091270 364659915287.24054 434
1757557091337 364191742435.12366 435
1757557091403 363725565886.09625 436
1757557091469 363261376174.75055 437
1757557091552 362799163887.22064 438
1757557091635 362338919660.5909 439
1757557091720 361880634182.44006 440
1757557091805 361424298190.4544 441
1757557091887 360969902472.07666 442
1757557091972 360517437864.17316 443
1757557092042 360066895252.713 444
1757557092115 359618265572.453 445
1757557092184 359171539806.62695 446
1757557092252 358726708986.6385 447
1757557092330 358283764191.75745 448
1757557092401 357842696548.8177 449
1757557092460 357403497231.91754 450
1757557092536 356966157462.12366 451
1757557092624 356530668507.17584 452
1757557092710 356097021681.1947 453
1757557092795 355665208344.39136 454
1757557092880 355235219902.7799 455
1757557093051 354807047807.8909 456
1757557093138 354380683556.4884 457
1757557093228 353956118690.28766 458
1757557093315 353533344795.6762 459
1757557093401 353112353503.43646 460
1757557093486 352693136488.4701 461
1757557093557 352275685469.52527 462
1757557093620 351859992208.925 463
1757557093688 351446048512.29846 464
1757557093763 351033846228.3133 465
1757557093848 350623377248.41095 466
1757557093915 350214633506.5431 467
1757557093991 349807606978.9104 468
1757557094061 349402289683.70337 469
1757557094131 348998673680.8448 470
1757557094198 348596751071.7344 471
1757557094278 348196513998.995 472
1757557094354 347797954646.2204 473
1757557094429 347401065237.7264 474
1757557094499 347005838038.302 475
1757557094571 346612265352.9634 476
1757557094649 346220339526.70905 477
1757557094724 345830052944.27765 478
1757557094796 345441398029.907 479
1757557094869 345054367247.0944 480
1757557094939 344668953098.36005 481
1757557095015 344285148125.0107 482
1757557095100 343902944906.90564 483
1757557095173 343522336062.22504 484
1757557095249 343143314247.23883 485
1757557095322 342765872156.07764 486
1757557095395 342390002520.506 487
1757557095466 342015698109.69653 488
1757557095532 341642951730.00555 489
1757557095601 341271756224.75104 490
1757557095685 340902104473.9919 491
1757557095766 340533989394.30817 492
1757557095839 340167403938.58435 493
1757557095930 339802341095.79193 494
1757557096021 339438793890.7762 495
1757557096115 339076755384.04205 496
1757557096222 338716218671.5436 497
1757557096329 338357176884.4729 498
1757557096424 337999623189.0526 499
