1757542369037 389830214713.6916 0
1757542369102 875942784585.1359 1
1757542369167 1551908481046.6672 2
1757542369233 1482526007851.1333 3
1757542369300 270780097312.06155 4
1757542369361 1024032663152.1455 5
1757542369437 848761150473.5157 6
1757542369506 627241412326.55 7
1757542369572 268553334169.427 8
1757542369634 1112553101016.853 9
1757542369704 705890850099.2152 10
1757542369767 228573360623.18024 11
1757542369839 254271349872.66605 12
1757542369903 594807995744.5475 13
1757542369971 291079990113.0129 14
1757542370032 515163328846.81244 15
1757542370101 257137048944.8454 16
1757542370172 272156543770.43912 17
1757542370246 763962182403.6466 18
1757542370312 1050133298585.0878 19
1757542370381 285478455603.76447 20
1757542370450 625708052419.4624 21
1757542370519 421746946601.0059 22
1757542370588 269637143894.67383 23
1757542370654 528594199526.2682 24
1757542370717 621937216633.9949 25
1757542370781 795454290349.0422 26
1757542370851 276719296494.8947 27
1757542370912 639223764936.8555 28
1757542370979 310206268074.4118 29
1757542371049 312626701417.6376 30
1757542371116 627787947393.3667 31
1757542371177 1160394123302.4072 32
1757542371244 1094486118713.6781 33
1757542371308 185669517096.653 34
1757542371372 146658081286.22263 35
1757542371450 292153169728.29456 36
1757542371520 464063580715.4204 37
1757542371583 517350855461.78577 38
1757542371648 681789674908.0742 39
1757542371713 220589509514.14594 40
1757542371779 227017630156.4727 41
1757542371847 643982650726.4066 42
1757542371912 1212487282739.8647 43
1757542371978 179682522325.92447 44
1757542372051 712755912032.6594 45
1757542372118 214130447650.2317 46
1757542372183 170124777239.14017 47
1757542372249 708171434691.5103 48
1757542372312 406561679900.18756 49
1757542372382 117627825435.129 50
1757542372450 90740382231.33746 51
1757542372512 167452290296.5845 52
1757542372581 628355711319.4886 53
1757542372647 548639702259.6318 54
1757542372730 372763774716.042 55
1757542372800 444945945537.65607 56
1757542372867 240703190169.59787 57
1757542372932 674624524297.2079 58
1757542372997 337411956541.4331 59
1757542373065 434007334408.9228 60
1757542373127 415154598473.0749 61
1757542373195 70400797778.08443 62
1757542373265 546710279515.14 63
1757542373332 217548307290.8587 64
1757542373398 149556983615.83856 65
1757542373466 405116652181.1302 66
1757542373529 490545698080.44073 67
1757542373623 102868935058.89084 68
1757542373693 85561679310.6328 69
1757542373761 331319462610.15564 70
1757542373823 80779180241.00691 71
1757542373889 293715734456.4672 72
1757542373954 426114734426.5885 73
1757542374022 422226615880.99854 74
1757542374093 183861686064.36407 75
1757542374156 195762769475.45312 76
1757542374228 148470070330.6379 77
1757542374290 727600324902.4762 78
1757542374363 507423702816.7346 79
1757542374429 93704039207.81802 80
1757542374499 161343703838.33914 81
1757542374561 188907857116.97488 82
1757542374629 307126238928.2297 83
1757542374696 77426070207.68413 84
1757542374759 216972516775.8254 85
1757542374829 646210575533.4493 86
1757542374895 339711809961.03357 87
1757542374957 90871690676.26968 88
1757542375022 84380839915.93434 89
1757542375086 352987252023.49963 90
1757542375156 369959924536.33936 91
1757542375216 119531147322.4886 92
1757542375281 361087285733.93884 93
1757542375348 282118847913.63684 94
1757542375415 346994456207.4899 95
1757542375487 145236310250.97827 96
1757542375557 218020894241.70352 97
1757542375623 222615740852.85843 98
1757542375694 543619960829.7828 99
1757542375760 276204017033.62775 100
1757542375828 373049834029.5458 101
1757542375891 303407797008.4918 102
1757542375956 360044953907.4956 103
1757542376027 244686720090.2346 104
1757542376119 246648831175.094 105
1757542376204 421549967847.9277 106
1757542376292 150297744553.6861 107
1757542376372 186297637957.61612 108
1757542376436 114341389691.86046 109
1757542376506 712711181488.8977 110
1757542376575 267029454762.9887 111
1757542376642 695052961159.1086 112
1757542376705 206318477759.2686 113
1757542376768 389244575877.8462 114
1757542376838 513874335739.8802 115
1757542376904 102830721062.51335 116
1757542376974 565629220238.4066 117
1757542377043 203689460500.53635 118
1757542377108 275470395344.9139 119
1757542377181 123180770696.70442 120
1757542377246 82106953248.5478 121
1757542377317 64912861351.531845 122
1757542377383 280935901762.932 123
1757542377454 449255863776.9356 124
1757542377526 316205290944.4609 125
1757542377590 65392922227.70941 126
1757542377662 463813057224.87286 127
1757542377725 308883402537.3123 128
1757542377797 257637777043.04797 129
1757542377863 151853477776.42728 130
1757542377927 551676222312.4998 131
1757542377993 100652964069.57144 132
1757542378054 705396184462.4296 133
1757542378123 81357141286.09781 134
1757542378192 91475362202.97495 135
1757542378260 333973631223.1244 136
1757542378330 384730296220.02814 137
1757542378402 247742893410.17688 138
1757542378475 263319427529.81552 139
1757542378538 137579791158.9822 140
1757542378601 338789263373.8322 141
1757542378672 107613456335.91705 142
1757542378738 97991268095.87906 143
1757542378812 255201047486.13995 144
1757542378877 320659314185.2199 145
1757542378941 212168734562.72623 146
1757542379012 165403564836.49542 147
1757542379075 193390392729.5162 148
1757542379153 143001986202.56555 149
1757542379220 79246019292.69916 150
1757542379287 195147904800.39877 151
1757542379352 76011515461.73216 152
1757542379419 101696324175.40309 153
1757542379499 90773220221.78389 154
1757542379565 234187711681.05536 155
1757542379637 63633810691.80766 156
1757542379701 71167821813.35332 157
1757542379774 309112124281.5839 158
1757542379845 389816583141.0348 159
1757542379920 77298510786.76341 160
1757542379983 284389087210.5047 161
1757542380064 766920904720.0717 162
1757542380153 92432097477.9242 163
1757542380234 86393239679.1528 164
1757542380301 562551194402.6606 165
1757542380368 94587343427.48634 166
1757542380441 301915861705.4373 167
1757542380511 133069758974.53026 168
1757542380574 280004772583.3637 169
1757542380642 223361872933.54593 170
1757542380718 102338677342.29396 171
1757542380798 131664733624.25427 172
1757542380874 319288548180.2424 173
1757542380950 64889307223.10433 174
1757542381029 297101128174.9982 175
1757542381106 187843528627.54727 176
1757542381173 356761791829.41437 177
1757542381247 253432056447.8793 178
1757542381314 81104072893.43506 179
1757542381377 80002874014.72504 180
1757542381448 107758251411.7735 181
1757542381510 486875573659.71173 182
1757542381576 66477428499.02158 183
1757542381642 145173388140.03192 184
1757542381709 318986527731.36365 185
1757542381781 734482248550.9467 186
1757542381851 144680785184.48444 187
1757542381925 531477687266.759 188
1757542382012 249681012831.90265 189
1757542382100 484599031885.1953 190
1757542382176 562808893170.8444 191
1757542382246 156477693933.65567 192
1757542382317 115845783394.94139 193
1757542382402 109143126877.52907 194
1757542382500 104914890113.86334 195
1757542382591 370635502164.8486 196
1757542382667 120824965421.82451 197
1757542382747 305934302851.96375 198
1757542382822 133609316468.21855 199
1757542382903 297798349793.3448 200
1757542382987 63722545620.187416 201
1757542383057 435136927373.63525 202
1757542383124 309347488724.3399 203
1757542383191 144144021225.6551 204
1757542383271 73363626682.3522 205
1757542383337 350162304155.23474 206
1757542383408 731385797120.4089 207
1757542383488 196628517898.9018 208
1757542383562 112759904542.1032 209
1757542383631 140741614065.09833 210
1757542383700 347353817696.348 211
1757542383771 201755152020.79697 212
1757542383840 306211369312.3245 213
1757542383911 214905714985.44653 214
1757542383976 544625609252.3212 215
1757542384056 131634608742.28477 216
1757542384139 205066755793.403 217
1757542384219 61341449679.74799 218
1757542384284 90614344263.32793 219
1757542384366 127569413160.46213 220
1757542384433 154586927668.9199 221
1757542384506 481406626146.40393 222
1757542384575 146467275407.6455 223
1757542384643 206646545098.71835 224
1757542384709 93978517203.26888 225
1757542384779 102668559219.7192 226
1757542384850 230752434363.53925 227
1757542384915 153763458979.0488 228
1757542384989 248346700836.40982 229
1757542385056 239661216806.9046 230
1757542385127 220720145640.00687 231
1757542385194 72940117500.44792 232
1757542385272 79289400642.94244 233
1757542385360 289924522824.1519 234
1757542385436 204884643224.00607 235
1757542385507 312396266054.08575 236
1757542385582 400948251209.83264 237
1757542385670 104396651842.95345 238
1757542385741 302983600507.9282 239
1757542385810 352694811578.68976 240
1757542385882 350113683792.7886 241
1757542385948 132516974238.70708 242
1757542386009 85997343562.06929 243
1757542386079 274488336916.39847 244
1757542386150 176339701560.31943 245
1757542386213 338187660507.544 246
1757542386293 102146813899.11902 247
1757542386359 154867926436.75528 248
1757542386431 449675239817.14417 249
1757542386503 1058539701868.2339 250
1757542386579 269291518162.59567 251
1757542386645 225175951784.9524 252
1757542386718 93982035741.04065 253
1757542386785 587515242914.5756 254
1757542386850 145144007350.08194 255
1757542386915 344811201219.2872 256
1757542386987 242404707339.23935 257
1757542387058 77918428100.74858 258
1757542387126 607918337384.7085 259
1757542387197 62143704153.01281 260
1757542387275 201071952682.22833 261
1757542387347 329262297752.57306 262
1757542387414 474544822184.3707 263
1757542387482 289961716957.522 264
1757542387560 266494722938.1594 265
1757542387630 186009085566.12225 266
1757542387701 395320247148.1435 267
1757542387772 357400290413.9781 268
1757542387849 113759617241.81891 269
1757542387917 153901260923.96826 270
1757542387988 77211695036.3166 271
1757542388053 722308512311.2633 272
