1757547039005 5577197077.835909 0
1757547039504 272280561272.02197 1
1757547039994 293620812635.07733 2
1757547040489 217395338990.8006 3
1757547040987 3216111878730.486 4
1757547041474 38715462046.00722 5
1757547041964 34630458.93041412 6
1757547042446 351273884384.7966 7
1757547042924 1970925781491.2673 8
1757547043398 10251793294.179733 9
1757547043890 23393636583.9287 10
1757547044394 20216658139.895454 11
1757547044883 5928413422.5504265 12
1757547045361 536675236.3225304 13
1757547045852 95166557157.1231 14
1757547046347 2098780487798.4644 15
1757547046853 1521666738386.1667 16
1757547047345 3872760166.3352566 17
1757547047845 5808301856.109377 18
1757547048329 1924845189108.3022 19
1757547048826 287367745240.5989 20
1757547049334 595264493673.0742 21
1757547049839 661556859871.141 22
1757547050328 27677748899.406994 23
1757547050818 298182118.64415693 24
1757547051309 44318171103.41944 25
1757547051803 4951964793.317234 26
1757547052332 143886103321.46802 27
1757547052888 6700059377.785453 28
1757547053450 810047815995.466 29
1757547053979 112567163828.96242 30
1757547054484 213119808880.38467 31
1757547054977 48630134904.604004 32
1757547055490 193713433851.07538 33
1757547055973 6194125292.894458 34
1757547056457 135596202488.83997 35
1757547056978 20796059444.97847 36
1757547057461 38980637089.93715 37
1757547057954 92250776467.85722 38
1757547058445 238396175.58496064 39
1757547058937 9784016966.387812 40
1757547059443 3673885041.960317 41
1757547059940 31931076975.8138 42
1757547060443 96819039765.73189 43
1757547060940 283622971040.95764 44
1757547061436 317600875504.7637 45
1757547061936 72114508084.80002 46
1757547062417 729719605117.5718 47
1757547062889 192119121474.80664 48
1757547063382 4522147473.644979 49
1757547063870 1289906461994.1704 50
1757547064414 121017095985.60777 51
1757547064901 1422148834352.085 52
1757547065403 637536138.083592 53
1757547065909 309094730626.1255 54
1757547066399 88065387566.91202 55
1757547066889 2938414898.004243 56
1757547067383 5566160793.351935 57
1757547067881 10832347093.808994 58
1757547068396 1511982041431.2834 59
1757547068878 9536022279179.791 60
1757547069393 405571199.2816063 61
1757547069883 251507218230.65637 62
1757547070388 273994420915.53595 63
1757547070883 492724194723.4996 64
1757547071361 3034474300.684828 65
1757547071851 676347671934.5729 66
1757547072354 2837091263.9885297 67
1757547072858 243600257.01444787 68
1757547073357 568915405.950416 69
1757547073856 1136451768436.6406 70
1757547074356 7402149697.287771 71
1757547074850 30233778581.845753 72
1757547075355 34429596983.24789 73
1757547075860 5127161752.756013 74
1757547076345 119496276.94085284 75
1757547076846 8856273501.584036 76
1757547077351 5327170190.360186 77
1757547077831 38544977095.80051 78
1757547078321 80004147.32385013 79
1757547078800 328727835259.91785 80
1757547079298 28820137298.231583 81
1757547079783 175305906095.37793 82
1757547080283 45015736432325.21 83
1757547080775 607678397.5903168 84
1757547081270 210843283683.65 85
1757547081769 374858034067.9321 86
1757547082273 22257530762573.7 87
1757547082756 39532056362.77808 88
1757547083269 1090905342.7820103 89
1757547083745 282182204832.9823 90
1757547084265 444770973021.59875 91
1757547084791 19129394067.44978 92
1757547085310 108507910113.45537 93
1757547085857 53812049089.997444 94
1757547086394 34148011758.470833 95
1757547086960 9082090658.590864 96
1757547087490 506676218791.7341 97
1757547087994 20729194.73249944 98
1757547088515 36416390832.89563 99
1757547089007 83087674024.28697 100
1757547089517 280733618875.8369 101
1757547090004 21199743268.79964 102
1757547090500 91301816197.96683 103
1757547090993 290300990437.6573 104
1757547091508 368119690431.74835 105
1757547092001 11059862357.944918 106
1757547092508 2583072388.670453 107
1757547093001 7020004774.349852 108
1757547093483 73373252374.33232 109
1757547093985 97942157751.54213 110
1757547094497 33886741754.47674 111
1757547094978 54909109105.10128 112
1757547095461 20205588105.56623 113
1757547095973 4786383481.861834 114
1757547096467 4044710704.144143 115
1757547096986 22930396568.23699 116
1757547097476 10572187263.334213 117
1757547097983 2411089749770.512 118
1757547098479 8291485984.530376 119
1757547098969 27576526445.090908 120
1757547099462 297340953707.77 121
1757547099953 127105146267.9794 122
1757547100428 49508780793.95223 123
1757547100909 1112902789.6746259 124
1757547101408 70830727026.99301 125
1757547101891 7907062812170.874 126
1757547102383 8793053766991.741 127
1757547102876 10069694686284.418 128
1757547103369 153692117.51484928 129
1757547103865 419852255727.68396 130
1757547104386 19585941267.25729 131
1757547104869 320114990082.6639 132
1757547105363 756737390954.3121 133
1757547105833 8384082392.819988 134
1757547106329 29183047914.93527 135
1757547106838 33176100416.307896 136
1757547107323 8136176387.510431 137
1757547107813 409708288488.7405 138
1757547108288 864361474.2764425 139
1757547108770 47997721225.5842 140
1757547109273 3821333086.033487 141
1757547109743 23537101380.913994 142
1757547110244 45525742166.0132 143
1757547110728 234774733415.9539 144
1757547111208 159346988317.67957 145
1757547111696 2120002943.9617534 146
1757547112186 60659354658.25753 147
1757547112680 593768998360.9147 148
1757547113169 36348454569.38934 149
1757547113648 505478265.92929065 150
1757547114149 696872997.6965399 151
1757547114652 46286618189.128105 152
1757547115168 369330191114.8797 153
1757547115682 104042684095.83228 154
1757547116265 614958495288.0806 155
1757547116817 63738050648.06187 156
1757547117327 8119579.015414469 157
1757547117803 3915305996.6642647 158
1757547118279 1235058262890.6865 159
1757547118780 32217037529.322083 160
1757547119260 163432879139.16754 161
1757547119756 1341151772035.282 162
1757547120241 17900459267.91756 163
1757547120721 3011845312.53743 164
1757547121215 4489495866.744076 165
1757547121695 30542139730.934013 166
1757547122168 97295852449.27246 167
1757547122663 4312963953.465741 168
1757547123155 46230912075.906 169
1757547123641 33001632421.60767 170
1757547124160 14162370327.750374 171
1757547124643 14781507202.458076 172
1757547125142 54805527798.37031 173
1757547125619 1780394252983.1611 174
1757547126096 581293240.7036761 175
1757547126588 3933618618.2418346 176
1757547127082 844403444.3079959 177
1757547127572 226347081816.27896 178
1757547128068 212232325.18551755 179
1757547128553 11306876902.762127 180
1757547129033 48431122675.70553 181
1757547129539 27857768958.77713 182
1757547130029 6127102321.903315 183
1757547130522 205486549835.86078 184
1757547131025 1373458891.3726392 185
1757547131537 44164014884.758064 186
1757547132048 18908240487.2162 187
1757547132541 19178945562.739483 188
1757547133034 1071960458.535722 189
1757547133534 14360860390.34104 190
1757547134042 96837656891.24991 191
1757547134539 750666128749.006 192
1757547135031 2561949876.6556854 193
1757547135503 103529835841.53218 194
1757547135974 4390214775792.3496 195
1757547136459 10837658581.609556 196
1757547136939 5366571980072.299 197
1757547137432 22851147138.404926 198
1757547137925 139009124293.73383 199
1757547138417 440639682852.32166 200
1757547138907 69992282000.94016 201
1757547139399 34268932311.719517 202
1757547139900 894914103.4769362 203
1757547140414 33248314656.991898 204
1757547140901 54700019.38341331 205
1757547141391 685026784577.1338 206
1757547141888 55378966422.378456 207
1757547142374 393075508666.73914 208
1757547142869 21233487310083.188 209
1757547143378 60993820594.60968 210
1757547143877 29020159152.650387 211
1757547144372 111144579527.52588 212
1757547144876 2456413864.3201847 213
1757547145356 1142542997978.0789 214
1757547145855 159138834670.515 215
1757547146347 409386616056.3286 216
1757547146828 118079809259.84448 217
1757547147312 28224194718985.223 218
1757547147866 9722007050.618908 219
1757547148472 39462558849.84883 220
1757547149002 15854562661.99358 221
1757547149554 22703958184.692066 222
1757547150100 65669470009.671455 223
1757547150639 29580969730.057953 224
1757547151156 27038566041.57813 225
1757547151689 1052681843.3998907 226
1757547152174 181928630369.03976 227
1757547152680 72144798.70469373 228
1757547153173 23988652768.709373 229
1757547153677 5416666930.476001 230
1757547154178 16784011148.730555 231
1757547154685 136451568365.42014 232
1757547155185 4053734359.0008516 233
1757547155680 687523281670.5648 234
1757547156199 79197345517.7994 235
1757547156695 163353090311.91077 236
1757547157208 20883111390.73913 237
1757547157690 98340627664.434 238
1757547158182 2880774018184.8774 239
1757547158679 372756627454.2293 240
1757547159159 1580611373.52713 241
1757547159647 9889410224.266563 242
1757547160138 97132956834.7883 243
1757547160612 810690360998.8671 244
1757547161083 85143660519.04996 245
1757547161589 236735115453.07867 246
1757547162074 31172297784.965893 247
1757547162570 134952678206.69177 248
1757547163056 76174.63291152795 249
1757547163552 2400971074.4449697 250
1757547164060 534571250735.30426 251
1757547164590 575219079022.9258 252
1757547165103 17915797252.2368 253
1757547165611 107705687686.84254 254
1757547166104 3193569044.1814065 255
1757547166613 70401990757.72264 256
1757547167113 3677227063.4398136 257
1757547167601 4708795957.520091 258
1757547168088 3033846845.684899 259
1757547168584 581538399516.9158 260
1757547169070 925738668156.7902 261
1757547169551 10199352476.929754 262
1757547170038 1172308819434.4219 263
1757547170510 76568116.3258205 264
1757547171001 988855661.6903687 265
1757547171483 16634391.01817068 266
1757547171960 19074612367.38038 267
1757547172456 3067215792.5528965 268
1757547172949 38614120811.37965 269
1757547173452 56348677853320.85 270
1757547173948 21167804301.33942 271
1757547174467 74465664003.91074 272
1757547174980 5522224112.998577 273
1757547175479 300330095990.9244 274
1757547175974 146127947727.4364 275
1757547176458 366788823960.9861 276
1757547176952 2334471634.091862 277
1757547177443 36739575825.34662 278
1757547177933 111238194949.7462 279
1757547178426 4093169227.000182 280
1757547178926 447744315835.86554 281
1757547179448 97068277881.28717 282
1757547180030 1200326857951.824 283
1757547180576 87664794201.8748 284
1757547181154 72052981736.78966 285
1757547181638 395329831.56363726 286
1757547182116 8101393282.466025 287
1757547182599 53671096.536336266 288
1757547183067 44801104131.24471 289
1757547183546 97782704.53520122 290
1757547184034 4818524776.943475 291
1757547184534 209492334738.55576 292
1757547185027 1920277157.383485 293
1757547185521 247069150852.27145 294
1757547186018 44902247841.27273 295
1757547186509 160869389605.52667 296
1757547187015 237986474929.93387 297
1757547187517 555378862.162751 298
1757547187991 44233496603.40336 299
1757547188480 55957010040.77016 300
1757547188966 439682378256.8455 301
1757547189520 20377436263.58697 302
1757547190003 23266824460.014904 303
1757547190507 264330604.9420551 304
1757547190987 82508058989.65886 305
1757547191482 4928152514.120624 306
1757547191968 117519578062.51494 307
1757547192452 321611497762.3197 308
1757547192936 2374383862986.326 309
1757547193455 10205089343.666176 310
1757547193938 196145270904.41733 311
1757547194458 4393983788.609221 312
1757547194941 10770737877.255987 313
1757547195416 1564786073789.153 314
1757547195921 544965123353.85834 315
1757547196430 3905690248.732676 316
1757547196914 5697843226.630872 317
1757547197398 118405163846.84409 318
1757547197871 63217021899.780945 319
1757547198360 5504427200.985667 320
1757547198852 1207431687.3335633 321
1757547199343 184478912428.6798 322
1757547199829 186483164681.69742 323
1757547200323 21538423923.58679 324
1757547200810 114580578858.5572 325
1757547201306 340894050.2652931 326
1757547201799 61193293570.68339 327
1757547202291 87420432628.29277 328
1757547202777 40408155855.66036 329
1757547203280 71483264313.8957 330
1757547203777 28848982960.723118 331
1757547204327 55033402450.05189 332
1757547204835 1239638061407.4243 333
1757547205311 8138017659.377436 334
1757547205795 81458005567.57127 335
1757547206282 1843731965.6199894 336
1757547206772 6619217890.177576 337
1757547207270 154718335838.07724 338
1757547207750 146074133032.31265 339
1757547208253 732499187030.7336 340
1757547208739 136004899659.21234 341
1757547209221 18715455751.97648 342
1757547209705 8210456955.624741 343
1757547210192 4609799673.022229 344
1757547210682 90312706109.50848 345
1757547211169 171697111219.61023 346
1757547211672 646969751.62135 347
1757547212195 36841746133.53254 348
1757547212746 737351943.3196876 349
1757547213353 10065306106.973837 350
1757547213872 63723088901.01125 351
1757547214424 3778060427.057978 352
1757547214952 192981533660.83517 353
1757547215447 14644053487.962307 354
1757547215953 14750630912.297585 355
1757547216450 2510663396.165117 356
1757547216956 140857585586.44815 357
1757547217454 89734968264.17828 358
1757547217965 20617906311.506275 359
1757547218444 2556222535622.596 360
1757547218926 12387124005826.957 361
1757547219423 37732553280.69738 362
1757547219900 204540491806.24463 363
1757547220397 230432964038.81165 364
1757547220888 607866769003.7931 365
1757547221362 93139657922.63136 366
1757547221857 38192678687.84516 367
1757547222348 57096818044.52581 368
1757547222828 27999681822.50531 369
1757547223323 235209095.56734753 370
1757547223808 155116283587.34836 371
1757547224322 257739536975.32 372
1757547224812 21914952002.82435 373
1757547225299 1073541400.073562 374
1757547225778 138857823.38585296 375
1757547226265 7021661997116.94 376
1757547226749 568374864865.8025 377
1757547227261 9159859576.871943 378
1757547227760 64796707165.589775 379
1757547228248 594167055393.6998 380
1757547228741 31502103672.60815 381
1757547229228 181777205228.85977 382
1757547229718 12159458752145.975 383
1757547230207 1272416.0907699086 384
1757547230691 1134842825049.339 385
1757547231168 3930669991.928547 386
1757547231662 28489648575.58092 387
1757547232148 15956712721.164335 388
1757547232628 284560492966.0242 389
1757547233128 3859956.055295335 390
1757547233621 69488275886.92834 391
1757547234115 453186894449.328 392
1757547234622 301752670.09392816 393
1757547235115 3491331800.5783405 394
1757547235608 22653343858.26829 395
1757547236113 595084174531.2502 396
1757547236592 498536.273331303 397
1757547237080 496865811056.6586 398
1757547237559 56629709831.21563 399
1757547238047 4592928642.221954 400
1757547238542 5390163225701.929 401
1757547239034 344921960528.0378 402
1757547239512 339439820541.4021 403
1757547239995 158233908670.74228 404
1757547240490 34418791302.567276 405
1757547240990 21613539541.892673 406
1757547241491 13163583458.696249 407
1757547241981 36032052160.614136 408
1757547242464 88270957094.39377 409
1757547242958 502838368604.536 410
1757547243497 31527812826.64841 411
1757547244034 60849533214.670265 412
1757547244549 17324634742.506405 413
1757547245044 745050018885.9375 414
1757547245538 302331626422.28656 415
1757547246035 2681637756517.96 416
1757547246553 41198468062.11355 417
1757547247036 1668437183409.6519 418
1757547247513 15388333709402.715 419
1757547248000 30891576783.162937 420
1757547248509 1573086740.452052 421
1757547249037 309185006373.5011 422
1757547249558 9988348182.20872 423
1757547250089 91963081190.30908 424
1757547250591 53854595075.87265 425
1757547251071 7718541855302.838 426
1757547251556 23085861034.165787 427
1757547252055 85528586657.02374 428
1757547252558 1953664991898.5112 429
1757547253046 3254682347162.9854 430
1757547253531 322783616917.3541 431
1757547254022 20799966083.221554 432
1757547254548 1562756031710.5913 433
1757547255060 191030578895.4603 434
1757547255548 1979076611.681244 435
1757547256030 230990608605.756 436
1757547256506 8201889859.536874 437
1757547256989 184582860774.15607 438
1757547257476 7041098411.892716 439
1757547257976 1089130769956.5203 440
1757547258460 37398117637.25206 441
1757547258972 21896899823.621906 442
1757547259477 138458471991.14288 443
1757547259978 254687082594.18298 444
1757547260466 272993185.2004036 445
1757547260980 259735102329.64886 446
1757547261463 581312226261.5793 447
1757547261949 4400693.9502893565 448
1757547262454 11359365385.910467 449
1757547262956 1939285760.089402 450
1757547263432 24129929997.049114 451
1757547263928 852513758455.4039 452
1757547264449 21415766480.813194 453
1757547264951 129117389692.61154 454
1757547265448 1512699258.5220618 455
1757547265934 9632803337.7275 456
1757547266436 97453670345.78168 457
1757547266948 592614009.4164339 458
1757547267448 110824681642.48892 459
1757547267949 87237454604.19157 460
1757547268426 364099147280.1367 461
1757547268913 167612253344.02063 462
1757547269426 897373135483.5145 463
1757547269924 348401997019.18506 464
1757547270418 73417589649.88503 465
1757547270903 571623756646.9412 466
1757547271378 122711538069.14946 467
1757547271859 193679326419.93564 468
1757547272341 8852587910.262442 469
1757547272834 1028019937874.5277 470
1757547273323 84705486399.1492 471
1757547273802 6566432520.984251 472
1757547274303 167055563622.65717 473
1757547274810 233267707.26548997 474
1757547275342 161144801027.5594 475
1757547275937 58778695615.51982 476
1757547276490 4180707162.3753138 477
1757547277074 807479916421.1049 478
1757547277611 15743379414.294683 479
1757547278162 8416053174.493341 480
1757547278694 3349638692.6827874 481
1757547279251 27863793737.079365 482
1757547279766 16913478304.976212 483
1757547280308 1064004125321.9834 484
1757547280809 1142644490169.15 485
1757547281297 26162389874.702538 486
1757547281789 2916996435660.9985 487
1757547282286 1168745870.8387785 488
1757547282768 548038161709.92145 489
1757547283262 117892084928.9081 490
1757547283778 1864903818.2433057 491
1757547284262 37684456637.44471 492
1757547284750 665409243493.3785 493
1757547285263 14971274315.485958 494
1757547285750 214603891927.70715 495
1757547286234 4267852707136.547 496
1757547286731 232285070466.73178 497
1757547287223 137914723.121102 498
1757547287720 67495821383.12164 499
