1757578988342 13475354744.468317 0
1757578988824 171011869392.3767 1
1757578989308 57775064509.71214 2
1757578989795 356288937490.7024 3
1757578990268 102353823316.08932 4
1757578990742 354459984.46709126 5
1757578991221 15472040517.99625 6
1757578991700 372724945671.39526 7
1757578992177 2588091626922.6636 8
1757578992682 5222086579.198896 9
1757578993184 266509306875.5565 10
1757578993673 8341183554.76795 11
1757578994162 45880165520.80949 12
1757578994639 4030755415.1087594 13
1757578995113 8293342955.637242 14
1757578995587 36594572606.36643 15
1757578996064 458923045.1986179 16
1757578996531 91074872336.38257 17
1757578997018 186070981510.76666 18
1757578997519 11202740.468442824 19
1757578998054 81406693647.49109 20
1757578998586 10744421684.42317 21
1757578999106 121171979203.73598 22
1757578999615 16557770484.354357 23
1757579000099 308733535146.2659 24
1757579000573 484490743.454964 25
1757579001082 13742802786.758749 26
1757579001564 870691296.4335912 27
1757579002067 4372281180.700061 28
1757579002579 365710366563.008 29
1757579003089 2213504314.573854 30
1757579003557 12529509164.874529 31
1757579004020 218819014.339542 32
1757579004501 54095160531.645874 33
1757579004972 13855042140.971155 34
1757579005440 15091940035.810286 35
1757579005908 6340098356.197396 36
1757579006401 38438897312.60868 37
1757579006871 832115071564.3573 38
1757579007359 155906715195.09036 39
1757579007850 126937927824.75633 40
1757579008345 9896538631.749397 41
1757579008821 173712441144.30798 42
1757579009297 10734393744.89151 43
1757579009767 2359955324.319175 44
1757579010236 547424553.1075706 45
1757579010714 62393402050.94904 46
1757579011202 149991623450.3856 47
1757579011674 124690928053.83578 48
1757579012146 203753138514.18887 49
1757579012641 95657669064.38614 50
1757579013165 1375269605.7148213 51
1757579013653 217501980118.0761 52
1757579014121 2376605605093.6313 53
1757579014595 103244386.59775245 54
1757579015067 11887929891.118141 55
1757579015551 174058955002.0472 56
1757579016127 23278891340.16219 57
1757579016655 35236906829.81822 58
1757579017230 1518257284.723502 59
1757579017778 1882310217.403868 60
1757579018338 15359516012.12714 61
1757579018882 174443688066.17337 62
1757579019414 164175816085.8029 63
1757579019892 585720127365.3389 64
1757579020378 5568551.7372115925 65
1757579020871 129794452319.9676 66
1757579021372 17725020025.028736 67
1757579021860 194029018025.18207 68
1757579022367 97354623199.26787 69
1757579022860 26187500125.65035 70
1757579023342 446975846364.6181 71
1757579023858 174370819578.62177 72
1757579024358 139380639.72813043 73
1757579024840 2110529974.1090076 74
1757579025339 423724866.95443517 75
1757579025828 12958593498.809834 76
1757579026345 8046496877.0743 77
1757579026842 2949853627.0144286 78
1757579027331 1748763890.416957 79
1757579027848 50580899349.70579 80
1757579028353 721502343.0459691 81
1757579028874 14262746126.301317 82
1757579029369 262225545.81478113 83
1757579029874 8645490192.426271 84
1757579030377 36645644364.294464 85
1757579030862 6894622977.882132 86
1757579031337 159897797130.84995 87
1757579031828 17457040626.87601 88
1757579032320 678042094720.2739 89
1757579032818 4446566771.701008 90
1757579033322 103201715706.05511 91
1757579033861 175100491229.15613 92
1757579034389 33197545022.67452 93
1757579034879 204876982.88115013 94
1757579035375 44935704472.78885 95
1757579035852 191306868217.10446 96
1757579036374 527377365045.3085 97
1757579036869 178967139298.78235 98
1757579037355 47113295126.66735 99
1757579037840 6951655468.637819 100
1757579038369 34103059082.40666 101
1757579038912 80554981.75644957 102
1757579039410 42558359533.291664 103
1757579039934 9102458153.490644 104
1757579040413 376672244269.3558 105
1757579040915 25796879675.316902 106
1757579041404 156824238923.52963 107
1757579041903 12655209270.97373 108
1757579042393 29880886722.6818 109
1757579042904 7716908839.659864 110
1757579043423 27090455681.320583 111
1757579043909 8112449409.609173 112
1757579044396 140162775460.92953 113
1757579044881 406229713.2228125 114
1757579045367 40515033892.9472 115
1757579045864 3277689087.0645947 116
1757579046349 148252009975.4258 117
1757579046852 304349775315.7921 118
1757579047334 14671783457.590298 119
1757579047818 40864366549.14111 120
1757579048351 2396215867827.09 121
1757579048900 10598307921.80095 122
1757579049394 55607607799.38908 123
1757579049898 19216909002.797997 124
1757579050399 172297478827.76425 125
1757579050958 279955902.61189914 126
1757579051519 7180647020.952872 127
1757579052075 7761208689.726624 128
1757579052617 19050412540.759174 129
1757579053178 63607559942.23626 130
1757579053733 81728646120.6715 131
1757579054259 59439940010.10352 132
1757579054773 317765193814.782 133
1757579055275 77397892707.75545 134
1757579055768 87487501329.44911 135
1757579056250 871140217358.7041 136
1757579056773 1511889688.3360682 137
1757579057265 20870458.435000148 138
1757579057770 51795698.858706966 139
1757579058264 14442894292.212662 140
1757579058809 22387126435.528473 141
1757579059326 341196494954.68506 142
1757579059814 413523525198.5683 143
1757579060301 62105823312.06585 144
1757579060803 42336526671.297134 145
1757579061286 111295199831.01337 146
1757579061776 386954240633.495 147
1757579062257 1385179422226.5269 148
1757579062750 42768438247.26927 149
1757579063254 109265797587.127 150
1757579063799 7105605155.324504 151
1757579064304 56737492336.877975 152
1757579064800 13956012543.152838 153
1757579065292 56084815756.64404 154
1757579065778 118458681039.14359 155
1757579066276 15488317740.87504 156
1757579066773 47639639015.04381 157
1757579067241 889279213.9346399 158
1757579067757 736361073374.4199 159
1757579068260 53804092793.0107 160
1757579068795 41016458045.93377 161
1757579069290 177883985374.80414 162
1757579069817 39062723809.300385 163
1757579070297 673807218972.83 164
1757579070778 12271104808.07256 165
1757579071262 172044293.5123611 166
1757579071765 29378107274.924522 167
1757579072272 19269708.93774531 168
1757579072765 475087308.7621152 169
1757579073265 205784390796.49637 170
1757579073820 171255421939.33505 171
1757579074307 701378927.8624336 172
1757579074802 372933708619.31384 173
1757579075373 10267025495.714676 174
1757579075850 97787846234.38153 175
1757579076342 2451572565.235086 176
1757579076831 10437889004.888836 177
1757579077309 5485897156.0895605 178
1757579077794 850568320.8578279 179
1757579078291 31200604231.872303 180
1757579078808 630871106614.4987 181
1757579079300 100082753687.48807 182
1757579079787 284527241121.70593 183
1757579080292 3476270648.587411 184
1757579080784 20955636915.318237 185
1757579081271 2019637673.5394871 186
1757579081768 5554388070.513924 187
1757579082253 108614303.86060923 188
1757579082738 449240526978.1433 189
1757579083236 170513001226.7619 190
1757579083727 758945324316.4867 191
1757579084251 123323868967.25813 192
1757579084770 156796578990.68414 193
1757579085269 14988423698.962435 194
1757579085763 68310817907.206696 195
1757579086304 8083049628.449278 196
1757579086835 120369991.59212051 197
1757579087365 7254182386.76863 198
1757579087918 21117231256.69911 199
1757579088475 12827388950.039467 200
1757579089071 26712662925.769154 201
1757579089603 78692381404.34195 202
1757579090129 70621364637.72711 203
1757579090670 12745244948.007051 204
1757579091187 203038578559.81793 205
1757579091699 6215407793.216493 206
1757579092188 161721914583.4919 207
1757579092694 18221904644.50192 208
1757579093190 6623904334.35991 209
1757579093705 70547504062.69453 210
1757579094260 2803086622.022385 211
1757579094768 39175942871.53449 212
1757579095263 624140468.921807 213
1757579095765 2317394689.7511587 214
1757579096243 2011293179.583396 215
1757579096737 15663549523.302958 216
1757579097225 158890387791.74564 217
1757579097721 302368813.7443783 218
1757579098221 25445761937.50369 219
1757579098713 82086688164.27505 220
1757579099278 123295412064.73457 221
1757579099759 37369717963.89613 222
1757579100280 80951578804.91118 223
1757579100763 2355275970173.894 224
1757579101262 12767856.124724163 225
1757579101736 3258697.250413166 226
1757579102240 2652953254.6328425 227
1757579102724 213722774.40734822 228
1757579103236 17210253263.56659 229
1757579103742 483836270975.94116 230
1757579104275 25449110593.468372 231
1757579104800 5045453947.714799 232
1757579105290 3136089480746.4146 233
1757579105783 20236462486.790142 234
1757579106256 24246.5159555852 235
1757579106761 34016280820.361423 236
1757579107298 3831584919009.2046 237
1757579107792 12340562727.006832 238
1757579108279 97989277684.87859 239
1757579108760 110822466242.97571 240
1757579109288 94878740025.0041 241
1757579109760 238763921.77732965 242
1757579110249 250302284704.65146 243
1757579110731 41690491610.68428 244
1757579111205 33504089044.847813 245
1757579111693 38091211319.08672 246
1757579112190 2379294059090.295 247
1757579112667 2153010526.517216 248
1757579113153 7117323730.517205 249
1757579113636 1954216531.311964 250
1757579114126 790842267.0072095 251
1757579114678 3077596441.827282 252
1757579115190 7325371147.5451975 253
1757579115692 297167518076.4019 254
1757579116195 67682143.72606833 255
1757579116690 202596726265.36948 256
1757579117190 201730899.44107294 257
1757579117691 71581831119.82109 258
1757579118183 11229476830.040943 259
1757579118685 290410230005.1821 260
1757579119170 6285865899.835678 261
1757579119719 31031777174.326794 262
1757579120201 8648312330668.646 263
1757579120703 18774421165.30299 264
1757579121193 5428130974.326089 265
1757579121677 10305859192.302078 266
1757579122190 51742527136.8128 267
1757579122698 13115635546.828503 268
1757579123197 19994764157.18375 269
1757579123734 9650158088.404083 270
1757579124372 28672110343.94285 271
1757579124966 16418544066.652597 272
1757579125558 4476305217.404222 273
1757579126078 20574910312.70038 274
1757579126616 399844485171.188 275
1757579127129 610881713.9862984 276
1757579127659 190036518145.4012 277
1757579128142 796441197808.8228 278
1757579128635 5489134610.131565 279
1757579129163 63250185101.80881 280
1757579129694 141263135189.15662 281
1757579130223 230927149527.65482 282
1757579130715 14889688.536537925 283
1757579131192 128297093679.38477 284
1757579131674 198152397.3696688 285
1757579132188 46125083483.521164 286
1757579132690 45197604686.97512 287
1757579133176 1434534549.8832204 288
1757579133669 255302878012.77405 289
1757579134223 56845205926.34836 290
1757579134733 104773067510.08083 291
1757579135225 29071135230.212646 292
1757579135718 743196569028.1813 293
1757579136202 194528838279.14188 294
1757579136699 16081348428.591732 295
1757579137194 17113024022.05303 296
1757579137676 52230284031.32022 297
1757579138182 58626952268.80009 298
1757579138662 18300990980.934826 299
1757579139167 365113945722.4991 300
1757579139666 4804745666.785482 301
1757579140150 917352671944.888 302
1757579140617 39003643361.08834 303
1757579141106 56771751944.483376 304
1757579141585 114537297229.06038 305
1757579142082 42368158096.40287 306
1757579142574 12107996187.209616 307
1757579143085 81700621977.62157 308
1757579143568 12946658365.911654 309
1757579144053 30324805049.413326 310
1757579144551 47999954970.23395 311
1757579145029 44130918391.5335 312
1757579145511 167509419889.89508 313
1757579146025 61813382343.80995 314
1757579146536 35211816548.710724 315
1757579147046 31075445705.059464 316
1757579147547 1433561675060.0774 317
1757579148026 4460916696.49654 318
1757579148508 135176159497.42737 319
1757579149002 4411149.4416136695 320
1757579149560 151414528620.30005 321
1757579150049 6490816331.132044 322
1757579150546 18332683867.689903 323
1757579151041 37587738.12060417 324
1757579151534 110866493000.79709 325
1757579152036 374470392.4638719 326
1757579152535 782290600939.7465 327
1757579153017 9938627061.648788 328
1757579153514 78406899137.2245 329
1757579154002 335611707642.56006 330
1757579154531 40203941796.200455 331
1757579155004 3083228115.5698123 332
1757579155548 155932688312.0819 333
1757579156029 11300017425.413342 334
1757579156546 343978250332.54645 335
1757579157043 15358935036.350212 336
1757579157542 6265243270.621673 337
1757579158115 133671740898.60284 338
1757579158690 4977288610.940646 339
1757579159293 6826000947.2522335 340
1757579159876 1751691376.8664901 341
1757579160514 62373716905.99845 342
1757579161105 20745526988.539097 343
1757579161655 15826865512.832209 344
1757579162183 100772008514.79063 345
1757579162663 650147767.8345301 346
1757579163152 2475929974.1384945 347
1757579163632 5627532309.8583765 348
1757579164132 7857276125.928146 349
1757579164647 35846147993.290306 350
1757579165147 54260833800.00274 351
1757579165633 52266512471.82203 352
1757579166123 151607242.70891383 353
1757579166627 54854850485.085686 354
1757579167143 12202467605.79884 355
1757579167688 4825764415.669576 356
1757579168178 27327316693.790375 357
1757579168659 7691070294.297253 358
1757579169143 2372330850.087187 359
1757579169632 1221337809.224001 360
1757579170173 22381405.466403652 361
1757579170748 53098993405.209114 362
1757579171247 49934020660.30129 363
1757579171747 17701789.087497674 364
1757579172243 47477577671.052475 365
1757579172732 600184733.4247605 366
1757579173231 625199508407.676 367
1757579173725 14714850845.765703 368
1757579174231 36950284570.107994 369
1757579174759 115261345208.00761 370
1757579175268 17529410546.831226 371
1757579175822 656804111454.5347 372
1757579176304 16009999397.697187 373
1757579176798 226955595486.81842 374
1757579177283 1302350872.4601755 375
1757579177782 183426194607.13336 376
1757579178292 15163835788.676718 377
1757579178794 26886800984.53292 378
1757579179288 29848432209.348614 379
1757579179790 78112430347.6961 380
1757579180297 74512756388.548 381
1757579180819 77796787229.94377 382
1757579181358 309614231260.4065 383
1757579181861 364687399989.1808 384
1757579182384 60227771920.69464 385
1757579182874 72692509933.44171 386
1757579183353 5090879873.15062 387
1757579183844 108341503290.94954 388
1757579184320 2379004981510.8 389
1757579184824 324867813702.5004 390
1757579185319 938792.2191357405 391
1757579185812 1268731524912.938 392
1757579186328 54447027333.06616 393
1757579186837 332525168860.2141 394
1757579187352 226660762145.56982 395
1757579187864 267394274.27318522 396
1757579188340 21614865074.567432 397
1757579188822 54571149991.029945 398
1757579189343 164258142835.42746 399
1757579189845 81477021602.97246 400
1757579190353 177622327359.8804 401
1757579190898 120706281338.51076 402
1757579191421 454784405227.55316 403
1757579191926 9935641359.833437 404
1757579192421 124675051717.86568 405
1757579192978 1070284253740.9358 406
1757579193555 6912721524.522497 407
1757579194133 44274758282.32751 408
1757579194755 840350968380.2098 409
1757579195354 9025147752613.531 410
1757579195932 8188946839.325707 411
1757579196491 40589450847.04242 412
1757579197037 119436892884.99669 413
1757579197538 584761563423.6053 414
1757579198034 96180055751.81335 415
1757579198520 9413248.611406406 416
1757579199005 3317933215.090738 417
1757579199487 643363114914.0999 418
1757579199999 2047196130.4248827 419
1757579200491 122304557123.32074 420
1757579200984 68727984321.05717 421
1757579201518 5195978.357336147 422
1757579202038 170442989902.11453 423
1757579202523 11527205710.493494 424
1757579203013 11470335690.69502 425
1757579203510 28124193303.237694 426
1757579204005 338413685386.8363 427
1757579204505 56520296932.98632 428
1757579204999 13639018081.116804 429
1757579205483 13916329638.613384 430
1757579205975 86254924726.12436 431
1757579206502 1841490129307.6675 432
1757579207010 213523378971.24734 433
1757579207533 108912603126.5422 434
1757579208016 682993138587.7589 435
1757579208511 20414511327.48817 436
1757579208993 317818477584.5043 437
1757579209480 2418638349.2048573 438
1757579209972 13662756992.0289 439
1757579210451 3040827115.7140985 440
1757579210933 6480805121.286302 441
1757579211469 142565990597.32727 442
1757579211958 25142580267.157112 443
1757579212464 25426944514.33356 444
1757579212977 520882826.3932034 445
1757579213484 107822791446.51228 446
1757579213969 73831933227.24968 447
1757579214468 4539190972.548877 448
1757579214962 625388667343.1295 449
1757579215461 1681607943.8109484 450
1757579215950 21373230.803983822 451
1757579216473 112704967850.4393 452
1757579216989 57971435826.64874 453
1757579217493 356762408260.5144 454
1757579217996 15344704875.761675 455
1757579218485 104343285805.78845 456
1757579218975 95598084981.45659 457
1757579219465 1304421443.186604 458
1757579219965 453716867512.44995 459
1757579220460 122637113959.75278 460
1757579220951 2152544336.323367 461
1757579221471 32687632104.925743 462
1757579222020 73969944997.07883 463
1757579222517 42756509242.314705 464
1757579223017 16468221055.76596 465
1757579223507 102586824173.14561 466
1757579224000 10484218851.966698 467
1757579224496 1450257161.2262435 468
1757579224998 2424306914.2210584 469
1757579225486 99245581359.74933 470
1757579225989 10695919943.450792 471
1757579226521 2280229249.221834 472
1757579227063 26377962080.558815 473
1757579227544 79093294147.6044 474
1757579228036 14241004087.677465 475
1757579228528 13149549452.005867 476
1757579229048 22448751234.075844 477
1757579229580 53654116635.85102 478
1757579230102 622820783.2000941 479
1757579230664 32194555.074947342 480
1757579231225 76369278067.85217 481
1757579231794 31344645459.500717 482
1757579232352 232691238261.93533 483
1757579232898 3013907165.9887204 484
1757579233422 291747997.429413 485
1757579233970 7555177456.719431 486
1757579234498 22248451527.39748 487
1757579235004 95122018901.3895 488
1757579235487 100170473782.3779 489
1757579235978 43373479.33909448 490
1757579236484 33350865541.57753 491
1757579236966 456153820786.9472 492
1757579237437 622305944900.17 493
1757579237949 5617124288.658372 494
1757579238431 448190427981.728 495
1757579238946 3100007568.9161363 496
1757579239455 4218339243.7728415 497
1757579239962 48463106426.13905 498
1757579240459 18572080486.740364 499
