1757586787234 1053300183828.121 0
1757586787297 3132984983851.324 1
1757586787359 6794444846958300.0 2
1757586787431 2.060818214153972e+19 3
1757586787493 6.2509524735703715e+22 4
1757586787554 1.8960627885210493e+26 5
1757586787621 5.751210096842311e+29 6
1757586787686 1.7444790213836306e+33 7
1757586787749 5.2914204224924293e+36 8
1757586787813 1.6050138605486055e+40 9
1757586787876 4.86838936782069e+43 10
1757586787941 1.4766984646854269e+47 11
1757586788003 4.479178206283131e+50 12
1757586788080 1.3586414480301976e+54 13
1757586788147 4.1210831525217196e+57 14
1757586788215 1.2500226880772233e+61 15
1757586788283 3.791616579616132e+64 16
1757586788345 1.1500876283240572e+68 17
1757586788408 3.488489737952264e+71 18
1757586788481 1.0581420364926534e+75 19
1757586788543 3.209596855658407e+78 20
1757586788604 9.735471818129454e+81 21
1757586788666 2.953000510157527e+85 22
1757586788728 8.957153978661602e+88 23
1757586788790 2.71691816921405e+92 24
1757586788854 8.241060001637263e+95 25
1757586788917 2.4997098079782116e+99 26
1757586788985 7.582215301018386e+102 27
1757586789047 2.2998665160055413e+106 28
1757586789111 6.97604299199079e+109 29
1757586789178 2.1160000151063827e+113 30
1757586789243 6.418332096104887e+116 31
1757586789307 1.9468330152076626e+120 32
1757586789370 5.905208288307017e+123 33
1757586789433 1.7911903412306934e+127 34
1757586789497 5.433106982646242e+130 35
1757586789560 1.6479907693449021e+134 36
1757586789623 4.998748569687131e+137 37
1757586789689 1.5162395158852697e+141 38
1757586789757 4.599115633607258e+144 39
1757586789824 1.3950213267552924e+148 40
1757586789889 4.2314319907101543e+151 41
1757586789953 1.2834941193086235e+155 42
1757586790030 3.893143403737761e+158 43
1757586790096 1.1808831325406603e+162 44
1757586790159 3.5818998380080638e+165 45
1757586790225 1.0864755449524059e+169 46
1757586790288 3.2955391361140854e+172 47
1757586790359 9.996155226977815e+175 48
1757586790425 3.03207199777514e+179 49
1757586790489 9.1969966361473e+182 50
1757586790553 2.7896681604978667e+186 51
1757586790618 8.461728054905098e+189 52
1757586790683 2.56664368504638e+193 53
1757586790748 7.785241694419316e+196 54
1757586790813 2.3614492573958374e+200 55
1757586790877 7.162838116191965e+203 56
1757586790948 2.1726594259049182e+207 57
1757586791020 6.590193585839494e+210 58
1757586791085 1.998962698939849e+214 59
1757586791150 6.063330036827553e+217 60
1757586791212 1.8391524341596246e+221 61
1757586791276 5.578587435502773e+224 62
1757586791339 1.6921184561718826e+228 63
1757586791402 5.132598355446334e+231 64
1757586791465 1.556839344328652e+235 65
1757586791530 4.7222645845213284e+238 66
1757586791592 1.4323753370866038e+242 67
1757586791654 4.3447356021071673e+245 68
1757586791717 1.3178618036395422e+249 69
1757586791781 3.997388777005795e+252 70
1757586791843 1.2125032374716623e+256 71
1757586791906 3.677811148457955e+259 72
1757586791973 1.1155677301057715e+263 73
1757586792039 3.38378266370511e+266 74
1757586792101 1.0263818866565514e+270 75
1757586792165 3.113260755651382e+273 76
1757586792227 9.4432614786803e+276 77
1757586792290 2.864366153488778e+280 78
1757586792353 8.688304861382171e+283 79
1757586792415 2.635369827714759e+287 80
1757586792481 7.993704456319505e+290 81
1757586792546 2.4246809788511594e+294 82
1757586792609 7.354634989732262e+297 83
1757586792674 2.2308359864241916e+301 84
1757586792739 inf 85
1757586792801 inf 86
