1757591254835 1019577165174.877 0
1757591254898 830197138015.9055 1
1757591254959 696553171406.7344 2
1757591255020 598902555684.8019 3
1757591255081 525580967850.89124 4
1757591255142 469377805482.50653 5
1757591255204 425624979806.6864 6
1757591255266 391166056263.02203 7
1757591255328 363783875125.66205 8
1757591255391 341871346186.93445 9
1757591255454 324234333894.1273 10
1757591255516 309968469399.80554 11
1757591255578 298378833515.61743 12
1757591255648 288925507548.1799 13
1757591255713 281185392321.2147 14
1757591255774 274824678405.74786 15
1757591255836 269578550235.78345 16
1757591255899 265235960578.15417 17
1757591255968 261628052503.9864 18
1757591256031 258619260568.77158 19
1757591256097 256100412700.41312 20
1757591256161 253983345761.53528 21
1757591256222 252196678329.33936 22
1757591256283 250682475717.42307 23
1757591256345 249393607792.52496 24
1757591256409 248291647929.69363 25
1757591256478 247345196814.19952 26
1757591256551 246528541280.5882 27
1757591256622 245820578405.4962 28
1757591256694 245203950341.16757 29
1757591256765 244664347103.9224 30
1757591256837 244189943594.69955 31
1757591256912 243770944171.59528 32
1757591256993 243399213594.63077 33
1757591257069 243067977477.9733 34
1757591257141 242771578783.72537 35
1757591257216 242505279578.55316 36
1757591257291 242265099405.98676 37
1757591257366 242047683323.1669 38
1757591257439 241850194003.85727 39
1757591257511 241670223391.67334 40
1757591257598 241505720254.86774 41
1757591257677 241354930690.67426 42
1757591257754 241216349187.75977 43
1757591257830 241088678307.10263 44
1757591257912 240970795406.25894 45
1757591257991 240861725126.69327 46
1757591258073 240760616602.3431 47
1757591258152 240666724540.80475 48
1757591258236 240579393485.22714 49
1757591258311 240498044692.2135 50
1757591258386 240422165164.3975 51
1757591258452 240351298460.4302 52
1757591258520 240285036973.54388 53
1757591258585 240223015425.6087 54
1757591258650 240164905369.05286 55
1757591258714 240110410526.10806 56
1757591258781 240059262825.13797 57
1757591258858 240011219018.56714 58
1757591258939 239966057787.1869 59
1757591259019 239923577252.20547 60
1757591259100 239883592830.0043 61
1757591259201 239845935375.7204 62
1757591259287 239810449570.93726 63
1757591259367 239776992518.30142 64
1757591259457 239745432512.08392 65
1757591259538 239715647958.81967 66
1757591259617 239687526426.37762 67
1757591259697 239660963803.30258 68
1757591259778 239635863553.15903 69
1757591259859 239612136050.9999 70
1757591259939 239589697991.0761 71
1757591260019 239568471856.55478 72
1757591260100 239548385443.3977 73
1757591260182 239529371431.70355 74
1757591260274 239511366998.7857 75
1757591260394 239494313469.0665 76
1757591260529 239478155996.55353 77
1757591260655 239462843276.23807 78
1757591260784 239448327281.2442 79
1757591260902 239434563022.9705 80
1757591261024 239421508331.81558 81
1757591261137 239409123656.3832 82
1757591261239 239397371879.31537 83
1757591261335 239386218148.12405 84
1757591261427 239375629719.5829 85
1757591261517 239365575816.40192 86
1757591261621 239356027495.0533 87
1757591261731 239346957523.73688 88
1757591261840 239338340269.5842 89
1757591261948 239330151594.29257 90
1757591262059 239322368757.46426 91
1757591262170 239314970326.99802 92
1757591262280 239307936095.9449 93
1757591262398 239301247005.2961 94
1757591262516 239294885072.22327 95
1757591262626 239288833323.33282 96
1757591262737 239283075732.53998 97
1757591262849 239277597163.20074 98
1757591262958 239272383314.17386 99
1757591263074 239267420669.51285 100
1757591263185 239262696451.5139 101
1757591263299 239258198576.86978 102
1757591263408 239253915615.69955 103
1757591263526 239249836753.24405 104
1757591263643 239245951754.03366 105
1757591263761 239242250928.3512 106
1757591263875 239238725100.8264 107
1757591263989 239235365581.0114 108
1757591264103 239232164135.7997 109
1757591264214 239229112963.55945 110
1757591264324 239226204669.86426 111
