1757591347074 1064042934854.3513 0
1757591347135 868231312658.4883 1
1757591347198 729417824864.0476 2
1757591347263 627510059550.1415 3
1757591347326 550673527290.2533 4
1757591347388 491582878542.3589 5
1757591347450 445473176475.6317 6
1757591347511 409100776389.19476 7
1757591347587 380170754940.5231 8
1757591347650 357008589242.61383 9
1757591347711 338363218800.6869 10
1757591347772 323283233376.90857 11
1757591347835 311035441523.6894 12
1757591347898 301049119830.8055 13
1757591347959 292876544951.1115 14
1757591348021 286164299229.2306 15
1757591348081 280631975900.73175 16
1757591348141 276056125782.02136 17
1757591348208 272258008819.53534 18
1757591348272 269094160588.97903 19
1757591348336 266449072101.52463 20
1757591348403 264229474338.84885 21
1757591348468 262359852394.14102 22
1757591348530 260778908746.4845 23
1757591348593 259436763702.52142 24
1757591348656 258292731418.65448 25
1757591348720 257313547432.88614 26
1757591348782 256471951854.25003 27
1757591348845 255745553759.6526 28
1757591348906 255115918693.58362 29
1757591348967 254567833726.30478 30
1757591349030 254088714229.91183 31
1757591349091 253668124065.54926 32
1757591349152 253297386750.61658 33
1757591349215 252969269776.12698 34
1757591349276 252677727861.66925 35
1757591349339 252417693789.2768 36
1757591349401 252184907716.48352 37
1757591349462 251975777662.40683 38
1757591349524 251787265288.75327 39
1757591349587 251616792237.6286 40
1757591349649 251462163200.24307 41
1757591349711 251321502622.14877 42
1757591349773 251193202538.49957 43
1757591349837 251075879506.0854 44
1757591349899 250968338980.5587 45
1757591349961 250869545795.55093 46
1757591350024 250778599649.75238 47
1757591350088 250694714710.0271 48
1757591350151 250617202602.46997 49
1757591350224 250545458196.3512 50
1757591350288 250478947694.05438 51
1757591350351 250417198628.1371 52
1757591350413 250359791438.3638 53
1757591350475 250306352360.05032 54
1757591350538 250256547402.811 55
1757591350603 250210077237.82587 56
1757591350667 250166672843.66824 57
1757591350730 250126091786.87714 58
1757591350791 250088115034.88922 59
1757591350854 250052544216.53296 60
1757591350921 250019199259.73593 61
1757591350989 249987916347.9798 62
1757591351052 249958546146.8255 63
1757591351120 249930952259.89975 64
1757591351187 249905009880.39548 65
1757591351250 249880604609.64935 66
1757591351313 249857631418.91837 67
1757591351376 249835993734.26074 68
1757591351439 249815602627.56894 69
1757591351502 249796376099.41605 70
1757591351563 249778238441.55646 71
1757591351625 249761119668.74207 72
1757591351689 249744955011.03964 73
1757591351753 249729684459.11127 74
1757591351816 249715252355.99414 75
1757591351880 249701607029.82227 76
1757591351945 249688700462.6949 77
1757591352009 249676487991.54373 78
1757591352071 249664928037.40256 79
1757591352134 249653981859.94568 80
1757591352196 249643613334.56522 81
1757591352259 249633788749.59546 82
1757591352321 249624476621.586 83
1757591352386 249615647526.7777 84
1757591352450 249607273947.1534 85
1757591352513 249599330129.62164 86
1757591352576 249591791957.0572 87
1757591352641 249584636830.0629 88
1757591352708 249577843558.44174 89
1757591352775 249571392261.4764 90
1757591352844 249565264276.20935 91
1757591352914 249559442072.99933 92
1757591352981 249553909177.7054 93
1757591353047 249548650099.91278 94
1757591353113 249543650266.67493 95
1757591353180 249538895961.29666 96
1757591353245 249534374266.72806 97
1757591353312 249530073013.1814 98
1757591353383 249525980729.61807 99
1757591353448 249522086598.7864 100
1757591353510 249518380415.51996 101
1757591353574 249514852548.03192 102
1757591353637 249511493901.9655 103
1757591353707 249508295886.98096 104
1757591353774 249505250385.6793 105
1757591353841 249502349724.68085 106
1757591353903 249499586647.6906 107
1757591353968 249496954290.3987 108
1757591354032 249494446157.07642 109
1757591354096 249492056098.73856 110
1757591354160 249489778292.75687 111
1757591354226 249487607223.81467 112
1757591354289 249485537666.10513 113
1757591354352 249483564666.6826 114
1757591354414 249481683529.88235 115
1757591354477 249479889802.73273 116
1757591354539 249478179261.2892 117
1757591354603 249476547897.82416 118
1757591354666 249474991908.81302 119
1757591354729 249473507683.66214 120
1757591354792 249472091794.125 121
1757591354854 249470740984.36212 122
1757591354916 249469452161.59918 123
1757591354981 249468222387.3441 124
1757591355047 249467048869.12497 125
