1757583800138 1064044748402.8925 0
1757583800203 1042933337444.2627 1
1757583800273 1012227077837.579 2
1757583800347 977910407022.123 3
1757583800413 942962788656.5814 4
1757583800480 908803065534.712 5
1757583800543 876060261679.8406 6
1757583800610 844971609751.5668 7
1757583800673 815584422637.5884 8
1757583800736 787857278996.7213 9
1757583800806 761710209767.5999 10
1757583800868 737049257457.3114 11
1757583800931 713778233156.5483 12
1757583800997 691804116694.1548 13
1757583801060 671039327037.9775 14
1757583801127 651402473582.1913 15
1757583801197 632818389187.7648 16
1757583801274 615217840950.4874 17
1757583801341 598537112593.848 18
1757583801408 582717551775.0232 19
1757583801481 567705125696.0427 20
1757583801547 553450003833.1458 21
1757583801613 539906174636.39044 22
1757583801677 527031097362.3249 23
1757583801737 514785387615.70435 24
1757583801806 503132534110.92487 25
1757583801869 492038643833.0122 26
1757583801939 481472212791.1856 27
1757583802004 471403919722.6343 28
1757583802069 461806440326.33215 29
1757583802132 452654279841.61005 30
1757583802204 443923622013.2512 31
1757583802273 435592192695.43555 32
1757583802337 427639136538.0663 33
1757583802404 420044905370.7174 34
1757583802473 412791157052.7033 35
1757583802539 405860663694.1308 36
1757583802600 399237228273.8944 37
1757583802662 392905608788.0367 38
1757583802725 386851449157.20715 39
1757583802791 381061216206.4901 40
1757583802860 375522142105.83875 41
1757583802926 370222171725.86017 42
1757583802992 365149914422.6937 43
1757583803061 360294599818.09076 44
1757583803125 355646037187.278 45
1757583803193 351194578108.4619 46
1757583803254 346931082064.48944 47
1757583803323 342846884719.75684 48
1757583803383 338933768624.41003 49
1757583803458 335183936123.6362 50
1757583803523 331589984272.7473 51
1757583803592 328144881579.15063 52
1757583803656 324841946410.4561 53
1757583803719 321674826924.1476 54
1757583803787 318637482388.664 55
1757583803860 315724165778.60065 56
1757583803924 312929407538.2166 57
1757583803986 310248000417.6888 58
1757583804062 307674985295.70984 59
1757583804123 305205637910.2238 60
1757583804191 302835456426.4195 61
1757583804255 300560149777.6706 62
1757583804323 298375626720.9969 63
1757583804392 296277985553.89746 64
1757583804456 294263504444.14954 65
1757583804525 292328632328.4255 66
1757583804588 290469980339.4127 67
1757583804657 288684313724.57135 68
1757583804721 286968544222.7754 69
1757583804790 285319722867.8869 70
1757583804858 283735033190.8513 71
1757583804928 282211784794.1912 72
1757583804997 280747407274.8503 73
1757583805061 279339444473.22424 74
1757583805127 277985549027.91754 75
1757583805193 276683477217.3192 76
1757583805255 275431084070.4996 77
1757583805326 274226318731.21704 78
1757583805387 273067220059.99377 79
1757583805457 271951912460.2925 80
1757583805523 270878601915.8032 81
1757583805587 269845572226.74606 82
1757583805665 268851181433.9182 83
1757583805730 267893858419.96762 84
1757583805798 266972099678.0694 85
1757583805863 266084466238.81958 86
1757583805928 265229580746.74908 87
1757583805993 264406124678.40497 88
1757583806059 263612835694.44586 89
1757583806125 262848505118.66577 90
1757583806188 262111975537.28683 91
1757583806251 261402138512.2649 92
1757583806318 260717932402.71884 93
1757583806379 260058340288.94055 94
1757583806445 259422387993.76297 95
1757583806514 258809142196.3625 96
1757583806582 258217708633.84964 97
1757583806646 257647230386.26407 98
1757583806712 257096886240.8306 99
1757583806778 256565889131.56247 100
1757583806845 256053484650.51132 101
1757583806913 255558949627.15985 102
1757583806996 255081590772.6455 103
1757583807062 254620743385.67505 104
1757583807132 254175770117.15698 105
1757583807218 253746059790.73456 106
1757583807291 253331026276.54773 107
1757583807357 252930107415.68948 108
1757583807417 252542763992.95383 109
1757583807504 252168478755.59204 110
1757583807576 251806755475.91235 111
1757583807638 251457118055.66544 112
1757583807704 251119109670.26074 113
1757583807770 250792291950.9572 114
1757583807844 250476244203.26315 115
1757583807914 250170562659.8674 116
1757583807981 249874859766.50555 117
1757583808048 249588763499.24393 118
1757583808114 249311916711.7369 119
1757583808180 249043976511.08456 120
1757583808248 248784613660.9817 121
1757583808312 248533512010.91394 122
1757583808380 248290367950.21683 123
1757583808445 248054889885.86758 124
1757583808513 247826797742.93607 125
1757583808580 247605822486.67004 126
1757583808650 247391705665.2405 127
1757583808717 247184198972.21643 128
1757583808784 246983063827.88422 129
1757583808852 246788070978.56628 130
1757583808918 246599000113.13586 131
1757583808990 246415639495.95932 132
1757583809060 246237785615.53458 133
1757583809125 246065242848.12878 134
1757583809186 245897823135.74957 135
1757583809247 245735345677.81488 136
1757583809320 245577636635.91632 137
1757583809389 245424528851.0987 138
1757583809454 245275861573.10437 139
1757583809521 245131480201.05646 140
1757583809585 244991236035.0795 141
1757583809650 244854986038.37814 142
1757583809720 244722592609.3171 143
1757583809784 244593923363.06555 144
1757583809853 244468850922.38928 145
1757583809921 244347252717.19336 146
1757583809986 244229010792.4344 147
1757583810062 244114011624.04092 148
1757583810127 244002145942.49393 149
1757583810197 243893308563.73807 150
1757583810266 243787398227.10602 151
1757583810335 243684317439.9558 152
1757583810397 243583972328.73026 153
1757583810462 243486272496.16492 154
1757583810522 243391130884.38043 155
1757583810595 243298463643.6074 156
1757583810660 243208190006.3027 157
1757583810728 243120232166.4293 158
1757583810795 243034515163.6772 159
1757583810871 242950966772.41763 160
1757583810938 242869517395.1886 161
1757583811000 242790099960.51968 162
1757583811067 242712649824.91312 163
1757583811136 242637104678.80548 164
1757583811200 242563404456.3419 165
1757583811270 242491491248.80212 166
1757583811335 242421309221.5257 167
1757583811404 242352804534.1883 168
1757583811471 242285925264.29007 169
1757583811541 242220621333.7203 170
1757583811608 242156844438.27075 171
1757583811673 242094547979.97424 172
1757583811739 242033687002.15146 173
1757583811808 241974218127.0522 174
1757583811873 241916099495.98444 175
1757583811942 241859290711.82782 176
1757583812005 241803752783.8321 177
1757583812077 241749448074.60745 178
1757583812140 241696340249.2149 179
1757583812212 241644394226.27103 180
1757583812292 241593576130.9846 181
1757583812358 241543853250.04358 182
1757583812428 241495193988.2801 183
1757583812497 241447567827.0371 184
1757583812564 241400945284.16916 185
1757583812637 241355297875.61035 186
1757583812705 241310598078.4449 187
1757583812771 241266819295.41953 188
1757583812845 241223935820.83936 189
1757583812910 241181922807.79083 190
1757583812981 241140756236.6375 191
1757583813045 241100412884.73813 192
1757583813109 241060870297.33676 193
1757583813177 241022106759.57864 194
1757583813244 240984101269.60486 195
1757583813307 240946833512.6842 196
1757583813374 240910283836.3395 197
1757583813440 240874433226.42877 198
1757583813513 240839263284.14297 199
1757583813581 240804756203.88394 200
1757583813646 240770894751.98688 201
1757583813720 240737662246.25433 202
1757583813784 240705042536.26892 203
1757583813850 240673019984.45383 204
1757583813916 240641579447.8519 205
1757583813986 240610706260.59457 206
1757583814050 240580386217.03262 207
1757583814120 240550605555.5045 208
1757583814192 240521350942.71457 209
1757583814260 240492609458.69974 210
1757583814328 240464368582.35928 211
1757583814410 240436616177.52704 212
1757583814493 240409340479.5644 213
1757583814560 240382530082.45343 214
1757583814630 240356173926.37076 215
1757583814705 240330261285.72363 216
1757583814771 240304781757.6298 217
1757583814836 240279725250.8243 218
1757583814901 240255081974.97656 219
1757583814968 240230842430.4011 220
1757583815039 240206997398.1481 221
1757583815105 240183537930.4576 222
1757583815170 240160455341.56473 223
1757583815236 240137741198.84048 224
1757583815306 240115387314.25797 225
1757583815379 240093385736.16852 226
1757583815446 240071728741.37808 227
1757583815510 240050408827.5113 228
1757583815580 240029418705.6527 229
1757583815648 240008751293.25406 230
1757583815714 239988399707.29813 231
1757583815782 239968357257.7085 232
1757583815856 239948617440.9974 233
1757583815922 239929173934.1406 234
1757583815986 239910020588.67215 235
1757583816056 239891151424.99072 236
1757583816123 239872560626.86865 237
1757583816194 239854242536.1564 238
1757583816260 239836191647.6757 239
1757583816328 239818402604.29337 240
1757583816398 239800870192.16962 241
1757583816463 239783589336.1742 242
1757583816532 239766555095.46378 243
1757583816600 239749762659.21524 244
1757583816681 239733207342.50797 245
1757583816764 239716884582.35123 246
1757583816842 239700789933.84927 247
1757583816926 239684919066.50085 248
1757583816997 239669267760.6269 249
1757583817067 239653831903.92242 250
1757583817146 239638607488.12753 251
1757583817230 239623590605.81357 252
1757583817300 239608777447.2799 253
1757583817384 239594164297.55725 254
1757583817471 239579747533.51407 255
1757583817537 239565523621.06146 256
1757583817606 239551489112.4539 257
1757583817675 239537640643.68146 258
1757583817746 239523974931.95123 259
1757583817818 239510488773.25317 260
1757583817889 239497179040.00873 261
1757583817956 239484042678.79904 262
1757583818037 239471076708.16867 263
1757583818103 239458278216.5039 264
1757583818172 239445644359.9812 265
1757583818241 239433172360.58496 266
1757583818305 239420859504.19028 267
1757583818372 239408703138.71033 268
1757583818444 239396700672.30435 269
1757583818513 239384849571.64523 270
1757583818579 239373147360.2439 271
1757583818648 239361591616.82883 272
1757583818716 239350179973.7786 273
1757583818790 239338910115.60583 274
1757583818870 239327779777.49026 275
1757583818935 239316786743.85934 276
1757583819000 239305928847.0155 277
1757583819066 239295203965.80692 278
1757583819141 239284610024.34143 279
1757583819210 239274144990.74207 280
1757583819280 239263806875.94186 281
1757583819347 239253593732.5176 282
1757583819414 239243503653.5604 283
1757583819480 239233534771.5823 284
1757583819549 239223685257.45746 285
1757583819612 239213953319.39642 286
1757583819680 239204337201.95343 287
1757583819752 239194835185.06378 288
1757583819824 239185445583.11212 289
1757583819892 239176166744.02972 290
1757583819960 239166997048.41904 291
1757583820030 239157934908.7062 292
1757583820094 239148978768.3194 293
1757583820163 239140127100.8925 294
1757583820234 239131378409.49274 295
1757583820299 239122731225.87274 296
1757583820376 239114184109.745 297
1757583820446 239105735648.07788 298
1757583820518 239097384454.4138 299
1757583820585 239089129168.20718 300
1757583820652 239080968454.18298 301
1757583820719 239072901001.71384 302
1757583820787 239064925524.21616 303
1757583820852 239057040758.56406 304
1757583820921 239049245464.52075 305
1757583820992 239041538424.18637 306
1757583821063 239033918441.46274 307
1757583821131 239026384341.533 308
1757583821197 239018934970.35706 309
1757583821263 239011569194.18143 310
1757583821330 239004285899.06348 311
1757583821398 238997083990.4089 312
1757583821471 238989962392.52347 313
1757583821542 238982920048.17633 314
1757583821619 238975955918.17722 315
1757583821697 238969068980.96436 316
1757583821772 238962258232.20496 317
1757583821840 238955522684.40656 318
1757583821916 238948861366.5395 319
1757583821984 238942273323.66953 320
1757583822055 238935757616.60156 321
1757583822118 238929313321.5322 322
1757583822188 238922939529.71265 323
1757583822262 238916635347.12073 324
1757583822331 238910399894.14175 325
1757583822404 238904232305.25827 326
1757583822472 238898131728.7481 327
1757583822544 238892097326.39062 328
1757583822611 238886128273.18118 329
1757583822679 238880223757.05286 330
1757583822749 238874382978.6055 331
1757583822822 238868605150.84286 332
1757583822891 238862889498.91568 333
1757583822958 238857235259.87192 334
1757583823031 238851641682.414 335
1757583823104 238846108026.66165 336
1757583823174 238840633563.92133 337
1757583823259 238835217576.46182 338
1757583823329 238829859357.29498 339
1757583823400 238824558209.96295 340
1757583823467 238819313448.32996 341
1757583823531 238814124396.37997 342
1757583823600 238808990388.01962 343
1757583823669 238803910766.88528 344
1757583823739 238798884886.1558 345
1757583823809 238793912108.36984 346
1757583823879 238788991805.24707 347
1757583823945 238784123357.5145 348
1757583824018 238779306154.7369 349
1757583824085 238774539595.1512 350
1757583824156 238769823085.5051 351
1757583824222 238765156040.8994 352
1757583824295 238760537884.6344 353
1757583824361 238755968048.05997 354
1757583824439 238751445970.4288 355
1757583824506 238746971098.75363 356
1757583824574 238742542887.6678 357
1757583824641 238738160799.2885 358
1757583824714 238733824303.08417 359
1757583824784 238729532875.74414 360
1757583824858 238725286001.05185 361
1757583824931 238721083169.7608 362
1757583825002 238716923879.47305 363
1757583825069 238712807634.5211 364
1757583825144 238708733945.85205 365
1757583825212 238704702330.91437 366
1757583825291 238700712313.54742 367
1757583825365 238696763423.87332 368
1757583825451 238692855198.19113 369
1757583825523 238688987178.87363 370
1757583825595 238685158914.26608 371
1757583825667 238681369958.58743 372
1757583825735 238677619871.83356 373
1757583825806 238673908219.68265 374
1757583825873 238670234573.40265 375
1757583825944 238666598509.76056 376
1757583826013 238662999610.93372 377
1757583826086 238659437464.42325 378
1757583826156 238655911662.96884 379
1757583826226 238652421804.46573 380
1757583826298 238648967491.88315 381
1757583826368 238645548333.1847 382
1757583826442 238642163941.25 383
1757583826520 238638813933.79858 384
1757583826590 238635497933.3145 385
1757583826660 238632215566.9733 386
1757583826728 238628966466.56976 387
1757583826794 238625750268.44775 388
1757583826866 238622566613.4308 389
1757583826939 238619415146.75455 390
1757583827014 238616295518.00046 391
1757583827085 238613207381.0308 392
1757583827154 238610150393.92444 393
1757583827232 238607124218.91495 394
1757583827306 238604128522.32852 395
1757583827388 238601162974.5244 396
1757583827460 238598227249.83594 397
1757583827539 238595321026.5118 398
1757583827624 238592443986.6605 399
1757583827697 238589595816.19354 400
1757583827768 238586776204.7715 401
1757583827843 238583984845.74997 402
1757583827907 238581221436.12692 403
1757583827989 238578485676.4911 404
1757583828060 238575777270.9715 405
1757583828129 238573095927.18713 406
1757583828197 238570441356.1983 407
1757583828266 238567813272.45868 408
1757583828332 238565211393.76794 409
1757583828410 238562635441.22565 410
1757583828484 238560085139.18542 411
1757583828555 238557560215.21057 412
1757583828626 238555060400.03003 413
1757583828699 238552585427.4952 414
1757583828773 238550135034.53763 415
1757583828838 238547708961.1272 416
1757583828914 238545306950.23132 417
1757583828992 238542928747.7746 418
1757583829065 238540574102.59937 419
1757583829146 238538242766.4267 420
1757583829222 238535934493.8182 421
1757583829293 238533649042.13828 422
1757583829362 238531386171.51764 423
1757583829430 238529145644.81628 424
1757583829503 238526927227.5882 425
1757583829569 238524730688.0461 426
1757583829642 238522555797.0267 427
1757583829713 238520402327.95694 428
1757583829785 238518270056.82028 429
1757583829862 238516158762.12372 430
1757583829932 238514068224.8657 431
1757583830009 238511998228.5038 432
1757583830083 238509948558.92383 433
1757583830156 238507919004.40848 434
1757583830231 238505909355.60712 435
1757583830306 238503919405.50595 436
1757583830376 238501948949.39838 437
1757583830451 238499997784.8561 438
1757583830522 238498065711.70062 439
1757583830597 238496152531.97467 440
1757583830664 238494258049.91547 441
1757583830736 238492382071.92636 442
1757583830808 238490524406.55072 443
1757583830877 238488684864.44513 444
1757583830947 238486863258.3536 445
1757583831021 238485059403.08154 446
1757583831089 238483273115.47098 447
1757583831164 238481504214.37506 448
1757583831242 238479752520.63394 449
1757583831317 238478017857.0506 450
1757583831391 238476300048.3667 451
1757583831463 238474598921.23938 452
1757583831535 238472914304.21814 453
1757583831601 238471246027.72177 454
1757583831674 238469593924.01617 455
1757583831748 238467957827.19202 456
1757583831827 238466337573.143 457
1757583831896 238464732999.5442 458
1757583831974 238463143945.83118 459
1757583832047 238461570253.17853 460
1757583832121 238460011764.47964 461
1757583832192 238458468324.32635 462
1757583832268 238456939778.98865 463
1757583832336 238455425976.39508 464
1757583832408 238453926766.1133 465
1757583832483 238452441999.33063 466
1757583832561 238450971528.83514 467
1757583832634 238449515208.99716 468
1757583832706 238448072895.7504 469
1757583832780 238446644446.57428 470
1757583832859 238445229720.47534 471
1757583832930 238443828577.97015 472
1757583833006 238442440881.0674 473
1757583833083 238441066493.2508 474
1757583833156 238439705279.46194 475
1757583833228 238438357106.08386 476
1757583833306 238437021840.92395 477
1757583833381 238435699353.198 478
1757583833453 238434389513.51398 479
1757583833525 238433092193.856 480
1757583833596 238431807267.56854 481
1757583833669 238430534609.34137 482
1757583833749 238429274095.19373 483
1757583833820 238428025602.4595 484
1757583833895 238426789009.77213 485
1757583833964 238425564197.05 486
1757583834036 238424351045.4819 487
1757583834112 238423149437.51282 488
1757583834183 238421959256.82925 489
1757583834265 238420780388.34598 490
1757583834337 238419612718.19153 491
1757583834409 238418456133.69504 492
1757583834488 238417310523.3726 493
1757583834562 238416175776.91403 494
1757583834641 238415051785.1696 495
1757583834715 238413938440.1372 496
1757583834786 238412835634.94955 497
1757583834862 238411743263.86148 498
1757583834938 238410661222.23764 499
