1757554448993 208836247862.18567 0
1757554449174 525024067267.32416 1
1757554449246 375415673142.0392 2
1757554449326 212195510743.59225 3
1757554449406 681903495970.6472 4
1757554449471 572044506841.1826 5
1757554449542 209209624420.9067 6
1757554449613 151168787191.05307 7
1757554449682 267606100710.30722 8
1757554449745 273388300073.57364 9
1757554449811 155781235525.4309 10
1757554449874 253801783216.76602 11
1757554449946 256095550148.29218 12
1757554450016 241164682717.72757 13
1757554450087 236756179897.7628 14
1757554450153 477753735428.6434 15
1757554450224 344286850740.5819 16
1757554450301 297870526151.9076 17
1757554450370 202074858488.41827 18
1757554450443 193525049366.88452 19
1757554450511 343965503323.72034 20
1757554450583 109105997580.04118 21
1757554450651 125788926280.15387 22
1757554450713 222779988928.89645 23
1757554450775 188487081488.83292 24
1757554450840 196803052750.38934 25
1757554450908 160939702142.16296 26
1757554450986 164029126057.4575 27
1757554451139 234939966062.883 28
1757554451208 242447274940.72382 29
1757554451279 207535325454.14255 30
1757554451351 164896725036.9156 31
1757554451421 246794638098.98434 32
1757554451489 254865868571.39597 33
1757554451561 86229483258.22142 34
1757554451624 156424511819.3684 35
1757554451697 127131649185.78352 36
1757554451757 174523983988.43607 37
1757554451824 102111072652.62956 38
1757554451895 112118163016.04362 39
1757554451961 251113002078.68988 40
1757554452031 244647396176.6336 41
1757554452102 185946885788.87656 42
1757554452169 73628703828.07382 43
1757554452239 173277549282.306 44
1757554452312 69403235931.15677 45
1757554452385 94849635611.19641 46
1757554452469 227099151440.98004 47
1757554452654 121249513112.99799 48
1757554452730 115137025913.10829 49
1757554452792 45026763331.74007 50
1757554452865 107650590480.57248 51
1757554452925 130180850919.68787 52
1757554452995 78243949517.397 53
1757554453065 276744865392.23206 54
1757554453127 72269276133.75047 55
1757554453207 193697281013.09775 56
1757554453344 143416342147.76755 57
1757554453408 67556397545.135574 58
1757554453478 126785360437.40761 59
1757554453548 140137512075.20255 60
1757554453624 78543739946.01007 61
1757554453687 130579260368.1479 62
1757554453754 159906446455.40576 63
1757554453823 87063980089.84157 64
1757554453899 92800209181.53474 65
1757554453969 113151123083.095 66
1757554454045 187472232067.31442 67
1757554454113 65715504500.32482 68
1757554454179 181857789371.5859 69
1757554454246 129517131826.6163 70
1757554454311 132119121845.32462 71
1757554454383 188579461205.40378 72
1757554454453 100063587857.08983 73
1757554454523 108662406503.17302 74
1757554454596 124737803895.92307 75
1757554454668 114821100941.83983 76
1757554454734 146838956715.5162 77
1757554454806 425868437067.163 78
1757554454868 166888243943.7075 79
1757554454937 62374797587.38744 80
1757554455009 102458373292.82288 81
1757554455077 75964561976.15092 82
1757554455147 107701666101.68474 83
1757554455218 127360117029.84515 84
1757554455284 74360205691.94771 85
1757554455361 67103428996.96824 86
1757554455433 189115291900.51807 87
1757554455501 150014874228.1584 88
1757554455570 162589709327.29056 89
1757554455639 82621377149.1126 90
1757554455712 220546012272.34613 91
1757554455780 47032641434.25439 92
1757554455850 117324788049.77364 93
1757554455921 127943885837.08144 94
1757554455993 215285452829.4783 95
1757554456064 164911387236.46457 96
1757554456137 99327815499.30391 97
1757554456207 230960632006.63574 98
1757554456275 172997068040.52344 99
1757554456342 270875199158.59036 100
1757554456406 130334657192.44041 101
1757554456482 114985113407.15022 102
1757554456548 96845021051.33133 103
1757554456623 54466843394.392525 104
1757554456693 64967419008.11176 105
1757554456767 197854194205.9493 106
1757554456835 91535074930.99828 107
1757554456931 84752072730.06325 108
1757554457025 64027516743.28368 109
1757554457090 133001250661.60086 110
1757554457170 132423265885.58485 111
1757554457254 143648440418.72128 112
1757554457340 73161081003.47806 113
1757554457433 59606125256.7461 114
1757554457526 85881555186.4763 115
1757554457619 86803102018.92598 116
1757554457690 128974645289.40044 117
1757554457760 304462558849.55896 118
1757554457829 71449219399.25859 119
1757554457902 162690629837.16473 120
1757554457978 110797866914.71056 121
1757554458046 131047395413.54887 122
1757554458119 124888262559.49638 123
1757554458192 87192036909.50146 124
1757554458260 55974785758.95545 125
1757554458325 104215140222.45062 126
1757554458393 190562692527.50763 127
1757554458464 73081325089.79013 128
1757554458536 53698457034.61054 129
1757554458610 83327824458.09477 130
1757554458677 179629134801.18286 131
1757554458745 59654546530.82956 132
1757554458821 166080207929.25497 133
1757554458884 133439782671.5876 134
1757554458954 148067991280.5684 135
1757554459022 39910134808.82793 136
1757554459089 182985455656.3359 137
1757554459163 150706648172.3809 138
1757554459236 125192153767.037 139
1757554459307 153826023250.46716 140
1757554459379 77759012430.02205 141
1757554459453 68392340034.18834 142
1757554459520 93576005934.56221 143
1757554459589 104981732908.13037 144
1757554459662 251731813041.05396 145
1757554459728 112106417553.9184 146
1757554459812 85180841574.30116 147
1757554459881 57197933948.86063 148
1757554459948 68624442056.17891 149
1757554460030 104752185320.23943 150
1757554460100 163937053164.2556 151
1757554460172 191023835860.2076 152
1757554460244 113244728243.66931 153
1757554460312 92739110068.63985 154
1757554460383 104770140821.14566 155
1757554460458 103164536992.44183 156
1757554460527 66925679312.80537 157
1757554460603 173245122552.52206 158
1757554460673 149538821953.0434 159
1757554460744 83049667356.62642 160
1757554460817 292247413391.35693 161
1757554460889 64968583637.701775 162
1757554460966 339901115935.89575 163
1757554461036 69628781181.66077 164
1757554461106 112734007053.2175 165
1757554461168 92878161172.05244 166
1757554461238 179760126849.39005 167
1757554461307 161517862985.66586 168
1757554461382 162359325002.6624 169
1757554461452 122871567748.89563 170
1757554461524 78967261573.02953 171
1757554461592 75177121848.56953 172
1757554461668 61640572872.317604 173
1757554461739 139622846715.88718 174
1757554461806 113796064923.76096 175
1757554461876 92711814039.08473 176
1757554461954 98321120123.7173 177
1757554462025 209968794410.2471 178
1757554462098 156295170042.028 179
1757554462166 52930373106.4656 180
1757554462246 75075424306.85228 181
1757554462315 54883164802.05585 182
1757554462386 64805678088.56921 183
1757554462466 236512116409.48755 184
1757554462543 227107386605.02777 185
1757554462621 133401816512.09636 186
1757554462697 58309292964.961395 187
1757554462772 87291562100.67603 188
1757554462856 71489762908.93735 189
1757554462930 51654363440.75157 190
1757554463004 109962063042.36078 191
1757554463078 569043960502.9218 192
1757554463158 97410647382.28915 193
1757554463226 109364561504.73492 194
1757554463300 107771518863.55302 195
1757554463373 158182652418.07895 196
1757554463449 157316969864.76358 197
1757554463517 63901594578.5973 198
1757554463588 193464263643.7116 199
1757554463661 96869563249.22499 200
1757554463730 113718044331.20404 201
1757554463802 117116807761.19672 202
1757554463868 157890855186.37524 203
1757554463934 44745150614.557556 204
1757554464002 95026610258.7835 205
1757554464075 174221363519.05194 206
1757554464154 52387184657.16643 207
1757554464226 166199638069.43506 208
1757554464297 37809902271.02179 209
1757554464367 102295865715.9029 210
1757554464439 138497635760.18045 211
1757554464512 98605051504.52473 212
1757554464586 178019657643.31183 213
1757554464658 46914453539.088684 214
1757554464733 93218056799.85886 215
1757554464800 85361529693.42168 216
1757554464871 103302526786.67598 217
1757554464941 368566201615.4686 218
1757554465010 41609657717.520515 219
1757554465080 200806899694.53986 220
1757554465154 95776552286.04993 221
1757554465226 78148210484.81717 222
1757554465303 56331975115.09663 223
1757554465379 118001470335.32806 224
1757554465448 124899130567.81522 225
1757554465521 116229289730.43326 226
1757554465591 113205988222.93929 227
1757554465659 263143829530.50925 228
1757554465732 108032079728.16216 229
1757554465804 179604823768.81342 230
1757554465878 52552202339.92969 231
1757554465951 128748658156.78252 232
1757554466025 106734312306.34097 233
1757554466093 45961874743.61833 234
1757554466169 191345129641.90027 235
1757554466245 98697226037.47342 236
1757554466325 122149043851.71523 237
1757554466404 119043638106.3309 238
1757554466485 39555620102.48704 239
1757554466560 75056909517.27094 240
1757554466632 76188883633.0653 241
1757554466711 24368331362.073795 242
1757554466781 144060107736.65704 243
1757554466849 54767023472.685486 244
1757554466920 185892807227.06665 245
1757554466998 84959597420.28078 246
1757554467066 40771717046.90727 247
1757554467147 220835301441.12326 248
1757554467217 211809568080.81555 249
1757554467287 53709379641.735954 250
1757554467362 109106927606.10303 251
1757554467435 177315645546.08423 252
1757554467507 58498247804.982994 253
1757554467582 97618097637.5559 254
1757554467660 83688513768.40498 255
1757554467735 55141314677.61067 256
1757554467804 99886441306.79214 257
1757554467879 52554014166.08905 258
1757554467944 103853757559.82762 259
1757554468021 59503267970.36673 260
1757554468090 56161206666.90424 261
1757554468162 78637471649.50742 262
1757554468237 185089540904.27014 263
1757554468313 166607987462.69052 264
1757554468380 125506458758.73102 265
1757554468453 80133812524.64864 266
1757554468532 82485971746.19131 267
1757554468609 82763879079.1339 268
1757554468682 29699669963.850216 269
1757554468754 64895614594.24488 270
1757554468827 104910320800.53099 271
1757554468896 67990738376.48594 272
1757554468975 68116312365.780495 273
1757554469043 71260099516.74266 274
1757554469108 51297557935.97917 275
1757554469179 69944816950.42886 276
1757554469256 128951231285.5326 277
1757554469322 90638992371.91568 278
1757554469397 73540474894.20557 279
1757554469474 122921889385.1766 280
1757554469549 53899652907.15007 281
1757554469628 70930591312.85272 282
1757554469698 94379048233.03064 283
1757554469768 199622976786.37558 284
1757554469840 97789658131.17822 285
1757554469914 116162385453.29579 286
1757554469981 239879818275.51865 287
1757554470057 44641600208.47575 288
1757554470130 112452731039.14177 289
1757554470199 87854965090.86609 290
1757554470276 75552227835.31795 291
1757554470343 45997910571.11445 292
1757554470419 58857690507.318855 293
1757554470491 147360974543.7571 294
1757554470563 120550474378.32558 295
1757554470632 75229572834.13622 296
1757554470714 43051250830.14232 297
1757554470790 52778051495.23956 298
1757554470868 58841460400.07137 299
1757554470939 54152729871.410095 300
1757554471018 31172464536.88479 301
1757554471086 112888413739.55653 302
1757554471160 42922436060.54041 303
1757554471233 56060124221.95285 304
1757554471307 198060581275.2819 305
1757554471374 63350491499.528595 306
1757554471447 74351076386.4467 307
1757554471524 194963766627.54382 308
1757554471598 118961051752.15266 309
1757554471676 202173596780.45868 310
1757554471758 30966866518.663563 311
1757554471828 386401274836.98517 312
1757554471901 90101142458.22606 313
1757554471974 103342344213.17726 314
1757554472042 158975263313.0772 315
1757554472116 111570117299.5835 316
1757554472191 48431010059.979256 317
1757554472266 87702791324.96689 318
1757554472337 121061131070.7928 319
1757554472415 63634042917.46495 320
1757554472491 43009982589.61097 321
1757554472567 65216562927.6547 322
1757554472642 142602376016.4896 323
1757554472722 235308741507.92514 324
1757554472799 59191572679.846405 325
1757554472891 69888904689.06007 326
1757554472970 49000809631.11569 327
1757554473058 56023556708.07902 328
1757554473126 46971421357.35247 329
1757554473205 92435830997.79965 330
1757554473279 101428435466.47652 331
1757554473346 53067175511.442276 332
1757554473433 87781941515.92964 333
1757554473501 259205168943.28073 334
1757554473576 54882346431.36005 335
1757554473656 106275753701.41823 336
1757554473733 39526502837.813065 337
1757554473805 243858378985.11157 338
1757554473878 92075081978.50584 339
1757554473948 50675600793.89388 340
1757554474020 125631541722.0409 341
1757554474090 90304759523.91287 342
1757554474165 539414627573.84265 343
1757554474243 52156940870.222145 344
1757554474346 121731975384.72038 345
1757554474417 159992367416.04028 346
1757554474499 168080582646.5689 347
1757554474571 139478609941.5214 348
1757554474640 49072574358.90596 349
1757554474716 124485589496.84248 350
1757554474791 104532381074.29883 351
1757554474870 47234054043.75562 352
1757554474945 188573856894.77255 353
1757554475016 51043856783.40098 354
1757554475095 56696965393.36399 355
1757554475170 121641984594.24246 356
1757554475246 123173049510.1383 357
1757554475319 56224335480.69813 358
1757554475389 65227858611.12107 359
1757554475467 118468690124.30058 360
1757554475540 171141679555.13284 361
1757554475617 116249082965.26675 362
1757554475687 86289181845.2324 363
1757554475766 155162932298.8982 364
1757554475838 164881888584.1772 365
1757554475915 53851080012.96615 366
1757554475990 77911835045.29243 367
1757554476065 65585377694.341446 368
1757554476142 66208183605.82212 369
1757554476220 62104651201.562416 370
1757554476292 142714087436.26175 371
1757554476365 102855136961.84447 372
1757554476434 72237978693.72958 373
1757554476512 54707661622.25531 374
1757554476587 67386048308.36671 375
1757554476661 61203718106.46935 376
1757554476729 49270921582.93387 377
1757554476805 172485138224.08737 378
1757554476876 90156740856.43013 379
1757554476958 59984630066.24933 380
1757554477027 120595259405.67175 381
1757554477099 144796146636.52103 382
1757554477176 114984452323.17336 383
1757554477258 242699972103.05478 384
1757554477343 163546951691.90884 385
1757554477419 43179009461.10352 386
1757554477497 118858419377.34273 387
1757554477570 57673532121.07476 388
1757554477647 116442393789.30345 389
1757554477725 150985622120.99918 390
1757554477802 65926057936.41219 391
1757554477876 86791549025.29019 392
1757554477955 121290186232.61458 393
1757554478030 119374116354.07133 394
1757554478105 185794216490.1813 395
1757554478184 108420950360.27757 396
1757554478255 60912998249.924805 397
1757554478333 153454128742.17572 398
1757554478406 543689430038.15674 399
1757554478482 87726893996.07713 400
1757554478572 64138000629.61968 401
1757554478682 147353259928.99792 402
1757554478791 232209810862.72037 403
1757554478890 151271877684.4293 404
1757554478987 269171794485.08975 405
1757554479084 37016759251.82654 406
1757554479188 158675533891.12595 407
1757554479318 82176996063.53786 408
1757554479457 74928987478.02641 409
1757554479596 100774739342.40907 410
1757554479741 321238095266.09125 411
1757554479874 176365296246.30988 412
1757554480014 57897563665.23185 413
1757554480153 249747457517.48743 414
1757554480273 120063269783.88188 415
1757554480406 109285307861.39285 416
1757554480535 69707856455.02893 417
1757554480669 47037990984.89845 418
1757554480805 58127707409.695724 419
1757554480927 42765023764.63738 420
1757554481058 39473653769.02576 421
1757554481201 100870324658.43098 422
1757554481331 117847892764.88943 423
1757554481464 57419000479.03204 424
1757554481592 85374711027.325 425
1757554481730 114274538360.13884 426
1757554481937 577321127749.324 427
1757554482040 50117777773.941925 428
1757554482146 70554549277.83864 429
1757554482252 122954935580.93202 430
1757554482358 28535514054.742435 431
1757554482466 67762041048.791885 432
1757554482643 112807307203.10324 433
1757554482722 71846693965.35667 434
1757554482797 95330127493.22334 435
1757554482885 137594632477.84927 436
1757554482960 48599006368.0544 437
1757554483049 69244658809.9503 438
1757554483125 86266485144.85811 439
1757554483210 38955347521.73931 440
1757554483295 167020885217.29663 441
1757554483373 122936367489.16309 442
1757554483443 110341367294.71326 443
1757554483518 52706150549.27805 444
1757554483594 46183553078.11307 445
1757554483671 199745671231.74057 446
1757554483742 52252018821.62224 447
1757554483819 49119157790.502205 448
1757554483895 263170606871.98343 449
1757554483974 70326010839.85556 450
1757554484049 198964513365.13052 451
1757554484124 121152358289.28479 452
1757554484200 126213858466.99696 453
1757554484274 55878029779.0219 454
1757554484352 104804055298.14442 455
1757554484431 27134181855.144123 456
1757554484504 90068306262.51282 457
1757554484574 50625026735.64119 458
1757554484652 554273634486.6896 459
1757554484728 96161018744.12564 460
1757554484806 42435224905.855736 461
1757554484882 41889230379.63357 462
1757554484959 103187895429.43349 463
1757554485031 55836429707.5561 464
1757554485109 104780972049.79198 465
1757554485185 98349094521.79152 466
1757554485266 31396436993.15687 467
1757554485341 45105014127.7535 468
1757554485416 123937309680.26508 469
1757554485496 87617457765.31569 470
1757554485566 113664600227.16086 471
1757554485646 59263846736.78795 472
1757554485726 97646424943.46284 473
1757554485802 47303192167.40469 474
1757554485877 71175506237.14166 475
1757554485950 116991702452.01025 476
1757554486026 88305602785.5054 477
1757554486107 38515699057.94548 478
1757554486187 37346497142.49625 479
1757554486263 125033580465.86517 480
1757554486340 77158459296.27641 481
1757554486416 52783596859.559845 482
1757554486497 75638490992.79573 483
1757554486589 279898894979.9318 484
1757554486664 31690108381.473293 485
1757554486737 36983396730.103645 486
1757554486811 209579641110.61142 487
1757554486921 81812681924.4273 488
1757554487002 64860959599.43001 489
1757554487070 64497962187.26617 490
1757554487145 59183116702.17063 491
1757554487219 163421042117.77573 492
1757554487298 68631669985.274635 493
1757554487373 67670892020.310875 494
1757554487442 43829371826.14114 495
1757554487519 71135200037.58965 496
1757554487594 44243491603.44361 497
1757554487678 124407436508.60098 498
1757554487755 58589193409.820496 499
