1757568683343 221158277056.51096 0
1757568683406 367604163853.0061 1
1757568683472 303013545147.6142 2
1757568683547 186360386000.71133 3
1757568683613 617557518786.3962 4
1757568683682 397593410077.6651 5
1757568683752 271152909181.4238 6
1757568683831 304967627676.05225 7
1757568683916 91996961265.0732 8
1757568683989 153798931171.56064 9
1757568684069 340069342655.2034 10
1757568684143 256133338637.53928 11
1757568684227 317030061491.3696 12
1757568684298 273110967877.5525 13
1757568684363 241375648182.02863 14
1757568684430 519340736853.9477 15
1757568684493 203861137625.65244 16
1757568684576 326163977472.18756 17
1757568684692 269947310570.05392 18
1757568684759 92194040227.82906 19
1757568684835 124022130358.80989 20
1757568684913 157661550118.07474 21
1757568684976 185960177856.57794 22
1757568685049 242897739259.75412 23
1757568685122 100617450958.27809 24
1757568685203 317849780837.93146 25
1757568685267 70905185197.33006 26
1757568685339 153719640784.2017 27
1757568685410 293618284395.5941 28
1757568685483 103399497865.24619 29
1757568685551 438314526198.03925 30
1757568685621 92309372392.42377 31
1757568685690 117859617508.06451 32
1757568685758 89952587608.1954 33
1757568685827 118596195190.47118 34
1757568685904 130576091018.22548 35
1757568685971 478730989318.0603 36
1757568686045 375818085779.3387 37
1757568686113 121430261408.6008 38
1757568686179 107763069448.50156 39
1757568686253 146921377514.4877 40
1757568686323 116072809952.50127 41
1757568686387 117193785111.6735 42
1757568686449 320375462377.20026 43
1757568686518 334175970918.3429 44
1757568686596 286178948692.90753 45
1757568686663 157434515504.30383 46
1757568686731 115290858877.10887 47
1757568686799 65562355294.126625 48
1757568686866 307652636167.15546 49
1757568686939 160828459782.23477 50
1757568687006 562090377312.2301 51
1757568687077 384448143738.4516 52
1757568687148 376417115267.52954 53
1757568687217 300739257361.7168 54
1757568687293 779527420922.8304 55
1757568687361 154257377813.61572 56
1757568687435 168934300274.81403 57
