1757582818990 1064044748402.8925 0
1757582819048 1037583912092.9332 1
1757582819108 999401478372.4897 2
1757582819171 957185553120.8206 3
1757582819232 914714536655.3591 4
1757582819292 873730504240.1552 5
1757582819351 834956349972.8461 6
1757582819409 798621681284.2944 7
1757582819470 764726328194.0728 8
1757582819528 733169194236.3777 9
1757582819587 703809818143.6748 10
1757582819646 676497003249.5587 11
1757582819706 651081626411.1824 12
1757582819764 627421988527.1329 13
1757582819825 605385724100.9369 14
1757582819884 584850168487.9967 15
1757582819943 565702064939.3949 16
1757582820001 547837013517.6429 17
1757582820068 531158840846.0971 18
1757582820127 515578967660.7003 19
1757582820194 501015805343.25995 20
1757582820262 487394192487.741 21
1757582820322 474644873944.52454 22
1757582820383 462704021262.08887 23
1757582820442 451512792117.3384 24
1757582820501 441016925925.9072 25
1757582820559 431166372803.91016 26
1757582820619 421914953180.1691 27
1757582820677 413220045536.1877 28
1757582820735 405042299940.6345 29
1757582820794 397345375230.26935 30
1757582820856 390095697864.26337 31
1757582820916 383262240641.8589 32
1757582820974 376816319624.0116 33
1757582821034 370731407738.4584 34
1757582821093 364982963675.2001 35
1757582821152 359548274796.42865 36
1757582821212 354406312892.23193 37
1757582821272 349537601711.72943 38
1757582821332 344924095289.34375 39
1757582821391 340549066168.37573 40
1757582821451 336397002699.55194 41
1757582821509 332453514661.33276 42
1757582821571 328705246512.05444 43
1757582821631 325139797641.90125 44
1757582821689 321745649045.7453 45
1757582821748 318512095886.4394 46
1757582821807 315429185462.5991 47
1757582821866 312487660135.6093 48
1757582821925 309678904807.84705 49
1757582821985 306994898578.2305 50
1757582822045 304428170232.4422 51
1757582822105 301971757253.77655 52
1757582822164 299619168066.756 53
1757582822223 297364347249.64716 54
1757582822284 295201643473.97266 55
1757582822343 293125779949.2348 56
1757582822402 291131827169.4915 57
1757582822460 289215177775.3023 58
1757582822520 287371523360.0214 59
1757582822578 285596833063.5749 60
1757582822640 283887333809.8327 61
1757582822699 282239492055.5696 62
1757582822759 280649996929.9006 63
1757582822817 279115744653.05005 64
1757582822876 277633824132.45874 65
1757582822935 276201503642.60986 66
1757582822994 274816218502.6335 67
1757582823058 273475559672.78485 68
1757582823117 272177263197.34384 69
1757582823178 270919200427.39536 70
1757582823254 269699368962.36914 71
1757582823313 268515884254.1906 72
1757582823374 267366971822.44888 73
1757582823434 266250960033.16785 74
1757582823493 265166273397.599 75
1757582823553 264111426350.96933 76
1757582823612 263085017474.3424 77
1757582823672 262085724125.70975 78
1757582823731 261112297449.14227 79
1757582823791 260163557733.32373 80
1757582823851 259238390093.07336 81
1757582823911 258335740449.56323 82
1757582823972 257454611786.86127 83
1757582824031 256594060664.20038 84
1757582824091 255753193964.99777 85
1757582824150 254931165865.138 86
1757582824212 254127175004.40668 87
1757582824274 253340461846.21713 88
1757582824335 252570306211.9305 89
1757582824395 251816024977.13168 90
1757582824455 251076969918.20068 91
1757582824514 250352525698.41776 92
1757582824574 249642107983.66486 93
1757582824634 248945161678.54712 94
1757582824694 248261159274.45602 95
1757582824754 247589599301.73904 96
1757582824813 246930004878.7319 97
1757582824872 246281922350.95456 98
1757582824933 245644920014.27365 99
1757582824993 245018586916.2954 100
1757582825054 244402531730.6792 101
1757582825114 243796381699.4526 102
1757582825173 243199781638.77307 103
1757582825238 242612393003.91 104
1757582825298 242033893009.53262 105
1757582825359 241463973801.6696 106
1757582825420 240902341677.96857 107
1757582825481 240348716353.126 108
1757582825541 239802830266.57895 109
1757582825602 239264427929.7576 110
1757582825663 238733265310.38654 111
1757582825723 238209109251.49927 112
1757582825785 237691736922.99265 113
1757582825845 237180935303.69766 114
1757582825907 236676500692.08246 115
1757582825970 236178238243.83282 116
1757582826032 235685961534.67276 117
1757582826096 235199492146.89996 118
1757582826167 234718659278.212 119
1757582826228 234243299371.49387 120
1757582826289 233773255764.32657 121
1757582826351 233308378357.05612 122
1757582826411 232848523298.33957 123
1757582826472 232393552687.154 124
1757582826534 231943334290.32007 125
1757582826594 231497741274.6521 126
1757582826657 231056651952.9032 127
1757582826717 230619949542.72623 128
1757582826777 230187521937.92032 129
1757582826840 229759261491.2781 130
1757582826903 229335064808.39056 131
1757582826963 228914832551.80658 132
1757582827023 228498469254.98105 133
1757582827084 228085883145.47794 134
1757582827144 227676985976.9296 135
1757582827205 227271692869.2807 136
1757582827270 226869922156.87448 137
1757582827334 226471595243.9651 138
1757582827397 226076636467.2632 139
1757582827460 225684972965.1456 140
1757582827522 225296534553.1806 141
1757582827585 224911253605.64133 142
1757582827646 224529064942.69662 143
1757582827709 224149905722.9879 144
1757582827771 223773715341.3162 145
1757582827832 223400435331.17923 146
1757582827893 223030009271.91183 147
1757582827953 222662382700.199 148
1757582828014 222297503025.73993 149
1757582828075 221935319450.85712 150
1757582828135 221575782893.853 151
1757582828195 221218845915.92892 152
1757582828257 220864462651.48987 153
1757582828318 220512588741.66925 154
1757582828382 220163181270.9151 155
1757582828443 219816198706.48917 156
1757582828508 219471600840.7356 157
1757582828575 219129348735.9879 158
1757582828640 218789404671.98352 159
1757582828704 218451732095.6673 160
1757582828767 218116295573.26923 161
1757582828835 217783060744.54678 162
1757582828900 217451994279.08963 163
1757582828962 217123063834.58807 164
1757582829022 216796238016.9725 165
1757582829083 216471486342.33582 166
1757582829145 216148779200.5538 167
1757582829207 215828087820.5249 168
1757582829274 215509384236.95294 169
1757582829346 215192641258.60062 170
1757582829407 214877832437.94513 171
1757582829468 214564932042.17184 172
1757582829530 214253915025.44205 173
1757582829593 213944757002.37747 174
1757582829656 213637434222.70496 175
1757582829719 213331923547.0072 176
1757582829781 213028202423.52988 177
1757582829842 212726248865.99512 178
1757582829904 212426041432.3776 179
1757582829966 212127559204.59628 180
1757582830038 211830781769.0833 181
1757582830101 211535689198.18735 182
1757582830164 211242262032.37506 183
1757582830229 210950481263.1946 184
1757582830291 210660328316.96533 185
1757582830353 210371785039.16278 186
1757582830416 210084833679.4658 187
1757582830478 209799456877.43735 188
1757582830540 209515637648.81 189
1757582830602 209233359372.34882 190
1757582830664 208952605777.2662 191
1757582830727 208673360931.1635 192
1757582830789 208395609228.47684 193
1757582830851 208119335379.40317 194
1757582830912 207844524399.28705 195
1757582830973 207571161598.44586 196
1757582831035 207299232572.41556 197
1757582831097 207028723192.59738 198
1757582831159 206759619597.2879 199
1757582831223 206491908183.0762 200
1757582831284 206225575596.59106 201
1757582831349 205960608726.58337 202
1757582831411 205696994696.32895 203
1757582831473 205434720856.3374 204
1757582831533 205173774777.35416 205
1757582831596 204914144243.64227 206
1757582831658 204655817246.53256 207
1757582831720 204398781978.22925 208
1757582831785 204143026825.8612 209
1757582831850 203888540365.76736 210
1757582831915 203635311358.0065 211
1757582831976 203383328741.0812 212
1757582832038 203132581626.86777 213
1757582832101 202883059295.74152 214
1757582832165 202634751191.8913 215
1757582832226 202387646918.81262 216
1757582832288 202141736234.97385 217
1757582832350 201897009049.64664 218
1757582832411 201653455418.8946 219
1757582832480 201411065541.71225 220
1757582832551 201169829756.30927 221
1757582832614 200929738536.53287 222
1757582832676 200690782488.42236 223
1757582832747 200452952346.89142 224
1757582832809 200216238972.53116 225
1757582832873 199980633348.53036 226
1757582832935 199746126577.70642 227
1757582832997 199512709879.64395 228
1757582833059 199280374587.9353 229
1757582833122 199049112147.5194 230
1757582833185 198818914112.1144 231
1757582833247 198589772141.74066 232
1757582833309 198361678000.32977 233
1757582833374 198134623553.4168 234
1757582833436 197908600765.9115 235
1757582833498 197683601699.94586 236
1757582833560 197459618512.7945 237
1757582833622 197236643454.8651 238
1757582833683 197014668867.75595 239
1757582833747 196793687182.37787 240
1757582833809 196573690917.13782 241
1757582833872 196354672676.18192 242
1757582833934 196136625147.6954 243
1757582833998 195919541102.2568 244
1757582834061 195703413391.24493 245
1757582834124 195488234945.29593 246
1757582834188 195273998772.80865 247
1757582834255 195060697958.49652 248
1757582834316 194848325661.98364 249
1757582834383 194636875116.44434 250
1757582834446 194426339627.28278 251
1757582834508 194216712570.8531 252
1757582834570 194007987393.2169 253
1757582834632 193800157608.93747 254
1757582834693 193593216799.9087 255
1757582834757 193387158614.21844 256
1757582834819 193181976765.04337 257
1757582834881 192977665029.57587 258
1757582834944 192774217247.98032 259
1757582835007 192571627322.37848 260
1757582835068 192369889215.8629 261
1757582835131 192168996951.53647 262
1757582835193 191968944611.57828 263
1757582835258 191769726336.33383 264
1757582835320 191571336323.42953 265
1757582835384 191373768826.90985 266
1757582835449 191177018156.39664 267
1757582835512 190981078676.26996 268
1757582835574 190785944804.86954 269
1757582835638 190591611013.71564 270
1757582835701 190398071826.74963 271
1757582835775 190205321819.5925 272
1757582835838 190013355618.82153 273
1757582835900 189822167901.26385 274
1757582835963 189631753393.30673 275
1757582836025 189442106870.22388 276
1757582836087 189253223155.5171 277
1757582836151 189065097120.27295 278
1757582836214 188877723682.5337 279
1757582836277 188691097806.68225 280
1757582836341 188505214502.84064 281
1757582836404 188320068826.28143 282
1757582836472 188135655876.85156 283
1757582836537 187951970798.40878 284
1757582836602 187769008778.2692 285
1757582836666 187586765046.66705 286
1757582836730 187405234876.22458 287
1757582836794 187224413581.43353 288
1757582836856 187044296518.14615 289
1757582836920 186864879083.07678 290
1757582836983 186686156713.31287 291
1757582837047 186508124885.8354 292
1757582837110 186330779117.04868 293
1757582837173 186154114962.3187 294
1757582837236 185978128015.52014 295
1757582837300 185802813908.5919 296
1757582837362 185628168311.10025 297
1757582837425 185454186929.8104 298
1757582837489 185280865508.26538 299
1757582837552 185108199826.37222 300
1757582837616 184936185699.9956 301
1757582837678 184764818980.5582 302
1757582837742 184594095554.64795 303
1757582837806 184424011343.6322 304
1757582837870 184254562303.27777 305
1757582837933 184085744423.37753 306
1757582837996 183917553727.38324 307
1757582838060 183749986272.0439 308
1757582838123 183583038147.0502 309
1757582838188 183416705474.68445 310
1757582838252 183250984409.47623 311
1757582838317 183085871137.86273 312
1757582838383 182921361877.85504 313
1757582838447 182757452878.70923 314
1757582838511 182594140420.60205 315
1757582838578 182431420814.31207 316
1757582838641 182269290400.90497 317
1757582838708 182107745551.4239 318
1757582838773 181946782666.58368 319
1757582838842 181786398176.47037 320
1757582838906 181626588540.24393 321
1757582838974 181467350245.8462 322
1757582839053 181308679809.71222 323
1757582839116 181150573776.48563 324
1757582839184 180993028718.73853 325
1757582839248 180836041236.69427 326
1757582839312 180679607957.9549 327
1757582839376 180523725537.2317 328
1757582839440 180368390656.07928 329
1757582839504 180213600022.63367 330
1757582839568 180059350371.3533 331
1757582839632 179905638462.76355 332
1757582839695 179752461083.2049 333
1757582839759 179599815044.58362 334
1757582839823 179447697184.1266 335
1757582839887 179296104364.138 336
1757582839950 179145033471.7604 337
1757582840013 178994481418.73764 338
1757582840076 178844445141.18146 339
1757582840139 178694921599.34064 340
1757582840202 178545907777.37292 341
1757582840268 178397400683.12 342
1757582840333 178249397347.88474 343
1757582840396 178101894826.21164 344
1757582840460 177954890195.66934 345
1757582840526 177808380556.6364 346
1757582840591 177662363032.08878 347
1757582840655 177516834767.3903 348
1757582840718 177371792930.08575 349
1757582840784 177227234709.69577 350
1757582840849 177083157317.51456 351
1757582840914 176939557986.4098 352
1757582840979 176796433970.62488 353
1757582841044 176653782545.5831 354
1757582841108 176511601007.69458 355
1757582841175 176369886674.16492 356
1757582841241 176228636882.80618 357
1757582841308 176087848991.84988 358
1757582841373 175947520379.7621 359
1757582841438 175807648445.06076 360
1757582841505 175668230606.1347 361
1757582841569 175529264301.06473 362
1757582841634 175390746987.4469 363
1757582841699 175252676142.21738 364
1757582841765 175115049261.47925 365
1757582841830 174977863860.33163 366
1757582841894 174841117472.6997 367
1757582841958 174704807651.16763 368
1757582842023 174568931966.8125 369
1757582842087 174433488009.04004 370
1757582842152 174298473385.42273 371
1757582842216 174163885721.5388 372
1757582842281 174029722660.81332 373
1757582842346 173895981864.36127 374
1757582842420 173762661010.83127 375
1757582842489 173629757796.252 376
1757582842554 173497269933.8796 377
1757582842618 173365195154.04678 378
1757582842683 173233531204.01343 379
1757582842751 173102275847.81885 380
1757582842817 172971426866.13556 381
1757582842882 172840982056.12433 382
1757582842946 172710939231.29083 383
1757582843011 172581296221.34387 384
1757582843076 172452050872.05487 385
1757582843141 172323201045.11865 386
1757582843204 172194744618.0163 387
1757582843269 172066679483.87793 388
1757582843333 171939003551.3489 389
1757582843398 171811714744.45535 390
1757582843463 171684811002.47235 391
1757582843527 171558290279.7929 392
1757582843592 171432150545.7983 393
1757582843656 171306389784.72964 394
1757582843721 171181005995.5608 395
1757582843787 171055997191.87256 396
1757582843852 170931361401.72797 397
1757582843917 170807096667.54898 398
1757582843981 170683201045.99414 399
1757582844045 170559672607.83743 400
1757582844110 170436509437.8488 401
1757582844174 170313709634.67502 402
1757582844240 170191271310.7226 403
1757582844305 170069192592.04083 404
1757582844370 169947471618.20694 405
1757582844436 169826106542.2117 406
1757582844502 169705095530.34622 407
1757582844567 169584436762.09024 408
1757582844632 169464128430.0008 409
1757582844697 169344168739.60272 410
1757582844763 169224555909.27936 411
1757582844829 169105288170.16516 412
1757582844897 168986363766.03857 413
1757582844963 168867780953.21643 414
1757582845029 168749538000.449 415
1757582845095 168631633188.8165 416
1757582845160 168514064811.62582 417
1757582845225 168396831174.30902 418
1757582845291 168279930594.3222 419
1757582845356 168163361401.04575 420
1757582845422 168047121935.68494 421
1757582845487 167931210551.17224 422
1757582845552 167815625612.07 423
1757582845618 167700365494.47397 424
1757582845684 167585428585.91797 425
1757582845750 167470813285.2796 426
1757582845816 167356518002.68628 427
1757582845889 167242541159.4227 428
1757582845961 167128881187.83878 429
1757582846026 167015536531.25867 430
1757582846091 166902505643.89047 431
1757582846158 166789786990.7368 432
1757582846225 166677379047.5063 433
1757582846290 166565280300.5257 434
1757582846359 166453489246.653 435
1757582846425 166342004393.19128 436
1757582846490 166230824257.8032 437
1757582846556 166119947368.42636 438
1757582846621 166009372263.1897 439
1757582846686 165899097490.3301 440
1757582846752 165789121608.1103 441
1757582846818 165679443184.73718 442
1757582846885 165570060798.2809 443
1757582846951 165460973036.59488 444
1757582847017 165352178497.2363 445
1757582847084 165243675787.38754 446
1757582847154 165135463523.7781 447
1757582847220 165027540332.6074 448
1757582847286 164919904849.46814 449
1757582847352 164812555719.27057 450
1757582847417 164705491596.16705 451
1757582847483 164598711143.47772 452
1757582847549 164492213033.61646 453
1757582847615 164385995948.01788 454
1757582847680 164280058577.06454 455
1757582847747 164174399620.01532 456
1757582847815 164069017784.9338 457
1757582847880 163963911788.61798 458
1757582847947 163859080356.53006 459
1757582848012 163754522222.727 460
1757582848078 163650236129.792 461
1757582848145 163546220828.76608 462
1757582848210 163442475079.0807 463
1757582848277 163338997648.49075 464
1757582848343 163235787313.0081 465
1757582848411 163132842856.83575 466
1757582848477 163030163072.30298 467
1757582848542 162927746759.80032 468
1757582848608 162825592727.71573 469
1757582848674 162723699792.3709 470
1757582848740 162622066777.95844 471
1757582848808 162520692516.47955 472
1757582848876 162419575847.68192 473
1757582848944 162318715618.99872 474
1757582849019 162218110685.48764 475
1757582849087 162117759909.77063 476
1757582849159 162017662161.9743 477
1757582849233 161917816319.67072 478
1757582849302 161818221267.8186 479
1757582849367 161718875898.70523 480
1757582849436 161619779111.88885 481
1757582849518 161520929814.14136 482
1757582849584 161422326919.3917 483
1757582849650 161323969348.66977 484
1757582849717 161225856030.05072 485
1757582849783 161127985898.5995 486
1757582849851 161030357896.31635 487
1757582849919 160932970972.08258 488
1757582849989 160835824081.60672 489
1757582850056 160738916187.371 490
1757582850154 160642246258.5788 491
1757582850222 160545813271.102 492
1757582850290 160449616207.42902 493
1757582850356 160353654056.6136 494
1757582850423 160257925814.2233 495
1757582850488 160162430482.2892 496
1757582850557 160067167069.25546 497
1757582850625 159972134589.92966 498
1757582850691 159877332065.43347 499
