1757553423109 201603425105.3637 0
1757553423585 218058513661.6386 1
1757553424060 121762703694.63104 2
1757553424565 13944725797.176739 3
1757553425044 540454894003.0713 4
1757553425530 21626228164.46891 5
1757553426022 9368743971.84079 6
1757553426510 141766021940.82428 7
1757553427042 253080707512.11526 8
1757553427522 377703511793.74347 9
1757553428001 60131664758.77776 10
1757553428486 230481900.89238492 11
1757553428969 12577745516.984928 12
1757553429450 101708259331.59245 13
1757553429933 44182349061.85769 14
1757553430421 96033892853.95377 15
1757553430905 17930041155.660126 16
1757553431388 306039045482.77014 17
1757553431876 38556088047.05552 18
1757553432385 83253614481.31105 19
1757553432881 20356843.233640384 20
1757553433369 301308652.0461319 21
1757553433844 1924650607.9095447 22
1757553434341 172677786556.51807 23
1757553434825 185086268881.16824 24
1757553435305 582569772226.808 25
1757553435784 145472715.33236545 26
1757553436259 7979223175.068743 27
1757553436733 743451872564.6659 28
1757553437201 53666171848.96507 29
1757553437697 48687119852.93062 30
1757553438176 547933679757.70874 31
1757553438659 1124406535948.2163 32
1757553439147 128512041317.0525 33
1757553439632 124874678761.85396 34
1757553440112 148017279316.48285 35
1757553440614 15855988843.610638 36
1757553441170 18182610435.835007 37
1757553441698 107106987271.9175 38
1757553442221 134688029.25571036 39
1757553442714 1026971458.1194408 40
1757553443190 62787262768.14475 41
1757553443686 2917957435.956357 42
1757553444166 90631413759.44821 43
1757553444653 819927364242.2458 44
1757553445146 2506379647.763734 45
1757553445625 347509286607.31915 46
1757553446103 73932854522.59236 47
1757553446600 78611375969.07481 48
1757553447075 19368467500.159386 49
1757553447557 43550014297.76246 50
1757553448034 61736470002.10292 51
1757553448517 4431263981.907393 52
1757553448989 18669894779.342945 53
1757553449466 116998243533.37349 54
1757553449951 4620843548.25585 55
1757553450418 2665740540.0701146 56
1757553450893 27052803656.36313 57
1757553451356 555768145371.6443 58
1757553451837 387624172632.72144 59
1757553452308 494314432951.2321 60
1757553452796 364990228.4624039 61
1757553453296 88618086116.30898 62
1757553453790 964067757.0560174 63
1757553454292 2599236499116.7397 64
1757553454790 97221899294.75447 65
1757553455278 24575415.18494987 66
1757553455772 8313325690.206925 67
1757553456254 256011928251.35144 68
1757553456748 586314072.7930309 69
1757553457244 431819888801.64105 70
1757553457737 176260540435.15662 71
1757553458217 77546647864.2679 72
1757553458694 1118020495.0844588 73
1757553459170 2985496274.2499537 74
1757553459648 43413335730.85544 75
1757553460114 10447203568.062925 76
1757553460593 20653045873.816483 77
1757553461060 9787383654725.2 78
1757553461537 1359887692.1007423 79
1757553462017 135292605937.81886 80
1757553462484 11450776312.414143 81
1757553462957 117634484286.05264 82
1757553463422 5493604089.365406 83
1757553463893 38650064051.61651 84
1757553464382 18977153678.591347 85
1757553464865 58471731086.25471 86
1757553465335 91949476747.46884 87
1757553465822 47709220.70720479 88
1757553466345 17482690074.696827 89
1757553466862 86527912191.84424 90
1757553467345 756477020.2929901 91
1757553467817 376792187799.5162 92
1757553468299 234614899486.4415 93
1757553468778 703785721.8299409 94
1757553469269 11150516.970512291 95
1757553469750 3841237196.191393 96
1757553470234 4854317503.621389 97
1757553470702 40797431.392405525 98
1757553471174 38875364390.95459 99
1757553471642 113699868190.33456 100
1757553472122 392806148.7510768 101
1757553472632 822435737.8123835 102
1757553473235 9839911252693.463 103
1757553473837 939469329771.106 104
1757553474320 60533505977.86577 105
1757553474817 639807576.5382836 106
1757553475300 129586056059.9588 107
1757553475780 85836133811.13878 108
1757553476255 9381611803006.871 109
1757553476741 1325124738.6300364 110
1757553477225 3888442261975.8706 111
1757553477721 3946097309.267242 112
1757553478211 147019771744.6666 113
1757553478696 129176562934.61102 114
1757553479186 128217355244.75679 115
1757553479689 156203883367.1216 116
1757553480171 89957998373.36217 117
1757553480649 80246451917.28972 118
1757553481144 7595513761.146196 119
1757553481623 249221189413.03885 120
1757553482101 1531755250697.7668 121
1757553482569 113894565128.59927 122
1757553483058 75428044793.11638 123
1757553483552 34315585259.060772 124
1757553484032 396034416389.3001 125
1757553484499 20532372493.29484 126
1757553484991 277609532110.60144 127
1757553485480 261603557887.7575 128
1757553485980 37060618385.31821 129
1757553486458 6326169474.487266 130
1757553486925 14705079640.04223 131
1757553487405 88862111603.49524 132
1757553487873 427345825424.24316 133
1757553488354 4454206927.638795 134
1757553488829 280673153882.3975 135
1757553489309 127629986431.22131 136
