1757583777751 1053300496920.496 0
1757583777816 1032371887450.653 1
1757583777882 1001936136973.2416 2
1757583777947 967929466984.3561 3
1757583778009 933307544328.4395 4
1757583778076 899477806522.0942 5
1757583778138 867064027188.7125 6
1757583778204 836301174430.3258 7
1757583778266 807235697117.9751 8
1757583778326 779825929973.9171 9
1757583778397 753991904041.6572 10
1757583778462 729639731075.2723 11
1757583778527 706673284457.6095 12
1757583778594 684999570889.756 13
1757583778658 664530994554.2769 14
1757583778723 645186111901.6147 15
1757583778790 626889671879.9396 16
1757583778858 609572334736.0443 17
1757583778940 593170262014.3561 18
1757583779006 577624670539.2286 19
1757583779072 562881393634.4373 20
1757583779141 548890468421.0109 21
1757583779206 535605756142.6741 22
1757583779275 522984596801.3655 23
1757583779346 510987496799.2208 24
1757583779406 499577847209.46075 25
1757583779475 488721669955.7135 26
1757583779539 478387389179.7571 27
1757583779600 468545625230.19183 28
1757583779662 459169008915.75653 29
1757583779722 450232013892.1867 30
1757583779788 441710805270.08264 31
1757583779850 433583102734.4889 32
1757583779921 425828056651.7823 33
1757583779986 418426135805.7736 34
1757583780062 411359025553.5757 35
1757583780125 404609535324.2122 36
1757583780191 398161514500.70874 37
1757583780270 391999775831.0271 38
1757583780334 386110025606.1336 39
1757583780399 380478799925.9965 40
1757583780463 375093406447.5944 41
1757583780529 369941871074.09283 42
1757583780595 365012889102.1734 43
1757583780661 360295780395.8735 44
1757583780727 355780448200.96985 45
1757583780785 351457341254.5439 46
1757583780850 347317418880.49146 47
1757583780913 343352118793.87775 48
1757583780978 339553327365.6499 49
1757583781046 335913352124.7006 50
1757583781110 332424896296.97186 51
1757583781175 329081035201.52734 52
1757583781241 325875194341.565 53
1757583781305 322801129044.439 54
1757583781369 319852905519.13947 55
1757583781436 317024883212.51587 56
1757583781511 314311698357.0059 57
1757583781574 311708248612.8996 58
1757583781639 309209678717.351 59
1757583781703 306811367060.5821 60
1757583781771 304508913117.0949 61
1757583781834 302298125666.32477 62
1757583781899 300175011743.1035 63
1757583781966 298135766263.63837 64
1757583782035 296176762277.50714 65
1757583782106 294294541800.49054 66
1757583782170 292485807186.9483 67
1757583782235 290747413003.9564 68
1757583782301 289076358372.58624 69
1757583782367 287469779744.56604 70
1757583782431 285924944085.15485 71
1757583782495 284439242435.3983 72
1757583782562 283010183829.0613 73
1757583782627 281635389541.458 74
1757583782692 280312587649.1513 75
1757583782754 279039607881.0852 76
1757583782824 277814376743.1646 77
1757583782892 276634912899.6188 78
1757583782957 275499322795.69165 79
1757583783021 274405796507.3059 80
1757583783085 273352603804.35617 81
1757583783151 272338090415.2138 82
1757583783211 271360674480.8722 83
1757583783278 270418843187.94266 84
1757583783347 269511149570.4272 85
1757583783415 268636209470.85477 86
1757583783480 267792698651.97726 87
1757583783546 266979350050.78116 88
1757583783624 266194951167.0926 89
1757583783696 265438341579.53217 90
1757583783766 264708410582.02185 91
1757583783830 264004094934.45892 92
1757583783894 263324376721.55457 93
1757583783954 262668281314.19193 94
1757583784022 262034875427.98877 95
1757583784090 261423265274.05927 96
1757583784161 260832594797.2571 97
1757583784235 260262043997.45026 98
1757583784304 259710827329.62894 99
1757583784366 259178192178.88324 100
1757583784430 258663417406.5053 101
1757583784498 258165811963.67773 102
1757583784563 257684713569.40216 103
1757583784626 257219487449.50208 104
1757583784693 256769525133.7048 105
1757583784754 256334243307.9668 106
1757583784816 255913082719.35437 107
1757583784881 255505507130.93753 108
1757583784947 255111002324.2817 109
1757583785015 254729075147.25165 110
1757583785078 254359252604.95816 111
1757583785146 254001080991.7883 112
1757583785212 253654125062.5673 113
1757583785279 253317967240.99646 114
1757583785340 252992206863.60745 115
1757583785404 252676459457.55997 116
1757583785467 252370356050.6944 117
1757583785534 252073542512.32968 118
1757583785600 251785678923.37134 119
1757583785661 251506438974.36545 120
1757583785728 251235509390.20203 121
1757583785796 250972589380.23297 122
1757583785865 250717390112.633 123
1757583785931 250469634211.8845 124
1757583785998 250229055278.32635 125
1757583786062 249995397428.75415 126
1757583786127 249768414857.1096 127
1757583786208 249547871414.34262 128
1757583786274 249333540206.574 129
1757583786339 249125203210.72684 130
1757583786402 248922650906.8361 131
1757583786472 248725681926.2811 132
1757583786537 248534102715.22437 133
1757583786615 248347727212.57013 134
1757583786686 248166376541.79156 135
1757583786753 247989878716.0047 136
1757583786836 247818068355.6957 137
1757583786909 247650786418.53754 138
1757583786976 247487879940.7561 139
1757583787060 247329201789.53256 140
1757583787127 247174610425.9527 141
1757583787199 247023969678.03384 142
1757583787273 246877148523.38666 143
1757583787342 246734020881.08347 144
1757583787408 246594465412.32956 145
1757583787470 246458365329.54953 146
1757583787540 246325608213.51895 147
1757583787608 246196085838.1894 148
1757583787673 246069694002.86993 149
1757583787737 245946332371.44382 150
1757583787801 245825904318.31427 151
1757583787870 245708316780.78558 152
1757583787936 245593480117.60104 153
1757583788002 245481307973.37003 154
1757583788072 245371717148.62955 155
1757583788148 245264627475.29712 156
1757583788222 245159961697.2817 157
1757583788296 245057645356.03104 158
1757583788366 244957606680.80338 159
1757583788435 244859776483.46014 160
1757583788499 244764088057.58652 161
1757583788566 244670477081.75433 162
1757583788631 244578881526.75058 163
1757583788706 244489241566.6024 164
1757583788769 244401499493.23724 165
1757583788835 244315599634.6232 166
1757583788905 244231488276.24213 167
1757583788971 244149113585.75455 168
1757583789036 244068425540.7211 169
1757583789104 243989375859.25177 170
1757583789175 243911917933.45905 171
1757583789246 243836006765.59756 172
1757583789312 243761598906.77686 173
1757583789381 243688652398.13956 174
1757583789445 243617126714.40182 175
1757583789511 243546982709.6569 176
1757583789580 243478182565.34775 177
1757583789649 243410689740.31793 178
1757583789714 243344468922.8548 179
1757583789779 243279485984.64127 180
1757583789844 243215707936.53784 181
1757583789909 243153102886.11935 182
1757583789971 243091639996.89224 183
1757583790044 243031289449.125 184
1757583790112 242972022402.22348 185
1757583790181 242913810958.5892 186
1757583790250 242856628128.8979 187
1757583790320 242800447798.74158 188
1757583790393 242745244696.57742 189
1757583790460 242690994362.92993 190
1757583790526 242637673120.79572 191
1757583790589 242585258047.20163 192
1757583790667 242533726945.86893 193
1757583790734 242483058320.93918 194
1757583790801 242433231351.71796 195
1757583790869 242384225868.3963 196
1757583790940 242336022328.70837 197
1757583791010 242288601795.49045 198
1757583791076 242241945915.10147 199
1757583791141 242196036896.6733 200
1757583791214 242150857492.15564 201
1757583791288 242106390977.1243 202
1757583791357 242062621132.3222 203
1757583791425 242019532225.90378 204
1757583791497 241977108996.35422 205
1757583791566 241935336636.0577 206
1757583791635 241894200775.48718 207
1757583791700 241853687467.99252 208
1757583791769 241813783175.16238 209
1757583791837 241774474752.73724 210
1757583791908 241735749437.0518 211
1757583791974 241697594831.9855 212
1757583792043 241659998896.4024 213
1757583792111 241622949932.0586 214
1757583792183 241586436571.9618 215
1757583792254 241550447769.1629 216
1757583792321 241514972785.96405 217
1757583792392 241480001183.5259 218
1757583792460 241445522811.8593 219
1757583792529 241411527800.18634 220
1757583792602 241378006547.65472 221
1757583792672 241344949714.39493 222
1757583792735 241312348212.90344 223
1757583792804 241280193199.74167 224
1757583792871 241248476067.5375 225
1757583792942 241217188437.27762 226
1757583793006 241186322150.88007 227
1757583793071 241155869264.0353 228
1757583793132 241125822039.30634 229
1757583793200 241096172939.4774 230
1757583793273 241066914621.14203 231
1757583793342 241038039928.52075 232
1757583793409 241009541887.50067 233
1757583793478 240981413699.88715 234
1757583793545 240953648737.86084 235
1757583793614 240926240538.63135 236
1757583793680 240899182799.2802 237
1757583793752 240872469371.78647 238
1757583793822 240846094258.2275 239
1757583793888 240820051606.1486 240
1757583793959 240794335704.09473 241
1757583794026 240768940977.29953 242
1757583794106 240743861983.52295 243
1757583794175 240719093409.0358 244
1757583794249 240694630064.74213 245
1757583794320 240670466882.43634 246
1757583794386 240646598911.18948 247
1757583794457 240623021313.86 248
1757583794524 240599729363.72372 249
1757583794628 240576718441.2199 250
1757583794704 240553984030.80765 251
1757583794773 240531521717.92984 252
1757583794837 240509327186.0792 253
1757583794908 240487396213.96478 254
1757583794974 240465724672.7732 255
1757583795041 240444308523.52173 256
1757583795104 240423143814.501 257
1757583795172 240402226678.8022 258
1757583795238 240381553331.92743 259
1757583795312 240361120069.47867 260
1757583795387 240340923264.92392 261
1757583795450 240320959367.43646 262
1757583795523 240301224899.8056 263
1757583795593 240281716456.4156 264
1757583795664 240262430701.2907 265
1757583795732 240243364366.20404 266
1757583795800 240224514248.84744 267
1757583795870 240205877211.061 268
1757583795939 240187450177.11896 269
1757583796004 240169230132.07144 270
1757583796074 240151214120.13867 271
1757583796145 240133399243.1568 272
1757583796215 240115782659.0725 273
1757583796289 240098361580.48608 274
1757583796360 240081133273.23987 275
1757583796425 240064095055.05103 276
1757583796499 240047244294.1877 277
1757583796572 240030578408.18585 278
1757583796644 240014094862.60617 279
1757583796716 239997791169.82956 280
1757583796800 239981664887.88968 281
1757583796887 239965713619.34143 282
1757583796963 239949935010.1637 283
1757583797057 239934326748.69623 284
1757583797126 239918886564.60806 285
1757583797196 239903612227.89737 286
1757583797274 239888501547.92172 287
1757583797342 239873552372.45706 288
1757583797416 239858762586.78467 289
1757583797483 239844130112.80582 290
1757583797555 239829652908.18195 291
1757583797626 239815328965.50095 292
1757583797692 239801156311.46686 293
1757583797763 239787133006.1146 294
1757583797838 239773257142.04617 295
1757583797918 239759526843.69016 296
1757583797983 239745940266.58176 297
1757583798056 239732495596.6638 298
1757583798126 239719191049.60764 299
1757583798195 239706024870.15384 300
1757583798266 239692995331.47064 301
1757583798334 239680100734.5313 302
1757583798408 239667339407.50845 303
1757583798477 239654709705.1855 304
1757583798544 239642210008.38474 305
1757583798608 239629838723.41034 306
1757583798675 239617594281.5078 307
1757583798748 239605475138.33743 308
1757583798818 239593479773.4624 309
1757583798884 239581606689.85092 310
1757583798960 239569854413.3913 311
1757583799029 239558221492.42078 312
1757583799105 239546706497.2663 313
1757583799176 239535308019.79764 314
1757583799245 239524024672.9927 315
1757583799316 239512855090.5139 316
1757583799382 239501797926.2957 317
1757583799455 239490851854.143 318
1757583799528 239480015567.3399 319
1757583799596 239469287778.2685 320
1757583799669 239458667218.03723 321
1757583799744 239448152636.11954 322
1757583799813 239437742800.00046 323
1757583799882 239427436494.83334 324
1757583799952 239417232523.10425 325
1757583800020 239407129704.30524 326
