1757529936421 1019579386902.4657 0
1757529936443 4127965526943.6685 1
1757529936466 1.30219168095588e+16 2
1757529936490 5.274076930782199e+19 3
1757529936517 2.1361308531786973e+23 4
1757529936545 8.651855305761199e+26 5
1757529936566 3.504214178664663e+30 6
1757529936601 1.4192929234239094e+34 7
1757529936635 5.748485394373915e+37 8
1757529936666 2.3282779603813005e+41 9
1757529936695 9.430098345736018e+44 10
1757529936726 3.819421749613167e+48 11
1757529936764 1.5469597417310387e+52 12
1757529936795 6.265567406319904e+55 13
1757529936827 2.537708892101461e+59 14
1757529936857 1.0278345125702444e+63 15
1757529936892 4.162982556898701e+66 16
1757529936922 1.686110318061387e+70 17
1757529936958 6.829161462523615e+73 18
1757529936992 2.7659783456422653e+77 19
1757529937027 1.120289255210365e+81 20
1757529937060 4.53744700249405e+84 21
1757529937097 1.8377776279373662e+88 22
1757529937131 7.44345136789621e+91 23
1757529937164 3.014780864887327e+95 24
1757529937196 1.2210603944416769e+99 25
1757529937229 4.94559489958083e+102 26
1757529937265 2.0030875640630072e+106 27
1757529937304 8.112997264785948e+109 28
1757529937343 3.285963419637806e+113 29
1757529937380 1.3308959984571917e+117 30
1757529937417 5.390456108317263e+120 31
1757529937448 2.183267294317401e+124 32
1757529937483 8.84276948490733e+127 33
1757529937517 3.581539116476155e+131 34
1757529937550 1.4506114249322461e+135 35
1757529937584 5.8753330278138535e+138 36
1757529937618 2.3796543715580196e+142 37
1757529937657 9.638185446284819e+145 38
1757529937696 3.903702142935827e+149 39
1757529937732 1.5810953737807389e+153 40
1757529937767 6.4038251112847505e+156 41
1757529937803 2.5937066628599277e+160 42
1757529937839 1.0505149869113682e+164 43
1757529937875 4.254844055913927e+167 44
1757529937912 1.7233164843628717e+171 45
1757529937947 6.979855586361552e+174 46
1757529937983 2.8270131719000122e+178 47
1757529938016 1.1450098609077705e+182 48
1757529938052 4.6375715352429285e+185 49
1757529938088 1.8783305261183105e+189 50
1757529938124 7.607700578926114e+192 51
1757529938159 3.0813058348255362e+196 52
1757529938188 1.2480046433517911e+200 53
1757529938218 5.054725734213972e+203 54
1757529938252 2.047288236004007e+207 55
1757529938288 8.292020856661122e+210 56
1757529938324 3.3584723771728145e+214 57
1757529938359 1.360263909511506e+218 58
1757529938395 5.509403370698971e+221 59
1757529938426 2.2314438609173747e+225 60
1757529938460 9.037896427964964e+228 61
1757529938493 3.660570327278615e+232 62
1757529938526 1.482621008965233e+236 63
1757529938558 6.004979715440337e+239 64
1757529938592 2.4321644685189694e+243 65
1757529938622 9.850864253073348e+246 66
1757529938652 3.9898422902119324e+250 67
1757529938687 1.6159842519195333e+254 68
1757529938716 6.545133648160364e+257 69
1757529938748 2.650940095573045e+261 70
1757529938781 1.0736959347334376e+265 71
1757529938815 4.3487325956111765e+268 72
1757529938848 1.7613436519927038e+272 73
1757529938882 7.133874967492653e+275 74
1757529938917 2.8893948091413737e+279 75
1757529938953 1.1702759581764038e+283 76
1757529938988 4.73990544301102e+286 77
1757529939020 1.919778275518408e+290 78
1757529939054 7.775574157469257e+293 79
1757529939086 3.149298762742666e+297 80
1757529939116 1.2755434513456638e+301 81
1757529939150 inf 82
1757529939183 inf 83
