1757573298792 25560707251328.8 0
1757573299466 7120941580970.273 1
1757573300135 2.377970099367958e+16 2
1757573300821 9600383464176106.0 3
1757573301483 1.2916478241529002e+19 4
1757573302163 2.8181429124107516e+21 5
1757573302847 2.412925477273019e+21 6
1757573303514 8.942179473299302e+24 7
1757573304191 3.6360577830229434e+27 8
1757573304840 3.297709191350933e+29 9
1757573305439 6.845847221451952e+31 10
1757573306054 1.3964761309070347e+34 11
1757573306648 3.681468700193435e+32 12
1757573307323 5.345158242349258e+36 13
1757573307989 1.71300160774674e+38 14
1757573308670 3.447929771866856e+38 15
1757573309339 2.1041229217870708e+43 16
1757573310003 3.3183552449520424e+45 17
1757573310676 1.2387279698042914e+49 18
1757573311345 4.3890765861005045e+52 19
1757573312009 8.065782478371538e+53 20
1757573312687 6.487919162557131e+56 21
1757573313368 6.070871813734553e+59 22
1757573314044 5.863587313062814e+64 23
1757573314716 1.0190488144310528e+63 24
1757573315390 6.426433101070502e+68 25
1757573316055 1.12752207607227e+70 26
1757573316723 7.660480312934217e+71 27
1757573317390 4.1302646149407865e+75 28
1757573318063 2.9990651958080305e+71 29
1757573318746 2.388261264511844e+75 30
1757573319407 6.554235193725145e+78 31
1757573320072 8.373021381824953e+79 32
1757573320757 2.0494201034435907e+83 33
1757573321435 6.528200550398225e+81 34
1757573322110 6.0103768350118755e+87 35
1757573322799 5.3938231481903775e+88 36
1757573323489 2.0312263311879666e+89 37
1757573324148 4.214779044203246e+92 38
1757573324665 2.1236337646656727e+94 39
1757573325244 2.492767673781754e+95 40
1757573325835 1.5106136325069048e+98 41
1757573326495 7.165045593125439e+99 42
1757573327048 5.046843933772829e+101 43
1757573327686 1.1606390352070988e+104 44
1757573328192 6.541317305049251e+106 45
1757573328783 1.3156342123259564e+111 46
1757573329375 2.0655009192535635e+110 47
1757573329923 4.1125022352893776e+108 48
1757573330513 1.8558421020747675e+116 49
1757573331082 2.2891029425297991e+117 50
1757573331670 1.881153186515688e+121 51
1757573332253 9.591082535094025e+121 52
1757573332862 1.2817335550777657e+126 53
1757573333551 7.19380135617812e+127 54
1757573334243 2.2361420593436045e+132 55
1757573334879 9.96081793807848e+134 56
1757573335430 4.574724822413602e+135 57
1757573336103 1.7948921696723298e+137 58
1757573336784 2.34526400594343e+140 59
1757573337464 1.5819794027452027e+142 60
1757573338098 4.7119104289144154e+141 61
1757573338682 7.186139427542533e+145 62
1757573339374 3.882581085038963e+144 63
1757573339966 1.4799905203118932e+150 64
1757573340641 1.1879593722493405e+154 65
1757573341326 2.1216027422937235e+151 66
1757573342006 4.9347716099652674e+156 67
1757573342685 4.247336658454922e+157 68
1757573343368 1.0502563780530046e+159 69
1757573344055 3.623896057145036e+162 70
1757573344742 1.1569852247706069e+166 71
1757573345417 4.3106209003186514e+167 72
1757573346081 6.383299203796743e+170 73
1757573346745 2.118845398598103e+176 74
1757573347411 4.4964983195177986e+175 75
1757573348104 1.690434583883137e+178 76
1757573348868 3.228766094214595e+179 77
1757573349624 1.6745154661503414e+178 78
1757573350359 2.3324992660081866e+181 79
1757573351126 2.8193208573574037e+182 80
1757573351839 5.8354037470307e+186 81
1757573352530 1.2404445766523028e+186 82
1757573353199 1.311386458116619e+190 83
1757573353873 2.1236517132366756e+192 84
1757573354598 1.4284267725257616e+194 85
1757573355317 1.3778627588223642e+197 86
1757573355986 2.1974882482213928e+200 87
1757573356657 1.706180490520787e+204 88
1757573357333 5.90314314802053e+206 89
1757573357998 1.3309763422745663e+210 90
1757573358677 3.197360838714908e+212 91
1757573359367 7.208236916324715e+214 92
1757573360054 5.408040587910672e+217 93
1757573360734 2.801222504232688e+220 94
1757573361432 4.472857488174458e+222 95
1757573362101 1.1338761571588645e+224 96
1757573362795 1.574658899324975e+226 97
1757573363468 8.839360433093214e+224 98
1757573364193 3.3845150011234e+229 99
1757573364947 2.0684897836623902e+231 100
1757573365662 4.9485195661647144e+232 101
1757573366351 1.7027655544379144e+236 102
1757573367022 1.3436653454118637e+239 103
1757573367697 4.6867469686157794e+241 104
1757573368374 1.7231976808815566e+242 105
1757573369045 6.344151354722735e+244 106
1757573369719 9.091537915149624e+246 107
1757573370389 4.063580279476524e+249 108
1757573371056 1.252192772369344e+249 109
1757573371727 4.5644242728935953e+251 110
1757573372407 1.0258306877713159e+254 111
1757573373080 4.473926501953588e+251 112
1757573373756 4.0115377166516765e+257 113
1757573374427 7.921015506853317e+259 114
1757573375098 1.879895342182873e+262 115
1757573375785 3.793782188145158e+266 116
1757573376474 8.66082272290936e+266 117
1757573377150 6.798690382209968e+270 118
1757573377822 1.1973679352474019e+272 119
1757573378499 6.036666456720195e+275 120
1757573379170 2.302392861041946e+277 121
1757573379781 4.540606509239959e+279 122
1757573380324 1.8768632888110177e+283 123
1757573380897 1.0347036387993304e+287 124
1757573381497 3.373103928705302e+289 125
1757573382164 6.938109682149772e+292 126
1757573382668 8.342790388159608e+292 127
1757573383332 6.282162959998026e+295 128
1757573383985 2.3132622511969258e+300 129
1757573384657 3.57544074447017e+302 130
1757573385329 2.4078957241582943e+303 131
