1757555538458 933101805267.2532 0
1757555538532 2017422887320.018 1
1757555538604 237604499637.52692 2
1757555538676 907637211638.6993 3
1757555538746 630849084239.0802 4
1757555538810 609569907604.8223 5
1757555538880 866716658397.169 6
1757555538945 448500497802.64343 7
1757555539011 199014493285.4198 8
1757555539074 1046596431645.5925 9
1757555539151 353888254366.2011 10
1757555539216 775703398669.4667 11
1757555539282 747325921925.2301 12
1757555539353 1132438619526.1077 13
1757555539421 417487032908.5812 14
1757555539489 1494958553703.3267 15
1757555539563 1115226505131.2012 16
1757555539635 347711314075.12665 17
1757555539699 969834357554.1893 18
1757555539771 199555445538.29785 19
1757555539854 371249867062.84674 20
1757555539923 607409783282.3899 21
1757555539986 1508992869769.6035 22
1757555540053 340141389470.3013 23
1757555540115 1572837912751.3943 24
1757555540186 342856533977.51575 25
1757555540265 693413360376.2028 26
1757555540328 892530756529.559 27
1757555540403 609641891671.0626 28
1757555540470 442314918737.51544 29
1757555540544 529218189393.4703 30
1757555540609 498185277061.7547 31
1757555540673 908095522167.2291 32
1757555540737 590062994979.9766 33
1757555540804 947772249918.943 34
1757555540869 200789819742.2959 35
1757555540937 434585832710.0681 36
1757555541006 107573744078.81897 37
1757555541069 471441589069.65173 38
1757555541133 138170214779.36633 39
1757555541204 829802178258.8667 40
1757555541274 176566064825.15005 41
1757555541340 432398917505.5688 42
1757555541413 488886945024.7215 43
1757555541479 459245953075.2004 44
1757555541552 312737297575.4875 45
1757555541619 191572039268.02054 46
1757555541685 155331983925.21698 47
1757555541752 442247554214.32794 48
1757555541834 426504630597.7843 49
1757555541899 370788025039.4049 50
1757555541969 363588436001.1564 51
1757555542042 165586861803.7701 52
1757555542105 249900906858.44507 53
1757555542172 520447339654.008 54
1757555542240 171148905415.77493 55
1757555542328 386110057910.28925 56
1757555542398 120401218373.871 57
1757555542475 403037639166.07275 58
1757555542545 373315589855.15717 59
1757555542617 118862418592.13058 60
1757555542689 618590750457.1829 61
1757555542750 131459804546.70349 62
1757555542819 67112373211.851776 63
1757555542890 342751356292.1 64
1757555542959 330655155396.7227 65
1757555543026 333408436046.97186 66
1757555543095 171152884664.946 67
1757555543163 448122077488.3581 68
1757555543228 578738179681.419 69
1757555543299 124601856991.89882 70
1757555543360 179163225838.4142 71
1757555543428 420197198938.7785 72
1757555543500 835291042899.5842 73
1757555543567 197709716811.41772 74
1757555543636 346296344450.9367 75
1757555543706 466074877922.25 76
1757555543771 476377854885.6457 77
1757555543846 120158614144.65532 78
1757555543912 105973652077.73232 79
1757555543980 107333709140.87407 80
1757555544053 323309081101.9607 81
1757555544125 353775985363.92444 82
1757555544194 300914908248.30585 83
1757555544260 91491485543.7653 84
1757555544325 324076150448.5467 85
1757555544397 116165049629.00224 86
1757555544466 122321757661.68962 87
1757555544536 398168978093.7081 88
1757555544607 78518470771.19983 89
1757555544677 264226914297.44485 90
1757555544743 593481478273.5448 91
1757555544819 322800687225.3221 92
1757555544888 103027079291.22427 93
1757555544957 74717982051.93459 94
1757555545026 99726808764.95709 95
1757555545093 119419727732.06918 96
1757555545160 153110322948.29785 97
1757555545227 196195845742.36502 98
1757555545302 216333247459.5907 99
1757555545371 316230127935.8051 100
1757555545443 334151002731.9253 101
1757555545515 295190472382.9217 102
1757555545585 107734204196.16704 103
1757555545656 163949112211.04544 104
1757555545722 69371682727.50339 105
1757555545789 87380970497.95496 106
1757555545859 571160520802.6644 107
1757555545925 251944251277.45114 108
1757555545999 471281944474.92926 109
1757555546064 213329398875.89032 110
1757555546134 375729129145.193 111
1757555546224 322328114117.84143 112
1757555546292 119183830124.44432 113
1757555546364 406326281682.5738 114
1757555546431 139724992336.0 115
1757555546500 467307067259.99524 116
1757555546566 106360570460.25992 117
1757555546651 70854538354.17384 118
1757555546718 109037056313.57329 119
1757555546790 426701314817.901 120
1757555546863 116096897160.0554 121
1757555546933 322770710657.52435 122
1757555547000 486645753771.93604 123
1757555547075 364889683639.4398 124
1757555547146 513942905717.0992 125
1757555547215 190674823703.02048 126
1757555547284 300006500829.1037 127
1757555547354 402910937623.1691 128
1757555547423 102481635581.77832 129
1757555547491 394372996723.998 130
1757555547561 502904083710.0422 131
1757555547624 103576817411.35347 132
1757555547703 225835041623.58987 133
1757555547769 166040891861.1958 134
1757555547843 82109244857.87148 135
1757555547913 478509755894.0017 136
1757555547980 147704285681.11084 137
1757555548051 78135405595.80649 138
1757555548119 102025270132.70068 139
1757555548181 136133446453.78194 140
1757555548250 465035176149.1932 141
1757555548316 763852259389.1782 142
1757555548398 125675010527.05492 143
1757555548473 320035285021.36017 144
1757555548544 565130811153.1528 145
1757555548614 168444501317.39914 146
1757555548691 329747521074.0224 147
1757555548760 299291997936.7896 148
1757555548828 146384920401.95053 149
1757555548892 95204872219.59805 150
1757555548962 203906101078.39743 151
1757555549029 470504726580.8555 152
1757555549099 269988591245.0367 153
1757555549166 203800332157.5207 154
1757555549235 117131829669.97206 155
1757555549302 203470937143.47037 156
1757555549376 322060452200.9899 157
1757555549451 113188338842.75284 158
1757555549521 125106605155.8481 159
1757555549593 292553873043.54504 160
1757555549669 227887956750.5855 161
1757555549743 183607073418.14648 162
1757555549809 285264716669.18964 163
1757555549894 338224745748.9951 164
1757555549969 168882372184.1365 165
1757555550041 93552428391.2127 166
1757555550114 200426215183.34714 167
1757555550188 250265459105.7089 168
1757555550256 215453763298.52594 169
1757555550327 556444532615.2297 170
1757555550397 146614189978.8207 171
1757555550468 553812313344.4845 172
1757555550536 85516656117.64894 173
1757555550628 181079482410.55524 174
1757555550698 177558567266.25085 175
1757555550767 247739202872.12598 176
1757555550834 85874952605.06593 177
1757555550903 116694466909.58029 178
1757555550979 325741345482.0018 179
1757555551054 119175427577.15146 180
1757555551125 248863241762.4287 181
1757555551193 405695013964.51514 182
1757555551263 313114219949.3725 183
1757555551332 450255909780.3081 184
1757555551403 101722105313.68515 185
1757555551473 467273820325.42554 186
1757555551546 272525160728.25687 187
1757555551614 251974025210.99252 188
1757555551684 148134698955.93524 189
1757555551755 264536692179.20923 190
1757555551823 194686262845.47372 191
1757555551894 297611886162.73596 192
1757555551963 257780589087.69632 193
1757555552031 255975452049.94376 194
1757555552102 358834169057.6852 195
1757555552177 221237006438.27744 196
1757555552250 62874417818.255104 197
1757555552323 458208278296.06366 198
1757555552388 225714499854.3662 199
1757555552466 447645311483.6955 200
1757555552543 519601682601.16034 201
1757555552621 374134575161.8404 202
1757555552693 107185306682.23726 203
1757555552775 304273559419.4966 204
1757555552860 324641920071.2492 205
1757555552935 249736945296.5873 206
1757555553005 246973705175.53253 207
1757555553076 278170117404.6841 208
1757555553156 97367258584.3635 209
1757555553225 488056663370.38934 210
1757555553306 166506416744.12357 211
1757555553379 371955517184.3641 212
1757555553450 172869802266.37085 213
1757555553522 195088992073.59766 214
1757555553586 118936440392.39714 215
1757555553658 239419912991.31094 216
1757555553728 89452551543.17891 217
1757555553805 395161354009.2839 218
1757555553872 129454142554.31744 219
1757555553950 278575196314.0763 220
1757555554020 385522836607.7965 221
1757555554095 188344411447.31036 222
1757555554166 172765348688.7823 223
1757555554239 290404733824.8275 224
1757555554302 271332063429.38312 225
1757555554371 151513349274.94656 226
1757555554442 144177587703.43747 227
1757555554518 80365370742.57924 228
1757555554593 189904178669.14383 229
1757555554667 82168774635.80165 230
1757555554744 275422886182.6603 231
1757555554823 93838900530.89107 232
1757555554896 333153252854.39795 233
1757555554973 111990309570.20486 234
1757555555051 150777391641.21085 235
1757555555121 1108547642792.2495 236
1757555555189 128123240875.1155 237
1757555555260 438881388404.05194 238
1757555555326 712556070078.058 239
1757555555399 398180794084.4269 240
1757555555471 110608033892.09804 241
1757555555544 186723717843.23923 242
1757555555616 467433533200.43256 243
1757555555691 159634171480.0569 244
1757555555758 271330777411.07474 245
1757555555835 81832811380.86983 246
1757555555909 136440082282.82178 247
1757555555983 272811281610.3595 248
1757555556049 168405924568.43597 249
1757555556118 115822330426.88786 250
1757555556190 116289229757.81381 251
1757555556264 151053847154.02606 252
1757555556335 251234458655.6611 253
1757555556405 165427573691.97034 254
1757555556473 106471921779.79326 255
1757555556552 115478294111.141 256
1757555556629 143143748125.45728 257
1757555556709 150459196951.4438 258
1757555556783 266959921004.2197 259
1757555556859 47619459435.143425 260
1757555556925 69398483506.19449 261
1757555557000 132809412365.19054 262
1757555557069 264173758184.71188 263
1757555557144 238266823622.7053 264
1757555557223 106853098164.49805 265
1757555557300 286920177276.4242 266
1757555557367 192017751841.59344 267
1757555557436 73793859203.29512 268
1757555557505 526614763377.921 269
1757555557585 668135251847.5931 270
1757555557669 107738216485.31284 271
1757555557754 122983609121.13353 272
1757555557833 466164955046.353 273
1757555557911 314027254774.88525 274
1757555557998 199101000100.71484 275
1757555558090 178145253898.86356 276
1757555558172 174615946856.13452 277
1757555558251 366525195223.87964 278
1757555558333 206854792496.8479 279
1757555558406 646779997349.3738 280
1757555558484 80179654635.59709 281
1757555558570 311889595423.87726 282
1757555558647 143305580274.61087 283
1757555558728 272890960172.79517 284
1757555558807 249962042323.13855 285
1757555558889 137509578597.305 286
1757555558965 443147189601.4755 287
1757555559042 156279058974.28214 288
1757555559109 128642551725.5976 289
1757555559189 109714090568.06148 290
1757555559258 139509903231.18533 291
1757555559331 194064337885.70346 292
1757555559489 145426095339.26498 293
1757555559560 451376847836.0298 294
1757555559626 224490519567.8575 295
1757555559701 387552449902.2999 296
1757555559771 307761303003.5807 297
1757555559844 480756676362.45154 298
1757555559921 54821139572.24324 299
1757555559998 521876899443.7917 300
1757555560071 254622516410.98785 301
1757555560144 169987896037.94366 302
1757555560218 343604753890.2857 303
1757555560291 143845154934.2201 304
1757555560369 278884611578.5095 305
1757555560441 52939218781.73525 306
1757555560509 353845444573.30145 307
1757555560582 481120623927.15564 308
1757555560654 110273147555.69083 309
1757555560724 438733610510.97437 310
1757555560840 285492433072.19073 311
1757555560921 305081261196.4559 312
1757555560998 364102101329.7198 313
1757555561070 53339069550.39534 314
1757555561142 99898100131.06406 315
1757555561216 243104724744.3269 316
1757555561288 367816419355.80774 317
1757555561355 108982805738.24953 318
1757555561433 188578650536.5649 319
1757555561502 292564996171.35876 320
1757555561583 90525218859.65327 321
1757555561655 70035666413.74911 322
1757555561726 121228507042.6186 323
1757555561796 182698319423.32852 324
1757555561938 115161276561.18839 325
1757555562007 324244786322.40356 326
1757555562071 44613917134.56678 327
1757555562150 128048581249.2864 328
1757555562226 278534787436.0998 329
1757555562302 146266285266.76334 330
1757555562373 214922379044.69348 331
1757555562445 92849139679.56503 332
1757555562521 143365419005.75806 333
1757555562594 380823640796.08887 334
1757555562689 217466695487.11737 335
1757555562762 240951093179.03372 336
1757555562853 144878123862.87726 337
1757555562923 123958997140.80766 338
1757555563015 314230304462.57574 339
1757555563094 157875175477.23337 340
1757555563167 99738814768.451 341
1757555563244 273462163892.2969 342
1757555563313 732196565524.6743 343
1757555563385 81206119728.99228 344
1757555563460 163691655957.05228 345
1757555563531 269417382588.11545 346
1757555563607 159470063599.75204 347
1757555563678 187152225679.90918 348
1757555563760 136854162605.67258 349
1757555563834 413272586047.56854 350
1757555563910 91504963032.21645 351
1757555563993 106592808915.51192 352
1757555564061 362302955982.2757 353
1757555564131 341371287573.2185 354
1757555564208 435659257143.5337 355
1757555564313 104601959578.1172 356
1757555564427 376813582990.56964 357
1757555564535 168418681541.25217 358
1757555564635 88140235877.25905 359
1757555564725 69997543226.8178 360
1757555564830 456857848493.4696 361
1757555564935 102042407679.06715 362
1757555565059 365549315927.90826 363
1757555565169 345919004783.64294 364
1757555565285 71467195276.07358 365
1757555565386 310848213104.3117 366
1757555565485 437403832013.8437 367
1757555565592 164646515125.52994 368
1757555565693 155396473238.711 369
1757555565796 245288444495.9823 370
1757555565909 164918924216.97934 371
1757555566028 150098502627.9265 372
1757555566130 89175301855.80785 373
1757555566241 457437868290.4152 374
1757555566353 417156564287.65015 375
1757555566467 111020515572.9694 376
