1757534538581 1547390264.427033 0
1757534539066 4842110090.404689 1
1757534539550 197787281454.71738 2
1757534540040 1943606142.6891854 3
1757534540521 3176432613.7755146 4
1757534541007 150987222182.23303 5
1757534541524 5697127858.476649 6
1757534542005 15768587042.914192 7
1757534542507 1083555696295.7035 8
1757534542987 75837730037.1581 9
1757534543478 4552654126059.558 10
1757534543981 260065534188.65033 11
1757534544478 880309595176.9581 12
1757534544989 4974520573683.583 13
1757534545479 12007100942.726467 14
1757534545971 402692694110.6423 15
1757534546474 95994670519.65166 16
1757534546969 116109442.60725403 17
1757534547447 1112113124658.4402 18
1757534547941 136253716876.6739 19
1757534548424 32255859299.95461 20
1757534548922 19567124654.998123 21
1757534549407 2347507775.924665 22
1757534549884 10732524439.777185 23
1757534550359 16550380007.037851 24
1757534550837 59186060076.520706 25
1757534551412 327868555096.1691 26
1757534551903 22940539470.954563 27
1757534552389 69112636532.24008 28
1757534552873 9136440995.86012 29
1757534553372 1533002.6990200023 30
1757534553860 16426779427.965866 31
1757534554366 182734432877.7618 32
1757534554855 78075218.21720338 33
1757534555349 120137183585.91707 34
1757534555853 43868864312.3071 35
1757534556351 23182372864.212013 36
1757534556851 4615294948862.408 37
1757534557324 2003708055528.4714 38
1757534557823 70138842937.98932 39
1757534558316 27149878.4492587 40
1757534558821 931899.4122829711 41
1757534559322 59018837489.731224 42
1757534559832 78679889790.42387 43
1757534560318 782109094.0907371 44
1757534560801 569555668.4671421 45
1757534561280 55883537783.46118 46
1757534561766 96194427960.97655 47
1757534562264 19748212937.001915 48
1757534562753 181396733761.46637 49
1757534563237 574199497043.9968 50
1757534563741 16660857159.807926 51
1757534564262 75190645414.20273 52
1757534564759 1253468.527812522 53
1757534565252 53408521849.502625 54
1757534565738 137611488172.14978 55
1757534566230 65506472123.30935 56
1757534566734 11108167547.004845 57
1757534567247 187433808911.25656 58
1757534567741 49486944059.26067 59
1757534568241 444138789163.9275 60
1757534568753 38471684982.33769 61
1757534569244 19933392183.33484 62
1757534569732 86597078926.82988 63
1757534570210 504516467.9999032 64
1757534570700 1389701918.209036 65
1757534571178 35476653886.42557 66
1757534571657 20790101170.832848 67
1757534572157 703434482.4468383 68
1757534572658 22257562663.747826 69
1757534573150 15924591654.597797 70
1757534573639 644467549.7302822 71
1757534574149 194397522886.66714 72
1757534574621 68726136239.33224 73
1757534575113 14830983743.822546 74
1757534575594 144405649299.7928 75
1757534576089 536224629825.7251 76
1757534576603 45523321370.04571 77
1757534577123 372333714812.1426 78
1757534577605 27221577.90239629 79
1757534578091 26307976616.40007 80
1757534578577 62713231360.874405 81
1757534579078 509165387073.40546 82
1757534579570 2638371849.505665 83
1757534580053 34763505502.7426 84
1757534580533 1104067977.0128088 85
1757534581038 218500397887.80655 86
1757534581523 19500634224.88685 87
1757534582035 723493696107.819 88
1757534582516 42374213866.34098 89
1757534583012 11717226669.181417 90
1757534583517 4503437738.0677805 91
1757534584019 126668308931.9687 92
1757534584517 8866973290.208664 93
1757534584998 108741232695.85974 94
1757534585491 155736848162.08386 95
1757534585983 179982808196.75864 96
1757534586467 40800665955.03136 97
1757534586974 413740585161.9738 98
1757534587520 3233328972.3285646 99
1757534588142 1547046.1746223266 100
1757534588669 109833210.20465907 101
1757534589273 3268200993.8398747 102
1757534589791 118597269170.3759 103
1757534590371 59434519.68594691 104
1757534590868 424447671.4864099 105
1757534591365 17794861429.58323 106
1757534591850 676302598346.8763 107
1757534592338 246217342684.333 108
1757534592842 406733959517.84357 109
1757534593325 8688908638.534103 110
1757534593796 81987466968.6074 111
1757534594298 17234320634.049774 112
1757534594808 5204636675.593072 113
1757534595301 114386030437.25755 114
1757534595784 87000501165.88828 115
1757534596271 172976243197.9245 116
1757534596766 20574103480.399315 117
1757534597248 1763838698.5960343 118
1757534597740 3142461271.6816883 119
1757534598225 14511072293.223835 120
1757534598710 27099137489.56014 121
1757534599189 211276021067.02542 122
1757534599685 592902661155.2185 123
1757534600205 20307267080.847416 124
1757534600705 401904976183.9567 125
1757534601185 254220791147.93716 126
1757534601682 267101909667.06488 127
1757534602182 9836065214433.203 128
1757534602676 23876839756.42773 129
1757534603176 537117201657.85175 130
1757534603660 390932638316.5043 131
1757534604174 38420718399.89654 132
1757534604668 36442689980.39473 133
1757534605166 58203253389.52877 134
1757534605659 8515860226.093248 135
1757534606143 12869187.083676515 136
1757534606651 667408338.517797 137
1757534607143 58877395981.60931 138
1757534607629 351902682799.13214 139
1757534608104 15142244712.344501 140
1757534608583 922604524.0207593 141
1757534609071 210248883.7487795 142
1757534609562 387334300141.40515 143
1757534610051 867829538809.992 144
1757534610545 125764205538.12236 145
1757534611044 1529415814361.1316 146
1757534611511 26646571000.100033 147
1757534611998 3197058388.799888 148
1757534612557 2362982463099.5938 149
1757534613118 188646238243.28064 150
1757534613659 46777222964.96406 151
1757534614161 245788170.33211246 152
1757534614657 72095471228.40582 153
1757534615149 503460676814.6066 154
1757534615626 2541533549.6642346 155
1757534616122 328384895028.63293 156
1757534616633 29491366109.329197 157
1757534617126 5047879270.509861 158
1757534617616 117051031294.01405 159
1757534618113 20881076024.243904 160
1757534618591 887860473.9513122 161
1757534619070 132057456482.26134 162
1757534619548 444869989869.0019 163
1757534620034 19274004053.66849 164
1757534620544 40025180.75882703 165
1757534621031 717072674077.2767 166
1757534621513 1264102883.0881803 167
1757534621986 50297453260.27074 168
1757534622465 221893249951.6059 169
1757534622987 11170449185550.14 170
1757534623480 8161200284.912103 171
1757534623974 17220675328.446182 172
1757534624467 77482583188.78535 173
1757534624945 807631361109.4637 174
1757534625436 240132190620.37207 175
1757534625905 11926251271.999542 176
1757534626376 417994772926.86487 177
1757534626867 1374066288.1530747 178
1757534627348 3578294937.806788 179
1757534627829 40438261898.14948 180
1757534628313 3778293743.488029 181
1757534628789 902907784367.091 182
1757534629269 181132438340.78564 183
1757534629763 128195393436.63737 184
1757534630249 1516912670.481058 185
1757534630733 527078373.2549242 186
1757534631221 29595957413.37093 187
1757534631727 88668168590.72609 188
1757534632211 103635008887.98416 189
1757534632691 300255916659.1112 190
1757534633194 201374789575.30463 191
1757534633681 305709791.9371608 192
1757534634180 586996225.7387748 193
1757534634678 305121979.6263453 194
1757534635166 3727075370.6319113 195
1757534635653 39628027998.188446 196
1757534636136 17061008591.969437 197
1757534636629 71344471792.99306 198
1757534637119 30181556947.541496 199
1757534637605 157387672155.00266 200
1757534638080 73213072267.24591 201
1757534638550 394698808682.5094 202
1757534639052 50517371398.93763 203
1757534639532 25266636866.8123 204
1757534640002 332307558.56690425 205
1757534640496 7067435702.885328 206
1757534640971 159815179079.8706 207
1757534641476 85795486760.60081 208
1757534641945 717571646.6063111 209
1757534642457 44868073408.58613 210
1757534642944 226036022406.58667 211
1757534643457 1705689725.395595 212
1757534643955 11332348303.051199 213
1757534644477 36508500.438259006 214
1757534644982 85162102328.91374 215
1757534645456 8681528598.95927 216
1757534645946 894702898.6166304 217
1757534646429 8720228882.723183 218
1757534646945 73923086.39475216 219
1757534647429 203492096911.9919 220
1757534647904 13993281895.319483 221
1757534648391 72262870513.85995 222
1757534648869 3953220416.428063 223
1757534649354 713194709615.7805 224
1757534649835 35979571684.938065 225
1757534650321 133994818765.54594 226
1757534650795 424170638040.634 227
1757534651302 9376689014.59176 228
1757534651795 2652784530.519748 229
1757534652303 182029.82094036252 230
1757534652812 7037996301.670931 231
1757534653347 102283268566.84254 232
1757534653858 161454587933.17123 233
1757534654356 131857704870.60773 234
1757534654849 7766212457.981914 235
1757534655340 10810371448.851772 236
1757534655822 21987030167.609245 237
1757534656323 31592488082.310917 238
1757534656817 25454210475.226585 239
1757534657304 17249692813.955173 240
1757534657795 51271423898.901535 241
1757534658283 52207282233.898384 242
1757534658753 34988950158.50525 243
1757534659239 233740769533.2368 244
1757534659740 15770741349.53749 245
1757534660230 28338495637.947975 246
1757534660697 125684946.60507612 247
1757534661173 98885165640.08067 248
1757534661645 2884944112.941933 249
1757534662125 21166004070.70472 250
1757534662624 3864108773.003389 251
1757534663128 3837788300.3119116 252
1757534663615 16252094065.73512 253
1757534664118 50473022517.80055 254
1757534664588 2823935025.275112 255
1757534665086 6592812537.802216 256
1757534665578 26117854286.08214 257
1757534666067 35826141890.17516 258
1757534666551 239257442614.38718 259
1757534667047 91591275199.15878 260
1757534667523 252450712385.3069 261
1757534668017 42809455279.74981 262
1757534668500 740312718.5457562 263
1757534668985 11480535812.479158 264
1757534669485 245326309546.9347 265
1757534669982 109506408076.80379 266
1757534670469 21138578613.949814 267
1757534670961 4330725310.50824 268
1757534671457 99826912.77588749 269
1757534671932 359165847.7813814 270
1757534672418 332594641598.9822 271
1757534672897 5292606484.434174 272
1757534673385 103816972649.15149 273
1757534673869 1053772.7124612182 274
1757534674378 42606794743.154434 275
1757534674866 17407846961.479115 276
1757534675430 29295597040.41107 277
1757534675920 23990519412.56923 278
1757534676394 17808385039.088207 279
1757534676912 622833304.0023708 280
1757534677386 156354995887.7426 281
1757534677881 7018660909.746749 282
1757534678370 344184042553.7389 283
1757534678857 131655637.78382085 284
1757534679337 29432175275.345005 285
1757534679836 714097019.1802875 286
1757534680322 163769283392.2778 287
1757534680797 8925672751.369938 288
1757534681280 103445325347.31447 289
1757534681774 13869941169.942827 290
1757534682268 12074647009.825727 291
1757534682763 42256278279.695885 292
1757534683317 191564788815.7759 293
1757534683816 6744839610.292468 294
1757534684356 84112029927.28688 295
1757534684868 686111705893.3416 296
1757534685347 25222419943.08003 297
1757534685830 302571055640.4306 298
