1757554341801 2.379502420747833e+16 0
1757554341864 5.838663258917997e+25 1
1757554341929 6.386328178390473e+30 2
1757554341994 1.8420506387049807e+37 3
1757554342065 3.5003183608708134e+43 4
1757554342134 2.6121132871252556e+51 5
1757554342201 1.1470227005415887e+58 6
1757554342270 3.0333155431271573e+61 7
1757554342354 5.673481076448018e+65 8
1757554342438 1.6168182732646843e+69 9
1757554342501 2.2996235592266097e+76 10
1757554342564 1.806495512326717e+84 11
1757554342633 1.446369057770713e+92 12
1757554342700 6.814934128847501e+95 13
1757554342781 9.396889860715168e+102 14
1757554342844 2.957962179293118e+111 15
1757554342916 1.0942146884500001e+119 16
1757554342990 3.1380871183022615e+125 17
1757554343059 8.004589301811326e+132 18
1757554343129 5.242834516047918e+139 19
1757554343200 1.986865253818996e+147 20
1757554343266 5.797508915332736e+153 21
1757554343341 5.2342392033035133e+160 22
1757554343413 5.305972973712413e+167 23
1757554343478 1.3811714032199732e+174 24
1757554343550 8.391970671698378e+180 25
1757554343625 9.700324107517064e+187 26
1757554343701 1.4638964957103712e+196 27
1757554343770 1.496465630082015e+203 28
1757554343843 3.2259647152125595e+210 29
1757554343905 2.7466460517109354e+215 30
1757554343967 9.112811978735531e+220 31
1757554344033 5.0703637230021926e+225 32
1757554344103 1.8585784786973194e+234 33
1757554344172 3.2621782268310017e+241 34
1757554344243 1.2256914042310559e+247 35
1757554344314 1.157245559889357e+254 36
1757554344377 1.739528577839128e+260 37
1757554344449 4.64012480146649e+267 38
1757554344519 3.6710396585059694e+275 39
1757554344591 1.5388974033144273e+279 40
1757554344661 1.11121921145217e+286 41
1757554344727 3.626999224249483e+288 42
1757554344801 4.790183830546755e+293 43
1757554344863 4.19917837556035e+302 44
1757554344936 inf 45
1757554345007 inf 46
