1757591711394 1064045884346.5249 0
1757591711454 868233899942.182 1
1757591711515 728150306788.354 2
1757591711577 624759892976.356 3
1757591711639 546577658156.5776 4
1757591711698 486364911653.07623 5
1757591711759 439353496046.9916 6
1757591711819 402270655935.0463 7
1757591711880 372788486199.2652 8
1757591711940 349202296906.1982 9
1757591712000 330235165881.0961 10
1757591712060 314914047583.3404 11
1757591712130 302487891156.528 12
1757591712210 292371395510.88043 13
1757591712286 284105080519.134 14
1757591712362 277326170593.0771 15
1757591712445 271746914214.8517 16
1757591712528 267138181581.75912 17
1757591712610 263316905806.0467 18
1757591712687 260136379408.86316 19
1757591712761 257478704456.9304 20
1757591712840 255248885914.0925 21
1757591712915 253370189786.0746 22
1757591712991 251780481413.98044 23
1757591713065 250429327443.04892 24
1757591713140 249275695445.58954 25
1757591713215 248286123031.32138 26
1757591713293 247433256978.6918 27
1757591713369 246694684856.6477 28
1757591713446 246051998478.54153 29
1757591713519 245490041573.90244 30
1757591713609 244996304191.4982 31
1757591713708 244560434239.58676 32
1757591713807 244173842740.04617 33
1757591713935 243829384212.20135 34
1757591714056 243521097407.54593 35
1757591714157 243243994616.83047 36
1757591714268 242993890142.35486 37
1757591714372 242767260407.01367 38
1757591714463 242561129663.4254 39
1757591714551 242372976453.57748 40
1757591714642 242200656916.05093 41
1757591714730 242042341794.2586 42
1757591714821 241896464604.65326 43
1757591714910 241761678909.51248 44
1757591715001 241636823029.10846 45
1757591715092 241520890842.122 46
1757591715176 241413007576.33203 47
1757591715264 241312409696.03964 48
1757591715350 241218428157.9954 49
1757591715440 241130474441.48712 50
1757591715526 241048028866.82816 51
1757591715615 240970630804.68033 52
1757591715707 240897870450.3692 53
1757591715790 240829381895.7623 54
1757591715878 240764837278.91083 55
1757591715960 240703941830.5461 56
1757591716048 240646429668.31882 57
1757591716151 240592060215.69226 58
1757591716264 240540615143.73682 59
1757591716374 240491895751.57535 60
1757591716468 240445720715.61682 61
1757591716569 240401924149.5492 62
1757591716683 240360353926.81354 63
1757591716789 240320870225.32388 64
1757591716888 240283344260.8412 65
1757591716975 240247657180.90515 66
1757591717076 240213699095.7787 67
1757591717179 240181368226.63647 68
1757591717268 240150570154.36438 69
1757591717355 240121217154.94644 70
1757591717447 240093227609.58994 71
1757591717537 240066525479.55478 72
1757591717664 240041039837.16846 73
1757591717757 240016704445.78043 74
1757591717849 239993457382.47336 75
1757591717945 239971240698.2464 76
1757591718049 239950000159.2833 77
1757591718154 239929684837.16666 78
1757591718246 239910246971.32394 79
1757591718339 239891641710.34772 80
1757591718428 239873826902.4739 81
1757591718516 239856762904.26556 82
1757591718614 239840412405.56027 83
1757591718707 239824740268.9896 84
1757591718802 239809713382.5943 85
1757591718896 239795300524.23557 86
1757591718983 239781472236.66357 87
1757591719076 239768200712.23474 88
1757591719160 239755459686.3851 89
1757591719251 239743224339.06894 90
1757591719526 239731471203.45557 91
1757591719591 239720178081.25488 92
1757591719653 239709323964.10645 93
1757591719717 239698888960.52643 94
1757591719782 239688854227.95456 95
1757591719845 239679201909.49164 96
1757591719908 239669915074.95294 97
1757591719971 239660977665.90286 98
1757591720034 239652374444.3622 99
1757591720097 239644090949.86612 100
1757591720160 239636113445.3156 101
1757591720223 239628428878.55292 102
1757591720287 239621024844.0658 103
1757591720352 239613889546.4382 104
1757591720419 239607011766.08795 105
1757591720482 239600380827.13867 106
1757591720544 239593986567.28403 107
1757591720606 239587819309.5103 108
1757591720669 239581869835.55435 109
1757591720730 239576129360.97998 110
1757591720793 239570589511.7664 111
1757591720858 239565242302.30798 112
1757591720919 239560080114.7328 113
1757591720985 239555095679.4531 114
1757591721046 239550282056.8684 115
1757591721108 239545632620.14548 116
1757591721170 239541141039.00668 117
1757591721236 239536801264.46136 118
1757591721299 239532607514.42087 119
1757591721361 239528554260.14096 120
1757591721423 239524636213.43915 121
1757591721492 239520848314.63907 122
1757591721563 239517185721.19608 123
1757591721624 239513643796.9618 124
1757591721686 239510218102.0489 125
1757591721748 239506904383.25836 126
1757591721813 239503698565.0354 127
1757591721874 239500596740.92184 128
1757591721935 239497595165.47528 129
1757591721998 239494690246.62616 130
1757591722060 239491878538.44736 131
1757591722123 239489156734.3114 132
1757591722187 239486521660.41205 133
1757591722256 239483970269.62967 134
1757591722321 239481499635.71884 135
1757591722385 239479106947.80093 136
1757591722451 239476789505.1424 137
1757591722515 239474544712.2039 138
1757591722582 239472370073.94315 139
1757591722643 239470263191.35745 140
1757591722705 239468221757.25342 141
1757591722769 239466243552.22897 142
1757591722831 239464326440.8574 143
1757591722898 239462468368.06073 144
1757591722959 239460667355.66336 145
1757591723025 239458921499.11465 146
1757591723088 239457228964.37152 147
1757591723188 239455587984.93283 148
1757591723253 239453996859.01617 149
1757591723321 239452453946.87045 150
1757591723386 239450957668.21603 151
1757591723448 239449506499.8062 152
1757591723512 239448098973.10312 153
1757591723576 239446733672.06192 154
1757591723643 239445409231.01834 155
1757591723710 239444124332.67285 156
1757591723777 239442877706.16736 157
1757591723845 239441668125.24973 158
1757591723911 239440494406.52066 159
1757591723982 239439355407.7593 160
1757591724051 239438250026.32416 161
1757591724119 239437177197.62372 162
1757591724186 239436135893.65576 163
1757591724250 239435125121.609 164
1757591724319 239434143922.52695 165
1757591724384 239433191370.0283 166
1757591724449 239432266569.08295 167
1757591724514 239431368654.83966 168
1757591724584 239430496791.50372 169
1757591724659 239429650171.2617 170
1757591724724 239428828013.25098 171
1757591724790 239428029562.5725 172
1757591724858 239427254089.34402 173
1757591724924 239426500887.79218 174
1757591724989 239425769275.38174 175
1757591725056 239425058591.9802 176
1757591725121 239424368199.0557 177
1757591725187 239423697478.90765 178
1757591725252 239423045833.92773 179
1757591725317 239422412685.88968 180
1757591725383 239421797475.26813 181
1757591725446 239421199660.58282 182
1757591725510 239420618717.76968 183
1757591725577 239420054139.57523 184
1757591725643 239419505434.9745 185
1757591725707 239418972128.61185 186
1757591725770 239418453760.26254 187
