1757589710170 1064044825893.5256 0
1757589710260 823653649955.2454 1
1757589710352 582962818772.6713 2
1757589710448 424655412205.8071 3
1757589710550 342812797404.29913 4
1757589710648 304564925875.93146 5
1757589710741 284275954869.85693 6
1757589710832 270739992833.9133 7
1757589710925 260265836426.073 8
1757589711015 251928531900.8362 9
1757589711105 245318859686.94913 10
1757589711171 239900093746.99988 11
1757589711245 235212106738.589 12
1757589711318 230962449407.30594 13
1757589711393 227004074159.3864 14
1757589711469 223282757048.9895 15
1757589711572 219777913798.31363 16
1757589711670 216475400258.42065 17
1757589711761 213360479269.20795 18
1757589711851 210417339534.47137 19
1757589711941 207630968745.50473 20
1757589712041 204987999301.31686 21
1757589712138 202476670188.4462 22
1757589712231 200086603511.0536 23
1757589712321 197808530738.86633 24
1757589712414 195634108707.01276 25
1757589712505 193555805096.8012 26
1757589712600 191566802273.6673 27
1757589712668 189660913691.5795 28
1757589712737 187832507926.27408 29
1757589712801 186076442705.3261 30
1757589712868 184388010477.02936 31
1757589712932 182762893445.86865 32
1757589712999 181197125696.005 33
1757589713072 179687060452.93173 34
1757589713150 178229341141.10443 35
1757589713239 176820875522.94336 36
1757589713329 175458812399.37628 37
1757589713419 174140520474.74472 38
1757589713511 172863569123.14996 39
1757589713602 171625710886.25763 40
1757589713694 170424865579.9825 41
1757589713782 169259105889.10724 42
1757589713872 168126644317.35825 43
1757589713965 167025821360.85147 44
1757589714053 165955094783.6488 45
1757589714143 164913029911.25735 46
1757589714232 163898290731.6804 47
1757589714322 162909631917.9888 48
1757589714411 161945891478.0798 49
1757589714502 161005984122.98032 50
1757589714595 160088895143.91306 51
1757589714683 159193674906.87027 52
1757589714772 158319433707.51013 53
1757589714862 157465337172.05823 54
1757589714953 156630602005.81186 55
1757589715047 155814492102.3063 56
1757589715147 155016314980.12408 57
1757589715247 154235418517.81897 58
1757589715346 153471187960.32324 59
1757589715439 152723043172.74777 60
1757589715530 151990436119.7694 61
1757589715623 151272848550.8635 62
1757589715702 150569789877.3231 63
1757589715777 149880795207.30157 64
1757589715855 149205423581.266 65
1757589715937 148543256249.19528 66
1757589716022 147893895194.89542 67
1757589716105 147256961728.74194 68
1757589716184 146632095192.41226 69
1757589716280 146018951765.35205 70
1757589716373 145417203364.0445 71
1757589716462 144826536626.14703 72
1757589716551 144246651972.36163 73
1757589716641 143677262739.57306 74
1757589716724 143118094379.36972 75
1757589716794 142568883732.4539 76
1757589716864 142029378302.37558 77
1757589716933 141499335648.25986 78
1757589717002 140978522805.3567 79
1757589717071 140466715706.73312 80
1757589717143 139963698697.59988 81
1757589717220 139469264062.86533 82
1757589717311 138983211588.86642 83
1757589717401 138505348156.2037 84
1757589717490 138035487361.06284 85
1757589717580 137573449162.71133 86
1757589717670 137119059555.09477 87
1757589717748 136672150260.64812 88
1757589717827 136232558444.60088 89
1757589717900 135800126448.19823 90
1757589717973 135374701539.39056 91
1757589718046 134956135679.66301 92
1757589718120 134544285305.78574 93
1757589718197 134139011125.3666 94
1757589718279 133740177925.17816 95
1757589718369 133347654391.31445 96
1757589718459 132961312940.30829 97
1757589718545 132581029560.41037 98
1757589718635 132206683662.29398 99
1757589718724 131838157938.50821 100
1757589718799 131475338231.05566 101
1757589718871 131118113406.51949 102
1757589718950 130766375238.20976 103
1757589719036 130420018294.84056 104
1757589719106 130078939835.2864 105
1757589719184 129743039709.00261 106
1757589719262 129412220261.72475 107
1757589719361 129086386246.09326 108
1757589719461 128765444755.93709 109
1757589719564 128449305097.77269 110
1757589719657 128137878748.2245 111
1757589719750 127831079278.88313 112
1757589719820 127528822285.86226 113
1757589719891 127231025348.05408 114
1757589719962 126937607902.24037 115
1757589720044 126648491238.3599 116
1757589720116 126363598408.3313 117
1757589720188 126082854191.18747 118
1757589720258 125806185038.59454 119
1757589720346 125533519023.80238 120
1757589720437 125264785793.28445 121
1757589720529 124999916520.64793 122
1757589720622 124738843862.54965 123
1757589720713 124481501916.44263 124
1757589720802 124227826180.03082 125
1757589720876 123977753512.33546 126
1757589720948 123731222096.28513 127
1757589721018 123488171402.74515 128
1757589721090 123248542155.90674 129
1757589721163 123012276299.96356 130
1757589721235 122779316967.00908 131
1757589721309 122549608446.0931 132
1757589721399 122323096153.37967 133
1757589721491 122099726603.3514 134
1757589721580 121879447381.00941 135
1757589721672 121662207115.02203 136
1757589721766 121447955451.77698 137
1757589721845 121236643030.29605 138
1757589721923 121028221457.97278 139
1757589721990 120822643291.1805 140
1757589722060 120619862002.73424 141
1757589722128 120419831966.473 142
1757589722209 120222508435.4012 143
1757589722277 120027847520.82532 144
1757589722361 119835806172.26651 145
1757589722452 119646342158.02698 146
1757589722551 119459414046.34612 147
1757589722644 119274981187.10913 148
1757589722736 119093003694.08423 149
1757589722827 118913442427.66835 150
1757589722898 118736258978.12605 151
1757589722962 118561415649.30423 152
1757589723032 118388875442.80699 153
1757589723105 118218602042.61432 154
1757589723176 118050559800.1268 155
1757589723245 117884713719.62111 156
1757589723314 117721029444.1003 157
1757589723403 117559473241.52428 158
1757589723493 117400011991.40733 159
1757589723584 117242613171.76915 160
1757589723676 117087244846.42755 161
1757589723768 116933875652.62112 162
1757589723856 116782474788.95094 163
1757589723930 116633012003.63077 164
1757589724002 116485457583.03568 165
1757589724077 116339782340.53952 166
1757589724150 116195957605.63228 167
1757589724219 116053955213.3076 168
1757589724284 115913747493.71321 169
1757589724364 115775307262.055 170
1757589724458 115638607808.74756 171
1757589724552 115503622902.43207 172
1757589724645 115370326749.20067 173
1757589724736 115238694005.41757 174
1757589724829 115108699767.04422 175
1757589724910 114980319560.11269 176
1757589724983 114853529331.8481 177
1757589725052 114728305442.1936 178
1757589725120 114604624655.61746 179
1757589725189 114482464133.14496 180
1757589725266 114361801424.58716 181
1757589725337 114242614460.95213 182
1757589725416 114124881547.03122 183
1757589725509 114008581354.1546 184
1757589725600 113893692913.11137 185
1757589725692 113780195607.22981 186
1757589725782 113668069165.61331 187
1757589725874 113557293656.52763 188
1757589725945 113447849480.93564 189
1757589726015 113339717366.17459 190
1757589726092 113232878359.77322 191
1757589726173 113127313823.4037 192
1757589726267 113023005426.96553 193
1757589726344 112919935142.79807 194
