1757529922152 1064048655995.8231 0
1757529922177 1081885433533.7732 1
1757529922198 16766551189663.043 2
1757529922217 960393786718134.5 3
1757529922237 5.603245417086153e+16 4
1757529922259 3.2701016052457564e+18 5
1757529922279 1.9084676996586183e+20 6
1757529922303 1.1138030057168514e+22 7
1757529922324 6.500278434915428e+23 8
1757529922345 3.793634914495564e+25 9
1757529922371 2.2140076013403065e+27 10
1757529922391 1.2921195025930669e+29 11
1757529922411 7.540953373299345e+30 12
1757529922431 4.400984403079106e+32 13
1757529922451 2.568463529389485e+34 14
1757529922477 1.4989839312287384e+36 15
1757529922503 8.748237225762973e+37 16
1757529922525 5.1055687098320653e+39 17
1757529922547 2.979666780645953e+41 18
1757529922581 1.7389667299134348e+43 19
1757529922602 1.0148803575580547e+45 20
1757529922623 5.922954835417911e+46 21
1757529922650 3.4567024301082344e+48 22
1757529922674 2.017370049635553e+50 23
1757529922699 1.1773596366636419e+52 24
1757529922722 6.8712020102368475e+53 25
1757529922743 4.010110045837356e+55 26
1757529922768 2.3403448997377623e+57 27
1757529922790 1.3658513574743688e+59 28
1757529922810 7.971260692915874e+60 29
1757529922830 4.652116548898922e+62 30
1757529922851 2.715027047575151e+64 31
1757529922873 1.5845200333188789e+66 32
1757529922896 9.247435447213039e+67 33
1757529922923 5.396906353481411e+69 34
1757529922946 3.149694675297903e+71 35
1757529922974 1.8381969035279705e+73 36
1757529922995 1.0727921924115486e+75 37
1757529923018 6.26093475563112e+76 38
1757529923039 3.653951277008539e+78 39
1757529923059 2.1324866742532389e+80 40
1757529923081 1.244542981314912e+82 41
1757529923102 7.26329149457691e+83 42
1757529923125 4.2389378372014895e+85 43
1757529923148 2.4738913481683242e+87 44
1757529923169 1.4437905526311187e+89 45
1757529923190 8.426122519124606e+90 46
1757529923213 4.917578978329769e+92 47
1757529923234 2.869953878931162e+94 48
1757529923254 1.6749370581516395e+96 49
1757529923275 9.77511927757693e+97 50
1757529923297 5.704868515853524e+99 51
1757529923318 3.329424824291681e+101 52
1757529923339 1.9430894208700636e+103 53
1757529923360 1.1340086341491148e+105 54
1757529923391 6.618200729788932e+106 55
1757529923411 3.8624556798585346e+108 56
1757529923438 2.254172166722303e+110 57
1757529923461 1.3155599904285845e+112 58
1757529923484 7.677754671831457e+113 59
1757529923505 4.480823165017786e+115 60
1757529923526 2.615058320347537e+117 61
1757529923549 1.5261771703485045e+119 62
1757529923571 8.906939998888503e+120 63
1757529923592 5.198189416349616e+122 64
1757529923614 3.0337212568649973e+124 65
1757529923637 1.7705135244605177e+126 66
1757529923658 1.0332914183213328e+128 67
1757529923682 6.030403837224804e+129 68
1757529923705 3.5194108646614716e+131 69
1757529923728 2.053967390680982e+133 70
1757529923760 1.1987182526319356e+135 71
1757529923781 6.995853272609911e+136 72
1757529923802 4.0828579113088956e+138 73
1757529923827 2.382801364517287e+140 74
1757529923848 1.390629423330891e+142 75
1757529923870 8.115868245800545e+143 76
1757529923895 4.7365111278478235e+145 77
1757529923917 2.7642806640971138e+147 78
1757529923939 1.6132649926599511e+149 79
1757529923968 9.415194232428609e+150 80
1757529923990 5.494812249548527e+152 81
1757529924011 3.206833647020835e+154 82
1757529924035 1.8715438440157593e+156 83
1757529924058 1.0922538384014067e+158 84
1757529924080 6.3745150898669595e+159 85
1757529924102 3.7202380254770275e+161 86
1757529924125 2.1711723591659184e+163 87
1757529924146 1.267120378030558e+165 88
1757529924170 7.395055697176943e+166 89
1757529924191 4.315836893835381e+168 90
1757529924215 2.5187704943589884e+170 91
1757529924237 1.4699825223504861e+172 92
1757529924259 8.57898177247714e+173 93
1757529924285 5.0067893416046364e+175 94
1757529924306 2.922018040838836e+177 95
1757529924333 1.7053222830923458e+179 96
1757529924356 9.95245083557541e+180 97
1757529924379 5.808361188767855e+182 98
1757529924406 3.3898243012254182e+184 99
1757529924429 1.9783392285244567e+186 100
1757529924451 1.1545808146174107e+188 101
1757529924477 6.738262266966534e+189 102
1757529924499 3.932524930571481e+191 103
1757529924521 2.2950653620860384e+193 104
1757529924547 1.3394257148375305e+195 105
1757529924570 7.817037698383314e+196 106
1757529924596 4.5621102910778364e+198 107
1757529924619 2.662498392743163e+200 108
1757529924641 1.5538637251325934e+202 109
1757529924668 9.068521817191757e+203 110
1757529924691 5.292490365708575e+205 111
1757529924722 3.0887563415260126e+207 112
1757529924751 1.8026326130193837e+209 113
1757529924774 1.052036476245865e+211 114
1757529924798 6.139802083675684e+212 115
1757529924822 3.5832569001056524e+214 116
1757529924848 2.0912286482804732e+216 117
1757529924870 1.2204643376979295e+218 118
1757529924892 7.122765847805417e+219 119
1757529924916 4.156925504137106e+221 120
1757529924938 2.4260280368853675e+223 121
1757529924960 1.4158569909170453e+225 122
1757529924982 8.263099140858738e+226 123
1757529925004 4.8224367185160776e+228 124
1757529925028 2.814427796115641e+230 125
1757529925053 1.6425314175995528e+232 126
1757529925078 9.58599634897416e+233 127
1757529925100 5.59449426768584e+235 128
1757529925123 3.265009183371859e+237 129
1757529925145 1.905495735168968e+239 130
1757529925170 1.1120685403394116e+241 131
1757529925193 6.4901558979504385e+242 132
1757529925222 3.787727289438913e+244 133
1757529925245 2.2105598455178727e+246 134
1757529925269 1.2901073538849922e+248 135
1757529925296 7.529210249262525e+249 136
1757529925321 4.3941309850601376e+251 137
1757529925344 2.5644637982790835e+253 138
1757529925368 1.4966496435913536e+255 139
1757529925392 8.734614063046161e+256 140
1757529925416 5.097618080293683e+258 141
1757529925442 2.9750267046686955e+260 142
1757529925468 1.7362587298776156e+262 143
1757529925495 1.0132999385670852e+264 144
1757529925518 5.913731334110751e+265 145
1757529925542 3.451319491985541e+267 146
1757529925566 2.0142285069753622e+269 147
1757529925595 1.1755261973669557e+271 148
1757529925623 6.860501854236311e+272 149
1757529925648 4.003865315584078e+274 150
1757529925673 2.3367004055888656e+276 151
1757529925742 1.3637243900854434e+278 152
1757529925776 7.958847474266801e+279 153
1757529925809 4.644872056198574e+281 154
1757529925835 2.7107990809236955e+283 155
1757529925860 1.5820525448769446e+285 156
1757529925886 9.233034909760861e+286 157
1757529925912 5.388502039386663e+288 158
1757529925940 3.144789823959008e+290 159
1757529925965 1.8353343776412138e+292 160
1757529925991 1.0711215904123863e+294 161
1757529926015 6.2511849362407925e+295 162
1757529926041 3.6482611737887553e+297 163
1757529926065 2.1291658666202415e+299 164
1757529926091 1.2426049209828923e+301 165
1757529926116 7.251980758558244e+302 166
1757529926141 4.232336765647091e+304 167
