1757550804950 78973974164.95944 0
1757550805477 1310442281647.1924 1
1757550805982 2055672789.248208 2
1757550806471 36327898429.17712 3
1757550806962 232843710572.3322 4
1757550807463 2637532105.9690857 5
1757550807955 343029380279.2469 6
1757550808457 5046517395.512733 7
1757550808972 21922168966.369034 8
1757550809509 242693283028.31378 9
1757550810038 179941096041.48526 10
1757550810533 5831835010.568309 11
1757550811012 127985505740.03488 12
1757550811491 536796983729.3119 13
1757550811983 63024593756.07371 14
1757550812486 1016568054324.9595 15
1757550812967 39791383612.83027 16
1757550813445 242305794592.71103 17
1757550813933 97587453402.48279 18
1757550814423 202669598904.94656 19
1757550814904 27822781201.258953 20
1757550815451 620771177087.4578 21
1757550815976 592160215.0296876 22
1757550816471 144024490895.5793 23
1757550816951 5727170849.208561 24
1757550817464 145278393050.7911 25
1757550817960 29946760079.740417 26
1757550818451 846162523870.4373 27
1757550818941 88376036747.09068 28
1757550819439 34685434091.621086 29
1757550819939 878095658794.6216 30
1757550820446 200633350887.16006 31
1757550820958 220656898232.26788 32
1757550821450 55574753868.48433 33
1757550821958 78983142917.0726 34
1757550822439 60221782578.04041 35
1757550822926 177920680443.15698 36
1757550823417 39213958804.80445 37
1757550823903 210837986042.8446 38
1757550824383 25160226883.941658 39
1757550824884 21821524147.43472 40
1757550825374 7714132414.29225 41
1757550825881 185382011647.74326 42
1757550826386 1607924257.3487298 43
1757550826877 4961341534.399988 44
1757550827376 2462311116.593937 45
1757550827850 282772078593.3099 46
1757550828328 54113775847.38768 47
1757550828813 264744013833.89404 48
1757550829304 20832365440.024483 49
1757550829814 374842938927.00726 50
1757550830312 293580723610.19855 51
1757550830806 35001416446.54398 52
1757550831296 275187566524.16364 53
1757550831791 2047550318.106566 54
1757550832287 3277283528.7872396 55
1757550832814 6958017265.043427 56
1757550833314 100328914024.06958 57
1757550833797 12506510064.918566 58
1757550834277 12535435813.106283 59
1757550834806 158698715.29243922 60
1757550835331 19277537149.557034 61
1757550835817 8182680310171.1875 62
1757550836306 4419664969.256671 63
1757550836795 31640847638.513752 64
1757550837315 334740046551.722 65
1757550837808 373855406691.6862 66
1757550838291 44026351237.58166 67
1757550838787 20944413074.773613 68
1757550839271 33171762288.247482 69
1757550839755 125982561618.22299 70
1757550840256 192344447388.91388 71
1757550840758 94683958181.38766 72
1757550841316 137286193857.49129 73
1757550841900 25152256957.567856 74
1757550842413 149462954830.39285 75
1757550842902 27249509920.07344 76
1757550843434 10948425846.211473 77
1757550843923 169167595.82567066 78
1757550844427 1257248982.1572397 79
1757550844932 2654145479.9455013 80
1757550845422 88385174980.49283 81
1757550845915 26235459796.569714 82
1757550846410 2834196037.7941175 83
1757550846902 18980393470.239277 84
1757550847408 5808786381.478493 85
1757550847898 47035031.05890578 86
1757550848389 8518014302.659571 87
1757550848889 307968934819.5105 88
1757550849392 373720356774.9623 89
1757550849944 24366143464.699272 90
1757550850520 8104676441.237411 91
1757550851041 200449792358.70963 92
1757550851595 440167839434.2752 93
1757550852165 141237980954.1066 94
1757550852699 2045519928.9134028 95
1757550853227 162159544272.35324 96
1757550853714 20088947042.149014 97
1757550854213 6276007917.734031 98
1757550854722 255732842023.90463 99
1757550855213 1871549651.5946023 100
1757550855704 1003805250586.7839 101
1757550856197 676279989828.6031 102
1757550856682 8289144076673.612 103
1757550857198 32289212661.255512 104
1757550857705 13078819373.084253 105
1757550858202 83349469827.4927 106
1757550858685 1315471242.2385316 107
1757550859192 97107765954.72627 108
1757550859690 55012409587.88045 109
1757550860197 6164321975.977363 110
1757550860682 4561944618.644575 111
1757550861174 20683654916.912373 112
1757550861666 551232014.875031 113
1757550862155 135754146371.58588 114
1757550862647 51068168343.56222 115
1757550863137 11914362313789.348 116
1757550863625 1202042971.1246457 117
1757550864114 1199090171699.7751 118
1757550864613 218623622841.52173 119
1757550865083 25550226801.336887 120
1757550865561 21600384144.949024 121
1757550866045 8629301863.647163 122
1757550866540 77350636221.95667 123
1757550867035 139363496890.04724 124
1757550867537 3556406637.260132 125
1757550868094 1776811637.868772 126
1757550868687 80650907552.25583 127
1757550869180 2479593065220.1504 128
1757550869698 14966005873178.123 129
1757550870203 58473406474.15053 130
1757550870699 152540909532.76416 131
1757550871183 51788685111.1973 132
1757550871689 87531232227.40451 133
1757550872177 30159058591.04864 134
1757550872712 138887220507.27908 135
1757550873298 69363271929.97278 136
1757550873907 12655658615.654438 137
1757550874415 760385102.6737484 138
1757550874919 756725718.5176721 139
1757550875408 212856843477.22556 140
1757550875889 482855315805.6653 141
1757550876366 66621212522.35742 142
1757550876869 88748491182.96916 143
1757550877367 57654299089.749855 144
1757550877879 2769081888.4591484 145
1757550878371 1156156579.4402626 146
1757550878866 2178518843626.6426 147
1757550879382 93455474966.1066 148
1757550879886 729055466480.8258 149
1757550880374 43573928785.094696 150
1757550880893 39236855772.712685 151
1757550881381 223576856373.74545 152
1757550881894 304576696470.7773 153
1757550882386 6178731818660.295 154
1757550882875 22725931228.76765 155
1757550883373 27595404956.86674 156
1757550883876 1498024112513.917 157
1757550884375 4553623260.505799 158
1757550884865 34058813037.257786 159
1757550885357 6822783240.302511 160
1757550885834 181515539784.7712 161
1757550886315 450838757743.5107 162
1757550886806 1493959344.8134613 163
1757550887334 2092622574251.8071 164
1757550887814 16525281352.96545 165
1757550888333 172629507749.44794 166
1757550888826 523807764701.9345 167
1757550889348 36957629347.12902 168
1757550889865 38433662653.889145 169
1757550890378 3068358143791.166 170
1757550890896 4130253854.0831037 171
1757550891397 75594097646.38498 172
1757550891896 426856648.80918753 173
1757550892387 136733770102.98557 174
1757550892879 41792273751.173515 175
1757550893381 382011662979.76953 176
1757550893902 831773486668.5306 177
1757550894393 82928378758.39832 178
1757550894892 6183051021.994324 179
1757550895372 115409230149.62549 180
1757550895869 502185672028.1778 181
1757550896351 213791892.21979922 182
1757550896837 6006815606.366006 183
1757550897347 21525694445.415825 184
1757550897843 2944989753.977481 185
1757550898327 166741042986.81833 186
1757550898818 8803380026.39207 187
1757550899333 95846265171.36362 188
1757550899851 5310738385.469372 189
1757550900345 296575083199.05005 190
1757550900831 3650061897681.7334 191
1757550901323 160771896.13767678 192
1757550901797 460666958630.14404 193
1757550902292 32523618144.496918 194
1757550902775 13740811848.936766 195
1757550903260 4556572618.106007 196
1757550903751 41777141.59167241 197
1757550904277 3241065424.2220516 198
1757550904900 119895931658.4088 199
1757550905463 58942591429.48285 200
1757550905980 5711280931.508722 201
1757550906477 1945237171960.2048 202
1757550906974 6268988052.962757 203
1757550907481 26736655705.09069 204
1757550907982 60986970511.58818 205
1757550908486 4973046031255.016 206
1757550908966 43922365389.11955 207
1757550909464 29380454489553.11 208
1757550909975 249442223769.63477 209
1757550910492 536060699035.55896 210
1757550910998 3103195472.4544015 211
1757550911478 1041739652017.4349 212
1757550911984 4195980312017.8467 213
1757550912483 307810696736.73694 214
1757550912966 1069970292.1426423 215
1757550913504 1710246179.3114903 216
1757550914036 61114129575.50664 217
1757550914551 285313832636.7589 218
1757550915085 51615462422.37465 219
1757550915594 5938161959.278332 220
1757550916098 251235359534.57202 221
1757550916601 751410174072.443 222
1757550917095 7134527944.331027 223
1757550917618 99229.0558228137 224
1757550918099 264541135643.23322 225
1757550918608 52058032188.64507 226
1757550919106 132888050327.62538 227
1757550919604 97326709867.597 228
1757550920122 62231732580.958626 229
1757550920624 153182772864.50122 230
1757550921122 18661048936.721546 231
1757550921602 178642895212.97247 232
1757550922092 7175581448.578313 233
1757550922584 46002034760.82411 234
1757550923074 352891160270.7108 235
1757550923567 32416993161.01117 236
1757550924067 23089209972.575214 237
1757550924570 4149735839954.804 238
1757550925059 2349623774.391663 239
1757550925556 2274603226188.734 240
1757550926052 13061925926.162035 241
1757550926538 5662946161.081449 242
1757550927030 80285539988.51628 243
1757550927553 79109213167.83563 244
1757550928052 75957913690.46388 245
1757550928554 1827911465.356507 246
1757550929048 32762571731.055737 247
1757550929549 116648355331.35475 248
1757550930072 192558510883.825 249
1757550930568 74989357394.62105 250
1757550931075 84177579999.72957 251
1757550931578 843245952114.7959 252
1757550932076 4103824657.2450223 253
1757550932563 4105468765.6137404 254
1757550933070 68571228492.090996 255
1757550933580 13306338713.010067 256
1757550934068 739295228343.9777 257
1757550934569 154672540738.4653 258
1757550935054 1281262194.271715 259
1757550935552 47063027640.27232 260
1757550936051 57868316244.19846 261
1757550936643 47789729872.78988 262
1757550937259 31812766630.813763 263
1757550937885 3016515816.9065237 264
1757550938450 1827429205.8078024 265
1757550939073 12682671917.270712 266
1757550939578 1325334486.6119914 267
1757550940066 134326835980.11253 268
1757550940550 201356319690.59055 269
1757550941035 77055374890.58533 270
1757550941529 63191322518.88263 271
1757550942019 128971869214271.47 272
1757550942503 46219431049.04927 273
1757550942986 318263832366.96576 274
1757550943477 1456064376.0764577 275
1757550943985 64397513975.3282 276
1757550944473 586934572242.2378 277
1757550944954 180731534.96744344 278
1757550945435 122610433134.86588 279
1757550945932 1179656115.3508408 280
1757550946497 76364743679.21735 281
1757550947026 4503284085.501407 282
1757550947525 2853343775.7216115 283
1757550948026 54901100865.96513 284
1757550948511 73707224481.88913 285
1757550949004 126263076474.95515 286
1757550949497 19485916849.78473 287
1757550949991 84881470956.06189 288
1757550950488 43364380198.667725 289
1757550950989 235012442461.23657 290
1757550951512 505344981.7381647 291
1757550952020 402190034145.59985 292
1757550952512 44355283543.10559 293
1757550953004 35644285767.24651 294
1757550953481 473572351408.3137 295
1757550953981 370084157654.6017 296
1757550954477 1486732012.969275 297
1757550954968 1618641021573.5874 298
1757550955461 35541763352.472855 299
1757550955935 2698783439015.303 300
1757550956423 110847482547.24133 301
1757550956917 329139450.8144005 302
1757550957415 16660305477.50357 303
1757550957910 815839553.0645249 304
1757550958394 83519889.23697577 305
1757550958887 369602356743.54443 306
1757550959395 21446864714.936047 307
1757550959895 20941261196.210945 308
1757550960393 92052726674.6386 309
1757550960893 94172030357.6289 310
1757550961386 114098854159.07393 311
1757550961885 141244453944.81683 312
1757550962387 22199302695.644115 313
1757550962891 102991065194.48442 314
1757550963374 640851433.5430889 315
1757550963854 461147423798.08936 316
1757550964337 677496837.4185579 317
1757550964823 4848014623.279486 318
1757550965313 319995168783.48065 319
1757550965791 461995085093.27826 320
1757550966271 16386398.37307167 321
1757550966761 14502180725.803755 322
1757550967271 7222901679.665148 323
1757550967754 55735757798.26103 324
1757550968248 15032246903858.676 325
1757550968730 9570023.572573494 326
1757550969216 525345348499.2105 327
1757550969750 715461612083.6094 328
1757550970350 29257584434.174213 329
1757550970899 47050107734.01981 330
1757550971402 114941511696.53975 331
1757550971903 2159225502295.603 332
1757550972395 6045106107.326111 333
1757550972895 111311538045.3784 334
1757550973392 238382888600.48468 335
1757550973888 362393952778.3496 336
1757550974382 1090571202.7120597 337
1757550974891 980609507938.0259 338
1757550975379 115836090304.06448 339
1757550975878 68620612018.298836 340
1757550976368 363836619123.0264 341
1757550976848 3185068816.026554 342
1757550977378 68879441.19665544 343
1757550977885 707150378.0634638 344
1757550978402 615878287294.5219 345
1757550978906 6102813776.407495 346
1757550979406 104277212598.66597 347
1757550979929 79279746912.3381 348
1757550980439 153410167358.70334 349
1757550980936 2850188637723.1104 350
1757550981414 128018991423.6437 351
1757550981904 184673060.7886545 352
1757550982379 448180983006.58234 353
1757550982881 21161895447.060474 354
1757550983383 3332460637.44066 355
1757550983880 200706925371.88647 356
1757550984380 69637956851.0268 357
1757550984893 60698495332.07176 358
1757550985381 1678983599486.6748 359
1757550985886 72672726697.7068 360
1757550986373 76448376437.82068 361
1757550986884 352129377629.26715 362
1757550987392 18349839054.144955 363
1757550987883 139350135558.41864 364
1757550988373 3322327838.0840216 365
1757550988878 69949502770.28952 366
1757550989360 5236835149.862929 367
1757550989872 37746168963.704384 368
1757550990356 90480568356.86911 369
1757550990838 68580972221.53264 370
1757550991315 176579792361.61783 371
1757550991822 164621243723.49234 372
1757550992307 164650237162.89816 373
1757550992797 5884231645.298252 374
1757550993278 185201286992.38733 375
1757550993793 58331515279.64133 376
1757550994293 713199728.5620769 377
1757550994797 3035678084.708731 378
1757550995279 5989720332.416907 379
1757550995768 28532485692.561222 380
1757550996265 8027785.988445488 381
1757550996747 23304256382.44209 382
1757550997242 64546724939.55579 383
1757550997729 14726592199.189207 384
1757550998234 66250276882.43195 385
1757550998715 1165865962.226441 386
1757550999202 544125214795.5664 387
1757550999696 6612080434.525898 388
1757551000183 15722498714.153597 389
1757551000667 52678550819.6727 390
1757551001153 429237632759.85565 391
1757551001659 94381482593.52542 392
1757551002241 283018430265.9748 393
1757551002757 78380427009.67332 394
1757551003258 743453612687.461 395
1757551003740 145555743252.15314 396
1757551004247 7626082989.654516 397
1757551004741 1860563187.4302814 398
1757551005226 12242680034.328033 399
1757551005700 290576879.542521 400
1757551006193 997475264243.3469 401
1757551006671 7297368589.672771 402
1757551007168 74283048530.78134 403
1757551007683 144594242078.13596 404
1757551008184 619193756830.6703 405
1757551008686 4468723973.70963 406
1757551009184 1880599145.9448457 407
1757551009683 44201528131.6814 408
1757551010176 317714664.4350655 409
1757551010696 4532821522.058221 410
1757551011181 4915631190.473438 411
1757551011722 127118287678.361 412
1757551012206 26435237187.367302 413
1757551012717 16884675513.677055 414
1757551013216 33552515371.18894 415
1757551013706 156017602919.18808 416
1757551014194 158861238244.38434 417
1757551014681 136716142169.86562 418
1757551015179 11152657981.609844 419
1757551015669 18482440523.855717 420
1757551016158 54842521364.6583 421
1757551016649 714750718.703011 422
1757551017135 261416477937.6561 423
1757551017642 13763467422.456177 424
1757551018128 809549971.216915 425
1757551018613 9670842761.424807 426
1757551019102 54327889700.27271 427
1757551019614 92962342913.2423 428
1757551020116 2295677250.7213006 429
1757551020617 26948926087.78981 430
1757551021102 51833150021.12457 431
1757551021586 1546074064501.0845 432
1757551022082 2851492764.383891 433
1757551022580 3608303582.125954 434
1757551023083 9711084218.012447 435
1757551023566 64264874698.92534 436
1757551024057 65420981942.24474 437
1757551024561 90464767660.56653 438
1757551025056 166858524018.1715 439
1757551025566 1410593734.4150217 440
1757551026064 51990138722.289215 441
1757551026555 38767467446.1422 442
1757551027050 10700615329.668804 443
1757551027587 507562755327.3178 444
1757551028075 3430389891.0337677 445
1757551028570 2432136620.8820643 446
1757551029064 5365461151652.161 447
1757551029557 333809013446220.75 448
1757551030065 68136864304.300896 449
1757551030568 49290670807.53788 450
1757551031057 1700326609.0389311 451
1757551031572 538301039042.1387 452
1757551032063 115071822863.65692 453
1757551032548 815475999689.9054 454
1757551033057 18052389378.20881 455
1757551033601 1770409321.7401657 456
1757551034228 356113271893.28204 457
1757551034835 11772727599.163858 458
1757551035374 21278497588.954357 459
1757551035910 325893845209.9562 460
1757551036422 111463386828.48906 461
1757551036916 731849879982.3906 462
1757551037429 955080059.671181 463
1757551037916 3247883646.9068336 464
1757551038405 224097269506.6818 465
1757551038888 638178017169.3005 466
1757551039374 475928564826.91473 467
1757551039860 679363730557.6641 468
1757551040361 129924345709.99571 469
1757551040860 1766938.8325964708 470
1757551041349 447390606862.21027 471
1757551041852 127669538243.5912 472
1757551042364 37173219518.414986 473
1757551042867 14270187641642.225 474
1757551043352 10724828501.815258 475
1757551043854 21779647248.508858 476
1757551044375 3051550512.340822 477
1757551044883 285268691833.61224 478
1757551045361 107187401999.58127 479
1757551045860 257635943.12959182 480
1757551046362 1361208710.5047877 481
1757551046867 79228308.33162111 482
1757551047367 13188207482.201128 483
1757551047885 13001668179.188812 484
1757551048374 12709685961.28774 485
1757551048875 216629336008.12515 486
1757551049378 1077583549.1040266 487
1757551049883 176864553630.0633 488
1757551050367 232800245449.63995 489
1757551050860 477174065744.5715 490
1757551051343 82242061507.91605 491
1757551051820 13276221386.042479 492
1757551052295 454762824754.1739 493
1757551052780 42191370817.44169 494
1757551053264 24035795140.883617 495
1757551053761 589803350692.9874 496
1757551054269 43449553869.764275 497
1757551054761 944998916.4849586 498
1757551055257 1159803027.823831 499
