1757585016905 1053301631083.0592 0
1757585016973 1032373003969.633 1
1757585017036 993861172782.4775 2
1757585017101 941713588654.4167 3
1757585017171 880079794121.8217 4
1757585017236 812974543058.6097 5
1757585017300 744018643179.1458 6
1757585017364 676263043879.2605 7
1757585017425 612093655041.9501 8
1757585017496 553208019000.5858 9
1757585017560 500650569534.8391 10
1757585017625 454890851628.58984 11
1757585017694 415928588496.36 12
1757585017758 383410558475.878 13
1757585017820 356746479509.7616 14
1757585017884 335214052363.57477 15
1757585017946 318046559276.8843 16
1757585018015 304499580727.02 17
1757585018081 293896189000.6195 18
1757585018158 285652207621.868 19
1757585018228 279284690582.95233 20
1757585018295 274407662037.62686 21
1757585018359 270719423984.66782 22
1757585018424 267985495700.9205 23
1757585018491 266020632943.9394 24
1757585018558 264672535088.80414 25
1757585018622 263808924258.70023 26
1757585018689 263308791090.00842 27
1757585018758 263057836869.27478 28
1757585018821 262947558620.7596 29
1757585018883 262877047572.19562 30
1757585018947 262756399461.3652 31
1757585019014 262510642541.99142 32
1757585019080 262083236279.6557 33
1757585019138 261438433515.79453 34
1757585019210 260562083456.92862 35
1757585019276 259460738998.57935 36
1757585019341 258159184890.6415 37
1757585019410 256696699018.45422 38
1757585019479 255122484768.0061 39
1757585019547 253490765693.0279 40
1757585019610 251856020851.42743 41
1757585019678 250268772922.4956 42
1757585019749 248772237989.5496 43
1757585019815 247400023332.1006 44
1757585019877 246174934420.29218 45
1757585019942 245108838628.7014 46
1757585020022 244203441388.7777 47
1757585020084 243451766827.3825 48
1757585020157 242840101553.5746 49
1757585020221 242350155724.856 50
1757585020294 241961215613.36792 51
1757585020381 241652100512.36203 52
1757585020444 241402787001.078 53
1757585020509 241195618356.378 54
1757585020573 241016070031.6879 55
1757585020640 240853088641.3823 56
1757585020706 240699058362.00314 57
1757585020775 240549473285.66995 58
1757585020845 240402406749.66867 59
1757585020909 240257870007.58542 60
1757585020973 240117144731.33975 61
