1757589504557 1019578118584.992 0
1757589504629 804773686536.361 1
1757589504697 1121329904160.2805 2
1757589504763 14313730777890.537 3
1757589504826 336225555862095.1 4
1757589504889 8108582311290863.0 5
1757589504952 1.9572826865617302e+17 6
1757589505016 4.724730089497164e+18 7
1757589505081 1.1405150851274958e+20 8
1757589505145 2.753119657214381e+21 9
1757589505208 6.645828680209581e+22 10
1757589505275 1.604254240627932e+24 11
1757589505348 3.872551930574602e+25 12
1757589505435 9.34805598464809e+26 13
1757589505510 2.2565520684741106e+28 14
1757589505581 5.447150986362512e+29 15
1757589505654 1.3149022476708914e+31 16
1757589505728 3.1740774677599512e+32 17
1757589505791 7.661989922967297e+33 18
1757589505868 1.8495481025887875e+35 19
1757589505940 4.464673300516415e+36 20
1757589506016 1.077739349003344e+38 21
1757589506093 2.601583646122111e+39 22
1757589506173 6.280031877864564e+40 23
1757589506250 1.515953578728181e+42 24
1757589506336 3.659400616992116e+43 25
1757589506416 8.833524366146425e+44 26
1757589506493 2.1323479141630926e+46 27
1757589506569 5.1473312786244706e+47 28
1757589506640 1.2425279719095292e+49 29
1757589506716 2.9993712807817894e+50 30
1757589506787 7.24026201692113e+51 31
1757589506855 1.7477460829726682e+53 32
1757589506921 4.218930700860546e+54 33
1757589506987 1.0184188900248846e+56 34
1757589507051 2.4583884142680096e+57 35
1757589507117 5.934369103522327e+58 36
1757589507185 1.4325131233310897e+60 37
1757589507251 3.457981485003652e+61 38
1757589507319 8.347313372475389e+62 39
1757589507383 2.0149801507174035e+64 40
1757589507448 4.864014116413966e+65 41
1757589507511 1.1741372894542423e+67 42
1757589507577 2.8342811955145703e+68 43
1757589507642 6.841746674259393e+69 44
1757589507707 1.6515474056991421e+71 45
1757589507772 3.9867141581456176e+72 46
1757589507837 9.623635218651477e+73 47
1757589507901 2.3230748718826584e+75 48
1757589507967 5.6077321487761426e+76 49
1757589508031 1.3536653610708906e+78 50
1757589508099 3.2676487769892835e+79 51
1757589508166 7.887864192160843e+80 52
1757589508234 1.904072492494115e+82 53
1757589508302 4.596291173820984e+83 54
1757589508369 1.1095109371005223e+85 55
1757589508435 2.6782779266839e+86 56
1757589508501 6.465166239197095e+87 57
1757589508566 1.560643654044009e+89 58
1757589508635 3.767279177047604e+90 59
1757589508701 9.093935288200176e+91 60
1757589508767 2.1952091984535017e+93 61
1757589508832 5.299073802765768e+94 62
1757589508908 1.2791575029359655e+96 63
1757589508978 3.0877922788381732e+97 64
1757589509046 7.45370381314952e+98 65
1757589509112 1.7992693652004362e+100 66
1757589509192 4.3433041206138955e+101 67
1757589509262 1.0484417202334885e+103 68
1757589509329 2.5308613217045216e+104 69
1757589509395 6.109313380121404e+105 70
1757589509465 1.474743387021824e+107 71
1757589509533 3.5599222404292095e+108 72
1757589509615 8.593390870187345e+109 73
1757589509685 2.0743814516273262e+111 74
1757589509752 5.007404494754092e+112 75
1757589509819 1.2087506738171551e+114 76
1757589509886 2.9178353635782812e+115 77
1757589509952 7.043440300274737e+116 78
1757589510022 1.7002347659086235e+118 79
1757589510088 4.1042418703990366e+119 80
1757589510155 9.907338485538205e+120 81
1757589510223 2.3915587571714786e+122 82
1757589510293 5.773047218839305e+123 83
1757589510360 1.3935712050146596e+125 84
1757589510426 3.3639785538363646e+126 85
1757589510492 8.120397199619222e+127 86
1757589510559 1.9602042529190033e+129 87
1757589510625 4.731789121524647e+130 88
1757589510695 1.1422191466648238e+132 89
1757589510775 2.7572331426877623e+133 90
1757589510848 6.655758332657954e+134 91
1757589510918 1.6066511858174857e+136 92
1757589510992 3.878337980246178e+137 93
1757589511063 9.362023083664335e+138 94
1757589511133 2.2599236236110783e+140 95
1757589511206 5.45528967287745e+141 96
1757589511277 1.316866866830224e+143 97
1757589511348 3.178819914141352e+144 98
1757589511422 7.673437840276688e+145 99
1757589511496 1.8523115457610014e+147 100
1757589511567 4.471344049404313e+148 101
1757589511640 1.0793496187991157e+150 102
1757589511715 2.6054707191610515e+151 103
1757589511786 6.289414986738471e+152 104
1757589511866 1.5182185923067088e+154 105
1757589511941 3.6648681934423794e+155 106
1757589512010 8.846722694193077e+156 107
1757589512080 2.1355338936333674e+158 108
1757589512146 5.1550219991075e+159 109
1757589512212 1.2443844553583387e+161 110
1757589512279 3.003852695498801e+162 111
1757589512346 7.251079822961193e+163 112
1757589512413 1.7503574219116005e+165 113
1757589512484 4.22523428129888e+166 114
1757589512557 1.0199405280531844e+168 115
1757589512636 2.4620615367288375e+169 116
1757589512713 5.943235751411848e+170 117
1757589512792 1.4346534670205637e+172 118
1757589512883 3.4631481174967294e+173 119
1757589512963 8.359785243908831e+174 120
1757589513031 2.0179907688958907e+176 121
1757589513102 4.871281527616023e+177 122
1757589513178 1.1758915891511385e+179 123
1757589513245 2.8385159461581886e+180 124
1757589513312 6.851969051339749e+181 125
1757589513379 1.6540150124596577e+183 126
1757589513448 3.992670779660053e+184 127
1757589513515 9.63801406557066e+185 128
1757589513588 2.326545819939777e+187 129
1757589513671 5.616110762501528e+188 130
1757589513753 1.3556878968969517e+190 131
1757589513829 3.2725310299511417e+191 132
1757589513910 7.899649592288948e+192 133
1757589513987 1.9069174015405033e+194 134
1757589514066 4.603158575346816e+195 135
1757589514139 1.1111686773989938e+197 136
1757589514208 2.682279590030431e+198 137
1757589514275 6.474825960658718e+199 138
1757589514345 1.562975439869953e+201 139
1757589514415 3.7729079367998117e+202 140
1757589514486 9.107522700901428e+203 141
1757589514559 2.1984891001022096e+205 142
1757589514635 5.30699124449049e+206 143
1757589514706 1.2810687152276232e+208 144
1757589514780 3.0924058049628677e+209 145
1757589514856 7.464840526426296e+210 146
1757589514932 1.8019576860044617e+212 147
1757589515009 4.349793529621509e+213 148
1757589515091 1.0500082159138054e+215 149
1757589515168 2.5346427272432565e+216 150
1757589515243 6.118441415409367e+217 151
1757589515322 1.4769468277098044e+219 152
1757589515398 3.5652411844432256e+220 153
1757589515475 8.606230410447544e+221 154
1757589515556 2.0774808223606628e+223 155
1757589515637 5.014886148106145e+224 156
1757589515714 1.210556689995807e+226 157
1757589515798 2.9221949540111218e+227 158
1757589515880 7.053964031438815e+228 159
1757589515958 1.7027751173319944e+230 160
1757589516040 4.11037409218768e+231 161
1757589516132 9.922141218624357e+232 162
1757589516211 2.3951320282365533e+234 163
1757589516295 5.78167283279193e+235 164
1757589516372 1.39565336488176e+237 165
1757589516448 3.3690047348548855e+238 166
1757589516527 8.132530031506921e+239 167
1757589516601 1.9631330294408376e+241 168
1757589516676 4.7388589729775e+242 169
1757589516752 1.1439257568890158e+244 170
1757589516828 2.761352774446282e+245 171
1757589516904 6.665702821203243e+246 172
1757589516978 1.6090517123262704e+248 173
1757589517054 3.884132674958881e+249 174
1757589517131 9.376011051175027e+250 175
1757589517207 2.2633002162493563e+252 176
1757589517286 5.463440519550607e+253 177
1757589517364 1.3188344213624513e+255 178
1757589517444 3.1835694462973755e+256 179
1757589517527 7.684902862125681e+257 180
1757589517614 1.8550791178434664e+259 181
1757589517697 4.4780247651783607e+260 182
1757589517778 1.0809622945280122e+262 183
1757589517857 2.6093635999458866e+263 184
1757589517936 6.2988121150844875e+264 185
1757589518021 1.5204869900828642e+266 186
1757589518097 3.67034393909722e+267 187
1757589518174 8.859940742099694e+268 188
1757589518252 2.138724633333024e+270 189
1757589518330 5.162724210434696e+271 190
1757589518402 1.2462437126125477e+273 191
1757589518479 3.0083408059783557e+274 192
1757589518558 7.261913792080362e+275 193
1757589518640 1.752972662499139e+277 194
1757589518720 4.2315472800304476e+278 195
1757589518792 1.0214644395883072e+280 196
1757589518863 2.465740147268187e+281 197
1757589518930 5.952115647119914e+282 198
1757589519004 1.4367970086361404e+284 199
1757589519082 3.4683224695485646e+285 200
1757589519160 8.372275749790208e+286 201
1757589519235 2.0210058852932546e+288 202
1757589519303 4.878559797188169e+289 203
1757589519376 1.1776485099788404e+291 204
1757589519452 2.8427570240190936e+292 205
1757589519530 6.862206701858004e+293 206
1757589519607 1.6564863061159226e+295 207
1757589519679 3.998636301070066e+296 208
1757589519764 9.6524143961842e+297 209
1757589519846 2.330021954002953e+299 210
1757589519916 5.624501894864707e+300 211
1757589519985 1.3577134546302461e+302 212
1757589520055 3.277420577575141e+303 213
1757589520124 inf 214
1757589520198 inf 215
1757589520272 inf 216
