1757557407540 1053300496920.496 0
1757557407675 1051192393554.7761 1
1757557407760 1049091051576.8162 2
1757557407842 1046996443941.4515 3
1757557407919 1044908544088.963 4
1757557408007 1042827325582.3314 5
1757557408086 1040752762106.6134 6
1757557408151 1038684827468.3214 7
1757557408221 1036623495594.8074 8
1757557408288 1034568740533.6489 9
1757557408356 1032520536452.04 10
1757557408430 1030478857636.1829 11
1757557408530 1028443678490.6855 12
1757557408636 1026414973537.9608 13
1757557408741 1024392717417.6287 14
1757557408836 1022376884885.924 15
1757557408932 1020367450815.1028 16
1757557409029 1018364390192.8577 17
1757557409137 1016367678121.731 18
1757557409244 1014377289818.5342 19
1757557409349 1012393200613.769 20
1757557409460 1010415385951.0533 21
1757557409567 1008443821386.548 22
1757557409669 1006478482588.387 23
1757557409771 1004519345336.1129 24
1757557409883 1002566385520.1129 25
1757557409988 1000619579141.0585 26
1757557410093 998678902309.3481 27
1757557410231 996744331244.5542 28
1757557410331 994815842274.8705 29
1757557410428 992893411836.5643 30
1757557410526 990977016473.4316 31
1757557410630 989066632836.2534 32
1757557410732 987162237682.2573 33
1757557410832 985263807874.5798 34
1757557410930 983371320381.7332 35
1757557411027 981484752277.0737 36
1757557411129 979604080738.2742 37
1757557411228 977729283046.7974 38
1757557411340 975860336587.3752 39
1757557411439 973997218847.4867 40
1757557411539 972139907416.8428 41
1757557411639 970288379986.8702 42
1757557411736 968442614350.2018 43
1757557411932 966602588400.166 44
1757557411998 964768280130.2816 45
1757557412065 962939667633.7533 46
1757557412126 961116729102.972 47
1757557412200 959299442829.0157 48
1757557412278 957487787201.1544 49
1757557412358 955681740706.3569 50
1757557412437 953881281928.8009 51
1757557412513 952086389549.3845 52
1757557412589 950297042345.2427 53
1757557412665 948513219189.2625 54
1757557412725 946734899049.6046 55
1757557412789 944962060989.2267 56
1757557412843 943194684165.4053 57
1757557412899 941432747829.2672 58
1757557412959 939676231325.3167 59
1757557413017 937925114090.97 60
1757557413078 936179375656.0891 61
1757557413137 934438995642.5203 62
1757557413211 932703953763.6329 63
1757557413300 930974229823.8633 64
1757557413383 929249803718.2582 65
1757557413464 927530655432.0225 66
1757557413543 925816765040.0697 67
1757557413624 924108112706.5724 68
1757557413701 922404678684.5181 69
1757557413763 920706443315.2648 70
1757557413824 919013387028.1014 71
1757557413889 917325490339.8074 72
1757557413952 915642733854.218 73
1757557414018 913965098261.7898 74
1757557414077 912292564339.169 75
1757557414136 910625112948.7623 76
1757557414204 908962725038.3088 77
1757557414292 907305381640.457 78
1757557414375 905653063872.3398 79
1757557414454 904005752935.1567 80
1757557414536 902363430113.7533 81
1757557414624 900726076776.2072 82
1757557414704 899093674373.4126 83
1757557414761 897466204438.6702 84
1757557414819 895843648587.2771 85
1757557414884 894225988516.119 86
1757557414945 892613206003.2662 87
1757557415001 891005282907.5703 88
1757557415059 889402201168.2626 89
1757557415122 887803942804.5565 90
1757557415187 886210489915.2499 91
1757557415259 884621824678.3313 92
1757557415338 883037929350.5875 93
1757557415422 881458786267.2126 94
1757557415504 879884377841.4197 95
1757557415587 878314686564.0549 96
1757557415670 876749695003.214 97
1757557415751 875189385803.8577 98
1757557415832 873633741687.4343 99
1757557415910 872082745451.4994 100
1757557415996 870536379969.3408 101
1757557416081 868994628189.6039 102
1757557416168 867457473135.9191 103
1757557416262 865924897906.5322 104
1757557416351 864396885673.9357 105
1757557416441 862873419684.5016 106
1757557416529 861354483258.1185 107
1757557416609 859840059787.828 108
1757557416690 858330132739.4634 109
1757557416768 856824685651.2926 110
1757557416834 855323702133.6594 111
1757557416897 853827165868.6302 112
1757557416961 852335060609.639 113
1757557417032 850847370181.138 114
1757557417094 849364078478.2463 115
1757557417161 847885169466.4042 116
1757557417232 846410627181.0251 117
1757557417306 844940435727.154 118
1757557417402 843474579279.1234 119
1757557417495 842013042080.2139 120
1757557417578 840555808442.3143 121
1757557417659 839102862745.5875 122
1757557417744 837654189438.1327 123
1757557417831 836209773035.6527 124
1757557417917 834769598121.1237 125
1757557418021 833333649344.4634 126
1757557418122 831901911422.2054 127
1757557418210 830474369137.1702 128
1757557418298 829051007338.1426 129
1757557418384 827631810939.547 130
1757557418469 826216764921.1282 131
1757557418557 824805854327.63 132
1757557418645 823399064268.4777 133
1757557418729 821996379917.4625 134
1757557418810 820597786512.4266 135
1757557418889 819203269354.9495 136
1757557418970 817812813810.0376 137
1757557419052 816426405305.8146 138
1757557419135 815044029333.2124 139
1757557419217 813665671445.6655 140
1757557419298 812291317258.8062 141
1757557419379 810920952450.1606 142
1757557419458 809554562758.8477 143
1757557419538 808192133985.2786 144
1757557419619 806833651990.8589 145
1757557419698 805479102697.6903 146
1757557419776 804128472088.2767 147
1757557419843 802781746205.2294 148
1757557419910 801438911150.9749 149
1757557419974 800099953087.4641 150
1757557420040 798764858235.8832 151
1757557420102 797433612876.3656 152
1757557420165 796106203347.7057 153
1757557420226 794782616047.0741 154
1757557420286 793462837429.7344 155
1757557420365 792146854008.7611 156
1757557420448 790834652354.7595 157
1757557420537 789526219095.5863 158
1757557420623 788221540916.0731 159
1757557420708 786920604557.749 160
1757557420800 785623396818.5673 161
1757557420890 784329904552.6316 162
1757557420975 783040114669.9244 163
1757557421058 781754014136.0366 164
1757557421139 780471589971.8984 165
1757557421220 779192829253.5126 166
1757557421300 777917719111.6874 167
1757557421387 776646246731.7723 168
1757557421470 775378399353.3948 169
1757557421549 774114164270.1981 170
1757557421635 772853528829.5804 171
1757557421734 771596480432.4363 172
1757557421826 770343006532.8977 173
1757557421908 769093094638.0787 174
1757557421989 767846732307.8188 175
1757557422086 766603907154.4303 176
1757557422180 765364606842.4445 177
1757557422268 764128819088.3612 178
1757557422359 762896531660.3986 179
1757557422444 761667732378.2448 180
1757557422523 760442409112.8092 181
1757557422608 759220549785.978 182
1757557422690 758002142370.3682 183
1757557422771 756787174889.0844 184
1757557422855 755575635415.4766 185
1757557422948 754367512072.899 186
1757557423040 753162793034.4701 187
1757557423124 751961466522.8342 188
1757557423205 750763520809.9242 189
1757557423288 749568944216.7249 190
1757557423369 748377725113.0392 191
1757557423452 747189851917.2537 192
1757557423535 746005313096.1052 193
1757557423618 744824097164.4524 194
1757557423700 743646192685.0425 195
1757557423780 742471588268.2844 196
1757557423859 741300272572.0203 197
1757557423922 740132234301.2994 198
1757557423991 738967462208.1522 199
1757557424055 737805945091.3668 200
1757557424125 736647671796.2654 201
1757557424206 735492631214.4829 202
1757557424271 734340812283.7458 203
1757557424345 733192203987.6526 204
1757557424423 732046795355.4558 205
1757557424501 730904575461.8439 206
1757557424585 729765533426.7256 207
1757557424671 728629658415.0146 208
1757557424749 727496939636.4166 209
1757557424832 726367366345.2139 210
1757557424916 725240927840.056 211
1757557424996 724117613463.748 212
1757557425079 722997412603.0416 213
1757557425160 721880314688.4255 214
1757557425248 720766309193.9182 215
1757557425336 719655385636.8625 216
1757557425419 718547533577.7197 217
1757557425499 717442742619.8646 218
1757557425581 716341002409.3837 219
1757557425662 715242302634.8713 220
1757557425743 714146633027.2301 221
1757557425824 713053983359.4701 222
1757557425907 711964343446.5094 223
1757557425993 710877703144.9768 224
1757557426076 709794052353.0146 225
1757557426160 708713381010.0824 226
1757557426242 707635679096.7616 227
1757557426322 706560936634.5625 228
1757557426404 705489143685.7303 229
1757557426486 704420290353.0544 230
1757557426568 703354366779.6753 231
1757557426651 702291363148.8962 232
1757557426746 701231269683.9937 233
1757557426837 700174076648.0286 234
1757557426924 699119774343.6605 235
1757557427014 698068353112.9602 236
1757557427103 697019803337.2245 237
1757557427192 695974115436.7933 238
1757557427281 694931279870.8646 239
1757557427375 693891287137.313 240
1757557427466 692854127772.5077 241
1757557427547 691819792351.133 242
1757557427624 690788271486.0073 243
1757557427707 689759555827.9053 244
1757557427785 688733636065.3799 245
1757557427861 687710502924.5856 246
1757557427945 686690147169.1019 247
1757557428044 685672559599.7594 248
1757557428141 684657731054.464 249
1757557428236 683645652408.0248 250
1757557428326 682636314571.9817 251
1757557428421 681629708494.4332 252
1757557428511 680625825159.8663 253
1757557428603 679624655588.9867 254
1757557428698 678626190850.2102 255
1757557428793 677630422024.6945 256
1757557428887 676637340240.7883 257
1757557428991 675646936662.3889 258
1757557429097 674659202488.7758 259
1757557429194 673674128954.4467 260
1757557429291 672691707328.953 261
1757557429392 671711928916.7373 262
1757557429494 670734785056.9718 263
1757557429588 669760267123.3954 264
1757557429698 668788366524.1547 265
1757557429795 667819074701.6437 266
1757557429894 666852383132.3446 267
1757557429989 665888283326.671 268
1757557430079 664926766828.8088 269
1757557430170 663967825216.5614 270
1757557430260 663011450101.1927 271
1757557430341 662057633127.2734 272
1757557430421 661106365972.5264 273
1757557430500 660157640347.673 274
1757557430594 659211447996.2811 275
1757557430690 658267780694.6132 276
1757557430787 657326630251.4756 277
1757557430885 656387988508.0674 278
1757557430974 655451847337.8323 279
1757557431065 654518198646.3088 280
1757557431154 653587034370.9829 281
1757557431247 652658346481.1406 282
1757557431337 651732126977.7216 283
1757557431423 650808367893.1733 284
1757557431510 649887061291.3063 285
1757557431597 648968199267.15 286
1757557431684 648051773946.809 287
1757557431777 647137777487.32 288
1757557431864 646226202076.5103 289
1757557431951 645317039932.8566 290
1757557432040 644410283305.3434 291
1757557432113 643505924473.3241 292
1757557432183 642603955746.3812 293
1757557432260 641704369464.1884 294
1757557432339 640807157996.3717 295
1757557432426 639912313742.3738 296
1757557432510 639019829131.316 297
1757557432602 638129696621.8641 298
1757557432700 637241908702.0923 299
1757557432799 636356457889.3488 300
1757557432898 635473336730.1229 301
1757557432994 634592537799.9115 302
1757557433091 633714053703.0865 303
1757557433191 632837877072.7634 304
1757557433286 631964000570.6709 305
1757557433383 631092416887.0194 306
1757557433478 630223118740.3717 307
1757557433576 629356098877.5149 308
1757557433674 628491350073.3302 309
1757557433772 627628865130.6671 310
1757557433863 626768636880.2148 311
1757557433968 625910658180.3768 312
1757557434066 625054921917.1438 313
1757557434165 624201421003.9698 314
1757557434261 623350148381.6471 315
1757557434359 622501097018.1818 316
1757557434454 621654259908.6715 317
1757557434553 620809630075.1815 318
1757557434648 619967200566.6233 319
1757557434748 619126964458.6337 320
1757557434844 618288914853.4525 321
1757557434943 617453044879.8032 322
1757557435042 616619347692.7737 323
1757557435141 615787816473.696 324
1757557435237 614958444430.0289 325
1757557435337 614131224795.2397 326
1757557435433 613306150828.6869 327
1757557435536 612483215815.5028 328
1757557435633 611662413066.4794 329
1757557435732 610843735917.9501 330
1757557435829 610027177731.6777 331
1757557435927 609212731894.7374 332
1757557436025 608400391819.4049 333
1757557436124 607590150943.0417 334
1757557436224 606782002727.9839 335
1757557436324 605975940661.4285 336
1757557436422 605171958255.3232 337
1757557436520 604370049046.2551 338
1757557436623 603570206595.3396 339
1757557436723 602772424488.1108 340
1757557436820 601976696334.4128 341
1757557436916 601183015768.2903 342
1757557437012 600391376447.8805 343
1757557437111 599601772055.3048 344
1757557437207 598814196296.563 345
1757557437303 598028642901.4253 346
1757557437398 597245105623.3268 347
1757557437496 596463578239.2617 348
1757557437594 595684054549.6791 349
1757557437693 594906528378.3767 350
1757557437791 594130993572.3983 351
1757557437890 593357444001.9299 352
1757557437989 592585873560.1967 353
1757557438090 591816276163.36 354
1757557438186 591048645750.4163 355
1757557438289 590282976283.0948 356
1757557438394 589519261745.7579 357
1757557438497 588757496145.2985 358
1757557438599 587997673511.0426 359
1757557438700 587239787894.6475 360
1757557438797 586483833370.0044 361
1757557438898 585729804033.1396 362
1757557438998 584977694002.1158 363
1757557439097 584227497416.9358 364
1757557439194 583479208439.4438 365
1757557439293 582732821253.231 366
1757557439397 581988330063.5374 367
1757557439500 581245729097.1576 368
1757557439599 580505012602.3452 369
1757557439696 579766174848.7184 370
1757557439797 579029210127.1649 371
1757557439897 578294112749.7499 372
1757557439999 577560877049.6211 373
1757557440100 576829497380.917 374
1757557440200 576099968118.6738 375
1757557440299 575372283658.7344 376
1757557440402 574646438417.6561 377
1757557440503 573922426832.6204 378
1757557440607 573200243361.3417 379
1757557440705 572479882481.9777 380
1757557440804 571761338693.0397 381
1757557440902 571044606513.3032 382
1757557441002 570329680481.7197 383
1757557441103 569616555157.3274 384
1757557441204 568905225119.1642 385
1757557441304 568195684966.1797 386
1757557441404 567487929317.1487 387
1757557441503 566781952810.5839 388
1757557441603 566077750104.65 389
1757557441700 565375315877.0787 390
1757557441798 564674644825.082 391
1757557441901 563975731665.2686 392
1757557442001 563278571133.558 393
1757557442100 562583157985.098 394
1757557442202 561889486994.1798 395
1757557442302 561197552954.1552 396
1757557442402 560507350677.3538 397
1757557442500 559818874995.0006 398
1757557442620 559132120757.1334 399
1757557442759 558447082832.5223 400
1757557442888 557763756108.5868 401
1757557443007 557082135491.3165 402
1757557443129 556402215905.1901 403
1757557443247 555723992293.0948 404
1757557443362 555047459616.2476 405
1757557443480 554372612854.1151 406
1757557443609 553699447004.3352 407
1757557443740 553027957082.6388 408
1757557443866 552358138122.7705 409
1757557443994 551689985176.4125 410
1757557444125 551023493313.1056 411
1757557444254 550358657620.1737 412
1757557444382 549695473202.6462 413
1757557444512 549033935183.18164 414
1757557444643 548374038701.9929 415
1757557444777 547715778916.7708 416
1757557444904 547059151002.60913 417
1757557445031 546404150151.9299 418
1757557445156 545750771574.4092 419
1757557445279 545099010496.9027 420
1757557445405 544448862163.37256 421
1757557445531 543800321834.8134 422
1757557445653 543153384789.1799 423
1757557445774 542508046321.31396 424
1757557445893 541864301742.8723 425
1757557446019 541222146382.25494 426
1757557446143 540581575584.53326 427
1757557446271 539942584711.37897 428
1757557446393 539305169140.9931 429
1757557446517 538669324268.03564 430
1757557446825 538035045503.55524 431
1757557446927 537402328274.91925 432
1757557447029 536771168025.7448 433
1757557447130 536141560215.8285 434
1757557447233 535513500321.07904 435
1757557447339 534886983833.4469 436
1757557447438 534262006260.85834 437
1757557447538 533638563127.1456 438
1757557447644 533016649971.9805 439
1757557447746 532396262350.8067 440
1757557447857 531777395834.7735 441
1757557447956 531160046010.66815 442
1757557448050 530544208480.85095 443
1757557448149 529929878863.18835 444
1757557448250 529317052790.9879 445
1757557448350 528705725912.9326 446
1757557448458 528095893893.0163 447
1757557448564 527487552410.47864 448
1757557448667 526880697159.7412 449
1757557448774 526275323850.343 450
1757557448878 525671428206.8773 451
1757557448980 525069005968.9277 452
1757557449080 524468052891.0048 453
1757557449184 523868564742.4844 454
1757557449286 523270537307.5441 455
1757557449385 522673966385.10156 456
1757557449479 522078847788.75226 457
1757557449579 521485177346.7078 458
1757557449672 520892950901.7353 459
1757557449766 520302164311.0956 460
1757557449857 519712813446.48285 461
1757557449938 519124894193.9641 462
1757557450022 518538402453.919 463
1757557450106 517953334140.98004 464
1757557450194 517369685183.9731 465
1757557450302 516787451525.8577 466
1757557450400 516206629123.6685 467
1757557450504 515627213948.4565 468
1757557450610 515049201985.23 469
1757557450712 514472589232.8972 470
1757557450813 513897371704.20807 471
1757557450914 513323545425.6966 472
1757557451015 512751106437.62305 473
1757557451113 512180050793.918 474
1757557451211 511610374562.12445 475
1757557451311 511042073823.342 476
1757557451413 510475144672.1699 477
1757557451512 509909583216.65204 478
1757557451606 509345385578.22003 479
1757557451700 508782547891.6391 480
1757557451793 508221066304.9513 481
1757557451887 507660936979.4222 482
1757557451978 507102156089.485 483
1757557452065 506544719822.68665 484
1757557452156 505988624379.6337 485
1757557452247 505433865973.9383 486
1757557452340 504880440832.16425 487
1757557452431 504328345193.7744 488
1757557452508 503777575311.0765 489
1757557452582 503228127449.1712 490
1757557452656 502679997885.89886 491
1757557452735 502133182911.78754 492
1757557452812 501587678830.0003 493
1757557452896 501043481956.28406 494
1757557452989 500500588618.91724 495
1757557453082 499958995158.6588 496
1757557453174 499418697928.6971 497
1757557453271 498879693294.5984 498
1757557453370 498341977634.25714 499
