1757530931305 1064044114203.7296 0
1757530931352 1081907716869.3823 1
1757530931399 16839144398304.945 2
1757530931448 968438743433647.9 3
1757530931495 5.672659701304966e+16 4
1757530931551 3.323733825533107e+18 5
1757530931602 1.9474581378314296e+20 6
1757530931651 1.1410639284559063e+22 7
1757530931702 6.685776149091234e+23 8
1757530931753 3.91736181332602e+25 9
1757530931801 2.2952792973446074e+27 10
1757530931848 1.344860981354424e+29 11
1757530931896 7.879873535530289e+30 12
1757530931944 4.6170130442309704e+32 13
1757530931993 2.7052222798352733e+34 14
1757530932039 1.5850567267643516e+36 15
1757530932089 9.287239890741647e+37 16
1757530932138 5.441623844230156e+39 17
1757530932186 3.1883821684861774e+41 18
1757530932236 1.8681520706543447e+43 19
1757530932282 1.094596561724952e+45 20
1757530932328 6.413512324617244e+46 21
1757530932375 3.757835697309006e+48 22
1757530932424 2.20180899532498e+50 23
1757530932475 1.2900944166786323e+52 24
1757530932530 7.558982670518735e+53 25
1757530932585 4.428995139774791e+55 26
1757530932633 2.595057933477517e+57 27
1757530932681 1.5205087080874585e+59 28
1757530932730 8.909037064431388e+60 29
1757530932778 5.220025442356558e+62 30
1757530932826 3.058542177093175e+64 31
1757530932873 1.792075604297193e+66 32
1757530932925 1.050021476103813e+68 33
1757530932976 6.152335859243068e+69 34
1757530933024 3.604805938386912e+71 35
1757530933074 2.1121450698935493e+73 36
1757530933124 1.2375581023015956e+75 37
1757530933175 7.251159394319035e+76 38
1757530933224 4.248633859213146e+78 39
1757530933288 2.4893797926707375e+80 40
1757530933358 1.4585892683407422e+82 41
1757530933425 8.546235733022904e+83 42
1757530933498 5.00745115775355e+85 43
1757530933572 2.9339896394851945e+87 44
1757530933642 1.7190971880529205e+89 45
1757530933725 1.0072616147649383e+91 46
1757530933807 5.901795242466772e+92 47
1757530933881 3.458007986547947e+94 48
1757530933951 2.026132514558635e+96 49
1757530934021 1.187161216087833e+98 50
1757530934084 6.955871557542968e+99 51
1757530934135 4.075617403041526e+101 52
1757530934196 2.388005166363709e+103 53
1757530934264 1.3991913643130685e+105 54
1757530934321 8.198208703833652e+106 55
1757530934381 4.803533502696463e+108 56
1757530934447 2.814509235503781e+110 57
1757530934502 1.6490906605084306e+112 58
1757530934560 9.662430566120908e+113 59
1757530934635 5.661457352279402e+115 60
1757530934707 3.3171880648810903e+117 61
1757530934787 1.9436226351434504e+119 62
1757530934860 1.1388166344368512e+121 63
1757530934932 6.672608681439623e+122 64
1757530935000 3.909646669118113e+124 65
1757530935065 2.290758803204473e+126 66
1757530935127 1.3422123118973425e+128 67
1757530935180 7.864354325251103e+129 68
1757530935233 4.607919954605972e+131 69
1757530935290 2.6998944134397134e+133 70
1757530935341 1.5819349979021705e+135 71
1757530935390 9.268948908262999e+136 72
1757530935444 5.430906704632047e+138 73
1757530935500 3.1821027309929045e+140 74
1757530935557 1.864472792720997e+142 75
1757530935606 1.0924407816689609e+144 76
1757530935676 6.400881075404768e+145 77
1757530935745 3.750434735591037e+147 78
1757530935816 2.1974725885745864e+149 79
1757530935891 1.287553608575382e+151 80
1757530935967 7.54409544662779e+152 81
1757530936041 4.420272346625009e+154 82
1757530936113 2.589947032956954e+156 83
1757530936183 1.5175141049044498e+158 84
1757530936252 8.89149094278881e+159 85
1757530936327 5.209744735168281e+161 86
1757530936402 3.0525184561567706e+163 87
1757530936476 1.788546157027161e+165 88
1757530936550 1.0479534855439166e+167 89
1757530936642 6.1402189904286935e+168 90
1757530936725 3.59770636488247e+170 91
1757530936802 2.1079852539611378e+172 92
1757530936876 1.2351207631317555e+174 93
1757530936944 7.236878420532316e+175 94
1757530937012 4.240266283012807e+177 95
1757530937078 2.4844770225575643e+179 96
1757530937144 1.4557166139176338e+181 97
1757530937198 8.529404139364378e+182 98
1757530937248 4.997589110205932e+184 99
1757530937300 2.928211221600079e+186 100
1757530937355 1.7157114699153997e+188 101
1757530937407 1.0052778386631349e+190 102
1757530937470 5.890171807017497e+191 103
1757530937528 3.451197527871663e+193 104
1757530937596 2.0221420981637715e+195 105
1757530937651 1.1848231323021052e+197 106
1757530937720 6.942172145631678e+198 107
1757530937790 4.067590578345991e+200 108
1757530937859 2.3833020509956817e+202 109
1757530937927 1.3964356925494534e+204 110
1757530938000 8.182062540547062e+205 111
1757530938069 4.794073065777967e+207 112
1757530938136 2.8089661312318836e+209 113
1757530938193 1.6458428184442767e+211 114
1757530938246 9.6434006551608e+212 115
1757530938303 5.650307256184942e+214 116
1757530938359 3.310654947454722e+216 117
1757530938414 1.9397947198550843e+218 118
1757530938466 1.1365737640736503e+220 119
1757530938518 6.659467148549875e+221 120
1757530938569 3.9019467195568e+223 121
1757530938621 2.286247212072426e+225 122
1757530938682 1.3395688589265621e+227 123
1757530938750 7.848865679661967e+228 124
1757530938819 4.598844773589405e+230 125
1757530938887 2.6945770401413574e+232 126
1757530938955 1.5788194172054921e+234 127
1757530939023 9.250693949408586e+235 128
1757530939091 5.420210672167483e+237 129
1757530939163 3.175835660691868e+239 130
1757530939214 1.8608007610318393e+241 131
1757530939265 1.090289247366891e+243 132
1757530939318 6.388274703115954e+244 133
1757530939368 3.74304834987869e+246 134
1757530939419 2.193144722266854e+248 135
1757530939474 1.2850178045289837e+250 136
1757530939526 7.529237542745128e+251 137
1757530939579 4.4115667327941706e+253 138
1757530939632 2.5848461982248015e+255 139
1757530939696 1.5145253995161443e+257 140
1757530939765 8.873979377785964e+258 141
1757530939835 5.199484275570991e+260 142
1757530939903 3.0465065987853357e+262 143
1757530939972 1.7850236609136338e+264 144
1757530940040 1.0458895678387576e+266 145
1757530940110 6.128125985478843e+267 146
1757530940180 3.59062077380723e+269 147
1757530940231 2.1038336306802598e+271 148
1757530940288 1.2326882242393339e+273 149
1757530940344 7.222625572759733e+274 150
1757530940397 4.2319151865406753e+276 151
1757530940449 2.4795839083252623e+278 152
1757530940505 1.4528496171142468e+280 153
1757530940559 8.512605695100879e+281 154
1757530940610 4.987746485709792e+283 155
1757530940663 2.922444184161818e+285 156
1757530940729 1.7123324198635223e+287 157
1757530940798 1.0032979695578401e+289 158
1757530940867 5.878571263628312e+290 159
1757530940935 3.444400482220287e+292 160
1757530941003 2.01815954079237e+294 161
1757530941072 1.1824896533128496e+296 162
1757530941150 6.92849971436326e+297 163
1757530941229 4.059579562277271e+299 164
1757530941299 2.378608198293593e+301 165
1757530941369 1.3936854480112e+303 166
1757530941438 inf 167
