1757544163826 1053300496920.496 0
1757544163886 1032371887450.653 1
1757544163939 1001960537784.473 2
1757544164005 968022660830.3462 3
1757544164072 933523306949.5802 4
1757544164145 899870581574.4365 5
1757544164216 867683566347.4858 6
1757544164271 837189909507.9637 7
1757544164322 808427896101.22 8
1757544164380 781347876066.124 9
1757544164435 755862591544.554 10
1757544164499 731871773044.95 11
1757544164561 709273861426.0758 12
1757544164618 687971332501.1466 13
1757544164675 667872873965.5897 14
1757544164729 648894039404.8855 15
1757544164785 630957188164.5696 16
1757544164845 613991110955.2083 17
1757544164910 597930536580.2766 18
1757544164975 582715613217.742 19
1757544165077 568291407094.753 20
1757544165137 554607436503.1987 21
1757544165197 541617247044.35504 22
1757544165256 529278028316.11066 23
1757544165315 517550269738.7826 24
1757544165370 506397452241.8445 25
1757544165427 495785772299.53076 26
1757544165485 485683894908.9238 27
1757544165541 476062732353.2374 28
1757544165596 466895245890.2454 29
1757544165652 458156267806.2948 30
1757544165710 449822341560.08 31
1757544165766 441871577999.5938 32
1757544165818 434283525868.46625 33
1757544165880 427039055025.02655 34
1757544165943 420120250980.77765 35
1757544166000 413510319526.8394 36
1757544166053 407193500359.6216 37
1757544166121 401154988742.7012 38
1757544166178 395380864352.61865 39
1757544166233 389858026553.83685 40
1757544166291 384574135434.03815 41
1757544166346 379517558006.6542 42
1757544166405 374677319054.2759 43
1757544166462 370043056145.45703 44
1757544166520 365604978409.3617 45
1757544166578 361353828698.5543 46
1757544166632 357280848810.71075 47
1757544166685 353377747475.81067 48
1757544166738 349636670846.998 49
1757544166791 346050175261.2743 50
1757544166847 342611202060.9609 51
1757544166906 339313054288.8069 52
1757544166964 336149375089.0595 53
1757544167023 333114127664.0742 54
1757544167080 330201576651.34784 55
1757544167134 327406270799.46826 56
1757544167194 324723026833.56976 57
1757544167252 322146914411.65015 58
1757544167308 319673242082.69934 59
1757544167364 317297544166.13416 60
1757544167422 315015568479.6727 61
1757544167480 312823264849.5958 62
1757544167542 310716774343.4406 63
1757544167600 308692419170.63354 64
1757544167655 306746693201.46075 65
1757544167715 304876253059.1654 66
1757544167774 303077909743.906 67
1757544167839 301348620750.8594 68
1757544167899 299685482647.9445 69
1757544167961 298085724081.5281 70
1757544168015 296546699181.0709 71
1757544168071 295065881336.0293 72
1757544168128 293640857320.45154 73
1757544168194 292269321742.6414 74
1757544168249 290949071799.0117 75
1757544168308 289678002312.84155 76
1757544168363 288454101040.1013 77
1757544168422 287275444225.8289 78
1757544168480 286140192395.74567 79
1757544168541 285046586368.9005 80
1757544168599 283992943478.1402 81
1757544168686 282977653986.1233 82
1757544168740 281999177685.44586 83
1757544168798 281056040672.22095 84
1757544168855 280146832283.1716 85
1757544168916 279270202186.9546 86
1757544168973 278424857621.04126 87
1757544169029 277609560766.0383 88
1757544169084 276823126249.8552 89
1757544169142 276064418774.59906 90
1757544169206 275332350859.52545 91
1757544169264 274625880693.78403 92
1757544169321 273944010093.07938 93
1757544169377 273285782554.7243 94
1757544169432 272650281405.8919 95
1757544169494 272036628040.18137 96
1757544169547 271443980237.89758 97
1757544169610 270871530565.71436 98
1757544169664 270318504851.6375 99
1757544169722 269784160731.42056 100
1757544169780 269267786262.8014 101
1757544169837 268768698604.13315 102
1757544169898 268286242754.17404 103
1757544169958 267819790349.97903 104
1757544170014 267368738520.005 105
1757544170077 266932508789.6978 106
1757544170137 266510546036.97812 107
1757544170199 266102317495.18216 108
1757544170259 265707311801.14297 109
1757544170323 265325038086.222 110
1757544170383 264955025108.2159 111
1757544170442 264596820422.17206 112
1757544170499 264249989588.24966 113
1757544170564 263914115414.85886 114
1757544170622 263588797235.40298 115
1757544170678 263273650217.03336 116
1757544170740 262968304699.90857 117
1757544170799 262672405565.52582 118
1757544170859 262385611632.76575 119
1757544170919 262107595080.35782 120
1757544170978 261838040894.54132 121
1757544171039 261576646340.7558 122
1757544171095 261323120458.25308 123
1757544171157 261077183576.57816 124
1757544171215 260838566852.91797 125
1757544171277 260607011829.3656 126
1757544171334 260382270009.19385 127
1757544171400 260164102451.27667 128
1757544171458 259952279381.8389 129
1757544171522 259746579822.7524 130
1757544171596 259546791235.63632 131
1757544171661 259352709181.0536 132
1757544171719 259164136992.1295 133
1757544171776 258980885461.95047 134
1757544171832 258802772544.13135 135
1757544171892 258629623065.96835 136
1757544171947 258461268453.62164 137
1757544172009 258297546468.79904 138
1757544172072 258138300956.43472 139
1757544172130 257983381602.88266 140
1757544172199 257832643704.16452 141
1757544172260 257685947943.8349 142
1757544172320 257543160180.04572 143
1757544172381 257404151241.41135 144
1757544172439 257268796731.2933 145
1757544172500 257136976840.14236 146
1757544172556 257008576165.55072 147
1757544172617 256883483539.68372 148
1757544172671 256761591863.7746 149
1757544172743 256642797949.3811 150
1757544172801 256527002366.11545 151
1757544172859 256414109295.57236 152
1757544172921 256304026391.19147 153
1757544172980 256196664643.8043 154
1757544173044 256091938252.62415 155
1757544173105 255989764501.44974 156
1757544173162 255890063639.8642 157
1757544173228 255792758769.21744 158
1757544173285 255697775733.19415 159
1757544173344 255605043012.77335 160
1757544173414 255514491625.39737 161
1757544173472 255426055028.1745 162
1757544173530 255339669024.94766 163
1757544173594 255255271677.06854 164
1757544173653 255172803217.72345 165
1757544173714 255092205969.66473 166
1757544173771 255013424266.20642 167
1757544173829 254936404375.34967 168
1757544173884 254861094426.9099 169
1757544173946 254787444342.52142 170
1757544174001 254715405768.4026 171
1757544174059 254644932010.76743 172
1757544174136 254575977973.77664 173
1757544174213 254508500099.9237 174
1757544174274 254442456312.7572 175
1757544174335 254377805961.84442 176
1757544174390 254314509769.8849 177
1757544174458 254252529781.8872 178
1757544174517 254191829316.32562 179
1757544174573 254132372918.19574 180
1757544174633 254074126313.89343 181
1757544174690 254017056367.84344 182
1757544174749 253961131040.8069 183
1757544174809 253906319349.8006 184
1757544174867 253852591329.5633 185
1757544174926 253799917995.5076 186
1757544174987 253748271308.0969 187
1757544175044 253697624138.59146 188
1757544175104 253647950236.1088 189
1757544175166 253599224195.94583 190
1757544175230 253551421429.11288 191
1757544175293 253504518133.03076 192
1757544175353 253458491263.3462 193
1757544175414 253413318506.81955 194
1757544175469 253368978255.24384 195
1757544175528 253325449580.35352 196
1757544175590 253282712209.68454 197
1757544175649 253240746503.34744 198
1757544175707 253199533431.67838 199
1757544175767 253159054553.73346 200
1757544175823 253119291996.59222 201
1757544175885 253080228435.44055 202
1757544175941 253041847074.4003 203
1757544176003 253004131628.07837 204
1757544176059 252967066303.80573 205
1757544176115 252930635784.5401 206
1757544176185 252894825212.4068 207
1757544176251 252859620172.8521 208
1757544176307 252825006679.38586 209
1757544176366 252790971158.89062 210
1757544176426 252757500437.47464 211
1757544176481 252724581726.84863 212
1757544176546 252692202611.2055 213
1757544176604 252660351034.58325 214
1757544176667 252629015288.6938 215
1757544176730 252598184001.1976 216
1757544176790 252567846124.40958 217
1757544176857 252537990924.41736 218
1757544176917 252508607970.59778 219
1757544176976 252479687125.5149 220
1757544177034 252451218535.1865 221
1757544177093 252423192619.70367 222
1757544177152 252395600064.1911 223
1757544177215 252368431810.09348 224
1757544177276 252341679046.77783 225
1757544177332 252315333203.43787 226
1757544177397 252289385941.28976 227
1757544177455 252263829146.04825 228
1757544177518 252238654920.67188 229
1757544177576 252213855578.3686 230
1757544177633 252189423635.84973 231
1757544177692 252165351806.82535 232
1757544177752 252141632995.7297 233
1757544177812 252118260291.6701 234
1757544177876 252095226962.58896 235
1757544177934 252072526449.6326 236
1757544177999 252050152361.71823 237
1757544178056 252028098470.29135 238
1757544178117 252006358704.26797 239
1757544178183 251984927145.15262 240
1757544178241 251963798022.3276 241
1757544178305 251942965708.50537 242
1757544178367 251922424715.34015 243
1757544178427 251902169689.19003 244
1757544178488 251882195407.0267 245
1757544178547 251862496772.48566 246
1757544178610 251843068812.05225 247
1757544178673 251823906671.37863 248
1757544178734 251805005611.72678 249
1757544178793 251786361006.53253 250
1757544178852 251767968338.08688 251
1757544178911 251749823194.32974 252
1757544178974 251731921265.7522 253
1757544179039 251714258342.4033 254
1757544179109 251696830310.99756 255
1757544179171 251679633152.11978 256
1757544179231 251662662937.52283 257
1757544179294 251645915827.5161 258
1757544179349 251629388068.4408 259
1757544179412 251613075990.22845 260
1757544179472 251596976004.04086 261
1757544179532 251581084599.9873 262
1757544179595 251565398344.91705 263
1757544179657 251549913880.28394 264
1757544179714 251534627920.08102 265
1757544179772 251519537248.84204 266
1757544179833 251504638719.70822 267
1757544179894 251489929252.55692 268
1757544179954 251475405832.1916 269
1757544180013 251461065506.58844 270
1757544180089 251446905385.20084 271
1757544180157 251432922637.3166 272
1757544180217 251419114490.468 273
1757544180282 251405478228.89224 274
1757544180345 251392011192.0401 275
1757544180403 251378710773.13208 276
1757544180461 251365574417.75916 277
1757544180523 251352599622.52777 278
1757544180585 251339783933.74677 279
1757544180645 251327124946.15475 280
1757544180715 251314620301.68735 281
1757544180775 251302267688.28186 282
1757544180831 251290064838.71857 283
1757544180895 251278009529.4979 284
1757544180957 251266099579.75107 285
1757544181019 251254332850.1842 286
1757544181079 251242707242.05392 287
1757544181139 251231220696.17422 288
1757544181201 251219871191.95236 289
1757544181269 251208656746.45404 290
1757544181329 251197575413.4961 291
1757544181392 251186625282.76593 292
1757544181454 251175804478.96698 293
1757544181517 251165111160.98914 294
1757544181591 251154543521.10336 295
1757544181665 251144099784.17993 296
1757544181723 251133778206.92853 297
1757544181787 251123577077.16138 298
1757544181848 251113494713.0763 299
1757544181910 251103529462.5612 300
1757544181972 251093679702.51764 301
1757544182044 251083943838.20383 302
1757544182102 251074320302.59604 303
1757544182167 251064807555.7679 304
1757544182229 251055404084.28717 305
1757544182295 251046108400.62888 306
1757544182359 251036919042.60498 307
1757544182418 251027834572.80963 308
1757544182480 251018853578.07956 309
1757544182541 251009974668.96924 310
1757544182602 251001196479.24023 311
1757544182658 250992517665.36414 312
1757544182717 250983936906.0393 313
1757544182782 250975452901.71997 314
1757544182846 250967064374.15823 315
1757544182905 250958770065.95807 316
1757544182964 250950568740.14087 317
1757544183030 250942459179.72278 318
1757544183093 250934440187.30258 319
1757544183152 250926510584.6606 320
1757544183213 250918669212.36786 321
1757544183277 250910914929.40512 322
1757544183347 250903246612.7919 323
1757544183407 250895663157.2247 324
1757544183472 250888163474.72443 325
1757544183530 250880746494.2929 326
1757544183595 250873411161.57748 327
1757544183659 250866156438.54462 328
1757544183722 250858981303.16086 329
1757544183785 250851884749.08246 330
1757544183845 250844865785.35187 331
1757544183908 250837923436.1019 332
1757544183970 250831056740.26743 333
1757544184032 250824264751.30338 334
1757544184097 250817546536.91016 335
1757544184176 250810901178.7649 336
1757544184245 250804327772.2599 337
1757544184313 250797825426.24652 338
1757544184381 250791393262.7857 339
1757544184446 250785030416.9038 340
1757544184506 250778736036.35458 341
1757544184565 250772509281.3862 342
1757544184630 250766349324.51404 343
1757544184695 250760255350.29837 344
1757544184761 250754226555.1275 345
1757544184821 250748262147.00528 346
1757544184893 250742361345.34384 347
1757544184961 250736523380.7608 348
1757544185031 250730747494.8812 349
1757544185092 250725032940.14337 350
1757544185152 250719378979.60968 351
1757544185216 250713784886.7809 352
1757544185286 250708249945.41498 353
1757544185359 250702773449.3497 354
1757544185420 250697354702.32916 355
1757544185482 250691993017.83368 356
1757544185543 250686687718.914 357
1757544185611 250681438138.0283 358
1757544185677 250676243616.88333 359
1757544185746 250671103506.2783 360
1757544185822 250666017165.95227 361
1757544185906 250660983964.43533 362
1757544185985 250656003278.90152 363
1757544186048 250651074495.0262 364
1757544186114 250646197006.84558 365
1757544186174 250641370216.6189 366
1757544186232 250636593534.6945 367
1757544186300 250631866379.37726 368
1757544186368 250627188176.7999 369
1757544186427 250622558360.79593 370
1757544186492 250617976372.7757 371
1757544186552 250613441661.60474 372
1757544186620 250608953683.4846 373
1757544186684 250604511901.8357 374
1757544186753 250600115787.18298 375
1757544186815 250595764817.04358 376
1757544186879 250591458475.81628 377
1757544186939 250587196254.67395 378
1757544187009 250582977651.4571 379
1757544187071 250578802170.57037 380
1757544187134 250574669322.88022 381
1757544187196 250570578625.61493 382
1757544187263 250566529602.26694 383
1757544187326 250562521782.4959 384
1757544187395 250558554702.03442 385
1757544187462 250554627902.5957 386
1757544187524 250550740931.78192 387
1757544187591 250546893342.99545 388
1757544187658 250543084695.35074 389
1757544187732 250539314553.5887 390
1757544187803 250535582487.99173 391
1757544187873 250531888074.30103 392
1757544187952 250528230893.63522 393
1757544188033 250524610532.40994 394
1757544188113 250521026582.2599 395
1757544188197 250517478639.961 396
1757544188279 250513966307.35526 397
1757544188356 250510489191.27585 398
1757544188437 250507046903.47418 399
