1757564097146 2109823105812.7134 0
1757564097641 68220668175.75689 1
1757564098129 9036241180.54055 2
1757564098692 341610260112.85974 3
1757564099226 696455025604.0702 4
1757564099728 156762687096.03708 5
1757564100239 1582197273.4193678 6
1757564100748 154174191743.6282 7
1757564101248 5772772472.955121 8
1757564101754 50162874576.88429 9
1757564102254 246577738.36096546 10
1757564102749 576052857986.6771 11
1757564103268 1277225261.3376079 12
1757564103760 180070102646.54752 13
1757564104259 1426670353213.8374 14
1757564104756 2407537631.2338967 15
1757564105269 127818768.27430993 16
1757564105762 565405039070.906 17
1757564106257 715039219175.5559 18
1757564106749 302342629827.431 19
1757564107317 428189893447.72815 20
1757564107961 64878331909.72773 21
1757564108570 30783281007.683346 22
1757564109154 429433657701.02203 23
1757564109702 45810783.148491114 24
1757564110211 958827937.8027935 25
1757564110711 7257395172.110901 26
1757564111235 35420016045.45951 27
1757564111737 1213086302755.0398 28
1757564112284 2413978806.1850953 29
1757564112789 33408529952.57827 30
1757564113287 29724472236.54763 31
1757564113794 288400065594.6419 32
1757564146523 97524630779.67342 33
1757564147074 6725303.218049249 34
1757564147677 108319573609.32909 35
1757564148277 180218489576.1736 36
1757564149041 272915725822.67007 37
1757564149583 4307354953631.34 38
1757564150093 24689533777.662575 39
1757564150601 781534042459.3545 40
1757564151097 39948797674.31894 41
1757564151604 194142184004.00906 42
1757564152106 298105111599.3515 43
1757564152632 132227188576.81355 44
1757564153149 7242491062.553514 45
1757564153650 48991718754.76064 46
1757564154154 9091034709.466301 47
1757564154674 117450173171.77362 48
1757564155173 76345998314.2315 49
1757564155689 435579186.9913547 50
1757564156181 28989560903.1128 51
1757564156688 20626926435.675003 52
1757564157192 13200814146.172554 53
1757564157705 103360999040.90862 54
1757564158226 165663073.5380964 55
1757564158747 62054992090.83775 56
1757564159260 89917580542.13647 57
1757564159762 692177032339.0554 58
1757564160322 938288669665.6471 59
1757564160834 245551188967.0951 60
1757564161339 829526131.0257134 61
1757564161839 51843339607.84779 62
1757564162332 135586150464.60822 63
1757564162858 29645629133.257504 64
1757564163376 912271595077.8676 65
1757564163891 319669792.4903468 66
1757564164386 61711529561.88829 67
1757564164902 158782959435.24875 68
1757564165401 21023768819.07743 69
1757564165912 441247470166.7766 70
1757564166412 1064556.2094204812 71
1757564166918 232076353682.49402 72
1757564167411 7594597672.976144 73
1757564167916 166393088196.22067 74
1757564168435 52820396099.33174 75
1757564168948 169007496.3118637 76
1757564169461 30034257643.818726 77
1757564169972 4464557395.29769 78
1757564170497 38879198297.483665 79
1757564170994 1787885091.8218617 80
1757564171520 71453549194.95108 81
1757564172031 79079413934.82158 82
1757564172542 197059978374.29617 83
1757564173051 93603353335.9212 84
1757564173554 245718496096.73993 85
1757564174055 39286429254.23841 86
1757564174554 550947153544.577 87
1757564175081 35966556308.68177 88
1757564175601 1295140188069.2275 89
1757564176114 1344794895859.886 90
1757564176619 538389479434.1925 91
1757564177126 44406205113.15969 92
1757564177623 53577670550.0457 93
1757564178160 10970229438.785246 94
1757564178672 4639892548944.666 95
1757564179179 2181516962.8813877 96
1757564179698 4171804716.850085 97
1757564180250 13961036696.352633 98
1757564180817 10802548305.963875 99
1757564181413 27062069362.8892 100
1757564181987 30714279513.693085 101
1757564182522 2790847256.166835 102
1757564183031 123652682064.29181 103
1757564183544 116926851551.51765 104
1757564184031 386210209708.11035 105
1757564184541 16283318203.40456 106
1757564185038 12200602550.851051 107
1757564185577 10829749624.858631 108
1757564186084 326724717748.1397 109
1757564186574 70548808954.71107 110
1757564187071 863719799541.7856 111
1757564187565 37151486895.59791 112
1757564188081 5542976685329.134 113
1757564188598 11954160060.657814 114
1757564189094 305380597956.0715 115
1757564189606 371175151843.6177 116
1757564190127 244987509699.80313 117
1757564190630 10341042372.21867 118
1757564191162 98016545776.90395 119
1757564191676 70198902334.80814 120
1757564192181 9287921320.212297 121
1757564192701 2871068469391.124 122
1757564193200 219301157637.98904 123
1757564193702 75268676728.83517 124
1757564194199 67377899688.826675 125
1757564194700 290020585127.2541 126
1757564195206 22795719507.426174 127
1757564195707 190569788352.87955 128
1757564196208 17406288.218532886 129
1757564196706 73363435113.45119 130
1757564197196 470000377448.0667 131
1757564197725 246645197834.11264 132
1757564198220 2643863380.411636 133
1757564198723 185060161410.155 134
1757564199240 133731771981.7351 135
1757564199736 148274909.01540282 136
1757564200239 766665992955.945 137
1757564200742 48973767187.40639 138
1757564201288 88257481002.28218 139
1757564201816 470923671.50288457 140
1757564202321 67292631778.14402 141
1757564202851 34255050124.99353 142
1757564203361 112467565434.16193 143
1757564203869 232370826646.08264 144
1757564204365 143480244709.87955 145
1757564204862 355651781664.35986 146
1757564205351 1065971144990.8998 147
1757564205854 14846166826.246695 148
1757564206365 1367907331064.741 149
1757564206860 60666399609.19365 150
1757564207373 3151505876884.191 151
1757564207885 25550905751.316376 152
1757564208395 438522035553.0163 153
1757564208902 161644491250.79544 154
1757564209399 251034091.0769788 155
1757564209899 222189815400.8055 156
1757564210396 61319538587.72391 157
1757564210898 144602493018.04486 158
1757564211420 8251181011.931018 159
1757564211921 71839893408.4587 160
1757564212434 2843269055074.6123 161
1757564212933 5702634803.952147 162
1757564213492 1375607152.4065661 163
1757564214063 63856590732.01058 164
1757564214615 42337982802.526855 165
1757564215167 4658216896.667608 166
1757564215716 82079726691.00006 167
1757564216261 526236183766.2825 168
1757564216806 31669559493.896107 169
1757564217303 103747973682.93279 170
1757564217804 21006226190.10613 171
1757564218324 255954825718.39868 172
1757564218835 750187171188.3788 173
1757564219338 36240208972.69698 174
1757564219842 25162585907.732117 175
1757564220357 455683352017.58026 176
1757564220880 236099516264.98648 177
1757564221408 158477977387.61462 178
1757564221944 274041335651.68475 179
1757564222463 22826220958.040382 180
1757564222968 43183713871.18786 181
1757564223482 589481040310.2584 182
1757564223992 56565943755.79151 183
1757564224505 11568948212.970907 184
1757564225006 484950495.333346 185
1757564225509 13883139024.379295 186
1757564226027 4327767430.02252 187
1757564226533 151092679893.7701 188
1757564227026 7437742183.2084675 189
1757564227543 657535094267.6237 190
1757564228060 49573407.77732279 191
1757564228561 70337826296.01054 192
1757564229057 384138488.14729816 193
1757564229562 59451550533.30199 194
1757564230074 8585696729.726856 195
1757564230591 233232236663.62445 196
1757564231096 4228158446757.5522 197
1757564231612 181599971818.56177 198
1757564232111 62055311611.0485 199
1757564232611 171847541033.8202 200
1757564233113 300989991682.83923 201
1757564233613 381917075.75487745 202
1757564234109 118624753150.73967 203
1757564234630 41023402605.696594 204
1757564235158 23851080361.436882 205
1757564235671 116616682546.50462 206
1757564236194 78550285007.18146 207
1757564236714 13543846.772500675 208
1757564237242 8136250.372406514 209
1757564237743 2569915305928.489 210
1757564238238 491626236874.70245 211
1757564238742 24951415152.972878 212
1757564239253 243763016207.14468 213
1757564239761 61166011593.16765 214
1757564240261 53953167544.42982 215
1757564240760 5162556651.104368 216
1757564241263 706341113517.5253 217
1757564241794 199941475787.35983 218
1757564242307 36687979641.292366 219
1757564242814 3653162108.3798947 220
1757564243326 29345231245.998997 221
1757564243842 27719709318.29076 222
1757564244356 4249384702.9264784 223
1757564244859 22689369194.372707 224
1757564245356 35696636339.848656 225
1757564245901 18090159693.341084 226
1757564246404 921701629609.2994 227
1757564246925 7440425757.0858755 228
1757564247478 989895204.6662365 229
1757564248062 294118064920.69403 230
1757564248639 180924527153.9709 231
1757564249211 10740951140.536575 232
1757564249776 2271192566.7157145 233
1757564250285 2972779236153.7285 234
1757564250789 848427734392.8732 235
1757564251331 321541980634.05756 236
1757564251852 26026156785.22528 237
1757564252373 268696825212.16977 238
1757564252876 74630699306.59552 239
1757564253399 443603737243.5424 240
1757564253905 12477646550.303385 241
1757564254417 139472701619.2341 242
1757564254943 105720378546.03154 243
1757564255442 1011997369586.361 244
1757564255949 17348239875.81566 245
1757564256448 17028076135.466747 246
1757564256965 540951670911.4581 247
1757564257462 4584187793.391802 248
1757564257982 17318803564.268463 249
1757564258496 27750378372.01657 250
1757564259001 197948722.71918806 251
1757564259502 85984712637.86086 252
1757564259998 2514489245.5537477 253
1757564260493 224412527330.51788 254
1757564260989 51988657260.66533 255
1757564261495 278954835664.70087 256
1757564261993 6303625333.787557 257
1757564262513 12963682219928.283 258
1757564263008 406350116942.0649 259
1757564263512 5419041243.487229 260
1757564264015 6040814086.630974 261
1757564264523 34003649961.167202 262
1757564265042 21630941172.973797 263
1757564265571 266051116187.09238 264
1757564266084 4273800169.8960686 265
1757564266610 9435287263.131205 266
1757564267113 26820079155.171883 267
1757564267620 5594391239.193019 268
1757564268124 6044696498.31957 269
1757564268643 13301591045.726027 270
1757564269149 32946819364.221333 271
1757564269663 894127302.3611963 272
1757564270180 59272201615.488914 273
1757564270689 8950163105651.809 274
1757564271194 926249876.6695881 275
1757564271695 756734399023.9777 276
1757564272214 16123890471.246881 277
1757564272727 27638950.997999877 278
1757564273232 3440736398.879969 279
1757564273739 4628066852.880177 280
1757564274247 20289429441220.066 281
1757564274759 5592490772658.07 282
1757564275260 79432491806.07137 283
1757564275761 82815746078.44835 284
1757564276289 344477636.14896905 285
1757564276791 108293096995.5105 286
1757564277279 6106715746483.929 287
1757564277785 66217600547.57542 288
1757564278288 533104130649.8054 289
1757564278788 2638456268.3278217 290
1757564279295 219452620083.11472 291
1757564279857 745671487.2079155 292
1757564280435 5843377174.173726 293
1757564281022 47150524067.01134 294
1757564281598 32020521140.34056 295
1757564282180 7074312486.824776 296
1757564282717 17980515513.840332 297
1757564283221 14894652051.291227 298
1757564283727 6300726292.412003 299
1757564284230 17960812471.489716 300
1757564284739 725145810305.6077 301
1757564285249 134142077029.04387 302
1757564285757 2207275930.8479695 303
1757564286263 5725123671.053099 304
1757564286778 11466393872.299252 305
1757564287298 43221286005.50633 306
1757564287821 6283033272357.789 307
1757564288315 369156649643.14233 308
1757564288836 263856795958.58374 309
1757564289342 27895034180.41458 310
1757564289847 862598963.2912285 311
1757564290369 14510904528237.244 312
1757564290891 40845267450.59876 313
1757564291400 75616570146.62003 314
1757564291911 154604441070.28833 315
1757564292408 1494339182.420592 316
1757564292924 284114961490.4863 317
1757564293412 846763231583.9285 318
1757564293918 1737499851.0403118 319
1757564294485 681393568.1260304 320
1757564294997 10400418683.922749 321
1757564295490 15028038035.76572 322
1757564295990 355363102.94479007 323
1757564296482 10246837890.751867 324
1757564296998 136758620403.91473 325
1757564297506 27690026592.329086 326
1757564298031 15630310603.377077 327
1757564298534 60209371613.4581 328
1757564299048 262715284183.40866 329
1757564299595 43720805725.66001 330
1757564300130 19259318200.48969 331
1757564300638 196306170999.476 332
1757564301142 147494770164.76215 333
1757564301639 255464149040.42175 334
1757564302144 73321838026.38173 335
1757564302690 129184795795.87285 336
1757564303231 453664013923.19904 337
1757564303742 1098903637046.9174 338
1757564304241 9759300572.525301 339
1757564304744 63936710007.475266 340
1757564305247 350782281527.8928 341
1757564305780 25972662858.770107 342
1757564306313 894496131.5422177 343
1757564306825 3640861.788743716 344
1757564307351 123898007976.27597 345
1757564307864 477144025022.1083 346
1757564308399 1444010799864.9414 347
1757564308903 9002752329.088223 348
1757564309420 2700705813.653952 349
1757564309922 36274428790.78234 350
1757564310436 175890241151.69843 351
1757564310943 81861663127.62386 352
1757564311439 36928050309.038506 353
1757564311947 16082371557.602158 354
1757564312448 48975645022.337036 355
1757564346519 3279149835.5802054 356
1757564347103 32898671586.307255 357
1757564347702 435573690132.63605 358
1757564348329 11185646.44306804 359
1757564348968 96508604151.51178 360
1757564349514 87135949797.82056 361
1757564350021 6713027546.607391 362
1757564350533 670513358.2355763 363
1757564351055 41406016438.3006 364
1757564351598 30774706972.56005 365
1757564352099 15744906801.882923 366
1757564352675 164820304127.03528 367
1757564353175 27399758703.399414 368
1757564353690 278589509595.07544 369
1757564354194 250276455977.19565 370
1757564354699 7915092917.340962 371
1757564355220 28507458057.83993 372
1757564355750 176544264289.7627 373
1757564356254 6960678188.53451 374
1757564356767 10021462657.959581 375
1757564357269 24741906098.808 376
1757564357830 16797074316.20998 377
1757564358324 183240450625.4555 378
1757564358826 41029257847.921524 379
1757564359331 21197085386.77214 380
1757564359831 33039780252.331154 381
1757564360332 15271462887.570063 382
1757564360847 450362179314.6097 383
1757564361367 22670512207.122936 384
1757564361875 2398567684385.6113 385
1757564362366 33944680099.645466 386
1757564362930 41229006.0638082 387
1757564363442 203886413412.34888 388
1757564363986 356827224253.1418 389
1757564364524 4278449325.437289 390
1757564365019 2693281583.887633 391
1757564365531 23066042257.612705 392
1757564366038 6473603257.774392 393
1757564366556 6379682882.953922 394
1757564367055 171384875.961555 395
1757564367575 210667379.97866747 396
1757564368144 3878259158.690629 397
1757564368650 84803882875.75037 398
1757564369161 35897604258.00241 399
1757564369669 65387519957.800354 400
1757564370181 38709542920.68778 401
1757564370684 67704745232.64041 402
1757564371194 1804107021754.5974 403
1757564371697 4388023773.201137 404
1757564372201 1137626041972.242 405
1757564372701 54197240530.52019 406
1757564373264 1219877291064.1924 407
1757564373784 106228175496.01869 408
1757564374288 5619373006.689566 409
1757564374800 3341947008469.48 410
1757564375315 3200985945.466705 411
1757564375815 88969453301.69623 412
1757564376350 43085072158.832275 413
1757564376850 16687649694.88766 414
1757564377367 337129301408.31757 415
1757564377875 2308408670980.174 416
1757564378446 671586219.445032 417
1757564378986 16049610346.036987 418
1757564379488 48311754485.98466 419
1757564383675 382370031636.5869 420
1757564384211 122491801319.0718 421
1757564384714 498745124.19422376 422
1757564385218 40120075807.73495 423
1757564385712 117346280767.04233 424
1757564386211 6250305630.318789 425
1757564386711 2835385806.926016 426
1757564387220 101043520069.86871 427
1757564387725 389050535.3394494 428
1757564388231 251320286459.81573 429
1757564388773 306789504.44838494 430
1757564389270 351932638756.64874 431
1757564389777 31765980218.0004 432
1757564390287 76113254189.6654 433
1757564390795 18659476896.406082 434
1757564391343 2911505639.3342056 435
1757564391891 106992151254.40063 436
1757564392401 17709771150.064217 437
1757564392920 453349731029.23236 438
1757564393452 266904282064.2225 439
1757564393967 14912591206.4562 440
1757564394489 11356005590.311865 441
1757564395024 11105537873.088581 442
1757564395530 4527889533792.934 443
1757564396034 4747630181.851062 444
1757564396539 124191216236.94353 445
1757564397051 42608715250.05515 446
1757564397557 377658728927.5565 447
1757564398060 14466008157.2278 448
1757564398652 921242968.632692 449
1757564399179 9905875604.024729 450
1757564399702 80027931986.93445 451
1757564400201 4553078404.076511 452
1757564400700 18519174873.56589 453
1757564401203 909160662041.6439 454
1757564401722 881897078277.1963 455
1757564402239 903846596.3458191 456
1757564402740 3663677020.26045 457
1757564403260 15347239743.00844 458
1757564403837 351351155526.15753 459
1757564404352 329435078.3439037 460
1757564404884 191176125666.324 461
1757564405387 1004234563544.4258 462
1757564405890 152229378496.76562 463
1757564406391 67515636965.10653 464
1757564406897 9002504023.27066 465
1757564407403 5448927543.325654 466
1757564407917 14944571603.012009 467
1757564408424 630156667709.5426 468
1757564408993 143995855785.53653 469
1757564409512 257875502698.9827 470
1757564410011 49639125590.5592 471
1757564410518 867200148.3115588 472
1757564411020 138300547.2626143 473
1757564411529 45254787753.18056 474
1757564412044 1428514549814.75 475
1757564412538 3497654277.854168 476
1757564413037 29752418353.316475 477
1757564413537 239626182734.10007 478
1757564414136 2764986683884.21 479
1757564414676 815117971360.9971 480
1757564415251 1396586743.7145617 481
1757564415832 11146885612.34531 482
1757564416365 1402099227508.7246 483
1757564416995 7613895021.642645 484
1757564417513 68153983743.5996 485
1757564418030 1360224894458.963 486
1757564418546 57694476162.65411 487
1757564419121 109751965446.66331 488
1757564419642 1963218927.9677737 489
1757564420138 623747734038.5376 490
1757564420641 2659718122.9505844 491
1757564421182 4249317808.984739 492
1757564421687 472727796680.9363 493
1757564422187 3633593801.3460484 494
1757564422674 4624131441153.766 495
1757564423165 27078411317.37467 496
1757564423669 71559424761.9725 497
1757564424291 142646869203.8261 498
1757564424858 525266162897.8376 499
