1757572510301 86052504215.62502 0
1757572510949 456200498223.84076 1
1757572511502 18163038433.931213 2
1757572512124 53402849244.15416 3
1757572512822 7199267074464866.0 4
1757572513521 4.596833068345473e+17 5
1757572514209 2.705077962990676e+18 6
1757572514881 7.135486515521541e+18 7
1757572515554 4.097295958589657e+19 8
1757572516231 4.028285082700714e+22 9
1757572516909 1.425155239531995e+24 10
1757572517581 1.5662374027943865e+26 11
1757572518259 1.9776092582794504e+28 12
1757572518933 4.465243503641776e+28 13
1757572519506 2.795957526999471e+29 14
1757572520085 1.4965892008373141e+31 15
1757572520687 1.276086061719706e+31 16
1757572521270 5.127732283206808e+32 17
1757572521923 2.363543215454456e+35 18
1757572522619 1.2913054970126337e+36 19
1757572523237 7.494481688000734e+37 20
1757572523855 2.489936951038243e+39 21
1757572524493 4.471420806911676e+38 22
1757572525161 6.845361444286149e+41 23
1757572525775 3.8893474980158345e+42 24
1757572526414 1.3968317593596097e+45 25
1757572527091 6.565825137143536e+46 26
1757572527769 1.340521729306821e+47 27
1757572528436 1.4722510868996871e+49 28
1757572529046 7.824178517640742e+49 29
1757572529646 1.1553522939094383e+52 30
1757572530324 4.389415146043027e+52 31
1757572531005 1.1152768280644832e+55 32
1757572531678 1.5465962514585803e+49 33
1757572532350 6.936107192792205e+57 34
1757572533024 1.6570432499802376e+59 35
1757572533717 2.298694539366152e+61 36
1757572534418 1.04386624885464e+61 37
1757572535114 6.039301434329623e+64 38
1757572535796 1.4703879797577577e+65 39
1757572536421 2.8331784885788804e+65 40
1757572537031 2.0640650842702195e+68 41
1757572537632 1.181834633686893e+70 42
1757572538233 2.9322708825676857e+71 43
1757572538799 5.531348271688974e+71 44
1757572539415 2.2207886690229796e+75 45
1757572540044 8.824258775482945e+75 46
1757572540623 1.568943841757752e+76 47
1757572541205 2.561944734366129e+78 48
1757572541852 1.4101935524258002e+79 49
1757572542413 1.4858080980380165e+81 50
1757572543065 1.1682580935801098e+82 51
1757572543638 2.0341232805336892e+84 52
1757572544271 1.5437440162355173e+84 53
1757572544838 7.615810706244094e+86 54
1757572545468 2.997357324259246e+86 55
1757572546008 2.9512409355616246e+90 56
1757572546681 4.3432142178284856e+91 57
1757572547356 6.204604160097133e+90 58
1757572548025 1.233020607751745e+94 59
1757572548693 7.968433050044738e+94 60
1757572549352 1.1873081684532173e+96 61
1757572549953 1.578466848388597e+98 62
1757572550594 2.3076689903725904e+98 63
1757572551230 1.4896751569755e+101 64
1757572551882 6.174814255546419e+102 65
1757572552564 1.161956184385441e+104 66
1757572553251 1.64928062363746e+104 67
1757572553930 8.868007635818166e+104 68
1757572554612 1.7580649099334748e+109 69
1757572555169 2.1181497238149145e+109 70
1757572555727 9.191125398865913e+111 71
1757572556405 8.670996616765006e+112 72
1757572557087 1.9088590118860806e+113 73
1757572557768 1.3446645423078497e+116 74
1757572558442 9.275652177080244e+113 75
1757572559119 1.2666827586433317e+118 76
1757572559805 1.3942897629358248e+120 77
1757572560478 7.015756713123647e+122 78
1757572561142 7.26562524810401e+122 79
1757572561810 2.6418455204949225e+124 80
1757572562486 1.340292154733916e+124 81
1757572563158 7.212071466230857e+126 82
1757572563830 9.433257311519154e+124 83
1757572564520 1.1485941105746142e+129 84
1757572565202 3.663509485810959e+132 85
1757572565758 5.143518402230344e+132 86
1757572566396 4.042216492280076e+133 87
1757572567067 3.1266388198604177e+135 88
1757572567736 3.229219618370936e+136 89
1757572568392 2.8854480450596333e+137 90
1757572569064 4.545713266111423e+140 91
1757572569749 1.3503421781451181e+141 92
1757572570425 1.1627494294715138e+143 93
1757572571109 3.3156884112574265e+144 94
1757572571780 8.456829829960435e+146 95
1757572572447 3.1284030413939705e+146 96
1757572573085 1.0516362868946788e+148 97
1757572573675 1.8871499407251113e+151 98
1757572574210 5.219646986848964e+151 99
1757572574787 4.370512875350962e+153 100
1757572575462 8.408772846839402e+152 101
1757572576144 7.120611673034235e+155 102
1757572576819 1.4837712865932785e+158 103
1757572577520 5.99354043314047e+158 104
1757572578201 1.0752133000957674e+159 105
1757572578879 7.232154183646054e+160 106
1757572579560 3.0466412050484726e+162 107
1757572580229 4.6175775580613195e+166 108
1757572580921 1.2615826121652424e+167 109
1757572581618 1.5772824813180029e+167 110
1757572582299 2.6512933217506334e+165 111
1757572582970 1.5376728358268136e+169 112
1757572583650 1.2157620996389934e+172 113
1757572584335 2.3926323990341468e+173 114
1757572585010 8.13658641277561e+173 115
1757572585711 7.333757486353086e+171 116
1757572586399 3.3351115859131577e+177 117
1757572587079 8.00140359056487e+178 118
1757572587759 4.089648359725016e+181 119
1757572588433 4.5745600507007694e+181 120
1757572589108 7.625640354967684e+182 121
1757572589791 6.091311452003406e+184 122
1757572590467 4.748141152672771e+186 123
1757572591148 7.866262980814487e+186 124
1757572591824 4.509508459031629e+186 125
1757572592501 2.3590703390545893e+191 126
1757572593181 2.51576879401299e+192 127
1757572593881 2.096999504328173e+193 128
1757572594563 8.758386116096467e+193 129
1757572595255 8.453172564508932e+195 130
1757572595955 1.448746702859683e+195 131
1757572596657 3.0082914266443475e+198 132
1757572597345 2.8022173125933873e+198 133
1757572598084 1.2833889263312337e+202 134
1757572598758 3.09496662348806e+202 135
1757572599434 7.349548744635816e+204 136
1757572600117 7.339990897667414e+205 137
1757572600800 4.273663857367287e+207 138
1757572601484 1.4768703377512122e+210 139
1757572602081 4.2034026090815903e+210 140
1757572602653 1.4912025432032765e+212 141
1757572603235 1.1535863181040974e+213 142
1757572603748 6.630963385541031e+212 143
1757572604308 1.483304175252054e+215 144
1757572604897 1.1678723785534357e+217 145
1757572605453 2.1856258136257414e+219 146
1757572606037 3.223180831021981e+219 147
1757572606598 6.647243260604625e+220 148
1757572607211 5.97385072448324e+221 149
1757572607900 2.4574144629556773e+224 150
1757572608585 2.718835889039781e+226 151
1757572609107 3.9637427812757665e+227 152
1757572609748 5.084200454343791e+229 153
1757572610313 1.4573332169651984e+231 154
1757572610983 5.167374791892391e+231 155
1757572611687 9.0615510184033e+233 156
1757572612360 1.2333942096694701e+236 157
1757572612969 1.8784810326325583e+236 158
1757572613496 2.1958517138535484e+237 159
1757572614139 2.967528764523096e+239 160
1757572614732 1.1083848624495236e+241 161
1757572615401 1.7579797228406137e+243 162
1757572616077 1.3258821225198065e+243 163
1757572616767 1.1056145127047065e+245 164
1757572617451 2.2540529999839466e+246 165
1757572618131 6.612215512641501e+246 166
1757572618804 7.8139493473663e+248 167
1757572619482 9.19940183045719e+248 168
1757572620181 2.4322413468098003e+252 169
1757572620857 3.9138148484484015e+253 170
1757572621587 3.7547457208114746e+254 171
1757572622291 6.85534243622966e+257 172
1757572622968 5.512409921665803e+257 173
1757572623649 1.9336312894148123e+260 174
1757572624340 6.441036665193973e+260 175
1757572625022 3.213149996756869e+261 176
1757572625715 6.413142331086471e+264 177
1757572626401 7.085935539966375e+264 178
1757572627076 9.602426134461817e+267 179
1757572627770 1.7462911533434777e+268 180
1757572628463 1.7808453669320627e+267 181
1757572629153 3.568743175482305e+271 182
1757572629834 3.667031951710984e+273 183
1757572630419 2.223642826248195e+273 184
1757572631018 3.5836474597843445e+275 185
1757572631662 1.8147341764487777e+275 186
1757572632323 1.07581883485621e+279 187
1757572632994 1.4609978203335767e+277 188
1757572633680 4.807995449076317e+280 189
1757572634380 1.873614044012429e+282 190
1757572635051 1.82547844652379e+284 191
1757572635741 4.4751938397977717e+284 192
1757572636405 7.831420428831671e+285 193
1757572637082 2.5427537577255213e+288 194
1757572637764 1.527050159200589e+289 195
1757572638471 1.2535118541470673e+291 196
1757572639166 2.8567441497755017e+291 197
1757572639853 3.8395102251730154e+292 198
1757572640517 1.3977719703757121e+296 199
1757572641196 6.510793064082125e+293 200
1757572641897 9.066949023002033e+298 201
1757572642576 1.5702134800814467e+300 202
1757572643250 1.3633040109470475e+299 203
1757572643934 1.692506129981375e+302 204
1757572644632 6.671077885973569e+302 205
