1757560148615 1166717546.5614157 0
1757560149105 18360149073.300823 1
1757560149619 15044133885.684702 2
1757560150151 78115872966.49875 3
1757560150723 24196702285.29846 4
1757560151215 10907871938.898476 5
1757560151701 182261434146.42484 6
1757560152194 6130957557.720588 7
1757560152689 469447139574.3837 8
1757560153199 2636223065.1781774 9
1757560153828 150770280.2806463 10
1757560154341 235171104581.9115 11
1757560154865 65856263720.91803 12
1757560155382 1407913087601.6384 13
1757560155884 212492567466.2312 14
1757560156379 459871717.5807312 15
1757560156873 31816889739.925335 16
1757560157361 55499445117.08719 17
1757560157844 102870603483.24272 18
1757560158356 443097845.8604028 19
1757560158867 5991194758.918314 20
1757560159357 6698606347.646091 21
1757560159850 21323067.84018296 22
1757560160369 71215887335.99379 23
1757560160866 2439227941.0987663 24
1757560161385 161363831772.4233 25
1757560161889 9060809897.72176 26
1757560162404 234276679415.66333 27
1757560162914 28464670680.001034 28
1757560163427 53611657388.16649 29
1757560164010 9587380523.384785 30
1757560164557 46899540702.46781 31
1757560165125 1554077478071.2021 32
1757560165668 173779401710.76395 33
1757560166216 125452382498.41847 34
1757560166753 37820545694.22257 35
1757560167277 9829284152.1742 36
1757560167784 147509226154.9042 37
1757560168293 168212071532.59515 38
1757560168796 11385331760.44777 39
1757560169301 413373491333.6419 40
1757560169786 15106045584.77193 41
1757560170270 53322409032.901955 42
1757560170774 169773903.17292964 43
1757560171267 2057866831.584027 44
1757560171786 298380428.57936597 45
1757560172298 123344317000.80788 46
1757560172811 73180072906.67563 47
1757560173316 76130287532.17572 48
1757560173843 82904365743.40164 49
1757560174357 3415689470.688967 50
1757560174875 1438961911107.8098 51
1757560175400 514631966631.9433 52
1757560175895 26132928974.637978 53
1757560176425 46766603859.85096 54
1757560176928 51836213845.364784 55
1757560177416 3752834.6383724883 56
1757560177916 419284078009.1133 57
1757560178410 1192466320056.9092 58
1757560178896 3581412995.6869025 59
1757560179381 1500673410471.058 60
1757560179874 118846880301.77783 61
1757560180357 380228983235.54095 62
1757560180847 54818232077.68533 63
1757560181330 320156568.5260292 64
1757560181851 496270242587.1857 65
1757560182338 260803585477.66632 66
1757560182817 2259903495.165983 67
1757560183324 152700265740.05203 68
1757560183839 248508732904.09915 69
1757560184353 38858889858.86755 70
1757560184872 108300675118.11185 71
1757560185369 205533534112.39447 72
1757560185857 41485691632.212425 73
1757560186350 345633879.92401266 74
1757560186844 605483463.4338727 75
1757560187320 38481355.445152506 76
1757560187853 2017540545.23501 77
1757560188359 25567446982.857327 78
1757560188854 7476699008.111132 79
1757560189360 7246968829.197474 80
1757560189882 26244440989.815174 81
1757560190395 940274654.848913 82
1757560190896 5155654079.426491 83
1757560191404 140730659764.38348 84
1757560191907 199930216970.23538 85
1757560192401 15472734878.362349 86
1757560192898 43275868757.897484 87
1757560193378 316387859486.4831 88
1757560193853 63285308006.75344 89
1757560194336 404821422790.32587 90
1757560194822 612576327170.7257 91
1757560195314 71816015864.93488 92
1757560195796 41691689225.92471 93
1757560196275 13226884440.187634 94
1757560196763 192799259841.4471 95
1757560197321 423042434837.6172 96
1757560197816 949768818.1548827 97
1757560198323 9206203831.031178 98
1757560198818 471955257497.69324 99
1757560199307 3120279276.7847652 100
1757560199799 544242074272.7662 101
1757560200285 16070448800.212831 102
1757560200773 91653858501.97218 103
1757560201258 386630754283.83997 104
1757560201750 55582690911.142715 105
1757560202242 59604415877.63063 106
1757560202731 2162695295888.5884 107
1757560203213 15919407075.039 108
1757560203700 51028892093.565216 109
1757560204185 96015690978.0694 110
1757560204679 37608134666.50658 111
1757560205174 3228539297.1065755 112
1757560205656 194473907586.24326 113
1757560206132 122014113151.70078 114
1757560206618 54526760760.659935 115
1757560207098 207578223.29795876 116
1757560207585 24027581031.217625 117
1757560208066 658423593.0275398 118
1757560208559 210149846376.13803 119
1757560209032 6638325135.143815 120
1757560209521 53694885300.89728 121
1757560210002 7133813599625.349 122
1757560210486 192958202852.72955 123
1757560210971 159159719706.2158 124
1757560211461 135821538425.73967 125
1757560211948 152037633292.39862 126
1757560212433 74338519193.9454 127
1757560212920 23157008110.171852 128
1757560213405 6637600263.147074 129
1757560213886 52066345861.63306 130
1757560214375 73935464842.40807 131
1757560214865 200548513173.83728 132
1757560215370 1069772545103.1295 133
1757560215867 26094803277.00838 134
1757560216435 843315377014.9677 135
1757560216918 15744475978.403997 136
1757560217398 35190278345.27245 137
1757560217878 924145189291.4684 138
1757560218356 1585606191258.2422 139
1757560218838 887269465598.2993 140
1757560219338 814727592.5385561 141
1757560219857 26699984465.21797 142
1757560220360 8980674550.235075 143
1757560220862 29774795608.063316 144
1757560221371 59845860.04560736 145
1757560221891 1804128712403.032 146
1757560222393 276551929917.4155 147
1757560222882 54097633818.993195 148
1757560223373 44269238176.03828 149
1757560223876 7345387691057.598 150
1757560224371 1820883500.8531816 151
1757560224862 62384285563.15048 152
1757560225386 214913657336.9196 153
1757560225883 19723946813.162643 154
1757560226395 29332597300.909718 155
1757560226938 31601094461.12803 156
1757560227431 242084026406.5 157
1757560227927 6949003959.623145 158
1757560228420 44908747401.31047 159
1757560228917 150170855261.5052 160
1757560229431 7062488.558696013 161
1757560230015 956224782821.4087 162
1757560230548 439597113595.66974 163
1757560231124 9026997476.92373 164
1757560231679 587439737478.1461 165
1757560232189 698341607.2440414 166
1757560232689 610191726547.5304 167
1757560233182 24333341874.91718 168
1757560233672 5128977424.963387 169
1757560234165 1593524350.1761272 170
1757560234667 33217601424.91441 171
1757560235176 27513339295.439392 172
1757560235684 297992919116.3329 173
1757560236185 1522543625753.5022 174
1757560236699 63201923087.23653 175
1757560237212 105281040919.60934 176
1757560237736 24238946907.07619 177
1757560238268 79884316958.82814 178
1757560238771 289567415162.03577 179
1757560239295 3349169962.69752 180
1757560239798 590464007114.4677 181
1757560240302 59803295367.59647 182
1757560240809 28505449760.23627 183
1757560241314 58819196795.63073 184
1757560241825 49709091100.81149 185
1757560242326 5566929845.006087 186
1757560242814 5238371185.0459 187
1757560243311 483814161509.78577 188
1757560243807 5512749.680279284 189
1757560244314 606543933777.1638 190
1757560244810 41505795255.579285 191
1757560245311 68412206113.32942 192
1757560245796 126470059902.9071 193
1757560246308 10728915521.005678 194
1757560246813 52990996505.77461 195
1757560247312 12571080067339.273 196
1757560247848 3108179795722.739 197
1757560248363 372441597155.2161 198
1757560248870 1515543161469.3184 199
1757560249372 1905812761.4314277 200
1757560249872 2699517611.817586 201
1757560250390 26768908618.084194 202
1757560250903 266712983491.56113 203
1757560251405 556785674592.1139 204
1757560251903 141280010323.47678 205
1757560252406 74106497927.04013 206
1757560252916 53867435363.78763 207
1757560253413 11292809505.122635 208
1757560253925 530159414084.25995 209
1757560254446 34667567951.68277 210
1757560254952 486148672.9081511 211
1757560255468 1347118984.7889242 212
1757560255963 18336843119.1418 213
1757560256475 7187445148920.67 214
1757560256976 226799894072.57193 215
1757560257490 49138724555198.54 216
1757560257991 29928680338.57579 217
1757560258493 233378618704.67142 218
1757560259014 2645980383753.845 219
1757560259518 244447804620.2496 220
1757560260047 354212188.3639799 221
1757560260566 4781647.315479226 222
1757560261082 125227113.22817008 223
1757560261592 4603341413.6619625 224
1757560262100 16967428957.78944 225
1757560262608 3645996341.8372593 226
1757560263203 12376157965.668526 227
1757560263777 29536669181.192715 228
1757560264318 993364588086.054 229
1757560264862 104982151946.2681 230
1757560265379 12150103.979690127 231
1757560265883 11477916062.038496 232
1757560266393 14219927299910.094 233
1757560266893 2449771248.204775 234
1757560267396 961142564.0144033 235
1757560267894 57818193332.85995 236
1757560268396 66574485639.57541 237
1757560268908 36475992709.54411 238
1757560269410 21954669202.11933 239
1757560269942 177339999686.9218 240
1757560270464 878567324362.067 241
1757560270952 7887649590.098677 242
1757560271439 11053318443.290915 243
1757560271946 851658836693.024 244
1757560272454 40778150155.6402 245
1757560272977 30235519038.425423 246
1757560273503 2996992082.7392707 247
1757560274013 360008692543.8693 248
1757560274532 2555775237.6672707 249
1757560275051 232574311785.84833 250
1757560275563 230056875431.66577 251
1757560276072 12282561817.439713 252
1757560276590 30773522920.560005 253
1757560277106 21443520532.56985 254
1757560277618 23711571.678845927 255
1757560278122 37977033368.732155 256
1757560278629 912133017.749161 257
1757560279130 9066937059.477077 258
1757560279634 40280393077.90343 259
1757560280146 11357215732.763454 260
1757560280682 3160987317.3535547 261
1757560281210 1075052716456.159 262
1757560281716 272608670.46157694 263
1757560282222 312520589765.7657 264
1757560282718 2202607126.3946466 265
1757560283218 385893930799.0407 266
1757560283714 5841881157.596751 267
1757560284234 152337558389.168 268
1757560284756 314406743.35283726 269
1757560285271 285429820681.84344 270
1757560285784 487813448321.74744 271
1757560286294 9615289713.034454 272
1757560286806 15473746421.928114 273
1757560287316 1033251093.3958999 274
1757560287839 242836156550.04434 275
1757560288342 318776048.540571 276
1757560288851 14747023703.410872 277
1757560289348 207529794343.24988 278
1757560289863 2485456909.833446 279
1757560290373 6375186020.597089 280
1757560290873 2025719510.0344007 281
1757560291374 47157395309152.28 282
1757560291875 75995689122.06999 283
1757560292377 2084966185.9190657 284
1757560292891 128437448964.80515 285
1757560293393 45063281432.47957 286
1757560293890 7822066630.687965 287
1757560294401 21108568722.537956 288
1757560294915 10823955243.287838 289
1757560295418 1155921699.8933866 290
1757560295949 376352173726.44495 291
1757560296489 2351861943498.139 292
1757560297005 12900828171.31865 293
1757560297517 222422999772.0453 294
1757560298033 83775930376.1838 295
1757560298550 978861951.6041323 296
1757560299111 1468547438871.694 297
1757560299622 308508279980.9375 298
1757560300164 258935052.24387467 299
1757560300694 101127904922.60509 300
1757560301196 321994089202.68787 301
1757560301686 39347319883.434 302
1757560302189 332422079073.4457 303
1757560302725 15762967094.789804 304
1757560303251 54555030.728557445 305
1757560303783 24020579599.423378 306
1757560304308 7957378701850.843 307
1757560304835 117726504538.01459 308
1757560305342 73445985441.25716 309
1757560305837 459769155353.3182 310
1757560306322 62493674141.535515 311
1757560306828 208089843208.61407 312
1757560307338 8031961853.934937 313
1757560307835 84216332592.23811 314
1757560308334 20221563221.63972 315
1757560308828 15643887955.444387 316
1757560309332 152206672836.65973 317
1757560309832 713256863714.1661 318
1757560310347 184936364992.72247 319
1757560310857 21101238471048.953 320
1757560311361 54789257955.20646 321
1757560311864 23294511847.09553 322
1757560312361 378967154972.50446 323
1757560312901 43332504488.67687 324
1757560313400 4117041444.9600973 325
1757560313887 52124731309.59575 326
1757560314377 55326423891.659645 327
1757560314871 1712391780.1351917 328
1757560315369 6907592621.544907 329
1757560315862 1124963964204.7712 330
1757560316352 10856149239.346691 331
1757560316863 1048214795.3572706 332
1757560317357 2422063583.883375 333
1757560317869 12780494941.03648 334
1757560318379 5877803360.228558 335
1757560318898 45130768083.39375 336
1757560319471 4305628914.887858 337
1757560320017 440053706291.18066 338
1757560320590 66804063844.28496 339
1757560321126 38846165577.494354 340
1757560321668 377400313325.87335 341
1757560322234 316021094299.5155 342
1757560322790 91050697238.16536 343
1757560323310 23288176820.25325 344
1757560323832 52955821972.22982 345
1757560324327 65582719525.45117 346
1757560324818 80768310439.0878 347
1757560325310 9742923.885948442 348
1757560325807 14238527424.415543 349
1757560326304 73141302268.10522 350
1757560326797 14977782447.28579 351
1757560327292 10762341608.281017 352
1757560327786 54371388759.272316 353
1757560328281 7007743280492.534 354
1757560328786 4502848983.360812 355
1757560329289 58636677502.73164 356
1757560329789 46474458973.528366 357
1757560330295 276252038761.31134 358
1757560330797 31822982170.891033 359
1757560331293 872217109424.8153 360
1757560331805 135532428943.43484 361
1757560332295 95698787938.40005 362
1757560332800 15279166840.206434 363
1757560333293 432005715.77325046 364
1757560333792 3598785796070.3457 365
1757560334286 31391711295.34708 366
1757560334775 3895841228.781878 367
1757560335267 1204836160835.3843 368
1757560335749 52627196632.43205 369
1757560336236 498901419142.13354 370
1757560336726 42742110712.56354 371
1757560337212 842681694.707128 372
1757560337706 76745587703.54688 373
1757560338193 9024966051.400312 374
1757560338683 7719173843.395408 375
1757560339173 110015677480.96844 376
1757560339673 7809770216.105531 377
1757560340165 2524622022.522105 378
1757560340657 17896293260.517418 379
1757560341160 489405018195.3485 380
1757560341698 18345986983.57325 381
1757560342211 389008424968.9957 382
1757560342726 555992655.7547967 383
1757560343229 56071337323.467674 384
1757560343722 3076827835.17657 385
1757560344226 250407105004.575 386
1757560344720 83089666412.89589 387
1757560345211 43272716288.34186 388
1757560345701 671391381611.0009 389
1757560346213 16674924978.092089 390
1757560346757 2709725646.4201984 391
1757560347262 6818170910105.661 392
1757560347753 38009066411.56404 393
1757560348247 793359871.0370352 394
1757560348746 1641327549.3856122 395
1757560349241 34137061085.472733 396
1757560349751 2200262753.2305017 397
1757560350276 266966097686.18063 398
1757560350787 2585806917.305676 399
1757560351316 97712971962.25676 400
1757560351849 86631795480.07541 401
1757560352353 7358825065.916941 402
1757560352881 63798384979.24279 403
1757560353390 10647202468600.367 404
1757560353907 49731790554.99207 405
1757560354439 131162384642.41083 406
1757560354979 23087095886.591732 407
1757560355493 6195817713.349414 408
1757560356012 44634008280.319405 409
1757560356522 111975959279.54335 410
1757560357045 1873033440.711861 411
1757560357551 55937802166.16352 412
1757560358061 234973107092.6816 413
1757560358596 120669840802.12148 414
1757560359109 1669039354263.6016 415
1757560359623 11396180337906.34 416
1757560360133 10288127398.214645 417
1757560360649 13626284108.87121 418
1757560361163 13683332915.638151 419
1757560361776 1335287177606.688 420
1757560362304 81746058365.19012 421
1757560362811 359479636125.65735 422
1757560363321 387207230739.68524 423
1757560363859 230295735410.96387 424
1757560364363 114846120772.3511 425
1757560364868 1098963111163.104 426
1757560365372 98195728710.93808 427
1757560365876 3062599068593.4976 428
1757560366376 24125584507.717026 429
1757560366881 216898948.38915253 430
1757560367379 297095064274.8384 431
1757560367870 91371558102.363 432
1757560368395 9587196187.993706 433
1757560368910 63801631293.65538 434
1757560369428 4396735119.443856 435
1757560369955 262303726.17497152 436
1757560370472 123813407999.86693 437
1757560370984 33919042397.099228 438
1757560371506 11801789349499.463 439
1757560372019 19990170994.635975 440
1757560372535 62092682630.27437 441
1757560373045 1949640450.3926756 442
1757560373562 228418021772.24213 443
1757560374078 163936262711.382 444
1757560374599 1506207088892.9827 445
1757560375120 16829056461.240026 446
1757560375640 26255583080.45753 447
1757560376175 151623617893.1406 448
1757560376703 248959420487.28906 449
1757560377190 11707924111.273792 450
1757560377682 92654430624.55457 451
1757560378189 62081046851.24322 452
1757560378692 76787126976.72234 453
1757560379187 20450324340.820965 454
1757560379685 9169748463974.27 455
1757560380177 11935873721.101093 456
1757560380680 124237072769.46893 457
1757560381182 112814963863.27092 458
1757560381680 4610271652.971538 459
1757560382173 67332194237.50927 460
1757560382660 6277664495.925518 461
1757560383151 59591993943.52599 462
1757560383639 190423452918.93 463
1757560384128 2182319360735.6213 464
1757560384619 21055755195.410133 465
1757560385115 2154721962036.0364 466
1757560385622 2018194778710.7612 467
1757560386192 331258087758.5498 468
1757560386712 34098457876.967022 469
1757560387242 53660682708.12983 470
1757560387749 7484315079.895086 471
1757560388244 1414693427.635856 472
1757560388742 972986133652.4651 473
1757560389230 2080369911027.8708 474
1757560389725 108260921844.59683 475
1757560390221 7096518149.7311735 476
1757560390732 377198118666.7096 477
1757560391231 3583528384618.5454 478
1757560391768 45300311056.03766 479
1757560392269 350939174128.38635 480
1757560392771 982027290031.7607 481
1757560393262 400630815939.3024 482
1757560393759 12394154072.008875 483
1757560394266 255284585352.1596 484
1757560394797 29669741171.23269 485
1757560395321 733391918.5719885 486
1757560395842 2121822315.0102334 487
1757560396366 1283372269.0793712 488
1757560396862 532755499211.45044 489
1757560397353 27190818309.67264 490
1757560397849 2873131696.3763304 491
1757560398339 63855802833.14749 492
1757560398829 40427055599.857185 493
1757560399320 4900227349.2859125 494
1757560399813 471366199393.9188 495
1757560400308 6913730743.5751295 496
1757560400803 205904135064.00262 497
1757560401299 13034101552.401896 498
1757560401797 5384607954.370867 499
