1757526815401 1019576413616.2487 0
1757526815420 4126253064119.3994 1
1757526815439 1.3017060940118862e+16 2
1757526815459 5.272938064361481e+19 3
1757526815478 2.1360052168273922e+23 4
1757526815497 8.652706050795895e+26 5
1757526815516 3.50510951061066e+30 6
1757526815535 1.4198786609931977e+34 7
1757526815555 5.751761552216384e+37 8
1757526815574 2.329970994170269e+41 9
1757526815594 9.4384386146586e+44 10
1757526815614 3.823400536125665e+48 11
1757526815633 1.5488146139916156e+52 12
1757526815652 6.274065941688607e+55 13
1757526815672 2.5415503627776325e+59 14
1757526815691 1.0295521766219477e+63 15
1757526815717 4.1705948460078924e+66 16
1757526815737 1.6894589477357425e+70 17
1757526815757 6.843799605268487e+73 18
1757526815778 2.772342772805821e+77 19
1757526815797 1.1230434690127305e+81 20
1757526815817 4.549317081796809e+84 21
1757526815836 1.842874873661159e+88 22
1757526815856 7.46526948750353e+91 23
1757526815875 3.0240929168638757e+95 24
1757526815895 1.2250244931056733e+99 25
1757526815915 4.962430222762772e+102 26
1757526815936 2.010222151016622e+106 27
1757526815956 8.143173636783396e+109 28
1757526815976 3.298703919129976e+113 29
1757526815995 1.336266182134575e+117 30
1757526816015 5.413057228814468e+120 31
1757526816035 2.192765854151474e+124 32
1757526816055 8.882636720590726e+127 33
1757526816075 3.598251722162048e+131 34
1757526816095 1.457609476027419e+135 35
1757526816115 5.904604648749593e+138 36
1757526816135 2.3918859359404603e+142 37
1757526816158 9.689248765810816e+145 38
1757526816178 3.92500078014185e+149 39
1757526816198 1.5899716785551e+153 40
1757526816218 6.440788372317111e+156 41
1757526816240 2.6090876596414592e+160 42
1757526816260 1.0569107416961095e+164 43
1757526816282 4.2814211771869976e+167 44
1757526816302 1.734353391758394e+171 45
1757526816323 7.0256617207657355e+174 46
1757526816344 2.8460129780464642e+178 47
1757526816364 1.152886403179414e+182 48
1757526816384 4.670207300137861e+185 49
1757526816404 1.8918460800744365e+189 50
1757526816425 7.663646088231169e+192 51
1757526816445 3.104452945947381e+196 52
1757526816466 1.257577396273764e+200 53
1757526816486 5.094298206977907e+203 54
1757526816507 2.063640321344386e+207 55
1757526816527 8.359564365598273e+210 56
1757526816549 3.3863612597496954e+214 57
1757526816569 1.3717751404277679e+218 58
1757526816590 5.5568998448639e+221 59
1757526816611 2.2510348070762708e+225 60
1757526816634 9.118677399507845e+228 61
1757526816654 3.693869026587549e+232 62
1757526816675 1.4963429220907927e+236 63
1757526816695 6.061509285724927e+239 64
1757526816716 2.4554461600012944e+243 65
1757526816737 9.94672376212326e+246 66
1757526816758 4.029300874588731e+250 67
1757526816778 1.6322224207919372e+254 68
1757526816804 6.611941162641074e+257 69
1757526816826 2.6784196431400615e+261 70
1757526816847 1.084996313229891e+265 71
1757526816869 4.3951925260760796e+268 72
1757526816891 1.780440827837354e+272 73
1757526816912 7.212356506849618e+275 74
1757526816932 2.9216408413348284e+279 75
1757526816954 1.1835223616094119e+283 76
1757526816975 4.79430996655141e+286 77
1757526816995 1.942118611440302e+290 78
1757526817016 7.867294203373981e+293 79
1757526817037 3.186948403555033e+297 80
1757526817058 1.2909953364355156e+301 81
1757526817080 inf 82
1757526817101 inf 83
