1757531010994 1053302804790.2463 0
1757531011041 859258729923.8918 1
1757531011087 651024392503.8612 2
1757531011132 498123774500.3627 3
1757531011187 400313083358.658 4
1757531011251 340061369339.2987 5
1757531011298 303554332835.35223 6
1757531011343 282205304329.32086 7
1757531011389 270258711370.0793 8
1757531011434 263693425737.0373 9
1757531011480 259968497871.55887 10
1757531011525 257705301518.01132 11
1757531011570 256233305672.6138 12
1757531011622 255222929119.7783 13
1757531011668 254491787737.32236 14
1757531011717 253930147669.60638 15
1757531011763 253473162790.3885 16
1757531011808 253084600977.26074 17
1757531011857 252744796264.44775 18
1757531011932 252443052246.6487 19
1757531011978 252173621457.23218 20
1757531012092 251933503286.13235 21
1757531012140 251720953367.22867 22
1757531012186 251534435367.4627 23
1757531012234 251372050599.07642 24
1757531012282 251231409065.46777 25
1757531012328 251109787831.99933 26
1757531012373 251004397935.17615 27
1757531012421 250912629642.47366 28
1757531012468 250832212464.86148 29
1757531012516 250761278787.82858 30
1757531012563 250698350457.02728 31
1757531012610 250642279176.3826 32
1757531012657 250592170092.6281 33
1757531012704 250547309582.75183 34
1757531012751 250507108214.2638 35
1757531012797 250471061537.86258 36
1757531012844 250438726233.70276 37
1757531012892 250409707049.98102 38
1757531012940 250383650026.6171 39
1757531012987 250360238621.70828 40
1757531013035 250339190722.31012 41
1757531013083 250320255644.6001 42
1757531013142 250303210941.14752 43
1757531013190 250287859164.27002 44
1757531013239 250274024803.66742 45
1757531013286 250261551553.33167 46
1757531013332 250250299964.85364 47
1757531013377 250240145465.97177 48
1757531013425 250230976682.41638 49
1757531013472 250222693993.40738 50
1757531013520 250215208263.26328 51
1757531013567 250208439710.3433 52
1757531013615 250202316891.1908 53
1757531013662 250196775788.52536 54
1757531013709 250191758996.55933 55
