1757581722697 4027884901940.253 0
1757581722788 2.798350838527956e+16 1
1757581722884 4.0952311400778564e+21 2
1757581722976 1.6382510344980508e+25 3
1757581723069 1.5010969600796663e+29 4
1757581723161 1.3406269772367152e+34 5
1757581723254 2.1729042588758397e+38 6
1757581723345 3.4841965735116493e+43 7
1757581723440 1.3756799842939513e+47 8
1757581723531 3.850434427365213e+53 9
1757581723626 6.439233493718773e+56 10
1757581723718 3.7222013794174514e+61 11
1757581723810 4.6344801709161856e+64 12
1757581723904 6.928409739217636e+68 13
1757581723996 1.511947499465496e+74 14
1757581724087 7.631298986901269e+77 15
1757581724181 4.9624556964020485e+81 16
1757581724274 1.2628169249439196e+86 17
1757581724365 3.267612845977332e+90 18
1757581724467 5.568194885316785e+95 19
1757581724559 1.2059037430683213e+99 20
1757581724649 5.30203804177485e+103 21
1757581724742 9.129173701104037e+108 22
1757581724833 2.0786041050032045e+112 23
1757581724926 3.153203238623153e+116 24
1757581725018 1.0214602454616114e+121 25
1757581725109 2.9129778128964036e+126 26
1757581725201 1.731937675755091e+130 27
1757581725291 1.1656236815714475e+135 28
1757581725382 1.8132903006076888e+139 29
1757581725475 1.3797348733609167e+143 30
1757581725567 4.4683297320003774e+147 31
1757581725660 2.1595511625330067e+151 32
1757581725753 6.16222951720306e+156 33
1757581725843 3.058161192558184e+160 34
1757581725934 1.2650346080018156e+165 35
1757581726027 1.409779238703279e+169 36
1757581726123 1.1696341162147577e+174 37
1757581726215 1.508300621827078e+178 38
1757581726308 6.841237840811377e+182 39
1757581726399 1.8632126513357406e+187 40
1757581726492 1.7139804271146692e+191 41
1757581726585 3.54879916804651e+195 42
1757581726676 8.406179775379986e+199 43
1757581726769 1.7145223927188597e+204 44
1757581726862 3.2097254610748657e+209 45
1757581726952 7.84578940018354e+212 46
1757581727044 8.919001707532853e+219 47
1757581727137 2.9273089795563584e+221 48
1757581727231 8.376480156715237e+226 49
1757581727324 1.767323159113247e+230 50
1757581727417 1.1118671569392886e+235 51
1757581727508 4.535707189494381e+239 52
1757581727599 1.9875420395716032e+243 53
1757581727693 6.301594943014483e+247 54
1757581727785 1.3852234939635018e+253 55
1757581727883 1.8312546780862174e+256 56
1757581727979 3.1302070067374535e+261 57
1757581728075 1.0001546877412311e+265 58
1757581728175 3.871874489550253e+269 59
1757581728274 4.397378029821884e+273 60
1757581728377 1.4190901993739147e+280 61
1757581728471 1.5206703390941761e+283 62
1757581728564 7.050485110344164e+287 63
1757581728655 6.311232382483171e+291 64
1757581728748 6.973161029666112e+295 65
1757581728841 7.713968009945515e+299 66
1757581728933 2.1224895675466705e+304 67
1757581729027 inf 68
