1757561736272 232386266936.58725 0
1757561736786 70425995011.14255 1
1757561737291 1365426362.6901326 2
1757561737799 35818989573.959145 3
1757561738289 5129867928.45999 4
1757561738778 37929466223.9292 5
1757561739298 108583283337.26346 6
1757561739796 79308900450.37225 7
1757561740315 50128327187.26867 8
1757561740825 12368001171.667208 9
1757561741327 58067408793.58296 10
1757561741840 34159105885.3447 11
1757561742362 45784511561.49408 12
1757561742874 4865198428.086049 13
1757561743375 977212820.8809725 14
1757561743876 1274400366.6727397 15
1757561744377 509180976108.0766 16
1757561744880 213151548202.22113 17
1757561745385 75631129270.42923 18
1757561745880 8555375797.448342 19
1757561746396 204217821.65875575 20
1757561746904 8209748133.474613 21
1757561747422 18437846329.199455 22
1757561747934 36309777345.75014 23
1757561748447 69086852354.08833 24
1757561748932 115914513240.05798 25
1757561749419 211654572.32444254 26
1757561749916 455699605.6386953 27
1757561750407 12737261125.210182 28
1757561750895 67013730.142628916 29
1757561751393 191801066452.41995 30
1757561751901 4287643509.4683485 31
1757561752407 616641215245.6605 32
1757561752901 531629.1293987873 33
