1757586275326 1053303384244.8417 0
1757586275398 3134424806752.9165 1
1757586275473 6802562570003629.0 2
1757586275545 2.0644030796081857e+19 3
1757586275613 6.265238159649613e+22 4
1757586275683 1.9014314565405635e+26 5
1757586275770 5.7706371123416105e+29 6
1757586275851 1.7513254326233297e+33 7
1757586275921 5.315081699373699e+36 8
1757586275993 1.6130693327910532e+40 9
1757586276065 4.895489513731423e+43 10
1757586276137 1.4857276802595297e+47 11
1757586276212 4.509021485385333e+50 12
1757586276294 1.3684388482359753e+54 13
1757586276377 4.153062670982975e+57 14
1757586276463 1.2604092299298701e+61 15
1757586276553 3.825204560460923e+64 16
1757586276640 1.1609078688026724e+68 17
1757586276717 3.523228780438276e+71 18
1757586276818 1.0692615127254762e+75 19
1757586276896 3.245092084124466e+78 20
1757586276973 9.848500585797204e+81 21
1757586277052 2.988912526179265e+85 22
1757586277130 9.071023564779716e+88 23
1757586277206 2.752956728980349e+92 24
1757586277299 8.35492345214985e+95 25
1757586277388 2.535628154138774e+99 26
1757586277476 7.695354928005735e+102 27
1757586277545 2.3354562999043427e+106 28
1757586277617 7.087855179899256e+109 29
1757586277687 2.1510867513677053e+113 30
1757586277759 6.52831370628461e+116 31
1757586277837 1.981272016136289e+120 32
1757586277910 6.012944503794072e+123 33
1757586277984 1.824863083475776e+127 34
1757586278055 5.538260450152927e+130 35
1757586278125 1.6808016498041743e+134 36
1757586278195 5.101049709401844e+137 37
1757586278269 1.5481129579341046e+141 38
1757586278344 4.6983539997780374e+144 39
1757586278417 1.425899201611746e+148 40
1757586278492 4.3274485772103726e+151 41
1757586278569 1.3133334507258637e+155 42
1757586278643 3.985823798991045e+158 43
1757586278718 1.2096540560832405e+162 44
1757586278793 3.671168142879371e+165 45
1757586278870 1.1141594958918524e+169 46
1757586278956 3.381352566740162e+172 47
1757586279036 1.0262036290816734e+176 48
1757586279109 3.114416102889993e+179 49
1757586279182 9.451913233458772e+182 50
1757586279274 2.868552589679077e+186 51
1757586279350 8.705744283206281e+189 52
1757586279427 2.642098450531034e+193 53
1757586279501 8.0184806665692e+196 54
1757586279576 2.433521437750409e+200 55
1757586279651 7.385472178889237e+203 56
1757586279727 2.241410264935641e+207 57
1757586279800 6.802435719843776e+210 58
1757586279872 2.0644650578476377e+214 59
1757586279945 6.265426312873312e+217 60
1757586280018 1.901488559122052e+221 61
1757586280093 5.770810412442491e+224 62
1757586280174 1.7513780273140813e+228 63
1757586280251 5.31524131852449e+231 64
1757586280328 1.6131177754626168e+235 65
1757586280400 4.895636531956759e+238 66
1757586280477 1.4857722986876294e+242 67
1757586280557 4.509156897448812e+245 68
1757586280633 1.3684799443205223e+249 69
1757586280709 4.153187393117892e+252 70
1757586280782 1.260447081737675e+256 71
1757586280862 3.8253194365697244e+259 72
1757586280940 1.1609427324489292e+263 73
1757586281033 3.5233345878026376e+266 74
1757586281109 1.0692936241066906e+270 75
1757586281177 3.2451895386645834e+273 76
1757586281253 9.848796349698693e+276 77
1757586281336 2.989002287297949e+280 78
1757586281406 9.071295979986129e+283 79
1757586281475 2.7530394040247092e+287 80
1757586281545 8.35517436189346e+290 81
1757586281635 2.5357043025096925e+294 82
1757586281727 7.695586030007213e+297 83
1757586281817 2.3355264368415387e+301 84
1757586281903 inf 85
1757586281992 inf 86
