1757542267708 292767687468.3806 0
1757542267774 217701701610.83548 1
1757542267839 180724806391.56863 2
1757542267905 185731720218.91437 3
1757542267963 439063054940.22675 4
1757542268028 683048717199.3673 5
1757542268095 646530870049.4194 6
1757542268157 454077694368.1979 7
1757542268218 916701215983.5515 8
1757542268280 535292848084.0465 9
1757542268343 196393879330.28204 10
1757542268404 458020121617.7953 11
1757542268471 122343919069.928 12
1757542268538 266719423288.97208 13
1757542268602 271985480654.0524 14
1757542268666 290795068363.34753 15
1757542268729 162915255296.92792 16
1757542268794 405039525240.7876 17
1757542268859 279455238391.50525 18
1757542268930 252396972624.9823 19
1757542268994 677538874776.0269 20
1757542269070 106586070798.00615 21
1757542269136 271632096928.7014 22
1757542269207 291340697408.4334 23
1757542269277 119105024650.92351 24
1757542269337 401786240526.0356 25
1757542269404 189522205909.4609 26
1757542269475 136638602820.56477 27
1757542269542 283296243549.32556 28
1757542269609 157938726490.16663 29
1757542269675 104579785770.72313 30
1757542269741 282585944229.57385 31
1757542269810 265347984557.1424 32
1757542269876 121287273201.84142 33
1757542269941 218134058092.66718 34
1757542270008 151178670718.3491 35
1757542270080 653549541513.2727 36
1757542270151 317718902971.36346 37
1757542270215 120896911662.55774 38
1757542270280 156240793174.37155 39
1757542270345 320370992018.84937 40
1757542270412 177466392339.86563 41
1757542270478 159136194337.85703 42
1757542270549 164012140012.04843 43
1757542270611 304020425324.65234 44
1757542270678 197247889611.33054 45
1757542270747 120821995251.12299 46
1757542270811 188256409390.2549 47
1757542270880 129995447782.38687 48
1757542270954 440702705260.26776 49
1757542271021 86517038884.14806 50
1757542271086 121496181155.1532 51
1757542271162 181544368896.5393 52
1757542271233 800514834583.8336 53
1757542271301 136838644637.59317 54
1757542271368 242663604697.68088 55
1757542271433 225976130107.17374 56
1757542271499 189640544411.2493 57
1757542271569 191717280288.5985 58
1757542271633 89716574805.61269 59
1757542271696 215827024924.26358 60
1757542271761 428708876648.6656 61
1757542271827 206815460880.28214 62
1757542271890 179824302145.44803 63
1757542271956 181354084852.6351 64
1757542272021 102412770758.7231 65
