1757541774738 18955965104017.875 0
1757541774801 7.392514404179129e+19 1
1757541774866 1.5564843177273679e+22 2
1757541774929 9.287141284920289e+26 3
1757541774999 7.386958234188515e+30 4
1757541775066 5.997787042675605e+35 5
1757541775124 2.5695608752441047e+42 6
1757541775194 7.040658083115004e+45 7
1757541775262 4.3254839754101734e+50 8
1757541775326 3.829309919357324e+56 9
1757541775389 1.4553380235224636e+61 10
1757541775458 1.9785562826366376e+65 11
1757541775534 3.227769308506501e+71 12
1757541775598 1.069707452915256e+77 13
1757541775665 7.724221206694546e+80 14
1757541775734 3.750119043018968e+86 15
1757541775799 6.015996268292582e+90 16
1757541775865 2.7687344219853274e+96 17
1757541775929 7.904074842518246e+98 18
1757541775999 9.071599326739717e+104 19
1757541776061 1.0743764891645876e+110 20
1757541776127 2.004123393937979e+113 21
1757541776195 4.3585304616709323e+120 22
1757541776262 2.7742516559023093e+124 23
1757541776327 6.853181648345497e+130 24
1757541776392 4.3738538427741327e+135 25
1757541776455 1.7689786429148073e+141 26
1757541776526 1.3166256115813157e+146 27
1757541776588 1.481858109335089e+152 28
1757541776650 1.2902286424187994e+156 29
1757541776719 8.071708479635141e+161 30
1757541776782 1.0770614755257958e+168 31
1757541776847 1.6127759383272244e+175 32
1757541776911 7.850946748231532e+178 33
1757541776978 2.198991261044376e+185 34
1757541777045 1.1641286282265467e+192 35
1757541777112 3.2233948938683497e+199 36
1757541777178 9.119421290528594e+204 37
1757541777252 6.790576057549612e+209 38
1757541777321 9.366192847849534e+215 39
1757541777384 1.7663713895323452e+221 40
1757541777447 1.1495759286030858e+224 41
1757541777516 2.4212121095015546e+230 42
1757541777590 1.9964113958261985e+237 43
1757541777651 6.714517997176618e+241 44
1757541777716 1.2237695536786298e+245 45
1757541777782 1.2640079256662335e+251 46
1757541777849 7.985371668054337e+257 47
1757541777913 9.149040671317808e+257 48
1757541777977 1.279346161870684e+260 49
1757541778049 1.1738970888956601e+266 50
1757541778128 1.8252085968368297e+272 51
1757541778188 1.9356645433567407e+278 52
1757541778261 2.376723544747377e+284 53
1757541778321 4.272029207044713e+290 54
1757541778392 7.2860921341741935e+295 55
1757541778455 1.6581244321517594e+301 56
1757541778522 1.3445342471790325e+306 57
1757541778583 inf 58
