1757584940961 1053301732001.2811 0
1757584941026 1053090768631.5494 1
1757584941091 1052879872992.856 2
1757584941171 1052669045058.4341 3
1757584941247 1052458284801.529 4
1757584941312 1052247592195.399 5
1757584941378 1052036967213.3148 6
1757584941441 1051826409828.5585 7
1757584941512 1051615920014.4253 8
1757584941580 1051405497744.2227 9
1757584941644 1051195142991.2703 10
1757584941708 1050984855728.9006 11
1757584941770 1050774635930.4578 12
1757584941834 1050564483569.299 13
1757584941898 1050354398618.7931 14
1757584941965 1050144381052.3214 15
1757584942035 1049934430843.278 16
1757584942099 1049724547965.0687 17
1757584942169 1049514732391.112 18
1757584942231 1049304984094.8387 19
1757584942351 1049095303049.6917 20
1757584942467 1048885689229.126 21
1757584942533 1048676142606.6091 22
1757584942605 1048466663155.6215 23
1757584942686 1048257250849.6542 24
1757584942750 1048047905662.2123 25
1757584942821 1047838627566.8118 26
1757584942899 1047629416536.982 27
1757584942963 1047420272546.2638 28
1757584943035 1047211195568.2103 29
1757584943104 1047002185576.3872 30
1757584943168 1046793242544.3721 31
1757584943229 1046584366445.7551 32
1757584943297 1046375557254.1381 33
1757584943361 1046166814943.1356 34
1757584943422 1045958139486.374 35
1757584943491 1045749530857.4923 36
1757584943558 1045540989030.1414 37
1757584943624 1045332513977.984 38
1757584943695 1045124105674.6957 39
1757584943759 1044915764093.964 40
1757584943829 1044707489209.488 41
1757584943893 1044499280994.98 42
1757584943960 1044291139424.1637 43
1757584944028 1044083064470.7749 44
1757584944090 1043875056108.5623 45
1757584944157 1043667114311.2854 46
1757584944238 1043459239052.7173 47
1757584944309 1043251430306.6422 48
1757584944371 1043043688046.8567 49
1757584944435 1042836012247.1697 50
1757584944502 1042628402881.402 51
1757584944566 1042420859923.3864 52
1757584944627 1042213383346.9678 53
1757584944695 1042005973126.0038 54
1757584944761 1041798629234.363 55
1757584944825 1041591351645.9268 56
1757584944892 1041384140334.5886 57
1757584944958 1041176995274.2537 58
1757584945025 1040969916438.8394 59
1757584945097 1040762903802.2749 60
1757584945161 1040555957338.5023 61
1757584945229 1040349077021.4746 62
1757584945296 1040142262825.1572 63
1757584945359 1039935514723.5281 64
1757584945430 1039728832690.5763 65
1757584945495 1039522216700.3038 66
1757584945562 1039315666726.7241 67
1757584945626 1039109182743.8625 68
1757584945686 1038902764725.7566 69
1757584945748 1038696412646.4559 70
1757584945813 1038490126480.0219 71
1757584945879 1038283906200.5281 72
1757584945945 1038077751782.0598 73
1757584946012 1037871663198.7144 74
1757584946082 1037665640424.6014 75
1757584946151 1037459683433.8417 76
1757584946213 1037253792200.5687 77
1757584946277 1037047966698.9276 78
1757584946342 1036842206903.0753 79
1757584946406 1036636512787.181 80
1757584946469 1036430884325.4253 81
1757584946538 1036225321492.0011 82
1757584946606 1036019824261.1132 83
1757584946673 1035814392606.9778 84
1757584946735 1035609026503.8241 85
1757584946805 1035403725925.8917 86
1757584946869 1035198490847.4333 87
1757584946932 1034993321242.713 88
1757584947000 1034788217086.0067 89
1757584947068 1034583178351.6019 90
1757584947132 1034378205013.7988 91
1757584947198 1034173297046.9089 92
1757584947272 1033968454425.2555 93
1757584947340 1033763677123.1733 94
1757584947411 1033558965115.01 95
1757584947478 1033354318375.1243 96
1757584947546 1033149736877.8866 97
1757584947613 1032945220597.6798 98
1757584947681 1032740769508.8981 99
1757584947746 1032536383585.9474 100
1757584947810 1032332062803.2457 101
1757584947882 1032127807135.2227 102
1757584947950 1031923616556.3198 103
1757584948012 1031719491040.9904 104
1757584948079 1031515430563.6992 105
1757584948143 1031311435098.9233 106
1757584948213 1031107504621.1511 107
1757584948296 1030903639104.8829 108
1757584948368 1030699838524.6309 109
1757584948435 1030496102854.9183 110
1757584948499 1030292432070.2811 111
1757584948567 1030088826145.2662 112
1757584948650 1029885285054.433 113
1757584948716 1029681808772.3516 114
1757584948799 1029478397273.6049 115
1757584948860 1029275050532.7866 116
1757584948934 1029071768524.5027 117
1757584949023 1028868551223.3702 118
1757584949093 1028665398604.019 119
1757584949158 1028462310641.0895 120
1757584949225 1028259287309.2341 121
1757584949297 1028056328583.1172 122
1757584949364 1027853434437.4146 123
1757584949436 1027650604846.8137 124
1757584949520 1027447839786.0137 125
1757584949586 1027245139229.7253 126
1757584949657 1027042503152.6711 127
1757584949729 1026839931529.5851 128
1757584949791 1026637424335.2129 129
1757584949861 1026434981544.3118 130
1757584949930 1026232603131.6509 131
1757584949998 1026030289072.0104 132
1757584950068 1025828039340.1827 133
1757584950129 1025625853910.9714 134
1757584950197 1025423732759.1923 135
1757584950261 1025221675859.6714 136
1757584950329 1025019683187.248 137
1757584950394 1024817754716.7716 138
1757584950462 1024615890423.1041 139
1757584950527 1024414090281.1188 140
1757584950593 1024212354265.7002 141
1757584950660 1024010682351.7448 142
1757584950727 1023809074514.1603 143
1757584950792 1023607530727.8662 144
1757584950859 1023406050967.7932 145
1757584950927 1023204635208.8842 146
1757584950992 1023003283426.0924 147
1757584951063 1022801995594.3842 148
1757584951131 1022600771688.7357 149
1757584951196 1022399611684.1361 150
1757584951263 1022198515555.5848 151
1757584951334 1021997483278.094 152
1757584951402 1021796514826.6859 153
1757584951467 1021595610176.3954 154
1757584951532 1021394769302.2683 155
1757584951600 1021193992179.3619 156
1757584951684 1020993278782.7455 157
1757584951750 1020792629087.4989 158
1757584951818 1020592043068.714 159
1757584951884 1020391520701.4939 160
1757584951949 1020191061960.9537 161
1757584952017 1019990666822.2189 162
1757584952088 1019790335260.4274 163
1757584952157 1019590067250.7278 164
1757584952223 1019389862768.2809 165
1757584952288 1019189721788.258 166
1757584952363 1018989644285.8427 167
1757584952434 1018789630236.2291 168
1757584952502 1018589679614.6237 169
1757584952568 1018389792396.2433 170
1757584952634 1018189968556.3169 171
1757584952703 1017990208070.0846 172
1757584952768 1017790510912.7977 173
1757584952837 1017590877059.7195 174
1757584952905 1017391306486.1237 175
1757584952985 1017191799167.2958 176
1757584953051 1016992355078.5331 177
1757584953121 1016792974195.1437 178
1757584953190 1016593656492.447 179
1757584953257 1016394401945.774 180
1757584953325 1016195210530.4672 181
1757584953388 1015996082221.8796 182
1757584953449 1015797016995.3763 183
1757584953520 1015598014826.3339 184
1757584953585 1015399075690.1392 185
1757584953658 1015200199562.1914 186
1757584953727 1015001386417.9003 187
1757584953797 1014802636232.6873 188
1757584953874 1014603948981.9854 189
1757584953941 1014405324641.2375 190
1757584954009 1014206763185.8999 191
1757584954075 1014008264591.4384 192
1757584954144 1013809828833.3308 193
1757584954214 1013611455887.0659 194
1757584954284 1013413145728.1442 195
1757584954354 1013214898332.0768 196
1757584954422 1013016713674.3862 197
1757584954492 1012818591730.6068 198
1757584954559 1012620532476.2832 199
1757584954632 1012422535886.9717 200
1757584954696 1012224601938.2402 201
1757584954761 1012026730605.6674 202
1757584954828 1011828921864.8427 203
1757584954896 1011631175691.3676 204
1757584954964 1011433492060.8542 205
1757584955032 1011235870948.9266 206
1757584955098 1011038312331.2184 207
1757584955165 1010840816183.3761 208
1757584955236 1010643382481.0569 209
1757584955303 1010446011199.9285 210
1757584955371 1010248702315.67 211
1757584955448 1010051455803.9725 212
1757584955512 1009854271640.5371 213
1757584955580 1009657149801.0769 214
1757584955649 1009460090261.3156 215
1757584955722 1009263092996.988 216
1757584955790 1009066157983.8401 217
1757584955862 1008869285197.6298 218
1757584955932 1008672474614.1248 219
1757584956000 1008475726209.1047 220
1757584956082 1008279039958.3604 221
1757584956148 1008082415837.6927 222
1757584956215 1007885853822.9152 223
1757584956286 1007689353889.8508 224
1757584956359 1007492916014.3353 225
1757584956428 1007296540172.214 226
1757584956503 1007100226339.344 227
1757584956581 1006903974491.5934 228
1757584956651 1006707784604.8414 229
1757584956716 1006511656654.9781 230
1757584956787 1006315590617.9047 231
1757584956852 1006119586469.5332 232
1757584956917 1005923644185.7872 233
1757584956988 1005727763742.601 234
1757584957058 1005531945115.9192 235
1757584957128 1005336188281.6991 236
1757584957195 1005140493215.9076 237
1757584957264 1004944859894.5227 238
1757584957338 1004749288293.5342 239
1757584957405 1004553778388.942 240
1757584957473 1004358330156.758 241
1757584957542 1004162943573.004 242
1757584957615 1003967618613.7133 243
1757584957687 1003772355254.93 244
1757584957757 1003577153472.7097 245
1757584957826 1003382013243.1183 246
1757584957919 1003186934542.2328 247
1757584957991 1002991917346.1415 248
1757584958061 1002796961630.9431 249
1757584958131 1002602067372.7476 250
1757584958206 1002407234547.6759 251
1757584958276 1002212463131.86 252
1757584958352 1002017753101.442 253
1757584958423 1001823104432.576 254
1757584958494 1001628517101.4266 255
1757584958563 1001433991084.1688 256
1757584958635 1001239526356.9894 257
1757584958702 1001045122896.0847 258
1757584958777 1000850780677.664 259
1757584958860 1000656499677.9453 260
1757584958929 1000462279873.1588 261
1757584959010 1000268121239.5454 262
1757584959078 1000074023753.3566 263
1757584959158 999879987390.8544 264
1757584959249 999686012128.3129 265
1757584959317 999492097942.0154 266
1757584959389 999298244808.2573 267
1757584959455 999104452703.3445 268
1757584959519 998910721603.5934 269
1757584959591 998717051485.3318 270
1757584959661 998523442324.8977 271
1757584959732 998329894098.6401 272
1757584959798 998136406782.9194 273
1757584959871 997942980354.106 274
1757584959941 997749614788.5812 275
1757584960015 997556310062.7377 276
1757584960082 997363066152.9785 277
1757584960157 997169883035.7175 278
1757584960226 996976760687.379 279
1757584960309 996783699084.399 280
1757584960385 996590698203.2234 281
1757584960461 996397758020.3092 282
1757584960531 996204878512.1241 283
1757584960601 996012059655.1466 284
1757584960672 995819301425.8657 285
1757584960740 995626603800.7816 286
1757584960810 995433966756.4048 287
1757584960881 995241390269.2568 288
1757584960950 995048874315.8696 289
1757584961019 994856418872.7863 290
1757584961087 994664023916.5602 291
1757584961159 994471689423.7556 292
1757584961232 994279415370.9475 293
1757584961302 994087201734.7217 294
1757584961377 993895048491.6742 295
1757584961444 993702955618.4124 296
1757584961517 993510923091.5537 297
1757584961582 993318950887.7267 298
1757584961655 993127038983.5702 299
1757584961727 992935187355.7341 300
1757584961800 992743395980.8788 301
1757584961867 992551664835.6753 302
1757584961933 992359993896.8052 303
1757584962004 992168383140.9608 304
1757584962073 991976832544.8448 305
1757584962146 991785342085.1714 306
1757584962219 991593911738.6644 307
1757584962299 991402541482.0586 308
1757584962372 991211231292.0996 309
1757584962441 991019981145.5431 310
1757584962510 990828791019.1561 311
1757584962584 990637660889.7157 312
1757584962662 990446590734.01 313
1757584962729 990255580528.837 314
1757584962801 990064630251.0059 315
1757584962873 989873739877.336 316
1757584962950 989682909384.6583 317
1757584963021 989492138749.8126 318
1757584963086 989301427949.6509 319
1757584963160 989110776961.0343 320
1757584963230 988920185760.8357 321
1757584963297 988729654325.938 322
1757584963371 988539182633.2344 323
1757584963443 988348770659.629 324
1757584963509 988158418382.0366 325
1757584963582 987968125777.3821 326
1757584963653 987777892822.6011 327
1757584963725 987587719494.6396 328
1757584963798 987397605770.4541 329
1757584963864 987207551627.012 330
1757584963946 987017557041.2906 331
1757584964019 986827621990.2786 332
1757584964089 986637746450.9736 333
1757584964158 986447930400.3855 334
1757584964232 986258173815.5333 335
1757584964303 986068476673.4474 336
1757584964378 985878838951.1682 337
1757584964451 985689260625.7462 338
1757584964517 985499741674.2434 339
1757584964588 985310282073.7312 340
1757584964657 985120881801.2922 341
1757584964733 984931540834.0187 342
1757584964806 984742259149.0144 343
1757584964875 984553036723.3925 344
1757584964944 984363873534.2769 345
1757584965013 984174769558.8024 346
1757584965086 983985724774.1134 347
1757584965160 983796739157.3657 348
1757584965226 983607812685.7245 349
1757584965292 983418945336.366 350
1757584965362 983230137086.4768 351
1757584965437 983041387913.2532 352
1757584965510 982852697793.9028 353
1757584965579 982664066705.6433 354
1757584965654 982475494625.7024 355
1757584965726 982286981531.3186 356
1757584965796 982098527399.7402 357
1757584965866 981910132208.2268 358
1757584965942 981721795934.0472 359
1757584966013 981533518554.4817 360
1757584966082 981345300046.8198 361
1757584966151 981157140388.3623 362
1757584966225 980969039556.4198 363
1757584966299 980780997528.3132 364
1757584966375 980593014281.3743 365
1757584966444 980405089792.9442 366
1757584966517 980217224040.3754 367
1757584966588 980029417001.0299 368
1757584966660 979841668652.2804 369
1757584966731 979653978971.5096 370
1757584966802 979466347936.1113 371
1757584966870 979278775523.488 372
1757584966942 979091261711.0542 373
1757584967013 978903806476.2336 374
1757584967090 978716409796.4604 375
1757584967164 978529071649.1794 376
1757584967236 978341792011.8453 377
1757584967308 978154570861.9229 378
1757584967375 977967408176.888 379
1757584967450 977780303934.2253 380
1757584967523 977593258111.4314 381
1757584967591 977406270686.0118 382
1757584967670 977219341635.4829 383
1757584967749 977032470937.3713 384
1757584967820 976845658569.2133 385
1757584967895 976658904508.5559 386
1757584967970 976472208732.9565 387
1757584968044 976285571219.9818 388
1757584968114 976098991947.2097 389
1757584968188 975912470892.2275 390
1757584968258 975726008032.6337 391
1757584968330 975539603346.0355 392
1757584968404 975353256810.0516 393
1757584968479 975166968402.3102 394
1757584968550 974980738100.4498 395
1757584968625 974794565882.1194 396
1757584968704 974608451724.9772 397
1757584968781 974422395606.6927 398
1757584968863 974236397504.9451 399
1757584968929 974050457397.4231 400
1757584969016 973864575261.8268 401
1757584969095 973678751075.8654 402
1757584969173 973492984817.2583 403
1757584969255 973307276463.7355 404
1757584969336 973121625993.0371 405
1757584969425 972936033382.913 406
1757584969495 972750498611.1229 407
1757584969567 972565021655.4374 408
1757584969643 972379602493.6368 409
1757584969720 972194241103.5112 410
1757584969792 972008937462.8612 411
1757584969865 971823691549.4973 412
1757584969942 971638503341.2402 413
1757584970013 971453372815.9205 414
1757584970082 971268299951.379 415
1757584970155 971083284725.4663 416
1757584970222 970898327116.0435 417
1757584970298 970713427100.9813 418
1757584970367 970528584658.1605 419
1757584970442 970343799765.4725 420
1757584970513 970159072400.818 421
1757584970579 969974402542.108 422
1757584970653 969789790167.2637 423
1757584970724 969605235254.2158 424
1757584970797 969420737780.906 425
1757584970868 969236297725.2852 426
1757584970940 969051915065.314 427
1757584971010 968867589778.9637 428
1757584971090 968683321844.2158 429
1757584971161 968499111239.0609 430
1757584971231 968314957941.5001 431
1757584971307 968130861929.5446 432
1757584971392 967946823181.2152 433
1757584971470 967762841674.543 434
1757584971546 967578917387.5688 435
1757584971616 967395050298.3435 436
1757584971690 967211240384.928 437
1757584971762 967027487625.393 438
1757584971832 966843791997.8191 439
1757584971908 966660153480.2971 440
1757584971978 966476572050.9275 441
1757584972048 966293047687.8209 442
1757584972117 966109580369.0974 443
1757584972197 965926170072.8882 444
1757584972266 965742816777.3324 445
1757584972341 965559520460.5809 446
1757584972414 965376281100.7933 447
1757584972492 965193098676.1401 448
1757584972566 965009973164.8009 449
1757584972641 964826904544.9653 450
1757584972712 964643892794.8329 451
1757584972782 964460937892.6134 452
1757584972852 964278039816.5261 453
1757584972924 964095198544.8 454
1757584972995 963912414055.6746 455
1757584973069 963729686327.3986 456
1757584973144 963547015338.2308 457
1757584973215 963364401066.44 458
1757584973284 963181843490.3043 459
1757584973352 962999342588.1124 460
1757584973419 962816898338.1624 461
1757584973492 962634510718.7618 462
1757584973575 962452179708.2294 463
1757584973696 962269905284.8918 464
1757584973780 962087687427.0873 465
1757584973859 961905526113.1626 466
1757584973939 961723421321.4746 467
1757584974011 961541373030.3905 468
1757584974084 961359381218.287 469
1757584974157 961177445863.5502 470
1757584974235 960995566944.5765 471
1757584974308 960813744439.7717 472
1757584974380 960631978327.552 473
1757584974452 960450268586.3423 474
1757584974525 960268615194.5785 475
1757584974602 960087018130.7052 476
1757584974671 959905477373.1772 477
1757584974746 959723992900.4591 478
1757584974822 959542564691.0256 479
1757584974890 959361192723.3602 480
1757584974962 959179876975.9568 481
1757584975032 958998617427.319 482
1757584975110 958817414055.96 483
1757584975188 958636266840.4025 484
1757584975259 958455175759.1794 485
1757584975331 958274140790.8329 486
1757584975406 958093161913.9153 487
1757584975481 957912239106.988 488
1757584975554 957731372348.6226 489
1757584975628 957550561617.4004 490
1757584975698 957369806891.9119 491
1757584975780 957189108150.758 492
1757584975855 957008465372.5486 493
1757584975925 956827878535.9034 494
1757584975995 956647347619.4526 495
1757584976072 956466872601.8346 496
1757584976144 956286453461.6986 497
1757584976223 956106090177.7029 498
1757584976300 955925782728.516 499
