1757533229977 7437558365441.393 0
1757533230458 6.529940890221104e+16 1
1757533230941 6.40264666460624e+19 2
1757533231425 4.243442483163833e+22 3
1757533231938 7.71420654670168e+25 4
1757533232440 2.9808266051146065e+28 5
1757533232932 9.660721170346354e+30 6
1757533233413 2.5074249593770823e+33 7
1757533233898 5.84731685654432e+37 8
1757533234392 5.063726165623009e+38 9
1757533235147 3.901143276997618e+44 10
1757533235658 8.238750730072892e+47 11
1757533236135 3.322159836115575e+51 12
1757533236613 5.9623125965311e+49 13
1757533237088 2.133168184005617e+53 14
1757533237558 2.0605183669135075e+61 15
1757533238041 7.371872706147727e+61 16
1757533238506 2.0940652007800906e+65 17
1757533238971 4.292051029721584e+63 18
1757533239467 1.134767152786578e+67 19
1757533239959 4.351997233504802e+70 20
1757533240435 1.4565260374045873e+74 21
1757533240913 4.670999480331308e+76 22
1757533241386 4.726264198350654e+79 23
1757533241878 5.174737599190361e+79 24
1757533242363 6.368356886195525e+82 25
1757533242857 6.587827176891779e+86 26
1757533243339 8.389258360054859e+88 27
1757533243832 5.99862771370883e+93 28
1757533244329 6.8230047040361965e+97 29
1757533244821 7.596179432849435e+101 30
1757533245324 1.2905296398528845e+105 31
1757533245824 2.299763958692715e+108 32
1757533246347 1.1919319201189132e+111 33
1757533246825 2.227373035050812e+113 34
1757533247294 2.8683733808526684e+116 35
1757533247781 1.7506862873588588e+119 36
1757533248268 6.120713045130924e+123 37
1757533248758 1.7636380395506724e+127 38
1757533249240 1.5453438434371343e+128 39
1757533249730 1.6107855014215833e+129 40
1757533250230 4.096518208531443e+133 41
1757533250720 3.7507449223267574e+135 42
1757533251209 1.134903882651683e+139 43
1757533251735 9.944630666882274e+141 44
1757533252211 2.291601937873431e+142 45
1757533252709 1.3098168241033796e+149 46
1757533253209 3.966090440313067e+150 47
1757533253722 1.5230705456165737e+155 48
1757533254215 7.843653334375322e+159 49
1757533254688 1.2294488619120197e+162 50
1757533255188 4.22008823522322e+163 51
1757533255678 3.717991283200286e+166 52
1757533256165 1.3940053921605098e+169 53
1757533256650 2.930060095048447e+170 54
1757533257123 2.4277066859815877e+176 55
1757533257614 1.472567450138088e+179 56
1757533258083 6.250021576867388e+179 57
1757533258593 1.0358246425279412e+183 58
1757533259079 1.7743948480914026e+184 59
1757533259562 2.3739627572437944e+188 60
1757533260048 2.029769847453724e+194 61
1757533260536 1.107580464148844e+196 62
1757533261004 3.1512797465844813e+196 63
1757533261471 1.7718716514384218e+201 64
1757533261961 1.518383707554411e+206 65
1757533262446 1.1851649962023552e+210 66
1757533262920 2.3866905305612086e+211 67
1757533263406 1.917539935230547e+213 68
1757533263893 4.063333652507863e+213 69
1757533264389 5.816995810978103e+220 70
1757533264872 1.4856978797132187e+220 71
1757533265353 7.710953237761856e+222 72
1757533265904 1.2590765308409243e+227 73
1757533266454 2.648199907158424e+228 74
1757533266954 9.98263107445844e+226 75
1757533267441 1.0897323738417476e+232 76
1757533267907 1.863156100686532e+237 77
1757533268401 5.553441735441809e+239 78
1757533268877 3.23445851066779e+241 79
1757533269364 1.635430495776996e+245 80
1757533269827 1.7075721909947854e+249 81
1757533270304 3.7907299920887923e+251 82
1757533270777 4.865573218677902e+252 83
1757533271266 5.0150382205488554e+256 84
1757533271752 2.928266225209726e+257 85
1757533272231 4.471844479119925e+259 86
1757533272698 2.4337844673682123e+263 87
1757533273191 8.418913598778453e+265 88
1757533273682 6.769638809214231e+266 89
1757533274162 2.9942511587936997e+270 90
1757533274636 1.0244357772471488e+272 91
1757533275120 5.98933556197655e+271 92
1757533275599 1.1380915650075062e+276 93
1757533276067 2.674146634209318e+276 94
1757533276549 1.701898411217184e+277 95
1757533277037 1.706873022999741e+281 96
1757533277516 6.770165608127411e+284 97
1757533277984 2.2407388564233334e+284 98
1757533278480 4.440208170965103e+285 99
1757533278960 1.6819539343377957e+289 100
1757533279454 3.03949161831702e+291 101
1757533279928 6.080830477278028e+290 102
1757533280410 1.049104016988271e+296 103
1757533280899 6.545989692567916e+296 104
1757533281371 3.536209292493839e+302 105
1757533281851 1.3638861093494854e+301 106
1757533282361 1.2354413530540127e+307 107
