1757556092508 1019578794230.9694 0
1757556092566 992841162433.9773 1
1757556092624 967695845154.5118 2
1757556092687 943573504107.5945 3
1757556092749 920371747726.4509 4
1757556092815 898046261337.55 5
1757556092887 876561091123.1533 6
1757556092962 855882551552.4791 7
1757556093025 835978433415.066 8
1757556093096 816817857837.8785 9
1757556093170 798371210827.2744 10
1757556093236 780610089586.836 11
1757556093297 763507252173.7646 12
1757556093356 747036569389.3915 13
1757556093415 731172978693.077 14
1757556093475 715892440040.5331 15
1757556093537 701171893564.2592 16
1757556093596 686989219018.7496 17
1757556093695 673323196916.5688 18
1757556093776 660153471284.504 19
1757556093842 647460513971.9833 20
1757556093906 635225590446.7902 21
1757556093964 623430727017.6791 22
1757556094026 612058679415.2343 23
1757556094097 601092902691.4125 24
1757556094155 590517522365.9954 25
1757556094216 580317306775.7352 26
1757556094278 570477640574.3739 27
1757556094337 560984499335.4017 28
1757556094395 551824425211.4398 29
1757556094457 542984503606.06433 30
1757556094520 534452340815.74335 31
1757556094582 526216042601.3302 32
1757556094644 518264193662.6413 33
1757556094701 510585837918.2528 34
1757556094760 503170459673.46594 35
1757556094822 496007965526.44214 36
1757556094879 489088667036.2236 37
1757556094941 482403264110.2857 38
1757556095004 475942829081.5699 39
1757556095062 469698791446.20355 40
1757556095129 463662923234.32086 41
1757556095187 457827324987.5506 42
1757556095251 452184412317.8501 43
1757556095314 446726903023.4206 44
1757556095370 441447804738.4561 45
1757556095429 436340403094.4551 46
1757556095490 431398250371.7509 47
1757556095558 426615154620.8172 48
1757556095617 421985169233.75525 49
1757556095676 417502582947.19385 50
1757556095738 413161910258.61566 51
1757556095796 408957882238.8791 52
1757556095858 404885437724.4248 53
1757556095918 400939714873.346 54
1757556095979 397116043070.1662 55
1757556096041 393409935164.799 56
1757556096101 389817080031.777 57
1757556096161 386333335436.4123 58
1757556096224 382954721195.1156 59
1757556096283 379677412617.631 60
1757556096342 376497734219.4567 61
1757556096402 373412153693.21326 62
1757556096485 370417276128.18835 63
1757556096547 367509838467.7415 64
1757556096608 364686704194.67914 65
1757556096666 361944858235.1252 66
1757556096756 359281402097.1499 67
1757556096820 356693549109.81616 68
1757556096883 354178620017.44293 69
1757556096945 351734038604.4849 70
1757556097006 349357327604.3003 71
1757556097068 347046104722.5091 72
1757556097133 344798078836.3071 73
1757556097199 342611046349.42566 74
1757556097262 340482887696.28217 75
1757556097321 338411563989.13794 76
1757556097381 336395113802.33777 77
1757556097441 334431650087.9513 78
1757556097501 332519357217.37573 79
1757556097563 330656488143.6845 80
1757556097626 328841361679.7236 81
1757556097688 327072359887.16833 82
1757556097747 325347925571.9501 83
1757556097808 323666559881.65485 84
1757556097873 322026820000.6794 85
1757556097932 320427316939.10583 86
1757556097992 318866713411.4238 87
1757556098052 317343721801.3899 88
1757556098116 315857102209.47015 89
1757556098181 314405660579.4585 90
1757556098245 312988246901.0047 91
1757556098308 311603753484.9234 92
1757556098370 310251113308.2857 93
1757556098431 308929298426.41675 94
1757556098491 307637318449.0469 95
1757556098553 306374219077.97345 96
1757556098620 305139080703.70685 97
1757556098681 303931017058.6693 98
1757556098743 302749173924.6284 99
1757556098805 301592727892.13214 100
1757556098866 300460885169.81354 101
1757556098931 299352880441.51544 102
1757556098993 298267975769.2754 103
1757556099056 297205459540.29 104
1757556099116 296164645456.05475 105
1757556099210 295144871561.95416 106
1757556099272 294145499315.64386 107
1757556099337 293165912692.63916 108
1757556099403 292205517327.5868 109
1757556099464 291263739694.3044 110
1757556099525 290340026300.8112 111
1757556099589 289433842942.10187 112
1757556099652 288544673965.95197 113
1757556099721 287672021571.9043 114
1757556099808 286815405138.044 115
1757556099872 285974360574.4326 116
1757556099936 285148439702.1154 117
1757556099996 284337209656.6615 118
1757556100058 283540252315.23975 119
1757556100120 282757163746.2747 120
1757556100182 281987553680.7655 121
1757556100244 281231045004.3887 122
1757556100306 280487273269.54407 123
1757556100371 279755886226.5327 124
1757556100433 279036543373.0966 125
1757556100494 278328915521.57367 126
1757556100585 277632684382.9581 127
1757556100648 276947542167.1837 128
1757556100711 276273191198.9733 129
1757556100774 275609343548.62994 130
1757556100833 274955720677.1642 131
1757556100897 274312053095.18405 132
1757556100963 273678080034.99106 133
1757556101023 273053549135.35364 134
1757556101086 272438216138.44806 135
1757556101146 271831844598.47894 136
1757556101207 271234205601.51202 137
1757556101273 270645077496.06808 138
1757556101334 270064245634.05093 139
1757556101397 269491502121.59326 140
1757556101458 268926645579.42627 141
1757556101524 268369480912.39297 142
1757556101587 267819819087.7402 143
1757556101650 267277476921.8406 144
1757556101713 266742276875.00925 145
1757556101775 266214046854.09314 146
1757556101837 265692620022.52557 147
1757556101898 265177834617.54953 148
1757556101989 264669533774.32568 149
1757556102050 264167565356.65387 150
1757556102114 263671781794.04578 151
1757556102182 263182039924.89923 152
1757556102247 262698200845.53278 153
1757556102311 262220129764.85107 154
1757556102374 261747695864.41837 155
1757556102437 261280772163.72952 156
1757556102499 260819235390.4729 157
1757556102560 260362965855.59143 158
1757556102624 259911847332.95328 159
1757556102688 259465766943.4522 160
1757556102750 259024615043.3654 161
1757556102837 258588285116.80234 162
1757556102917 258156673672.08633 163
1757556102985 257729680141.91537 164
1757556103055 257307206787.15643 165
1757556103135 256889158604.13202 166
1757556103207 256475443235.264 167
1757556103274 256065970882.9463 168
1757556103347 255660654226.5198 169
1757556103420 255259408363.4418 170
1757556103482 254862150668.13785 171
1757556103541 254468800781.91565 172
1757556103604 254079280519.6514 173
1757556103665 253693513800.58484 174
1757556103736 253311426581.56973 175
1757556103817 252932946792.68546 176
1757556103882 252558004275.1208 177
1757556103946 252186530721.243 178
1757556104009 251818459616.7699 179
1757556104072 251453726184.96503 180
1757556104133 251092267332.78006 181
1757556104200 250734021598.8706 182
1757556104263 250378929103.41476 183
1757556104325 250026931499.66818 184
1757556104387 249677971927.18848 185
1757556104449 249331994966.66852 186
1757556104513 248988946596.31744 187
1757556104576 248648774149.73227 188
1757556104639 248311426275.20435 189
1757556104714 247976852896.4083 190
1757556104778 247645005174.42096 191
1757556104839 247315835471.0228 192
1757556104902 246989297313.2333 193
1757556104965 246665345359.03564 194
1757556105029 246343935364.24686 195
1757556105092 246025024150.49188 196
1757556105156 245708569574.2406 197
1757556105222 245394530496.8697 198
1757556105283 245082866755.71204 199
1757556105344 244773539136.05774 200
1757556105405 244466509344.07208 201
1757556105467 244161739980.59814 202
1757556105529 243859194515.81168 203
1757556105592 243558837264.69736 204
1757556105653 243260633363.31818 205
1757556105716 242964548745.84836 206
1757556105777 242670550122.34317 207
1757556105839 242378604957.2201 208
1757556105904 242088681448.42487 209
1757556105972 241800748507.25906 210
1757556106062 241514775738.84622 211
1757556106128 241230733423.2129 212
1757556106195 240948592496.96408 213
1757556106260 240668324535.53244 214
1757556106324 240389901735.97986 215
1757556106386 240113296900.3342 216
1757556106448 239838483419.44107 217
1757556106511 239565435257.31354 218
1757556106572 239294126935.96243 219
1757556106636 239024533520.69135 220
1757556106697 238756630605.83902 221
1757556106760 238490394300.9557 222
1757556106825 238225801217.39706 223
1757556106888 237962828455.32227 224
1757556106954 237701453591.083 225
1757556107018 237441654664.98898 226
1757556107079 237183410169.43854 227
1757556107143 236926699037.40137 228
1757556107208 236671500631.24185 229
1757556107272 236417794731.8718 230
1757556107334 236165561528.22116 231
1757556107427 235914781607.01703 232
1757556107488 235665435942.85968 233
1757556107550 235417505888.58716 234
1757556107611 235170973165.91757 235
1757556107674 234925819856.3614 236
1757556107739 234682028395.9875 237
1757556107799 234439581556.0897 238
1757556107867 234198462445.58954 239
1757556107932 233958654499.3718 240
1757556107997 233720141470.41763 241
1757556108062 233482907422.15958 242
1757556108136 233246936721.05 243
1757556108203 233012214029.33752 244
1757556108270 232778724298.04398 245
1757556108332 232546452760.13596 246
1757556108395 232315384923.88452 247
1757556108460 232085506566.40778 248
1757556108525 231856803727.3897 249
1757556108588 231629262702.97086 250
1757556108652 231402870039.80435 251
1757556108717 231177612529.27347 252
1757556108781 230953477201.86435 253
1757556108847 230730451321.69046 254
1757556108909 230508522381.16315 255
1757556108975 230287678095.80444 256
1757556109039 230067906399.1974 257
1757556109102 229849195438.07025 258
1757556109186 229631533567.5099 259
1757556109259 229414909346.30106 260
1757556109323 229199311532.3877 261
1757556109386 228984729078.45172 262
1757556109451 228771151127.60794 263
1757556109515 228558567009.20917 264
1757556109580 228346966234.7596 265
1757556109644 228136338493.93387 266
1757556109708 227926673650.6968 267
1757556109773 227717961739.52316 268
1757556109839 227510192961.71243 269
1757556109910 227303357681.79758 270
1757556109975 227097446424.04395 271
1757556110042 226892449869.03613 272
1757556110138 226688358850.35043 273
1757556110204 226485164351.31012 274
1757556110273 226282857501.8214 275
1757556110346 226081429575.28796 276
1757556110410 225880871985.60114 277
1757556110477 225681176284.20453 278
1757556110541 225482334157.23044 279
1757556110608 225284337422.70602 280
1757556110676 225087178027.82794 281
1757556110740 224890848046.30234 282
1757556110801 224695339675.74966 283
1757556110863 224500645235.17212 284
1757556110930 224306757162.4811 285
1757556110996 224113668012.0849 286
1757556111061 223921370452.53278 287
1757556111122 223729857264.21597 288
1757556111183 223539121337.12244 289
1757556111252 223349155668.64514 290
1757556111316 223159953361.4416 291
1757556111378 222971507621.34344 292
1757556111473 222783811755.3153 293
1757556111539 222596859169.46097 294
1757556111605 222410643367.07587 295
1757556111670 222225157946.7446 296
1757556111734 222040396600.4823 297
1757556111798 221856353111.91904 298
1757556111865 221673021354.52567 299
1757556111931 221490395289.87994 300
1757556111997 221308468965.97263 301
1757556112061 221127236515.55173 302
1757556112125 220946692154.50433 303
1757556112189 220766830180.27505 304
1757556112256 220587644970.3198 305
1757556112320 220409130980.59448 306
1757556112384 220231282744.07742 307
1757556112447 220054094869.3248 308
1757556112542 219877562062.4978 309
1757556112610 219701679055.4703 310
1757556112677 219526440675.1822 311
1757556112743 219351841818.68558 312
1757556112809 219177877451.8531 313
1757556112897 219004542608.11398 314
1757556112968 218831832387.2183 315
1757556113034 218659741954.02744 316
1757556113102 218488266537.33148 317
1757556113165 218317401428.69174 318
1757556113236 218147141981.3085 319
1757556113318 217977483608.913 320
1757556113393 217808421784.68332 321
1757556113461 217639952040.18326 322
1757556113534 217472069964.32413 323
1757556113607 217304771202.3481 324
1757556113674 217138051454.83417 325
1757556113739 216971906476.72388 326
1757556113804 216806332076.36832 327
1757556113872 216641324114.59537 328
1757556113942 216476878503.79572 329
1757556114021 216312991207.02884 330
1757556114090 216149658237.14688 331
1757556114160 215986875655.93765 332
1757556114256 215824639573.28442 333
1757556114330 215662946146.34363 334
1757556114402 215501791578.73978 335
1757556114470 215341172119.77618 336
1757556114534 215181084063.66284 337
1757556114598 215021523748.759 338
1757556114666 214862487556.83228 339
1757556114737 214703971912.3322 340
1757556114801 214545973281.6785 341
1757556114867 214388488172.56406 342
1757556114931 214231513133.272 343
1757556114999 214075044752.00604 344
1757556115072 213919079656.23492 345
1757556115135 213763614512.04935 346
1757556115199 213608646023.53235 347
1757556115268 213454170932.1417 348
1757556115332 213300186016.10492 349
1757556115397 213146688089.82608 350
1757556115463 212993674003.3046 351
1757556115526 212841140641.5649 352
1757556115593 212689084924.09805 353
1757556115656 212537503804.31372 354
1757556115721 212386394269.00333 355
1757556115788 212235753337.8132 356
1757556115873 212085578062.7283 357
1757556115949 211935865527.56586 358
1757556116018 211786612847.47882 359
1757556116085 211637817168.46863 360
1757556116149 211489475666.90817 361
1757556116218 211341585549.07257 362
1757556116286 211194144050.68027 363
1757556116349 211047148436.44208 364
1757556116413 210900595999.619 365
1757556116478 210754484061.5885 366
1757556116542 210608809971.419 367
1757556116606 210463571105.45242 368
1757556116672 210318764866.8943 369
1757556116736 210174388685.41208 370
1757556116803 210030440040.97458 371
1757556116870 209886916390.62994 372
1757556116952 209743815241.09418 373
1757556117018 209601134124.01086 374
1757556117084 209458870595.58548 375
1757556117148 209317022236.22617 376
1757556117214 209175586650.1912 377
1757556117281 209034561465.24298 378
1757556117347 208893944332.3084 379
1757556117414 208753732925.14536 380
1757556117477 208613924940.01523 381
1757556117542 208474518095.36154 382
1757556117606 208335510131.49432 383
1757556117671 208196898810.28027 384
1757556117737 208058681914.8381 385
1757556117801 207920857249.24014 386
1757556117866 207783422638.2185 387
1757556117931 207646375926.8769 388
1757556117996 207509714980.4077 389
1757556118064 207373437683.81366 390
1757556118131 207237541941.63474 391
1757556118194 207102025677.68005 392
1757556118261 206966886834.76404 393
1757556118328 206832123374.4476 394
1757556118393 206697733276.78357 395
1757556118458 206563714540.06708 396
1757556118525 206430065180.58954 397
1757556118591 206296783232.39755 398
1757556118656 206163866747.0558 399
1757556118723 206031313793.41373 400
1757556118789 205899122457.37686 401
1757556118855 205767290841.68143 402
1757556118921 205635817065.67328 403
1757556118987 205504699265.0903 404
1757556119054 205373935591.8488 405
1757556119145 205243524213.83328 406
1757556119228 205113463314.69 407
1757556119300 204983751093.62372 408
1757556119367 204854385765.1982 409
1757556119434 204725365559.13986 410
1757556119502 204596688720.14468 411
1757556119569 204468353507.6886 412
1757556119662 204340358195.8407 413
1757556119729 204212701073.0798 414
1757556119795 204085380442.11386 415
1757556119862 203958394619.70255 416
1757556119929 203831741936.4825 417
1757556119995 203705420736.79584 418
1757556120070 203579429378.521 419
1757556120140 203453766232.90665 420
1757556120209 203328429684.4082 421
1757556120275 203203418130.52704 422
1757556120342 203078729981.6522 423
1757556120407 202954363660.90485 424
1757556120471 202830317603.98477 425
1757556120539 202706590259.02014 426
1757556120604 202583180086.41867 427
1757556120689 202460085558.72208 428
1757556120762 202337305160.46207 429
1757556120834 202214837388.01932 430
1757556120903 202092680749.48404 431
1757556120969 201970833764.51913 432
1757556121064 201849294964.22534 433
1757556121144 201728062891.0086 434
1757556121217 201607136098.44928 435
1757556121291 201486513151.17352 436
1757556121362 201366192624.72687 437
1757556121429 201246173105.44934 438
1757556121496 201126453190.35263 439
1757556121569 201007031486.99954 440
1757556121643 200887906613.3844 441
1757556121717 200769077197.81647 442
1757556121789 200650541878.80405 443
1757556121866 200532299304.94077 444
1757556121939 200414348134.794 445
1757556122014 200296687036.79413 446
1757556122089 200179314689.12598 447
1757556122166 200062229779.62195 448
1757556122263 199945431005.65656 449
1757556122405 199828917074.04224 450
1757556122522 199712686700.92752 451
1757556122652 199596738611.69568 452
1757556122762 199481071540.8657 453
1757556122875 199365684231.99432 454
1757556122981 199250575437.57953 455
1757556123086 199135743918.96548 456
1757556123192 199021188446.24887 457
1757556123299 198906907798.18646 458
1757556123400 198792900762.10425 459
1757556123520 198679166133.80774 460
1757556123630 198565702717.49332 461
1757556123738 198452509325.66132 462
1757556123853 198339584779.0301 463
1757556123948 198226927906.45123 464
1757556124048 198114537544.82602 465
1757556124145 198002412539.0231 466
1757556124287 197890551741.79752 467
1757556124383 197778954013.71036 468
1757556124478 197667618223.05002 469
1757556124570 197556543245.75436 470
1757556124670 197445727965.3339 471
1757556124761 197335171272.796 472
1757556124852 197224872066.5704 473
1757556124949 197114829252.43564 474
1757556125041 197005041743.44608 475
1757556125158 196895508459.86057 476
1757556125257 196786228329.07162 477
1757556125352 196677200285.53577 478
1757556125550 196568423270.7048 479
1757556125634 196459896232.9577 480
1757556125713 196351618127.53397 481
1757556125783 196243587916.46744 482
1757556125852 196135804568.52094 483
1757556125919 196028267059.12228 484
1757556125986 195920974370.3006 485
1757556126053 195813925490.62372 486
1757556126122 195707119415.1363 487
1757556126189 195600555145.29895 488
1757556126260 195494231688.92795 489
1757556126332 195388148060.13574 490
1757556126403 195282303279.27243 491
1757556126473 195176696372.86758 492
1757556126540 195071326373.5735 493
1757556126611 194966192320.10812 494
1757556126681 194861293257.2001 495
1757556126749 194756628235.5331 496
1757556126814 194652196311.69193 497
1757556126882 194547996548.1086 498
1757556126949 194444028013.0096 499
