1757582979001 1064044748402.8925 0
1757582979061 823653826788.9973 1
1757582979120 663756223460.3999 2
1757582979180 553956674260.7047 3
1757582979247 477293503375.6799 4
1757582979306 422791269009.7727 5
1757582979364 383286817500.72955 6
1757582979426 354066240679.41626 7
1757582979485 331997782973.97986 8
1757582979543 314978329928.7731 9
1757582979602 301578628652.65027 10
1757582979663 290814764599.4942 11
1757582979722 282000092936.65875 12
1757582979780 274648627878.93988 13
1757582979840 268411491891.52295 14
1757582979899 263034719469.91403 15
1757582979959 258330943383.3301 16
1757582980018 254160174068.4843 17
1757582980078 250416587283.0014 18
1757582980137 247019321248.9721 19
1757582980198 243905979195.0822 20
1757582980279 241027979514.01135 21
1757582980343 238347184039.79987 22
1757582980406 235833422363.829 23
1757582980468 233462652865.0461 24
1757582980528 231215582239.599 25
1757582980588 229076619439.86902 26
1757582980650 227033076451.35858 27
1757582980708 225074553273.42953 28
1757582980770 223192461718.6222 29
1757582980829 221379654735.5314 30
1757582980889 219630136549.3718 31
1757582980948 217938835097.56158 32
1757582981007 216301422745.68954 33
1757582981068 214714174595.19635 34
1757582981128 213173856174.71133 35
1757582981188 211677634175.1463 36
1757582981248 210223005307.6047 37
1757582981312 208807739448.88348 38
1757582981372 207429834075.31134 39
1757582981436 206087477632.73392 40
1757582981499 204779019993.52377 41
1757582981558 203502948544.03314 42
1757582981622 202257868753.1398 43
1757582981688 201042488313.5888 44
1757582981748 199855604137.36432 45
1757582981808 198696091635.5954 46
1757582981867 197562895831.23285 47
1757582981926 196455023945.7106 48
1757582981986 195371539174.30405 49
1757582982044 194311555423.05966 50
1757582982104 193274232826.23276 51
1757582982164 192258773899.68167 52
1757582982225 191264420214.6312 53
1757582982286 190290449499.21335 54
1757582982347 189336173093.4671 55
1757582982406 188400933698.01077 56
1757582982465 187484103368.17218 57
1757582982524 186585081714.58075 58
1757582982585 185703294278.5862 59
1757582982645 184838191056.745 60
1757582982705 183989245153.3222 61
1757582982766 183155951543.52676 62
1757582982829 182337825933.22693 63
1757582982888 181534403703.33096 64
1757582982949 180745238928.98413 65
1757582983008 179969903465.3254 66
1757582983067 179207986092.83795 67
1757582983127 178459091716.3788 68
1757582983187 177722840612.83273 69
1757582983260 176998867723.0406 70
1757582983321 176286821984.23346 71
1757582983382 175586365699.68524 72
1757582983441 174897173942.6972 73
1757582983501 174218933992.36453 74
1757582983561 173551344798.85504 75
1757582983622 172894116476.1729 76
1757582983684 172246969820.58102 77
1757582983745 171609635853.03275 78
1757582983804 170981855384.11353 79
1757582983866 170363378600.12558 80
1757582983926 169753964669.06076 81
1757582983988 169153381365.3118 82
1757582984049 168561404712.05652 83
1757582984111 167977818640.33307 84
1757582984173 167402414663.89243 85
1757582984233 166834991568.98047 86
1757582984294 166275355118.25726 87
1757582984354 165723317768.1151 88
1757582984413 165178698398.70435 89
1757582984473 164641322056.01834 90
1757582984532 164111019705.43036 91
1757582984592 163587627996.1101 92
1757582984652 163070989035.78384 93
1757582984712 162560950175.33008 94
1757582984772 162057363802.7352 95
1757582984832 161560087145.95752 96
1757582984893 161068982084.27524 97
1757582984957 160583914967.7159 98
1757582985023 160104756444.18707 99
1757582985084 159631381293.9488 100
1757582985144 159163668271.0865 101
1757582985205 158701499951.66208 102
1757582985268 158244762588.23575 103
1757582985330 157793345970.46967 104
1757582985392 157347143291.53644 105
1757582985454 156906051020.071 106
1757582985516 156469968777.41757 107
1757582985577 156038799219.93466 108
1757582985639 155612447926.1335 109
1757582985700 155190823288.43686 110
1757582985760 154773836409.35345 111
1757582985825 154361401001.8755 112
1757582985890 153953433293.9148 113
1757582985954 153549851936.60117 114
1757582986015 153150577916.27655 115
1757582986075 152755534470.02512 116
1757582986136 152364647004.58755 117
1757582986195 151977843018.51404 118
1757582986258 151595052027.41812 119
1757582986334 151216205492.19974 120
1757582986397 150841236750.11087 121
1757582986457 150470080948.544 122
1757582986518 150102674981.42905 123
1757582986578 149738957428.1283 124
1757582986639 149378868494.7255 125
1757582986700 149022349957.60883 126
1757582986762 148669345109.25208 127
1757582986823 148319798706.1029 128
1757582986883 147973656918.49103 129
1757582986944 147630867282.47226 130
1757582987005 147291378653.52975 131
1757582987066 146955141162.0547 132
1757582987128 146622106170.53464 133
1757582987191 146292226232.37936 134
1757582987254 145965455052.31668 135
1757582987315 145641747448.29532 136
1757582987375 145321059314.83304 137
1757582987437 145003347587.75165 138
1757582987498 144688570210.24252 139
1757582987559 144376686100.20932 140
1757582987621 144067655118.8363 141
1757582987682 143761438040.33298 142
1757582987744 143457996522.80783 143
1757582987805 143157293080.2261 144
1757582987867 142859291055.40836 145
1757582987929 142563954594.0283 146
1757582987990 142271248619.56967 147
1757582988052 141981138809.20526 148
1757582988113 141693591570.5602 149
1757582988174 141408574019.32562 150
1757582988237 141126053957.68802 151
1757582988298 140845999853.544 152
1757582988360 140568380820.46716 153
1757582988422 140293166598.3995 154
1757582988485 140020327535.0386 155
1757582988546 139749834567.89224 156
1757582988607 139481659206.97617 157
1757582988670 139215773518.12863 158
1757582988731 138952150106.91824 159
1757582988795 138690762103.12228 160
1757582988858 138431583145.75305 161
1757582988919 138174587368.61133 162
1757582988982 137919749386.34634 163
1757582989045 137667044281.00345 164
1757582989106 137416447589.03961 165
1757582989168 137167935288.78986 166
1757582989232 136921483788.3671 167
1757582989295 136677069913.9785 168
1757582989366 136434670898.64282 169
1757582989433 136194264371.2935 170
1757582989498 135955828346.25246 171
1757582989560 135719341213.06133 172
1757582989621 135484781726.65584 173
1757582989683 135252128997.87079 174
1757582989744 135021362484.26321 175
1757582989807 134792461981.24153 176
1757582989869 134565407613.48964 177
1757582989930 134340179826.67442 178
1757582989992 134116759379.42647 179
1757582990053 133895127335.5837 180
1757582990115 133675265056.6881 181
1757582990177 133457154194.72649 182
1757582990238 133240776685.1056 183
1757582990301 133026114739.85379 184
1757582990363 132813150841.04005 185
1757582990426 132601867734.4034 186
1757582990489 132392248423.18369 187
1757582990553 132184276162.14792 188
1757582990616 131977934451.80365 189
1757582990678 131773207032.79344 190
1757582990739 131570077880.46362 191
1757582990801 131368531199.60094 192
1757582990866 131168551419.33118 193
1757582990929 130970123188.17393 194
1757582990991 130773231369.24783 195
1757582991054 130577861035.62093 196
1757582991116 130383997465.80089 197
1757582991179 130191626139.36041 198
1757582991241 130000732732.69278 199
1757582991303 129811303114.89268 200
1757582991363 129623323343.75876 201
1757582991426 129436779661.91248 202
1757582991492 129251658493.03023 203
1757582991556 129067946438.18439 204
1757582991624 128885630272.2886 205
1757582991691 128704696940.64589 206
1757582991754 128525133555.59337 207
1757582991820 128346927393.2424 208
1757582991888 128170065890.30966 209
1757582991952 127994536641.03644 210
1757582992013 127820327394.19307 211
1757582992075 127647426050.16591 212
1757582992138 127475820658.12344 213
1757582992200 127305499413.25934 214
1757582992262 127136450654.10988 215
1757582992325 126968662859.94281 216
1757582992388 126802124648.21584 217
1757582992451 126636824772.102 218
1757582992513 126472752118.07985 219
1757582992576 126309895703.58632 220
1757582992652 126148244674.73036 221
1757582992721 125987788304.0649 222
1757582992783 125828515988.41586 223
1757582992848 125670417246.76569 224
1757582992909 125513481718.1905 225
1757582992972 125357699159.84804 226
1757582993034 125203059445.01575 227
1757582993095 125049552561.17699 228
1757582993157 124897168608.15373 229
1757582993219 124745897796.28455 230
1757582993284 124595730444.64621 231
1757582993345 124446656979.31781 232
1757582993409 124298667931.68573 233
1757582993471 124151753936.78864 234
1757582993534 124005905731.70074 235
1757582993598 123861114153.95258 236
1757582993660 123717370139.98798 237
1757582993724 123574664723.65617 238
1757582993790 123432989034.73775 239
1757582993855 123292334297.50409 240
1757582993918 123152691829.30826 241
1757582993981 123014053039.20735 242
1757582994043 122876409426.61493 243
1757582994105 122739752579.9827 244
1757582994167 122604074175.51042 245
1757582994229 122469365975.88391 246
1757582994293 122335619829.03905 247
1757582994355 122202827666.95251 248
1757582994417 122070981504.45743 249
1757582994480 121940073438.08342 250
1757582994544 121810095644.9209 251
1757582994606 121681040381.50822 252
1757582994667 121552899982.74132 253
1757582994730 121425666860.80568 254
1757582994793 121299333504.12878 255
1757582994856 121173892476.35417 256
1757582994920 121049336415.335 257
1757582994985 120925658032.14743 258
1757582995048 120802850110.1229 259
1757582995110 120680905503.89923 260
1757582995174 120559817138.48952 261
1757582995240 120439578008.36862 262
1757582995303 120320181176.5769 263
1757582995364 120201619773.84041 264
1757582995430 120083886997.70753 265
1757582995493 119966976111.70117 266
1757582995555 119850880444.48645 267
1757582995618 119735593389.0536 268
1757582995683 119621108401.91512 269
1757582995750 119507419002.3173 270
1757582995818 119394518771.46588 271
1757582995894 119282401351.76495 272
1757582995965 119171060446.06914 273
1757582996028 119060489816.94885 274
1757582996091 118950683285.96788 275
1757582996153 118841634732.97337 276
1757582996216 118733338095.39784 277
1757582996281 118625787367.57265 278
1757582996344 118518976600.05316 279
1757582996407 118412899898.95493 280
1757582996471 118307551425.30061 281
1757582996534 118202925394.37798 282
1757582996597 118099016075.10757 283
1757582996660 117995817789.4212 284
1757582996722 117893324911.65005 285
1757582996788 117791531867.92242 286
1757582996851 117690433135.57101 287
1757582996913 117590023242.54968 288
1757582996976 117490296766.8588 289
1757582997039 117391248335.97992 290
1757582997102 117292872626.3188 291
1757582997164 117195164362.65707 292
1757582997227 117098118317.61221 293
1757582997291 117001729311.10548 294
1757582997358 116905992209.83789 295
1757582997423 116810901926.77405 296
1757582997487 116716453420.63347 297
1757582997551 116622641695.38942 298
1757582997615 116529461799.77504 299
1757582997679 116436908826.79665 300
1757582997747 116344977913.254 301
1757582997809 116253664239.26752 302
1757582997873 116162963027.81204 303
1757582997937 116072869544.25755 304
1757582998001 115983379095.91591 305
1757582998066 115894487031.59413 306
1757582998131 115806188741.15416 307
1757582998197 115718479655.07816 308
1757582998262 115631355244.04028 309
1757582998326 115544811018.48395 310
1757582998390 115458842528.20529 311
1757582998454 115373445361.94164 312
1757582998517 115288615146.96628 313
1757582998580 115204347548.68791 314
1757582998644 115120638270.25604 315
1757582998707 115037483052.17119 316
1757582998771 114954877671.9005 317
