1757591264528 1053302944130.2625 0
1757591264639 859258529029.071 1
1757591264749 722010929775.5726 2
1757591264860 621540256091.3756 3
1757591264967 546008427224.7447 4
1757591265076 488075672903.28217 5
1757591265196 442970533074.11505 6
1757591265312 407452831977.65546 7
1757591265424 379238381022.70715 8
1757591265532 356667378949.9959 9
1757591265641 338504912340.3783 10
1757591265758 323815471457.6246 11
1757591265874 311880570595.1569 12
1757591265983 302142552383.3154 13
1757591266094 294164992208.2049 14
1757591266205 287604059507.1534 15
1757591266317 282187373138.59576 16
1757591266431 277698137524.77386 17
1757591266551 273963090592.29218 18
1757591266668 270843256047.90323 19
1757591266781 268226789951.43512 20
1757591266889 266023410042.61868 21
1757591266999 264160032782.53918 22
1757591267358 262577339295.02936 23
1757591267436 261227060590.2241 24
1757591267512 260069823013.26917 25
1757591267584 259073432282.2376 26
1757591267651 258211502468.12775 27
1757591267723 257462357389.23645 28
1757591267793 256808147949.5343 29
1757591267862 256234141241.0698 30
1757591267933 255728146694.17526 31
1757591267999 255280051886.31186 32
1757591268063 254881446321.6864 33
1757591268128 254525315950.56973 34
1757591268194 254205794696.1099 35
1757591268261 253917962014.0979 36
1757591268327 253657677692.53485 37
1757591268391 253421446829.15778 38
1757591268455 253206309303.39114 39
1757591268519 253009749159.54385 40
1757591268583 252829620198.77463 41
1757591268658 252664084783.89276 42
1757591268722 252511563429.0835 43
1757591268786 252370693204.19962 44
1757591268850 252240293352.4661 45
1757591268914 252119336818.85144 46
1757591268978 252006926627.89328 47
1757591269043 251902276245.53525 48
1757591269106 251804693218.4069 49
1757591269170 251713565513.06137 50
1757591269237 251628350082.6806 51
1757591269300 251548563274.24667 52
1757591269364 251473772758.85315 53
1757591269436 251403590724.6755 54
1757591269502 251337668118.5324 55
1757591269569 251275689759.9093 56
1757591269640 251217370182.34967 57
1757591269705 251162450082.52942 58
1757591269770 251110693278.1592 59
1757591269834 251061884092.94217 60
1757591269898 251015825100.84613 61
1757591269962 250972335173.4798 62
1757591270029 250931247783.85287 63
1757591270092 250892409527.61618 64
1757591270156 250855678829.32568 65
1757591270225 250820924806.59683 66
1757591270290 250788026269.41827 67
1757591270354 250756870835.5376 68
1757591270419 250727354145.85522 69
1757591270482 250699379166.26956 70
1757591270546 250672855564.509 71
1757591270612 250647699152.2201 72
1757591270676 250623831384.0401 73
1757591270740 250601178906.59225 74
1757591270805 250579673151.36432 75
1757591270875 250559249966.2841 76
1757591270941 250539849281.52823 77
1757591271006 250521414805.7087 78
1757591271069 250503893749.0945 79
1757591271131 250487236570.96478 80
1757591271196 250471396748.5612 81
1757591271259 250456330565.42218 82
1757591271323 250441996917.15637 83
1757591271386 250428357132.94208 84
1757591271451 250415374811.2422 85
1757591271514 250403015668.39648 86
1757591271576 250391247398.9021 87
1757591271640 250380039546.3242 88
1757591271704 250369363383.89224 89
1757591271768 250359191803.93558 90
1757591271837 250349499215.39917 91
1757591271902 250340261448.75754 92
1757591271967 250331455667.7113 93
1757591272032 250323060287.1102 94
1757591272095 250315054896.6006 95
1757591272160 250307420189.54044 96
1757591272236 250300137896.76883 97
1757591272302 250293190724.85132 98
1757591272368 250286562298.46002 99
1757591272432 250280237106.57346 100
1757591272498 250274200452.2108 101
1757591272563 250268438405.43765 102
1757591272627 250262937759.40436 103
1757591272692 250257685989.19595 104
1757591272756 250252671213.29187 105
1757591272822 250247882157.45013 106
1757591272887 250243308120.8437 107
1757591272951 250238938944.2933 108
1757591273016 250234764980.45035 109
