1757591479683 1053300680890.1292 0
1757591479743 859257275451.2804 1
1757591479807 720344554364.9131 2
1757591479869 617953168240.7728 3
1757591479929 540713663101.344 4
1757591479992 481397900744.77924 5
1757591480054 435221950600.9611 6
1757591480116 398897623815.30304 7
1757591480177 370088556193.02924 8
1757591480240 347088366844.3731 9
1757591480300 328623261422.1062 10
1757591480362 313726203577.68726 11
1757591480423 301653580446.29236 12
1757591480485 291827990346.8205 13
1757591480552 283797724863.889 14
1757591480614 277207322250.43555 15
1757591480675 271775723092.79688 16
1757591480737 267279806020.72592 17
1757591480815 263541826869.34927 18
1757591480878 260419746598.26648 19
1757591480943 257799730105.0606 20
1757591481007 255590295755.05405 21
1757591481067 253717731454.52542 22
1757591481130 252122489319.68677 23
1757591481192 250756340655.4887 24
1757591481253 249580124316.89227 25
1757591481314 248561959929.1567 26
1757591481378 247675826475.08417 27
1757591481440 246900428888.77863 28
1757591481502 246218292278.64587 29
1757591481564 245615036503.6614 30
1757591481626 245078793977.64056 31
1757591481687 244599741469.926 32
1757591481747 244169722829.25693 33
1757591481808 243781944376.03918 34
1757591481870 243430728488.37134 35
1757591481932 243111313880.12827 36
1757591481997 242819693413.02396 37
1757591482060 242552482136.23212 38
1757591482121 242306809713.26782 39
1757591482182 242080232559.08502 40
1757591482244 241870661935.15533 41
1757591482306 241676304986.9475 42
1757591482368 241495616296.10864 43
1757591482430 241327257989.64832 44
1757591482491 241170066824.85205 45
1757591482555 241023026970.62854 46
1757591482617 240885247448.67133 47
1757591482682 240755943393.12888 48
1757591482744 240634420444.9344 49
1757591482804 240520061724.06967 50
1757591482866 240412316925.82907 51
1757591482929 240310693170.38892 52
1757591482991 240214747585.11264 53
1757591483052 240124079934.02682 54
1757591483115 240038328014.40515 55
1757591483176 239957162678.74628 56
1757591483241 239880283857.2335 57
1757591483303 239807417159.14136 58
1757591483373 239738310959.2961 59
1757591483447 239672733891.9059 60
1757591483515 239610472687.36227 61
1757591483579 239551330298.5389 62
1757591483646 239495124272.0921 63
1757591483712 239441685327.6721 64
1757591483774 239390856114.05994 65
1757591483836 239342490116.29526 66
1757591483898 239296450692.03952 67
1757591483961 239252610218.8838 68
1757591484023 239210849337.19247 69
1757591484085 239171056275.4673 70
