1757568558714 524830798163.64154 0
1757568558785 1155175031333.309 1
1757568558856 932971231550.1115 2
1757568558927 429938231145.9774 3
1757568558999 180704136769.02548 4
1757568559067 156742988899.945 5
1757568559143 179653805069.72867 6
1757568559211 247145855081.4625 7
1757568559282 369896894456.61774 8
1757568559349 192705423561.69183 9
1757568559415 716829525222.4832 10
1757568559486 160422456778.4749 11
1757568559549 429115905809.3446 12
1757568559621 297994147001.569 13
1757568559685 253833605290.42786 14
1757568559759 249196206759.25702 15
1757568559825 182309179808.3742 16
1757568559898 258605617713.64932 17
1757568559973 510541688695.0475 18
1757568560047 134155998078.7463 19
1757568560123 247475013101.68112 20
1757568560203 387701991653.2279 21
1757568560273 380088498479.94434 22
1757568560343 131808487092.41028 23
1757568560418 238619614592.21497 24
1757568560493 150007806291.30096 25
1757568560567 210087450623.2607 26
1757568560638 608161598538.6683 27
1757568560704 408520411411.7129 28
1757568560775 326751171980.44635 29
1757568560848 159087870550.21432 30
1757568560915 152233220499.77536 31
1757568560989 348647804443.016 32
1757568561063 227441165881.96097 33
1757568561142 436039849609.81366 34
1757568561216 93736794792.75378 35
1757568561287 115885275485.74757 36
1757568561350 480987154391.9987 37
1757568561419 122372946436.31116 38
1757568561498 204173528052.5423 39
1757568561584 90004062680.16078 40
1757568561654 237406343696.5296 41
1757568561736 196300755613.76193 42
1757568561811 210024876097.8102 43
1757568561899 232362709330.69543 44
1757568561970 267997552827.489 45
1757568562046 187102815798.76727 46
1757568562116 240313672176.83118 47
1757568562189 116265873871.39117 48
1757568562261 120598851358.53484 49
1757568562324 142506437340.2381 50
1757568562412 226668146803.1209 51
1757568562478 143616597421.2504 52
1757568562549 220709112547.7689 53
1757568562622 221027893764.91623 54
1757568562695 173806700967.22675 55
1757568562763 144732028494.10138 56
1757568562830 153036215610.0637 57
1757568562903 211934899745.69952 58
1757568562972 93973007241.6982 59
1757568563050 95602167568.7595 60
1757568563124 98208613191.7998 61
1757568563200 168026215083.54956 62
1757568563280 307726485798.9054 63
1757568563346 89671623517.04117 64
1757568563415 116059847427.88168 65
1757568563481 214063372688.23132 66
1757568563556 113093736783.8228 67
1757568563627 83957150818.92882 68
1757568563697 97721410846.07254 69
1757568563764 200635063327.11115 70
1757568563833 99192434902.89409 71
1757568563907 233292238620.22614 72
1757568563977 169976235428.4147 73
1757568564045 229339418779.15735 74
1757568564116 289844960919.59424 75
1757568564194 66572044854.89572 76
1757568564266 179141908235.65927 77
1757568564339 91645777476.16594 78
1757568564409 70531300847.76512 79
1757568564483 203365548175.83615 80
1757568564557 102834602374.95876 81
1757568564630 93387350106.88971 82
1757568564705 70340372175.38272 83
1757568564776 145644154915.56818 84
1757568564848 176251319393.32257 85
1757568564924 207942466081.0015 86
1757568565000 88009523009.5329 87
1757568565065 229317176749.1354 88
1757568565138 109987277478.98047 89
1757568565218 105354358972.92451 90
1757568565290 202748435481.32196 91
1757568565360 131549213758.93994 92
1757568565432 90615057726.52966 93
1757568565504 130039968083.27673 94
1757568565572 159062633924.8251 95
1757568565640 161650636947.105 96
1757568565706 144552886069.114 97
1757568565785 139244061153.9297 98
1757568565859 91912146343.06894 99
1757568565933 287969947013.2967 100
1757568566002 206824546873.8721 101
1757568566073 110698909470.95319 102
1757568566144 92250753853.26048 103
1757568566217 121156933245.40097 104
1757568566293 82738647002.94334 105
1757568566358 127825486925.55681 106
1757568566432 109944919351.2335 107
1757568566516 132786850137.35074 108
1757568566595 149352249457.7406 109
1757568566665 65140388004.47672 110
1757568566743 134208800797.54607 111
1757568566821 123719685626.47177 112
1757568566896 227289850452.98413 113
1757568566967 73469764272.76396 114
1757568567044 92757933243.44997 115
1757568567112 153980915033.55606 116
1757568567177 624474798851.4534 117
1757568567257 377287889778.826 118
1757568567331 69400408721.8866 119
1757568567402 229603685837.29602 120
1757568567472 84545921348.76895 121
1757568567545 176290140811.8419 122
1757568567619 201307696688.54666 123
1757568567691 622407404027.0541 124
1757568567766 154554814153.34705 125
1757568567840 157031732285.65317 126
1757568567911 75107191424.64587 127
1757568567988 155222358639.11554 128
1757568568062 123827332831.4202 129
1757568568130 183625848273.56522 130
1757568568201 83121377837.66003 131
1757568568284 152583587587.11005 132
1757568568365 247046748680.8809 133
1757568568457 205087878389.08356 134
1757568568548 204067722408.97583 135
1757568568636 130360159910.02495 136
1757568568705 110277392336.9861 137
1757568568782 112318427212.49117 138
1757568568855 104653896237.9338 139
1757568568931 162262540296.58676 140
1757568569010 142273164571.44208 141
1757568569082 277112970005.5899 142
1757568569158 110495695907.53789 143
1757568569228 228355792239.73306 144
1757568569312 88055282488.0884 145
1757568569382 221069127749.1968 146
1757568569461 95589287251.5805 147
1757568569530 198591594520.02994 148
1757568569602 244576899902.462 149
1757568569673 139411613825.52914 150
1757568569745 153405358563.01483 151
1757568569820 170888869790.96167 152
1757568569898 297433882522.87964 153
1757568569974 85808575718.14134 154
1757568570045 77371670146.15706 155
1757568570112 148885391755.35263 156
1757568570185 69109449797.83171 157
1757568570262 98286065236.88649 158
1757568570339 85396314134.38565 159
1757568570413 63006964973.192825 160
1757568570486 145035585574.5928 161
1757568570563 77856784972.0786 162
1757568570637 190352446310.34738 163
1757568570713 97425493664.78146 164
1757568570783 204845653454.1841 165
1757568570852 127305846507.59137 166
1757568570922 95161818011.15059 167
1757568570987 170023851080.12418 168
1757568571061 116859360641.27785 169
1757568571142 89839364552.50815 170
1757568571211 194508651488.41403 171
1757568571292 198316288376.63867 172
1757568571365 70135418018.66434 173
1757568571434 46170684680.52046 174
1757568571504 51043922158.65212 175
1757568571581 74685197730.22194 176
1757568571652 52594727528.47583 177
1757568571741 85433594507.58534 178
1757568571810 180185030747.58005 179
1757568571901 122122865568.79512 180
1757568571976 221195575369.40063 181
1757568572052 130220484140.7608 182
1757568572130 147150666770.39966 183
1757568572205 89785258293.87863 184
1757568572278 141750410389.2361 185
1757568572351 593348967275.5107 186
1757568572421 72819475412.29797 187
1757568572493 80197798120.11488 188
1757568572564 181907476306.14096 189
1757568572637 83968364154.46162 190
1757568572714 93241607018.10063 191
1757568572786 74634598087.62497 192
1757568572856 75379951557.95047 193
1757568572924 72491583951.16356 194
1757568572996 97589441197.47012 195
1757568573062 124182998736.71518 196
1757568573133 87263402727.41695 197
1757568573206 76904286867.40814 198
1757568573294 135073242784.92168 199
1757568573369 196952201619.18286 200
1757568573441 79783606872.88725 201
1757568573521 84179749862.09914 202
1757568573594 174577539339.37622 203
1757568573663 329615460735.7221 204
1757568573734 112462382123.01178 205
1757568573807 154380736509.6272 206
1757568573877 94189636587.18149 207
1757568573954 76603671971.18324 208
1757568574032 126092934032.04987 209
1757568574107 83823714548.44322 210
1757568574179 71815142934.01279 211
1757568574255 70372858532.45587 212
1757568574325 75777023731.19797 213
1757568574402 142545295819.80008 214
1757568574477 75718240836.18365 215
1757568574547 118373133889.20352 216
1757568574621 69811992551.5548 217
1757568574696 90129133187.90802 218
1757568574772 50009103736.709114 219
1757568574842 133085396751.07823 220
1757568574914 169101386483.37546 221
1757568574989 138038285077.497 222
1757568575064 89274299189.25937 223
1757568575138 138450146788.03778 224
1757568575215 55581011013.87511 225
1757568575289 49477589676.86486 226
1757568575362 79173951900.10744 227
1757568575448 156217471976.51474 228
1757568575525 218079144868.2957 229
1757568575594 181898202254.03745 230
1757568575671 88493191267.3215 231
1757568575741 62199254661.99565 232
1757568575814 81029587118.17708 233
1757568575886 143658086943.2378 234
1757568575955 89452493314.33458 235
1757568576027 91924498568.04097 236
1757568576098 182573716284.66266 237
1757568576170 173652930400.3505 238
1757568576236 184217134433.32175 239
1757568576306 202192781255.69052 240
1757568576383 58915806623.36412 241
1757568576458 98285216916.5629 242
1757568576529 126543052874.03978 243
1757568576615 137772459877.79257 244
1757568576685 363733471832.4455 245
1757568576763 126494408465.22452 246
1757568576833 67772786288.70144 247
1757568576907 175294883807.55972 248
1757568576981 78240941330.67346 249
1757568577057 81805606033.12935 250
1757568577136 156522362065.18845 251
1757568577204 72234901452.49622 252
1757568577280 68224249436.62327 253
1757568577357 134364064109.61153 254
1757568577423 57100514740.30488 255
1757568577496 150708402897.64542 256
1757568577564 108395048947.67905 257
1757568577636 62699662263.06504 258
1757568577722 76408675226.30327 259
1757568577793 87021499656.15874 260
1757568577872 97569491871.57138 261
1757568577945 133069420070.5837 262
1757568578016 118714267298.52266 263
1757568578090 136949627325.84364 264
1757568578165 68926828361.11153 265
1757568578245 150288690950.06055 266
1757568578321 147909125415.65775 267
1757568578393 127596651870.47934 268
1757568578470 107198333968.12051 269
1757568578548 63936875803.60167 270
1757568578623 236161478333.14206 271
1757568578697 96345669783.92905 272
1757568578772 148911941525.12878 273
1757568578849 145364656838.3251 274
1757568578927 73000505190.1774 275
1757568579003 74651312306.11139 276
1757568579083 134181749441.1218 277
1757568579157 92293914995.71153 278
1757568579232 190932357326.45728 279
1757568579302 89619857334.11916 280
1757568579376 110758460001.45105 281
1757568579446 51091015569.866066 282
1757568579524 51808055697.601295 283
1757568579603 77538159409.9701 284
1757568579674 141770731115.4708 285
1757568579755 125505090949.78613 286
1757568579824 70933399500.44766 287
1757568579908 71851928391.51802 288
1757568579990 166483609499.5412 289
1757568580071 61473214282.49949 290
1757568580141 107837042629.04605 291
1757568580215 117829085195.79248 292
1757568580289 106390417644.7074 293
1757568580370 77527432538.78947 294
1757568580441 84056044980.63196 295
1757568580512 192951359673.63196 296
1757568580588 113034889003.1426 297
1757568580657 107765113745.20894 298
1757568580734 55991946699.97184 299
1757568580812 117296348077.51857 300
1757568580883 177798996461.69598 301
1757568580957 108961746351.31076 302
1757568581028 88305545255.43477 303
1757568581104 100412535235.48204 304
1757568581174 152605342678.37558 305
1757568581249 61967502132.8217 306
1757568581327 87076268041.23482 307
1757568581407 79900879257.40149 308
1757568581490 112039076730.47385 309
1757568581579 128541819703.25809 310
1757568581661 56366723069.49811 311
