1757586962036 1053302166896.4341 0
1757586962098 3135073101582.949 1
1757586962171 6800766537213304.0 2
1757586962233 2.0627357334856393e+19 3
1757586962294 6.256768766476354e+22 4
1757586962356 1.8978270087087635e+26 5
1757586962416 5.7565613969248044e+29 6
1757586962478 1.7461021981714452e+33 7
1757586962537 5.2963439043452225e+36 8
1757586962600 1.606507269876335e+40 9
1757586962660 4.872919234055258e+43 10
1757586962722 1.4780724810198694e+47 11
1757586962784 4.4833459251285845e+50 12
1757586962854 1.3599056164348438e+54 13
1757586962926 4.12491767642934e+57 14
1757586962990 1.2511857905202213e+61 15
1757586963054 3.7951445463872306e+64 16
1757586963115 1.1511577446850796e+68 17
1757586963177 3.491735655786606e+71 18
1757586963248 1.0591266006924997e+75 19
1757586963313 3.212583273408618e+78 20
1757586963375 9.744530334557477e+81 21
1757586963436 2.9557481739721807e+85 22
1757586963510 8.965488297529747e+88 23
1757586963571 2.71944616665775e+92 24
1757586963633 8.248728020075806e+95 25
1757586963695 2.502035700629738e+99 26
1757586963757 7.589270287479068e+102 27
1757586963819 2.3020064614552042e+106 28
1757586963880 6.982533956293925e+109 29
1757586963941 2.117968879200144e+113 30
1757586964002 6.424304129902449e+116 31
1757586964062 1.9486444753176903e+120 32
1757586964123 5.91070287832687e+123 33
1757586964186 1.7928569812698062e+127 34
1757586964248 5.438162298893553e+130 35
1757586964311 1.6495241671849051e+134 36
1757586964372 5.003399730605061e+137 37
1757586964457 1.5176503237865308e+141 38
1757586964519 4.6033949500389486e+144 39
1757586964580 1.3963193453661998e+148 40
1757586964643 4.2353691903567766e+151 41
1757586964714 1.2846883657490876e+155 42
1757586964781 3.89676583767197e+158 43
1757586964843 1.1819819030425496e+162 44
1757586964904 3.585232670677332e+165 45
1757586964966 1.0874864724920738e+169 46
1757586965029 3.298605520153951e+172 47
1757586965095 1.0005456300211051e+176 48
1757586965159 3.034893234846735e+179 49
1757586965222 9.205554120229569e+182 50
1757586965283 2.7922638492670095e+186 51
1757586965344 8.46960139725841e+189 52
1757586965409 2.5690318573322547e+193 53
1757586965472 7.792485589846549e+196 54
1757586965534 2.36364650343504e+200 55
1757586965596 7.169502886832675e+203 56
1757586965657 2.174681009601087e+207 57
1757586965718 6.596325530749438e+210 58
1757586965781 2.000822663899494e+214 59
1757586965843 6.06897175361059e+217 60
1757586965904 1.8408637012507002e+221 61
1757586965966 5.5837781162292605e+224 62
1757586966028 1.693692913282922e+228 63
1757586966090 5.137374058913999e+231 64
1757586966154 1.558287928951955e+235 65
1757586966216 4.726658486749735e+238 66
1757586966279 1.4337081122991932e+242 67
1757586966342 4.3487782268060255e+245 68
1757586966404 1.3190880280096754e+249 69
1757586966466 4.001108207618116e+252 70
1757586966531 1.2136314293765703e+256 71
1757586966593 3.6812332232510276e+259 72
1757586966670 1.1166057269074181e+263 73
1757586966732 3.386931155264707e+266 74
1757586966794 1.0273368991464884e+270 75
1757586966857 3.116157536025952e+273 76
1757586966920 9.45204810359558e+276 77
1757586966982 2.8670313461309068e+280 78
1757586967045 8.696389025538677e+283 79
1757586967108 2.6378219472755076e+287 80
1757586967171 8.001142319064248e+290 81
1757586967238 2.426937059798238e+294 82
1757586967307 7.361478220663584e+297 83
1757586967372 2.2329117013776023e+301 84
1757586967438 inf 85
1757586967513 inf 86
