1757554674813 4058808825821.4927 0
1757554674878 1200789381750004.2 1
1757554674943 1.353215424596282e+18 2
1757554675015 2.9785354780020766e+21 3
1757554675081 8.810237907447885e+22 4
1757554675146 3.7853028770712723e+24 5
1757554675216 2.704866254806099e+27 6
1757554675283 4.8376933163462144e+32 7
1757554675347 8.345836900086514e+34 8
1757554675415 3.2817543959824927e+36 9
1757554675486 4.4678050829495575e+40 10
1757554675545 4.664473459893744e+44 11
1757554675612 2.517648174890955e+48 12
1757554675680 1.4297312920272058e+52 13
1757554675744 8.098209146187688e+54 14
1757554675814 2.6098994503862405e+56 15
1757554675883 1.40912384000479e+60 16
1757554675953 1.0078935016284247e+63 17
1757554676023 1.6036958507933852e+67 18
1757554676095 4.392453277477697e+71 19
1757554676166 1.7064113490524925e+75 20
1757554676251 1.6013031628131895e+78 21
1757554676370 5.300422042011379e+81 22
1757554676485 1.0772685039697804e+84 23
1757554676594 3.4621825067855856e+86 24
1757554676699 6.419187203672104e+89 25
1757554676814 4.5845872396915324e+92 26
1757554676921 8.29473691062606e+95 27
1757554677016 6.71683627119617e+98 28
1757554677113 2.7032863268737224e+101 29
1757554677225 5.392694773606443e+102 30
1757554677329 1.5100877120757109e+106 31
1757554677430 3.562937404485105e+110 32
1757554677530 2.768095167291891e+113 33
1757554677625 1.6347187838239592e+117 34
1757554677736 2.6450040646325585e+120 35
1757554677863 4.531114581449947e+122 36
1757554677973 2.987722254909127e+126 37
1757554678067 1.4374588523209509e+131 38
1757554678171 2.0082512935432327e+133 39
1757554678269 5.739489008210691e+136 40
1757554678369 1.3392552897405526e+140 41
1757554678472 1.2505225978077685e+144 42
1757554678647 1.1033703831857286e+149 43
1757554678728 3.494936550051813e+151 44
1757554678813 2.941461261853627e+154 45
1757554678886 4.87420203541668e+158 46
1757554678957 7.725062397151173e+160 47
1757554679044 1.1409224201205619e+165 48
1757554679123 1.8911847382875745e+170 49
1757554679195 2.1535686665317628e+171 50
1757554679270 6.705879129790685e+174 51
1757554679350 2.16297789752831e+177 52
1757554679439 2.670530405172048e+181 53
1757554679508 6.321774990911188e+184 54
1757554679588 5.673219112071956e+186 55
1757554679678 6.663049533919745e+189 56
1757554679759 6.8015577006496924e+193 57
1757554679854 1.2378135354360794e+198 58
1757554679927 2.7435373113704257e+202 59
1757554680008 1.1482567065043751e+204 60
1757554680090 1.2863273716086663e+210 61
1757554680168 1.5287635482585287e+211 62
1757554680238 3.516524669085958e+215 63
1757554680320 5.196828932568604e+217 64
1757554680390 1.2568719643266936e+221 65
1757554680463 2.115594096427933e+224 66
1757554680530 6.676216596682995e+227 67
1757554680600 8.135361983498214e+230 68
1757554680669 1.2862854731952236e+234 69
1757554680737 2.2075955547352622e+237 70
1757554680808 1.0591453356482435e+242 71
1757554680877 9.60360066667467e+243 72
1757554680947 2.418722251754252e+247 73
1757554681019 1.4846809450841246e+250 74
1757554681086 1.29170887027037e+254 75
1757554681160 3.7062408269086086e+256 76
1757554681233 1.8530634830039267e+260 77
1757554681314 3.344517486042596e+262 78
1757554681386 1.3555525288923362e+265 79
1757554681457 3.994534817024103e+268 80
1757554681531 4.443536234133072e+271 81
1757554681604 9.047261075455546e+275 82
1757554681673 7.430334053064274e+277 83
1757554681746 5.133200156403423e+281 84
1757554681809 2.707731304272477e+285 85
1757554681880 6.552807955634239e+287 86
1757554681947 7.103146789393175e+291 87
1757554682017 2.5080753586520507e+296 88
1757554682090 2.744329389319847e+298 89
1757554682153 7.648921898003295e+303 90
1757554682221 1.1760771776484746e+306 91
