1757546864983 6607791885409679.0 0
1757546865475 4.669663800663194e+20 1
1757546865974 6.25671220186725e+27 2
1757546866470 1.77496044831199e+31 3
1757546866944 5.918697603705241e+38 4
1757546867448 8.110258600052447e+46 5
1757546867935 1.960663741420228e+50 6
1757546868428 3.692265729857283e+54 7
1757546868915 1.4371969920206684e+62 8
1757546869399 2.1737990525808387e+68 9
1757546869905 5.3966001258115044e+73 10
1757546870382 3.903467586157904e+79 11
1757546870867 8.153657711737586e+84 12
1757546871350 6.787868079607139e+91 13
1757546871864 2.0352786416207252e+96 14
1757546872365 2.3607876682882722e+104 15
1757546872861 7.741640288840791e+110 16
1757546873366 4.675604494016309e+117 17
1757546873856 3.3272877655869584e+121 18
1757546874340 1.275326515594411e+127 19
1757546874829 3.7399527007294383e+135 20
1757546875329 4.716353660834427e+140 21
1757546875835 1.151366229232557e+146 22
1757546876347 5.113450907844794e+154 23
1757546876856 7.145548245336352e+157 24
1757546877349 7.332172251081382e+164 25
1757546877843 1.1947172415682655e+169 26
1757546878345 9.845335997615926e+179 27
1757546878844 4.2281894052661733e+183 28
1757546879342 2.2166040209853247e+188 29
1757546879854 1.0488462320535737e+195 30
1757546880365 1.5459138784332956e+202 31
1757546880849 4.768118021966244e+206 32
1757546881346 1.7393597299280287e+212 33
1757546881827 2.460988312520367e+220 34
1757546882311 3.164281279150997e+227 35
1757546882793 1.0762212981709598e+232 36
1757546883283 5.283769100646204e+236 37
1757546883766 8.403154544740828e+243 38
1757546884276 5.596592827417393e+249 39
1757546884788 3.45757673372037e+255 40
1757546885289 8.968935349257854e+259 41
1757546885768 6.789972675903024e+268 42
1757546886262 1.681912022486949e+273 43
1757546886756 4.889449719768713e+279 44
1757546887235 8.048618573206156e+286 45
1757546887724 2.14238866808869e+293 46
1757546888209 3.649198262236041e+299 47
1757546888702 4.7750843248462546e+303 48
1757546889225 inf 49
