1757589450605 1019579503677.253 0
1757589450695 804759737658.3763 1
1757589450785 1120962642370.3352 2
1757589450878 14304850670713.7 3
1757589450971 336011191150634.7 4
1757589451066 8103407702978914.0 5
1757589451166 1.95603357411055e+17 6
1757589451265 4.72171482376694e+18 7
1757589451358 1.1397872221224305e+20 8
1757589451448 2.7513626493698163e+21 9
1757589451536 6.6415873922963595e+22 10
1757589451625 1.6032304248710215e+24 11
1757589451711 3.870080514519982e+25 12
1757589451800 9.34209016777741e+26 13
1757589451891 2.2551119640907184e+28 14
1757589451986 5.443674680133162e+29 15
1757589452077 1.3140630928749246e+31 16
1757589452169 3.172051809704713e+32 17
1757589452258 7.65710013317349e+33 18
1757589452350 1.84836774324009e+35 19
1757589452444 4.46182399972678e+36 20
1757589452535 1.0770515487161905e+38 21
1757589452626 2.5999233467366268e+39 22
1757589452718 6.276024037069924e+40 23
1757589452807 1.5149861153914028e+42 24
1757589452899 3.6570652315415326e+43 25
1757589452989 8.827886917164694e+44 26
1757589453079 2.1309870753767676e+46 27
1757589453168 5.1440463137256936e+47 28
1757589453261 1.2417350055056713e+49 29
1757589453350 2.99745711811333e+50 30
1757589453442 7.235641368803493e+51 31
1757589453531 1.746630692448191e+53 32
1757589453621 4.216238230041692e+54 33
1757589453709 1.0177689473410193e+56 34
1757589453799 2.456819500356847e+57 35
1757589453887 5.930581860551914e+58 36
1757589453978 1.4315989106891562e+60 37
1757589454069 3.455774642820028e+61 38
1757589454161 8.341986217500699e+62 39
1757589454253 2.013694214625774e+64 40
1757589454341 4.86090996111979e+65 41
1757589454442 1.1733879691611836e+67 42
1757589454533 2.832472391352489e+68 43
1757589454629 6.837380353839299e+69 44
1757589454724 1.650493408013235e+71 45
1757589454816 3.984169885130783e+72 46
1757589454911 9.617493530429013e+73 47
1757589454977 2.3215923134464338e+75 48
1757589455051 5.6041533615808325e+76 49
1757589455117 1.3528014681222962e+78 50
1757589455185 3.265563402850224e+79 51
1757589455255 7.882830252125866e+80 52
1757589455322 1.9028573363357467e+82 53
1757589455390 4.593357876088088e+83 54
1757589455480 1.1088028605680858e+85 55
1757589455561 2.6765686819312694e+86 56
1757589455635 6.461040247880364e+87 57
1757589455711 1.5596476700388268e+89 58
1757589455782 3.7648749447978785e+90 59
1757589455855 9.088131648100963e+91 60
1757589455930 2.193808242351819e+93 61
1757589455999 5.295691997613668e+94 62
1757589456070 1.2783411600060895e+96 63
1757589456143 3.0858216869525162e+97 64
1757589456211 7.44894694904537e+98 65
1757589456282 1.798121093137101e+100 66
1757589456351 4.340532276174848e+101 67
1757589456424 1.0477726173405777e+103 68
1757589456508 2.5292461564557288e+104 69
1757589456598 6.105414489818355e+105 70
1757589456690 1.4738022235336497e+107 71
1757589456783 3.5576503408818616e+108 72
1757589456874 8.58790667151401e+109 73
1757589456969 2.0730576063400696e+111 74
1757589457038 5.004208829445488e+112 75
1757589457108 1.2079792636786086e+114 76
1757589457178 2.9159732361513188e+115 77
1757589457249 7.038945261408932e+116 78
1757589457320 1.6991496965351453e+118 79
1757589457391 4.101622592612097e+119 80
1757589457461 9.901015741303768e+120 81
1757589457549 2.3900324931435222e+122 82
1757589457647 5.769362929555005e+123 83
1757589457736 1.3926818446365219e+125 84
1757589457827 3.361831703192558e+126 85
1757589457917 8.11521485981621e+127 86
1757589458002 1.9589532741463855e+129 87
1757589458072 4.728769350631533e+130 88
1757589458140 1.1414901961465144e+132 89
1757589458214 2.7554735096660834e+133 90
1757589458283 6.651510707759949e+134 91
1757589458355 1.605625840358981e+136 92
1757589458425 3.875862871604247e+137 93
1757589458496 9.356048353159071e+138 94
1757589458586 2.25848136754175e+140 95
1757589458677 5.451808172636252e+141 96
1757589458766 1.3160264582379371e+143 97
1757589458857 3.1767912295138745e+144 98
1757589458949 7.668540744559737e+145 99
1757589459032 1.8511294228161054e+147 100
1757589459110 4.4684904914229835e+148 101
1757589459182 1.0786607908571509e+150 102
1757589459252 2.6038079390923245e+151 103
1757589459322 6.285401157756637e+152 104
1757589459395 1.517249683465524e+154 105
1757589459466 3.662529318650311e+155 106
1757589459547 8.841076822197206e+156 107
1757589459638 2.134171021593282e+158 108
1757589459730 5.151732126083457e+159 109
1757589459826 1.2435903041690852e+161 110
1757589459919 3.0019356728453953e+162 111
1757589460012 7.24645227104992e+163 112
1757589460104 1.7492403648620413e+165 113
1757589460194 4.2225377876108696e+166 114
1757589460286 1.0192896142782459e+168 115
1757589460382 2.4604902786751297e+169 116
1757589460475 5.939442849853469e+170 117
1757589460568 1.4337378884370436e+172 118
1757589460663 3.4609379780304225e+173 119
1757589460754 8.354450129535826e+174 120
1757589460846 2.0167029114639505e+176 121
1757589460941 4.868172734347441e+177 122
1757589461037 1.175141149285118e+179 123
1757589461132 2.836704439429187e+180 124
1757589461229 6.847596207121558e+181 125
1757589461326 1.652959439976797e+183 126
1757589461419 3.9901227052010065e+184 127
1757589461511 9.631863200941017e+185 128
1757589461596 2.3250610463862446e+187 129
1757589461666 5.612526628175692e+188 130
1757589461736 1.3548227131903153e+190 131
1757589461812 3.27044254001695e+191 132
1757589461887 7.89460813095331e+192 133
1757589461959 1.9057004297953866e+194 134
1757589462034 4.600220894920823e+195 135
1757589462122 1.110459542916633e+197 136
1757589462216 2.6805677914643697e+198 137
1757589462309 6.470693804623907e+199 138
1757589462401 1.5619779677470945e+201 139
1757589462495 3.770500112343285e+202 140
1757589462581 9.101710389478801e+203 141
1757589462659 2.19708605080673e+205 142
1757589462727 5.3036043865222715e+206 143
1757589462801 1.2802511525850374e+208 144
1757589462877 3.090432268780298e+209 145
1757589462946 7.460076555005624e+210 146
1757589463026 1.800807698287106e+212 147
1757589463107 4.347017543719649e+213 148
1757589463203 1.0493381133021831e+215 149
1757589463298 2.5330251487468995e+216 150
1757589463391 6.114536699703921e+217 151
1757589463484 1.4760042580122794e+219 152
1757589463572 3.5629658904097696e+220 153
1757589463645 8.60073801773399e+221 154
1757589463716 2.0761549990922666e+223 155
1757589463791 5.011685708096312e+224 156
1757589463866 1.209784127279443e+226 157
1757589463938 2.920330044345944e+227 158
1757589464021 7.049462276454268e+228 159
1757589464113 1.7016884267367752e+230 160
1757589464188 4.10775090089052e+231 161
1757589464265 9.915809027463633e+232 162
1757589464337 2.3936034837899646e+234 163
1757589464409 5.777983038744519e+235 164
1757589464491 1.3947626756942347e+237 165
1757589464571 3.3668546765627794e+238 166
1757589464669 8.127339948676491e+239 167
1757589464767 1.9618801815582624e+241 168
1757589464869 4.735834690190207e+242 169
1757589464965 1.143195717232587e+244 170
1757589465063 2.7595905123251665e+245 171
1757589465155 6.661448849852284e+246 172
1757589465251 1.6080248348806315e+248 173
1757589465343 3.881653868212497e+249 174
1757589465438 9.370027393717166e+250 175
1757589465531 2.2618558052792317e+252 176
1757589465627 5.459953817537132e+253 177
1757589465723 1.3179927571005392e+255 178
1757589465816 3.181537730575625e+256 179
1757589465908 7.679998449569739e+257 180
1757589466001 1.8538952286673697e+259 181
1757589466096 4.4751669436446116e+260 182
1757589466172 1.0802724373958043e+262 183
1757589466250 2.6076983354874897e+263 184
1757589466333 6.29479228896842e+264 185
1757589466410 1.5195166335775096e+266 186
1757589466483 3.668001569750148e+267 187
1757589466553 8.854286434504676e+268 188
1757589466628 2.1373597250012583e+270 189
1757589466718 5.159429421952063e+271 190
1757589466812 1.2454483748676838e+273 191
1757589466904 3.006420919066831e+274 192
1757589466995 7.257279326060303e+275 193
1757589467089 1.751853936434493e+277 194
1757589467175 4.228846757462571e+278 195
1757589467245 1.0208125532713518e+280 196
1757589467315 2.464166541569469e+281 197
1757589467381 5.948317078518861e+282 198
1757589467454 1.435880062070136e+284 199
1757589467531 3.4661090278729963e+285 200
1757589467601 8.366932664126574e+286 201
1757589467689 2.0197161036503147e+288 202
1757589467791 4.875446359015528e+289 203
1757589467888 1.1768969488670867e+291 204
1757589467982 2.8409428106852184e+292 205
1757589468079 6.857827324094394e+293 206
1757589468174 1.655429156483175e+295 207
1757589468242 3.9960844194870185e+296 208
1757589468311 9.646254341436798e+297 209
1757589468385 2.328534962022473e+299 210
1757589468456 5.620912405419122e+300 211
1757589468525 1.3568469782370272e+302 212
1757589468602 3.275328967190471e+303 213
1757589468681 inf 214
1757589468775 inf 215
1757589468871 inf 216
