1757586397095 1064048180666.4818 0
1757586397157 1081846333761.2843 1
1757586397219 16835422312305.646 2
1757586397282 968220611845717.0 3
1757586397343 5.6713816068871304e+16 4
1757586397406 3.3229849587688003e+18 5
1757586397471 1.9470193582173425e+20 6
1757586397534 1.1408068366163092e+22 7
1757586397599 6.684269784334213e+23 8
1757586397668 3.916479196910906e+25 9
1757586397740 2.294762150529576e+27 10
1757586397804 1.3445579722287054e+29 11
1757586397866 7.878098130024527e+30 12
1757586397929 4.615972790178412e+32 13
1757586397993 2.704612769224684e+34 14
1757586398055 1.584699599403486e+36 15
1757586398124 9.285147393094167e+37 16
1757586398189 5.4403977980392056e+39 17
1757586398252 3.187663797660694e+41 18
1757586398315 1.8677311593977226e+43 19
1757586398392 1.0943499393961116e+45 20
1757586398454 6.412067303318207e+46 21
1757586398516 3.756989023544922e+48 22
1757586398578 2.2013129081992984e+50 23
1757586398640 1.2898037469464317e+52 24
1757586398702 7.5572795645753775e+53 25
1757586398763 4.427997247826309e+55 26
1757586398825 2.5944732438727794e+57 27
1757586398886 1.5201661239685958e+59 28
1757586398948 8.907029779240331e+60 29
1757586399009 5.218849324254042e+62 30
1757586399072 3.057853060371136e+64 31
1757586399134 1.7916718337442373e+66 32
1757586399197 1.0497848969377316e+68 33
1757586399258 6.150949683321768e+69 34
1757586399319 3.603993743586911e+71 35
1757586399381 2.1116691848467738e+73 36
1757586399443 1.2372792694677165e+75 37
1757586399505 7.249525643694279e+76 38
1757586399565 4.247676604263368e+78 39
1757586399625 2.4888189132898923e+80 40
1757586399687 1.4582606352217053e+82 41
1757586399751 8.544310190194692e+83 42
1757586399813 5.006322934525735e+85 43
1757586399874 2.933328585556327e+87 44
1757586399940 1.7187098601854382e+89 45
1757586400004 1.0070346697754672e+91 46
1757586400068 5.900465515572044e+92 47
1757586400131 3.457228866630535e+94 48
1757586400193 2.025676008904643e+96 49
1757586400255 1.1868937381201032e+98 50
1757586400317 6.954304337890915e+99 51
1757586400378 4.074699130236255e+101 52
1757586400440 2.3874671275866907e+103 53
1757586400503 1.398876114069446e+105 54
1757586400564 8.19636157458665e+106 55
1757586400630 4.802451223927721e+108 56
1757586400691 2.8138751015712668e+110 57
1757586400753 1.648719105733469e+112 58
1757586400814 9.660253534681359e+113 59
1757586400876 5.6601817756462655e+115 60
1757586400938 3.3164406729429226e+117 61
1757586400999 1.9431847196982195e+119 62
1757586401063 1.1385600489328052e+121 63
1757586401125 6.671105283429758e+122 64
1757586401187 3.9087657909934986e+124 65
1757586401249 2.2902426748969025e+126 66
1757586401312 1.3419098995403712e+128 67
1757586401373 7.862582416361218e+129 68
1757586401441 4.6068817493072515e+131 69
1757586401502 2.6992861032447347e+133 70
1757586401581 1.5815785738945398e+135 71
1757586401643 9.266860531736287e+136 72
1757586401706 5.429683073107815e+138 73
1757586401770 3.181385774980444e+140 74
1757586401835 1.8640527104383577e+142 75
1757586401897 1.0921946450565059e+144 76
1757586401964 6.399438900038306e+145 77
1757586402027 3.749589729329326e+147 78
1757586402091 2.196977478479842e+149 79
1757586402160 1.2872635113098037e+151 80
1757586402222 7.542395694908096e+152 81
1757586402286 4.419276419999225e+154 82
1757586402350 2.589363494883454e+156 83
1757586402416 1.5171721954962584e+158 84
1757586402486 8.889487610894666e+159 85
1757586402560 5.208570933400332e+161 86
1757586402629 3.051830696632516e+163 87
1757586402695 1.7881431816899983e+165 88
1757586402759 1.0477173723144606e+167 89
1757586402823 6.138835544545463e+168 90
1757586402886 3.5968957696793777e+170 91
1757586402956 2.107510306157804e+172 92
1757586403028 1.2348424794520162e+174 93
1757586403097 7.235247887537621e+175 94
1757586403160 4.239310913352166e+177 95
1757586403225 2.4839172478143175e+179 96
1757586403293 1.4553886280331205e+181 97
1757586403364 8.527482388843524e+182 98
1757586403441 4.996463108984911e+184 99
1757586403515 2.927551469600018e+186 100
1757586403586 1.7153249048802496e+188 101
1757586403652 1.0050513406360173e+190 102
1757586403719 5.888844698985904e+191 103
1757586403794 3.450419942411008e+193 104
1757586403858 2.0216864915859974e+195 105
1757586403921 1.1845561811253965e+197 106
1757586403986 6.940608012578657e+198 107
1757586404049 4.066674114055521e+200 108
1757586404111 2.3827650718722753e+202 109
1757586404177 1.3961210631831278e+204 110
1757586404241 8.18021904917391e+205 111
1757586404303 4.7929929185296116e+207 112
1757586404367 2.808333246209951e+209 113
1757586404429 1.6454719954369592e+211 114
1757586404491 9.641227911329107e+212 115
1757586404557 5.649034191767404e+214 116
1757586404620 3.3099090274858997e+216 117
1757586404697 1.9393576668731444e+218 118
1757586404760 1.1363176839082103e+220 119
1757586404821 6.657966711444039e+221 120
1757586404884 3.9010675762991764e+223 121
1757586404945 2.285732100266396e+225 122
1757586405007 1.3392670421630129e+227 123
1757586405069 7.847097260501433e+228 124
1757586405133 4.597808613009546e+230 125
1757586405196 2.6939699279977983e+232 126
1757586405258 1.5784636951658571e+234 127
1757586405320 9.248609685886193e+235 128
1757586405382 5.418989450554336e+237 129
1757586405443 3.175120116705998e+239 130
1757586405504 1.8603815060905534e+241 131
1757586405568 1.0900435955142267e+243 132
1757586405631 6.386835368077168e+244 133
1757586405694 3.7422050078353e+246 134
1757586405755 2.192650587278832e+248 135
1757586405817 1.2847282786025817e+250 136
1757586405879 7.527541138643181e+251 137
1757586405941 4.4105727676205247e+253 138
1757586406002 2.584263809414689e+255 139
1757586406063 1.5141841634898313e+257 140
1757586406125 8.871979991403004e+258 141
1757586406187 5.198312785575749e+260 142
1757586406249 3.045820193785968e+262 143
1757586406310 1.7846214792261474e+264 144
1757586406374 1.0456539196283008e+266 145
1757586406435 6.126745264257094e+267 146
1757586406498 3.5898117750507695e+269 147
1757586406562 2.1033596182745424e+271 148
1757586406623 1.2324104886322236e+273 149
1757586406687 7.220998251058322e+274 150
1757586406749 4.2309616984562846e+276 151
1757586406813 2.4790252360441302e+278 152
1757586406875 1.4525222771895862e+280 153
1757586406937 8.510687729418759e+281 154
1757586407003 4.986622702119496e+283 155
1757586407068 2.921785731526518e+285 156
1757586407136 1.711946616158368e+287 157
1757586407204 1.0030719176128205e+289 158
1757586407270 5.8772467693022036e+290 159
1757586407332 3.443624428194414e+292 160
1757586407398 2.017704831520157e+294 161
1757586407461 1.1822232278896901e+296 162
1757586407522 6.926938661830498e+297 163
1757586407585 4.05866490293991e+299 164
1757586407646 2.3780722767369183e+301 165
1757586407710 1.3933714382994053e+303 166
1757586407773 inf 167
