1757546223954 41002279647047.68 0
1757546224466 2.1060796314363725e+18 1
1757546224957 4.9431945676204815e+22 2
1757546225439 2.7333465201951554e+27 3
1757546225934 6.929091105097883e+33 4
1757546226421 3.5151439787230634e+36 5
1757546226914 2.29645463207786e+40 6
1757546227401 9.318947152816353e+45 7
1757546227889 2.360752771764282e+48 8
1757546228388 1.8008724163713205e+54 9
1757546228883 3.539505130912449e+55 10
1757546229390 7.632244070947983e+61 11
1757546229874 3.0934136251462005e+65 12
1757546230383 7.700019859122417e+65 13
1757546230864 9.096074136156885e+70 14
1757546231368 9.517298978519237e+75 15
1757546231870 4.091696715987416e+81 16
1757546232349 6.154258685974701e+86 17
1757546232829 3.6421109547367103e+90 18
1757546233329 6.798851284416603e+95 19
1757546233815 2.3569324639598546e+101 20
1757546234302 2.0189662663969584e+107 21
1757546234779 1.883797888796196e+111 22
1757546235262 2.875997616763604e+111 23
1757546235735 8.003110538279617e+118 24
1757546236220 1.1888172176587946e+121 25
1757546236799 1.0154323109279107e+126 26
1757546237285 3.190564820535796e+129 27
1757546237770 2.3102164567024663e+136 28
1757546238262 4.781355301467533e+134 29
1757546238764 8.851310852506537e+139 30
1757546239282 4.8546280797546577e+142 31
1757546239798 1.6504238387335987e+149 32
1757546240281 6.846759155793541e+150 33
1757546240779 3.3455431084059977e+156 34
1757546241276 1.4235285497742352e+159 35
1757546241766 1.5048078506641823e+163 36
1757546242262 1.6298570517999195e+168 37
1757546242764 1.695187285128346e+172 38
1757546243254 5.618514799764326e+177 39
1757546243751 4.7376050042854647e+182 40
1757546244258 3.7724549063267804e+185 41
1757546244862 4.9635093901723953e+188 42
1757546245394 1.9549219765057483e+193 43
1757546245877 1.7648238295257204e+195 44
1757546246367 1.44254961138013e+203 45
1757546246865 4.722792417750536e+205 46
1757546247347 1.5780837478444688e+208 47
1757546247826 9.323140350795292e+212 48
1757546248304 9.768518381037633e+216 49
1757546248797 7.859096616619043e+221 50
1757546249286 1.1539699686853925e+225 51
1757546249772 3.210858813286308e+230 52
1757546250252 3.461142521159764e+232 53
1757546250736 7.932140559082332e+234 54
1757546251226 4.851277045661999e+236 55
1757546251704 1.2214022238484162e+241 56
1757546252197 4.481860713130061e+246 57
1757546252678 1.1501374877947988e+251 58
1757546253186 1.1839461818520025e+253 59
1757546253697 3.2943677889249794e+256 60
1757546254183 1.530045289902244e+260 61
1757546254674 1.2392994873218399e+264 62
1757546255158 1.39752581136468e+269 63
1757546255648 2.2248308046467333e+273 64
1757546256140 8.437578819389136e+277 65
1757546256627 5.167979356506511e+280 66
1757546257101 5.511684997851402e+285 67
1757546257593 4.2150004648833564e+288 68
1757546258068 1.0724815728633685e+292 69
1757546258546 5.3227869824241595e+295 70
1757546259020 1.6566076864336234e+299 71
1757546259536 6.646782888758154e+301 72
1757546260072 9.270242176304213e+304 73
1757546260580 inf 74
