1757538991636 377357445579.5298 0
1757538992114 263483881500.67572 1
1757538992592 85775159311.61975 2
1757538993086 76369117231.83238 3
1757538993563 10375067099.713501 4
1757538994050 72738358426.7904 5
1757538994545 52182050843.16546 6
1757538995021 6666174603.017001 7
1757538995518 9242026037.179447 8
1757538996003 16651262696.846498 9
1757538996488 75525666726.80229 10
1757538996956 13000115053.466236 11
1757538997440 16146787826.990788 12
1757538997924 48845736026.084435 13
1757538998395 825369779.203323 14
1757538998881 21128790389.111652 15
1757538999362 104029502597.87994 16
1757538999845 3499918969.830159 17
1757539000330 36484157224.725525 18
1757539000889 42960891074.218346 19
1757539001430 219758993739.9995 20
1757539001928 581191823.2292438 21
1757539002418 230347796.9544796 22
1757539002914 105757638969.6843 23
1757539003381 251042331564.98032 24
1757539003878 23915915135.270706 25
1757539004377 33116177671.894382 26
1757539004876 763888432.2068042 27
1757539005351 64470406509.99929 28
1757539005825 19600406654.87524 29
1757539006313 9556478161.422272 30
1757539006800 675657390.7582716 31
1757539007278 5981631275.134059 32
1757539007765 13005125695.65382 33
1757539008256 2607045406.3604703 34
1757539008754 178347218784.00656 35
1757539009286 17128600123.648094 36
1757539009764 38556626138.79853 37
1757539010250 20737047004.378643 38
1757539010723 59228946495.57166 39
1757539011201 92917425.44478771 40
1757539011693 1736269333.9419215 41
1757539012183 3789921498.5297074 42
1757539012669 132373002.75412248 43
1757539013190 265922727363.2689 44
1757539013685 149618862741.08304 45
1757539014184 1850658709.1789136 46
1757539014664 20837414360.959957 47
1757539015139 63610772782.68547 48
1757539015615 20344498615.099586 49
1757539016104 20447911024.549667 50
1757539016588 678432871611.0498 51
1757539017073 11004780796555.148 52
1757539017584 652197973305.1957 53
1757539018071 32367133111.59011 54
1757539018545 33722462.441305935 55
1757539019020 3393192122.980887 56
1757539019508 59237978822.317116 57
1757539019987 159158064658.9315 58
1757539020492 32801140790.533215 59
1757539020969 2460860087.8481526 60
1757539021446 106261701026.3615 61
1757539021920 39309322265.93442 62
1757539022403 5001348277.322034 63
1757539022882 13855141024.723011 64
1757539023386 240741129952.09976 65
1757539023867 2339737229.074652 66
1757539024369 335931864332.7957 67
1757539024843 87504781.43374173 68
1757539025330 51037321979.51398 69
1757539025822 20543398053.430653 70
1757539026314 280232136526.34717 71
1757539026831 18443869852.637455 72
1757539027331 3360338.5241152854 73
1757539027831 198994640.38764688 74
1757539028325 650982281.2788366 75
1757539028812 3976443815.11095 76
1757539029301 178135672391.37872 77
1757539029785 15071857668148.602 78
1757539030294 569963098643.7539 79
1757539030784 3224266863.350095 80
1757539031255 50727380878.34205 81
1757539031733 3422468934.7098174 82
1757539032244 6103809731.018451 83
1757539032726 366947906.19499546 84
1757539033213 870494996.8236902 85
1757539033687 1225421340379.6035 86
1757539034160 200252324845.7323 87
1757539034650 17229503377.868633 88
1757539035122 4735612.854168835 89
1757539035621 13604726526.280529 90
1757539036097 19322324943.32671 91
1757539036595 2069013330315.1555 92
1757539037093 63156202.64365534 93
1757539037599 14524280802.50678 94
1757539038123 98409563.43881422 95
1757539038616 716927056.4750974 96
1757539039111 128129871249.33215 97
1757539039619 2330576.4629419716 98
1757539040118 35113667988.09381 99
1757539040619 95854907572.26163 100
1757539041103 667226435.3448379 101
1757539041580 10176120242.191725 102
1757539042055 6324406481.794398 103
1757539042535 2598605121.6296535 104
1757539043028 4606755828.900222 105
1757539043511 14514447121.770565 106
1757539044014 56903850653.37168 107
1757539044511 15716268973.30748 108
1757539045018 129924650716.6795 109
1757539045497 12526934510.948023 110
1757539045982 57795469617.41453 111
1757539046461 103610241130.2028 112
1757539046949 38026029013.39991 113
1757539047440 64593134.46939026 114
1757539047990 398656005076.92316 115
1757539048533 2799127127647.5024 116
1757539049011 19778031345.058674 117
1757539049552 516999621156.0461 118
1757539050045 83471406252.5731 119
1757539050630 145285328380.97192 120
1757539051120 38745443692.3272 121
1757539051614 93402257007.89384 122
1757539052096 33298004891.051872 123
1757539052581 2375200726.645424 124
1757539053056 324211749811.9882 125
1757539053550 1017447380512.7848 126
1757539054027 19300926628.82204 127
1757539054527 1446820.0906964468 128
1757539055007 343749285238.5478 129
1757539055495 134805321686.04288 130
1757539055976 563771066693.7266 131
1757539056454 105811996340.66022 132
1757539056937 2245758768.790708 133
1757539057429 263305548461.95422 134
1757539057920 13009592881748.992 135
1757539058392 34564199137.09089 136
1757539058869 321872723218.04333 137
1757539059374 82159752733.22552 138
1757539059857 22803980571.566025 139
1757539060356 16097321034.250069 140
1757539060843 8444510941.819199 141
1757539061321 3057308699.532077 142
1757539061790 18303742.231432665 143
1757539062270 11630771955.27691 144
1757539062741 146878527799.20566 145
1757539063215 121348933133.47095 146
1757539063765 39527384593.59429 147
1757539064247 26098722830.875042 148
1757539064732 17761197441.509933 149
1757539065242 195532274450.98196 150
1757539065740 3401810790.206019 151
1757539066210 675848673017.9835 152
1757539066693 55569161850.12657 153
1757539067175 573466165.430852 154
1757539067651 5589113795.098227 155
1757539068137 904339467418.055 156
1757539068612 55594823147.4304 157
1757539069100 46046581644.31357 158
1757539069578 1754883.5428426142 159
1757539070072 721214080.9168463 160
1757539070594 7868466244.4481 161
1757539071073 86802105863.72025 162
1757539071560 254140174157.7207 163
1757539072044 4542498.719923691 164
1757539072534 48026605452.06707 165
1757539073023 2530261052.5977497 166
1757539073508 57210909251.595566 167
1757539073984 85621688.22557174 168
1757539074460 6848933862.037378 169
1757539074967 10625652428.973495 170
1757539075443 15354002395.622961 171
1757539075927 57119621502.53736 172
1757539076406 60605225619.04592 173
1757539076887 77121205708.30093 174
1757539077365 82222538025.18999 175
1757539077859 48258693769.19115 176
1757539078334 178271173390.01028 177
1757539078810 120569819.48291911 178
1757539079278 234684889148.2692 179
1757539079778 776054597868.5381 180
1757539080281 10759602190.61586 181
1757539080761 102155764.80369213 182
1757539081229 101576384294.25111 183
1757539081707 183638695524.5418 184
1757539082181 6683204425.671468 185
1757539082652 652299286379.2146 186
1757539083128 12847384350.484207 187
1757539083604 1382695241639.1113 188
1757539084095 198759703477.11896 189
1757539084569 281927709713.25714 190
1757539085167 28627209550.94826 191
1757539085650 212577618967.45343 192
1757539086131 76989436.48794125 193
1757539086609 286027149.14183193 194
1757539087090 175424260145.4109 195
1757539087570 30202141460.155155 196
1757539088061 156911679652.46457 197
1757539088551 59839859741.83122 198
1757539089048 16505012204.325735 199
1757539089540 11779221740.971123 200
1757539090013 6996915572.938864 201
1757539090501 84247583833.61766 202
1757539090993 54957584431.3766 203
1757539091477 4556748786.940959 204
1757539091942 17610265163.535885 205
1757539092418 1329630.8919025494 206
1757539092888 197780556647.66687 207
1757539093374 14233438730.360283 208
1757539093853 116545433072.19551 209
1757539094369 2648985609299.3013 210
1757539094868 3109362953.2470903 211
1757539095383 6010031372.664014 212
1757539095852 332407703203.01495 213
1757539096338 714290514874.7039 214
1757539096821 392441842.94959456 215
1757539097300 65333414510.80545 216
1757539097796 15574525759926.068 217
1757539098273 9766255854168.01 218
1757539098757 785431784791.6664 219
1757539099249 1642285909127.6057 220
1757539099752 330709943163.84644 221
1757539100242 245492108996.3447 222
1757539100741 1118311991.5761957 223
1757539101252 87521336863.69481 224
1757539101739 184475932563.97733 225
1757539102218 14447545946.88915 226
1757539102686 199573835973.37665 227
1757539103165 90902074951.49753 228
1757539103646 69006936710.82278 229
1757539104118 118402788581.65613 230
1757539104600 347544524285.89374 231
1757539105092 216203561964.59982 232
1757539105573 114210689898.19014 233
1757539106041 46395169364.21152 234
1757539106513 122390158.25210047 235
1757539106987 159232627879.98883 236
1757539107467 5989776412.925521 237
1757539107960 131052608191.66272 238
1757539108450 27159823863.324085 239
1757539108947 44186300201.694145 240
1757539109447 190895395437.5352 241
1757539109943 21126341653.525986 242
1757539110447 5625206585.418255 243
1757539110931 2448941001.8380775 244
1757539111443 9660531465.384424 245
1757539111956 438792339943.2268 246
1757539112526 3190714717698.3037 247
1757539113072 28399076082.073307 248
1757539113563 25217218100.02266 249
1757539114122 14268339967.04628 250
1757539114606 29985011305.818153 251
1757539115086 37407529.065060765 252
1757539115552 251967388355.708 253
1757539116025 656479535080.4619 254
1757539116492 1613802347.7926812 255
1757539116978 3157751741.8927073 256
1757539117460 3819791150.9992433 257
1757539117961 1595986477623.256 258
1757539118442 31114964591.874275 259
1757539118926 3724909202.6387897 260
1757539119413 144393728777.37836 261
1757539119893 99114395631.33122 262
1757539120390 152262914935.27145 263
1757539120892 848177022282.816 264
1757539121400 145514925835.92474 265
1757539121874 14743634479.616241 266
1757539122381 14949295277.457737 267
1757539122881 18317173059.911793 268
1757539123378 23304033696.46623 269
1757539123854 1312377118.2332635 270
1757539124370 50347423945.23773 271
1757539124861 51270853113.756714 272
1757539125653 24929000477.367046 273
1757539126147 19007419301.347847 274
1757539126645 21879451133.39786 275
1757539127124 224435785179.97113 276
1757539127603 5002133953.398645 277
1757539128105 409227179.11795145 278
1757539128582 2082724389441.5964 279
1757539129055 5609591221.970108 280
1757539129553 9436673092.46477 281
1757539130028 33773629063.130955 282
1757539130514 8151277187594.813 283
1757539131005 466366377042.236 284
1757539131486 206420748332.92746 285
1757539131962 74620429410.53755 286
1757539132445 3061656067.8835435 287
1757539132943 83020543779.65286 288
1757539133442 3563143696.014216 289
1757539133923 12590739352.718546 290
1757539134409 40667629632.48303 291
1757539134892 445756605215.23035 292
1757539135384 1828276895.6097283 293
1757539135863 1990118560.9686928 294
1757539136351 4473689554656.516 295
1757539136833 67898809138.4981 296
1757539137323 1463191156417.2656 297
1757539137826 47535532097.24264 298
1757539138302 55651448154.40096 299
1757539138775 364272800.05022097 300
1757539139258 123771498349.53134 301
1757539139738 1414602925.337301 302
1757539140220 19295792722.985054 303
1757539140689 2301651214.361311 304
1757539141176 9373033631.791868 305
1757539141661 16043323086.18825 306
1757539142132 65202395501.61277 307
1757539142608 3298358975167.7583 308
1757539143085 20662729558.828022 309
1757539143596 42632675418.96907 310
1757539144095 1638854489.4083438 311
1757539144605 244373688197.4182 312
1757539145103 24256255746.33402 313
1757539145598 2963656835.247007 314
1757539146082 626003731.2677857 315
1757539146579 37629438082.35502 316
1757539147069 27326060887.44676 317
1757539147550 101378015856.40384 318
1757539148067 6116552764.339359 319
1757539148555 21499492316.636097 320
1757539149063 13641502718.915445 321
1757539149624 554294880276.1049 322
1757539150105 441609179961.60675 323
1757539150583 1174390666010.9072 324
1757539151063 7220578284285.122 325
1757539151542 226178170048.3176 326
1757539152029 270781978.91429657 327
1757539152514 77289170123.73434 328
1757539153001 470233917024.31635 329
1757539153474 627297750788.7026 330
1757539153961 11672115.460124487 331
1757539154456 1185773004.34611 332
1757539154933 83114144832.7157 333
1757539155415 9219805615.096838 334
1757539217885 3341143509.7020893 335
1757539218450 496539092639.8701 336
1757539218970 151388813459.90723 337
1757539219467 21602562417.20894 338
1757539219967 30642130135.3491 339
1757539220463 21494036150.192616 340
1757539220951 376123474.5540635 341
1757539221454 37519842520.63877 342
1757539221940 21822087886.938114 343
1757539222443 38616017739.997696 344
1757539222922 145129162769.03595 345
1757539223415 24854762383.703594 346
1757539223897 46275525145.6648 347
1757539224385 246474268992.01178 348
1757539224893 344810134744.03094 349
1757539225393 67774127141.99508 350
1757539225901 125109004.59641244 351
1757539226403 8742963484.059832 352
1757539226917 11808342277.335596 353
1757539227414 158125268106.8934 354
1757539227931 177993663526.85556 355
1757539228432 6661129403.174106 356
1757539228942 131543877551.6231 357
1757539229453 136345436290.14565 358
1757539229952 45459373097.686775 359
1757539230461 28596074299.591145 360
1757539230947 4187056102.3842416 361
1757539231430 45772263616.488594 362
1757539231927 242386921173.08392 363
1757539232417 7821984374.951756 364
1757539232923 105306840.89879201 365
1757539233410 1413391080.5753074 366
1757539233882 185497184112.83853 367
1757539234375 178451626967.20618 368
1757539234901 377008325526.4311 369
1757539235388 21807178379.65334 370
1757539235874 365255338484.10266 371
1757539236367 41751913.30567628 372
1757539236870 2723553077.8731403 373
1757539237381 29046891311.55959 374
1757539237876 22011572.368827455 375
1757539238402 11782261882.322523 376
1757539238917 108529968981.71558 377
1757539239451 57312665069.169945 378
1757539239971 461532248507.9898 379
1757539240511 89586024030.09908 380
1757539241035 95930359025.65858 381
1757539241561 137959897775.2375 382
1757539242056 2004910954.1620717 383
1757539242554 80797881750.22247 384
1757539243051 268897173707.8672 385
1757539243542 7666925650.415463 386
1757539244027 147470672850.60904 387
1757539244509 2605857353491.633 388
1757539245001 139521258396.65372 389
1757539245487 16388499540.742388 390
1757539245978 30119959444.351578 391
1757539246460 23164896056.802685 392
1757539246974 39468063017.81686 393
1757539247473 232418296657.27087 394
1757539247972 31991175168.79405 395
1757539248463 8299779663.773893 396
1757539248993 42670139938.63931 397
1757539249513 7071267425.503121 398
1757539250017 136506901528.60883 399
1757539250521 180042877400.92606 400
1757539251025 10255110338.481623 401
1757539251516 26591076815.109066 402
1757539252009 292303151579.8986 403
1757539252496 8696415333.69518 404
1757539253000 66698271469.709366 405
1757539253503 13325388346.78137 406
1757539253981 8906008146.056688 407
1757539254488 1564832832.4815419 408
1757539254978 4609076195.399025 409
1757539255463 387460407666.9415 410
1757539255956 365595491963.2483 411
1757539256438 51260351797.889 412
1757539256927 224879522358.14734 413
1757539257409 8744821215.514036 414
1757539257915 57912182410.77251 415
1757539258394 86147970056.96838 416
1757539258886 9107999822.058565 417
1757539259372 1043745877.2541008 418
1757539259872 13762497161.662409 419
1757539260371 61115671843.75311 420
1757539260871 22930183.69306451 421
1757539261366 380356.75817192445 422
1757539261867 125813845692.21704 423
1757539262365 11199181030.485197 424
1757539262875 5675665818.986324 425
1757539263374 12981594156.509956 426
1757539263881 898173942679.0404 427
1757539264396 42513540.606950685 428
1757539264889 119518341772.04227 429
1757539265365 1527283731.9316123 430
1757539265871 137761272205.72253 431
1757539266362 72620489519.56802 432
1757539266867 473168231241.12305 433
1757539267359 625190863.6049621 434
1757539267869 76243439665.60571 435
1757539268363 288311394431.6067 436
1757539268874 35331078245.01258 437
1757539269369 128798816211.70425 438
1757539269858 91327750547.19676 439
1757539270358 1343981436.765786 440
1757539270833 40115936408.36304 441
1757539271323 489926389122.11993 442
1757539271809 376938541469.9156 443
1757539272296 85705974221.55113 444
1757539272804 16357874243.715544 445
1757539273289 141823879070.49207 446
1757539273799 271983486.99012053 447
1757539274294 140082018534.12244 448
1757539274813 56777419719.26735 449
1757539275333 70971945512.27582 450
1757539275840 6945634359.110426 451
1757539276334 73101520512.24818 452
1757539276841 9130152029.739609 453
1757539277345 30525318008.275204 454
1757539277854 91802037737.76921 455
1757539278356 317484143.9410651 456
1757539278864 471107267582.78656 457
1757539279362 15984286820.35631 458
1757539279851 17169504876.042816 459
1757539280358 6612242271.462787 460
1757539280870 38629019412.2999 461
1757539281363 109382570403.79507 462
1757539281853 2154101358.081826 463
1757539282355 62672439349.360756 464
1757539282844 4580339969.460734 465
1757539283335 775164323.2844598 466
1757539283819 51055804579.577705 467
1757539284314 6872737995.541242 468
1757539284807 52425099445.58276 469
1757539285296 818700175.3417443 470
1757539285785 204301170397.1524 471
1757539286271 67836623884.64685 472
1757539286773 54243445508.07112 473
1757539287289 3773593722.6997223 474
1757539287808 22419014590.350906 475
1757539288323 91322506140.503 476
1757539288813 6426222607.186554 477
1757539289334 37458053667.58737 478
1757539289837 1699913389040.5056 479
1757539290349 94738054983.846 480
1757539290844 41398347896.042984 481
1757539291333 3315289588.954775 482
1757539291817 828991454.590648 483
1757539292310 92383044583.65005 484
1757539292795 54148941792.23154 485
1757539293282 2574693738.8449287 486
1757539293793 52449560443.45516 487
1757539294271 2319971033.11983 488
1757539294766 461992174526.0749 489
1757539295279 27922553027.149277 490
1757539295788 164060174325.21548 491
1757539296265 83822331197.4519 492
1757539296765 184404518355.683 493
1757539297256 10803464574.432028 494
1757539297778 102824457.22429094 495
1757539298286 207686680481.39468 496
1757539298784 445093722407.116 497
1757539299278 1414566699.7321641 498
1757539299805 15258556270.243052 499
