1757591127492 1019576956265.8198 0
1757591127566 830197066089.0483 1
1757591127642 696553140334.948 2
1757591127713 598902526621.0082 3
1757591127781 525580927788.0524 4
1757591127845 469377752391.4502 5
1757591127909 425624915789.4458 6
1757591127973 391165984532.6148 7
1757591128042 363783798776.73474 8
1757591128115 341871267778.1201 9
1757591128186 324234255378.3358 10
1757591128253 309968392188.0462 11
1757591128323 298378758579.1623 12
1757591128390 288925435519.8003 13
1757591128454 281185323581.6743 14
1757591128517 274824613152.73752 15
1757591128580 269578488536.78586 16
1757591128642 265235902410.03824 17
1757591128718 261627997782.19736 18
1757591128792 258619209168.60187 19
1757591128981 256100364472.34915 20
1757591129052 253983300542.2238 21
1757591129121 252196635949.33588 22
1757591129187 250682436006.59033 23
1757591129250 249393570583.72122 24
1757591129318 248291613061.22256 25
1757591129382 247345164131.36594 26
1757591129448 246528510636.61334 27
1757591129511 245820549661.97717 28
1757591129576 245203923368.2161 29
1757591129651 244664321780.08145 30
1757591129723 244189919806.71057 31
1757591129789 243770921814.06674 32
1757591129858 243399192569.6474 33
1757591129923 243067957694.67218 34
1757591129988 242771560157.8583 35
1757591130052 242505262032.0493 36
1757591130120 242265082866.52435 37
1757591130186 242047667723.76047 38
1757591130250 241850179282.46472 39
1757591130313 241670209490.824 40
1757591130377 241505707121.31396 41
1757591130440 241354918275.06613 42
1757591130503 241216337444.34222 43
1757591130566 241088667193.43512 44
1757591130629 240970784882.95636 45
1757591130697 240861715157.1865 46
1757591130761 240760607152.6589 47
1757591130824 240666715579.36298 48
1757591130888 240579384982.65436 49
1757591130952 240498036621.1718 50
1757591131023 240422157499.4274 51
1757591131093 240351291177.8062 52
1757591131158 240285030051.1422 53
1757591131227 240223008842.78558 54
1757591131296 240164899106.5328 55
1757591131360 240110404565.88174 56
1757591131425 240059257150.36777 57
1757591131494 240011213613.50095 58
1757591131566 239966052637.0785 59
1757591131640 239923572343.24158 60
1757591131707 239883588149.2374 61
1757591131774 239845930911.0066 62
1757591131839 239810445310.8798 63
1757591131904 239776988452.19794 64
1757591131967 239745428629.87808 65
1757591132033 239715644251.05667 66
1757591132111 239687522884.16284 67
1757591132177 239660960418.26382 68
1757591132243 239635860317.4111 69
1757591132309 239612132957.1124 70
1757591132375 239589695032.04324 71
1757591132441 239568469025.7675 72
1757591132507 239548382734.61798 73
1757591132573 239529368839.0406 74
1757591132639 239511364516.6737 75
1757591132708 239494311092.2442 76
1757591132774 239478153720.0448 77
1757591132845 239462841095.33463 78
1757591132916 239448325191.48892 79
1757591132984 239434561020.14203 80
1757591133050 239421506411.91397 81
1757591133116 239409121815.617 82
1757591133185 239397370114.08868 83
1757591133253 239386216455.02557 84
1757591133327 239375628095.37454 85
1757591133400 239365574258.0093 86
1757591133472 239356025999.55594 87
1757591133542 239346956088.3596 88
1757591133612 239338338891.68887 89
1757591133685 239330150271.37033 90
1757591133759 239322367487.12854 91
1757591133829 239314969106.9775 92
1757591133900 239307934924.07742 93
1757591133969 239301245879.52274 94
1757591134039 239294883990.58252 95
1757591134109 239288832283.95566 96
1757591134179 239283074733.6448 97
1757591134247 239277596203.08887 98
1757591134315 239272382391.22507 99
1757591134383 239267419782.18137 100
1757591134453 239262695598.32462 101
1757591134521 239258197756.41452 102
1757591134588 239253914826.63382 103
1757591134655 239249835994.28363 104
1757591134723 239245951023.95175 105
1757591134798 239242250225.9755 106
1757591134867 239238724425.03644 107
1757591134936 239235364930.736 108
1757591135005 239232163510.0145 109
1757591135074 239229112361.2846 110
1757591135145 239226204090.16245 111
