1757556847521 1053301339882.1897 0
1757556847663 1050546106342.7074 1
1757556847762 1047809696196.7399 2
1757556847854 1045091104268.8734 3
1757556847926 1042389431963.558 4
1757556848003 1039703875219.383 5
1757556848073 1037033714132.2234 6
1757556848146 1034378303719.3134 7
1757556848222 1031737065698.7965 8
1757556848293 1029109481173.0951 9
1757556848363 1026495084116.7168 10
1757556848435 1023893455580.0457 11
1757556848507 1021304218530.3918 12
1757556848574 1018727033260.2284 13
1757556848649 1016161593300.2495 14
1757556848720 1013607621781.7421 15
1757556848812 1011064868198.8682 16
1757556848910 1008533105526.8801 17
1757556848985 1006012127657.1383 18
1757556849063 1003501747114.0925 19
1757556849163 1001001793023.2253 20
1757556849259 998512109302.363 21
1757556849342 996032553051.792 22
1757556849410 993562993121.3239 23
1757556849478 991103308834.8481 24
1757556849550 988653388855.0635 25
1757556849623 986213130172.9645 26
1757556849692 983782437208.3766 27
1757556849768 981361221009.3203 28
1757556849840 978949398539.3452 29
1757556849919 976546892043.1552 30
1757556849985 974153628481.9204 31
1757556850057 971769539030.614 32
1757556850131 969394558630.5499 33
1757556850202 967028625591.0566 34
1757556850272 964671681234.8821 35
1757556850340 962323669582.5216 36
1757556850410 959984537071.191 37
1757556850492 957654232304.6318 38
1757556850565 955332705830.3652 39
1757556850637 953019909941.3682 40
1757556850703 950715798499.4951 41
1757556850768 948420326778.2485 42
1757556850835 946133451322.7744 43
1757556850898 943855129825.1871 44
1757556850961 941585321013.538 45
1757556851023 939323984552.9312 46
1757556851085 937071080957.4469 47
1757556851146 934826571511.686 48
1757556851211 932590418200.8795 49
1757556851273 930362583648.6185 50
1757556851335 928143031061.3705 51
1757556851406 925931724179.0319 52
1757556851471 923728627230.8586 53
1757556851535 921533704896.1775 54
1757556851595 919346922269.359 55
1757556851659 917168244828.578 56
1757556851721 914997638407.9501 57
1757556851780 912835069172.6709 58
1757556851841 910680503596.8271 59
1757556851900 908533908443.5895 60
1757556851962 906395250747.5217 61
1757556852026 904264497798.7764 62
1757556852086 902141617128.9685 63
1757556852148 900026576498.5427 64
1757556852223 897919343885.4733 65
1757556852311 895819887475.1442 66
1757556852377 893728175651.2859 67
1757556852443 891644176987.8511 68
1757556852507 889567860241.7233 69
1757556852572 887499194346.1727 70
1757556852635 885438148404.9717 71
1757556852709 883384691687.1012 72
1757556852782 881338793621.9832 73
1757556852855 879300423795.1783 74
1757556852926 877269551944.5029 75
1757556853020 875246147956.5146 76
1757556853092 873230181863.3304 77
1757556853161 871221623839.7369 78
1757556853233 869220444200.5637 79
1757556853300 867226613398.2916 80
1757556853370 865240102020.8668 81
1757556853437 863260880789.7018 82
1757556853507 861288920558.201 83
1757556853585 859324192309.0157 84
1757556853656 857366667153.527 85
1757556853731 855416316330.0676 86
1757556853797 853473111202.5896 87
1757556853860 851537023259.4233 88
1757556853920 849608024112.1208 89
1757556853985 847686085494.373 90
1757556854092 845771179260.9937 91
1757556854182 843863277386.9612 92
1757556854258 841962351966.5166 93
1757556854325 840068375212.3049 94
1757556854390 838181319454.5624 95
1757556854454 836301157140.339 96
1757556854541 834427860832.7573 97
1757556854635 832561403210.3 98
1757556854709 830701757066.1255 99
1757556854780 828848895307.4087 100
1757556854848 827002790954.7024 101
1757556854917 825163417141.3196 102
1757556854980 823330747112.7344 103
1757556855041 821504754225.9971 104
1757556855106 819685411949.1647 105
1757556855167 817872693860.7461 106
1757556855230 816066573649.157 107
1757556855293 814267025112.1868 108
1757556855353 812474022156.4749 109
1757556855415 810687538796.9971 110
1757556855500 808907549156.5588 111
1757556855582 807134027465.2958 112
1757556855647 805366948060.1837 113
1757556855714 803606285384.5511 114
1757556855798 801852013987.601 115
1757556855874 800104108523.9357 116
1757556855945 798362543753.0881 117
1757556856019 796627294539.0574 118
1757556856089 794898335849.8477 119
1757556856157 793175642757.0133 120
1757556856226 791459190435.2057 121
1757556856295 789748954161.7244 122
1757556856361 788044909316.072 123
1757556856428 786347031379.5131 124
1757556856495 784655295934.6332 125
1757556856558 782969678664.9044 126
1757556856620 781290155354.251 127
1757556856680 779616701886.6191 128
1757556856741 777949294245.5494 129
1757556856804 776287908513.7499 130
1757556856883 774632520872.6743 131
1757556856965 772983107602.1006 132
1757556857038 771339645079.7119 133
1757556857128 769702109780.681 134
1757556857199 768070478277.2557 135
1757556857279 766444727238.3462 136
1757556857354 764824833429.1161 137
1757556857426 763210773710.5729 138
1757556857503 761602525039.163 139
1757556857576 760000064466.3671 140
1757556857652 758403369138.2977 141
1757556857731 756812416295.2996 142
1757556857808 755227183271.5497 143
1757556857878 753647647494.6619 144
1757556857950 752073786485.2915 145
1757556858038 750505577856.7421 146
1757556858114 748942999314.5737 147
1757556858186 747386028656.2146 148
1757556858254 745834643770.572 149
1757556858323 744288822637.6467 150
1757556858393 742748543328.148 151
1757556858460 741213784003.1116 152
1757556858527 739684522913.5184 153
1757556858598 738160738399.9146 154
1757556858665 736642408892.0344 155
1757556858730 735129512908.424 156
1757556858798 733622029056.0662 157
1757556858866 732119936030.009 158
1757556858960 730623212612.9932 159
1757556859036 729131837675.0829 160
1757556859111 727645790173.2982 161
1757556859179 726165049151.2474 162
1757556859245 724689593738.7638 163
1757556859312 723219403151.5409 164
1757556859382 721754456690.7712 165
1757556859449 720294733742.7865 166
1757556859518 718840213778.6985 167
1757556859586 717390876354.0416 168
1757556859648 715946701108.4183 169
1757556859718 714507667765.1437 170
1757556859785 713073756130.8944 171
1757556859883 711644946095.3567 172
1757556859956 710221217630.8763 173
1757556860028 708802550792.1124 174
1757556860106 707388925715.6887 175
1757556860206 705980322619.8497 176
1757556860287 704576721804.1171 177
1757556860355 703178103648.9469 178
1757556860425 701784448615.3898 179
1757556860492 700395737244.7506 180
1757556860563 699011950158.2517 181
1757556860634 697633068056.6962 182
1757556860704 696259071720.1329 183
1757556860773 694889942007.5228 184
1757556860841 693525659856.4073 185
1757556860910 692166206282.5776 186
1757556860978 690811562379.7454 187
1757556861045 689461709319.2146 188
1757556861112 688116628349.5558 189
1757556861213 686776300796.2803 190
1757556861283 685440708061.5171 191
1757556861357 684109831623.6906 192
1757556861460 682783653037.1991 193
1757556861560 681462153932.0963 194
1757556861659 680145316013.7723 195
1757556861757 678833121062.6366 196
1757556861848 677525550933.8037 197
1757556861938 676222587556.7783 198
1757556862024 674924212935.1423 199
1757556862112 673630409146.2438 200
1757556862203 672341158340.8868 201
1757556862291 671056442743.0228 202
1757556862380 669776244649.4424 203
1757556862473 668500546429.4701 204
1757556862576 667229330524.6588 205
1757556862672 665962579448.4867 206
1757556862767 664700275786.0544 207
1757556862855 663442402193.7852 208
1757556862940 662188941399.1232 209
1757556863016 660939876200.2373 210
1757556863085 659695189465.7224 211
1757556863155 658454864134.3041 212
1757556863224 657218883214.5441 213
1757556863290 655987229784.5466 214
1757556863358 654759886991.6666 215
1757556863427 653536838052.2186 216
1757556863495 652318066251.1869 217
1757556863566 651103554941.9374 218
1757556863660 649893287545.9308 219
1757556863728 648687247552.4357 220
1757556863798 647485418518.2449 221
1757556863864 646287784067.3909 222
1757556863934 645094327890.8644 223
1757556864001 643905033746.3326 224
1757556864072 642719885457.8601 225
1757556864140 641538866915.6287 226
1757556864209 640361962075.6611 227
1757556864281 639189154959.5444 228
1757556864349 638020429654.1545 229
1757556864418 636855770311.3823 230
1757556864487 635695161147.861 231
1757556864554 634538586444.6938 232
1757556864627 633386030547.1842 233
1757556864701 632237477864.5662 234
1757556864770 631092912869.7357 235
1757556864839 629952320098.9845 236
1757556864909 628815684151.733 237
1757556864981 627682989690.2666 238
1757556865053 626554221439.4708 239
1757556865124 625429364186.57 240
1757556865210 624308402780.8645 241
1757556865296 623191322133.4717 242
1757556865379 622078107217.0656 243
1757556865463 620968743065.6196 244
1757556865551 619863214774.1486 245
1757556865665 618761507498.4541 246
1757556865797 617663606454.8682 247
1757556865904 616569496920.0006 248
1757556866037 615479164230.4861 249
1757556866141 614392593782.7319 250
1757556866243 613309771032.6683 251
1757556866343 612230681495.4984 252
1757556866445 611155310745.45 253
1757556866545 610083644415.5283 254
1757556866647 609015668197.2695 255
1757556866751 607951367840.4952 256
1757556866858 606890729153.0691 257
1757556866962 605833738000.6528 258
1757556867068 604780380306.4641 259
1757556867170 603730642051.036 260
1757556867290 602684509273.2008 261
1757556867408 601641968066.1976 262
1757556867525 600603004581.0685 263
1757556867634 599567605025.2158 264
1757556867741 598535755662.1667 265
1757556867856 597507442811.3381 266
1757556867984 596482652847.8029 267
1757556868110 595461372202.0562 268
1757556868238 594443587359.7844 269
1757556868353 593429284861.6329 270
1757556868456 592418451302.9772 271
1757556868573 591411073333.6926 272
1757556868684 590407137657.9275 273
1757556868796 589406631033.8748 274
1757556868908 588409540273.5465 275
1757556869012 587415852242.5485 276
1757556869224 586425553859.8562 277
1757556869299 585438632097.5911 278
1757556869378 584455073980.7981 279
1757556869458 583474866587.2252 280
1757556869551 582497997047.1018 281
1757556869627 581524452542.9198 282
1757556869695 580554220309.2147 283
1757556869761 579587287632.3484 284
1757556869826 578623641850.2915 285
1757556869891 577663270352.4084 286
1757556869955 576706160579.2423 287
1757556870019 575752300022.3004 288
1757556870083 574801676223.8418 289
1757556870148 573854276776.6644 290
1757556870230 572910089323.8947 291
1757556870306 571969101558.7756 292
1757556870372 571031301224.4596 293
1757556870435 570096676113.7974 294
1757556870500 569165214069.1317 295
1757556870567 568236902982.0908 296
1757556870633 567311730793.3809 297
1757556870701 566389685492.5826 298
1757556870793 565470755117.9462 299
1757556870859 564554927756.188 300
1757556870927 563642191542.288 301
1757556870992 562732534659.2883 302
1757556871056 561825945338.0933 303
1757556871124 560922411857.2676 304
1757556871190 560021922542.8389 305
1757556871271 559124465768.0989 306
1757556871337 558230029953.406 307
1757556871401 557338603565.9891 308
1757556871467 556450175119.7516 309
1757556871534 555564733175.076 310
1757556871601 554682266338.6312 311
1757556871667 553802763263.1781 312
1757556871734 552926212647.3774 313
1757556871799 552052603235.5985 314
1757556871863 551181923817.7281 315
1757556871930 550314163228.9808 316
1757556871996 549449310349.7094 317
1757556872062 548587354105.21704 318
1757556872156 547728283465.5694 319
1757556872224 546872087445.40765 320
1757556872291 546018755103.763 321
1757556872359 545168275543.87134 322
1757556872425 544320637912.9887 323
1757556872492 543475831402.20776 324
1757556872560 542633845246.27484 325
1757556872627 541794668723.408 326
1757556872694 540958291155.11615 327
1757556872761 540124701906.01746 328
1757556872827 539293890383.66077 329
1757556872915 538465846038.3458 330
1757556872984 537640558362.94543 331
1757556873050 536818016892.7277 332
1757556873116 535998211205.1797 333
1757556873183 535181130919.8313 334
1757556873250 534366765698.0794 335
1757556873317 533555105243.0148 336
1757556873381 532746139299.2468 337
1757556873455 531939857652.7315 338
1757556873536 531136250130.5989 339
1757556873608 530335306600.98157 340
1757556873679 529537016972.8437 341
1757556873744 528741371195.8109 342
1757556873813 527948359260.0012 343
1757556873877 527157971195.85626 344
1757556873942 526370197073.97327 345
1757556874012 525585027004.9377 346
1757556874079 524802451139.15704 347
1757556874149 524022459666.69495 348
1757556874218 523245042817.10583 349
1757556874286 522470190859.2709 350
1757556874353 521697894101.23413 351
1757556874420 520928142890.0391 352
1757556874487 520160927611.56726 353
1757556874556 519396238690.376 354
1757556874628 518634066589.537 355
1757556874696 517874401810.4773 356
1757556874764 517117234892.8186 357
1757556874844 516362556414.2188 358
1757556874913 515610356990.214 359
1757556874980 514860627274.06 360
1757556875049 514113357956.5766 361
1757556875116 513368539765.99066 362
1757556875181 512626163467.7806 363
1757556875253 511886219864.52124 364
1757556875321 511148699795.7302 365
1757556875386 510413594137.7142 366
1757556875455 509680893803.41486 367
1757556875522 508950589742.2583 368
1757556875590 508222672940.0019 369
1757556875665 507497134418.5842 370
1757556875737 506773965235.9744 371
1757556875807 506053156486.02203 372
1757556875873 505334699298.30835 373
1757556875940 504618584837.9978 374
1757556876007 503904804305.6902 375
1757556876077 503193348937.2734 376
1757556876143 502484210003.77655 377
1757556876236 501777378811.22437 378
1757556876307 501072846700.4919 379
1757556876399 500370605047.159 380
1757556876469 499670645261.3673 381
1757556876537 498972958787.6759 382
1757556876605 498277537104.9188 383
1757556876675 497584371726.06226 384
1757556876742 496893454198.0634 385
1757556876815 496204776101.729 386
1757556876883 495518329051.57495 387
1757556876950 494834104695.6864 388
1757556877047 494152094715.5783 389
1757556877118 493472290826.0568 390
1757556877187 492794684775.081 391
1757556877255 492119268343.62555 392
1757556877322 491446033345.5434 393
1757556877395 490774971627.42944 394
1757556877464 490106075068.48517 395
1757556877535 489439335580.3826 396
1757556877623 488774745107.13025 397
1757556877691 488112295624.93884 398
1757556877759 487451979142.08765 399
1757556877834 486793787698.7914 400
1757556877906 486137713367.0685 401
1757556877979 485483748250.6081 402
1757556878065 484831884484.64 403
1757556878149 484182114235.80316 404
1757556878224 483534429702.0155 405
1757556878295 482888823112.3444 406
1757556878371 482245286726.878 407
1757556878445 481603812836.5961 408
1757556878511 480964393763.2421 409
1757556878577 480327021859.19635 410
1757556878648 479691689507.348 411
1757556878718 479058389120.96985 412
1757556878787 478427113143.59155 413
1757556878857 477797854048.87506 414
1757556878941 477170604340.4889 415
1757556879018 476545356551.9849 416
1757556879087 475922103246.674 417
1757556879158 475300837017.5027 418
1757556879226 474681550486.9309 419
1757556879294 474064236306.8098 420
1757556879363 473448887158.2595 421
1757556879432 472835495751.5487 422
1757556879500 472224054825.9735 423
1757556879568 471614557149.73755 424
1757556879638 471006995519.8322 425
1757556879708 470401362761.9179 426
1757556879799 469797651730.2049 427
1757556879872 469195855307.3356 428
1757556879941 468595966404.26666 429
1757556880008 467997977960.1526 430
1757556880085 467401882942.22797 431
1757556880154 466807674345.6922 432
1757556880223 466215345193.5937 433
1757556880288 465624888536.7146 434
1757556880355 465036297453.456 435
1757556880423 464449565049.7245 436
1757556880498 463864684458.81726 437
1757556880566 463281648841.31 438
1757556880634 462700451384.94354 439
1757556880706 462121085304.5119 440
1757556880770 461543543841.7501 441
1757556880837 460967820265.2236 442
1757556880905 460393907870.2166 443
1757556881007 459821799978.62213 444
1757556881074 459251489938.8321 445
1757556881143 458682971125.62775 446
1757556881213 458116236940.07086 447
1757556881278 457551280809.395 448
1757556881346 456988096186.89764 449
1757556881411 456426676551.8322 450
1757556881479 455867015409.3016 451
1757556881546 455309106290.1507 452
1757556881613 454752942750.8608 453
1757556881711 454198518373.4432 454
1757556881780 453645826765.33435 455
1757556881853 453094861559.2906 456
1757556881923 452545616413.2839 457
1757556881991 451998085010.39777 458
1757556882061 451452261058.7236 459
1757556882130 450908138291.25757 460
1757556882199 450365710465.7979 461
1757556882280 449824971364.84265 462
1757556882348 449285914795.4877 463
1757556882418 448748534589.3255 464
1757556882488 448212824602.344 465
1757556882558 447678778714.8258 466
1757556882626 447146390832.7196 467
1757556882693 446615654883.1379 468
1757556882763 446086564818.649 469
1757556882832 445559114615.7181 470
1757556882898 445033298274.60864 471
1757556882970 444509109819.28455 472
1757556883067 443986543297.31244 473
1757556883135 443465592779.7643 474
1757556883221 442946252361.1208 475
1757556883302 442428516159.17474 476
1757556883373 441912378314.93524 477
1757556883445 441397832992.53204 478
1757556883515 440884874379.12024 479
1757556883591 440373496684.78577 480
1757556883663 439863694142.4505 481
1757556883732 439355461007.7785 482
1757556883797 438848791559.0829 483
1757556883867 438343680097.2317 484
1757556883934 437840120945.5558 485
1757556884001 437338108449.75635 486
1757556884068 436837636977.8123 487
1757556884135 436338700919.8893 488
1757556884202 435841294688.2483 489
1757556884271 435345412717.1543 490
1757556884337 434851049462.7865 491
1757556884407 434358199403.1476 492
1757556884486 433866857037.97424 493
1757556884565 433377016888.64777 494
1757556884634 432888673498.1053 495
1757556884707 432401821430.75085 496
1757556884781 431916455272.3674 497
1757556884849 431432569630.0286 498
1757556884920 430950159132.0119 499
