1757555019286 344937181992.2299 0
1757555019349 131720069389.49826 1
1757555019410 60263146745.69783 2
1757555019471 220785798489.9034 3
1757555019533 106742487647.02328 4
1757555019593 154728642097.99414 5
1757555019654 511058445203.5031 6
1757555019714 147604579344.29013 7
1757555019777 316069858343.6741 8
1757555019837 560520200360.7574 9
1757555019898 85299539759.54967 10
1757555019958 350156758497.46185 11
1757555020018 370621811727.1906 12
1757555020076 263045280092.06186 13
1757555020136 119279511179.60173 14
1757555020196 238393894514.30478 15
1757555020257 178708194935.73886 16
1757555020318 129736151358.86319 17
1757555020428 155426854075.52255 18
1757555020495 194546242527.38565 19
1757555020562 148262210120.8364 20
1757555020624 328511419754.015 21
1757555020684 291004594357.31885 22
1757555020745 231162392335.81607 23
1757555020806 401534940450.2162 24
1757555020867 456827457945.0456 25
1757555020927 113427415752.63889 26
1757555020988 131503415349.14247 27
1757555021048 125904650390.8289 28
1757555021107 173246110615.01343 29
1757555021166 200255871045.49878 30
1757555021230 343603774996.4603 31
1757555021293 119597224150.94746 32
1757555021357 65787873085.72298 33
1757555021417 564600830627.2063 34
1757555021477 137437578155.73412 35
1757555021538 498362795304.81573 36
1757555021599 91961547968.54628 37
1757555021659 321164225520.7602 38
1757555021720 550246879726.4988 39
1757555021781 296653466519.8221 40
1757555021840 417763979930.1845 41
1757555021900 199786769650.06122 42
1757555021960 86236952106.0294 43
1757555022020 212093550990.91425 44
1757555022080 249413474687.43817 45
1757555022140 180446816117.79062 46
1757555022200 117966694459.29727 47
1757555022262 86616547846.90494 48
1757555022325 484055433943.64886 49
1757555022386 100765281187.91791 50
1757555022447 143097870296.38287 51
1757555022509 284591842019.865 52
1757555022569 300637119451.9011 53
1757555022631 531027020624.43445 54
1757555022696 255541336404.81638 55
1757555022761 94925549387.01358 56
1757555022824 345805383833.1836 57
1757555022889 282850333201.52637 58
1757555022949 1467298719960.1519 59
1757555023012 228589831943.50107 60
1757555023077 295296902625.62854 61
1757555023138 249517346169.58963 62
1757555023199 118383553159.47758 63
1757555023260 164893525085.92728 64
1757555023321 338549821374.2594 65
1757555023380 171273119317.56784 66
1757555023456 107805505834.93445 67
1757555023517 827720339715.8665 68
1757555023578 79813939070.34091 69
1757555023639 249056766531.41873 70
1757555023701 319191363425.79865 71
1757555023761 266420990100.40375 72
1757555023823 183591393084.76846 73
1757555023884 330043271028.10406 74
1757555023944 149390045511.8829 75
1757555024005 143810907890.91553 76
1757555024066 367759834769.99475 77
1757555024127 113979383726.9994 78
1757555024186 92785989152.76312 79
1757555024247 132861706224.23926 80
1757555024309 95254784944.91376 81
1757555024370 206560891894.24533 82
1757555024431 83359145270.70528 83
1757555024492 319440327262.87494 84
1757555024554 323047968783.4555 85
1757555024614 279567920385.57245 86
1757555024675 333036387211.83185 87
1757555024736 193648141054.21222 88
1757555024797 312071238471.3734 89
1757555024863 370901802666.3613 90
1757555024926 175036521459.33377 91
1757555024988 388862845121.1699 92
1757555025051 93993262747.96014 93
1757555025113 569978962503.494 94
1757555025173 382108247222.8298 95
1757555025234 111588358253.38086 96
1757555025295 456852724840.3207 97
1757555025359 128529937781.82236 98
1757555025419 202559671998.26517 99
1757555025480 374499841726.7049 100
1757555025540 250337657018.65817 101
1757555025603 648595069412.6511 102
1757555025664 177925527891.10007 103
1757555025725 229043602344.78568 104
1757555025787 411897917680.44025 105
1757555025850 206355089138.68512 106
1757555025912 77832641093.84146 107
1757555025975 618097968404.9081 108
1757555026040 137434469672.30171 109
1757555026103 142858011486.77725 110
1757555026165 156908642521.06302 111
1757555026226 103411921921.15173 112
1757555026291 130547194221.5969 113
1757555026363 393911302859.2855 114
1757555026428 166294024734.6192 115
1757555026489 244436961181.93146 116
1757555026552 297759537017.5071 117
1757555026613 164495763553.64786 118
1757555026674 294665897817.9377 119
1757555026734 313618797864.6302 120
1757555026795 73920943884.10594 121
1757555026856 123227881059.87852 122
1757555026917 152694753885.7608 123
1757555026978 70699789706.91743 124
1757555027043 119441795752.15703 125
1757555027104 346753044467.9327 126
1757555027167 370469765803.01276 127
1757555027227 285094852996.74896 128
1757555027289 150649865529.55878 129
1757555027350 289940583892.995 130
1757555027412 235702023306.65015 131
1757555027473 150461075119.93234 132
1757555027535 142806606680.6209 133
1757555027596 84323590572.77345 134
1757555027661 343842636408.68115 135
1757555027722 99682815758.03998 136
1757555027791 811024761407.902 137
1757555027853 145368178497.89502 138
1757555027915 97855357525.23958 139
1757555027978 98174915779.36382 140
1757555028040 109417782953.41513 141
1757555028102 179078474091.10312 142
1757555028164 475749607004.93146 143
1757555028226 86030984437.56824 144
1757555028288 262463614213.73523 145
1757555028350 221080153177.1075 146
1757555028413 396120121068.4281 147
1757555028475 271463243758.04755 148
1757555028537 303581635754.1136 149
1757555028599 91636893681.24677 150
1757555028660 154867517326.12573 151
1757555028723 267269491675.70517 152
1757555028786 124187767205.36305 153
1757555028850 308282839449.28595 154
1757555028913 176030435121.94308 155
1757555028976 159504872508.9579 156
1757555029037 105906961428.36447 157
1757555029103 373494132350.76807 158
1757555029166 338319581290.25336 159
1757555029237 459590074525.10614 160
1757555029303 176963148691.70035 161
1757555029367 423663837822.1785 162
1757555029428 313340883069.36316 163
1757555029490 283792280833.7805 164
1757555029553 460282468610.5946 165
1757555029616 244586615417.6106 166
1757555029677 116509242427.3332 167
1757555029739 486125301949.66516 168
1757555029801 265189144386.08682 169
1757555029864 428037526014.734 170
1757555029925 105155872997.0733 171
1757555029990 387552010952.53143 172
1757555030053 271960158896.68576 173
1757555030117 166419733522.40045 174
1757555030179 89968688768.12477 175
1757555030243 126508571315.91542 176
1757555030305 142615172505.03836 177
1757555030367 137450532974.5619 178
1757555030431 256075085268.90506 179
1757555030498 225479034119.40768 180
1757555030562 101474036911.86581 181
1757555030624 169199332934.87747 182
1757555030688 323122054829.31305 183
1757555030752 411191476143.74963 184
1757555030815 298395535751.68506 185
1757555030878 251664537701.49124 186
1757555030941 120315546685.41216 187
1757555031004 126029488809.09392 188
1757555031066 319698151354.0428 189
1757555031129 1287011726093.5962 190
1757555031191 461075701702.821 191
1757555031256 726454190370.3567 192
1757555031323 319940936409.78784 193
1757555031389 248945770646.18927 194
1757555031456 131648950956.01952 195
1757555031521 56554620390.32911 196
1757555031585 305611491764.4 197
1757555031647 404147886117.36285 198
1757555031710 176816099971.35947 199
1757555031772 70902666610.88857 200
1757555031834 548939375580.8926 201
1757555031898 439822815627.9662 202
1757555031962 214162503525.2556 203
1757555032025 182886961311.55057 204
1757555032087 181896217375.17984 205
1757555032150 182096530566.90854 206
1757555032219 274806494158.46866 207
1757555032287 211937947642.65692 208
1757555032351 167054353902.19028 209
1757555032416 198648990460.76324 210
1757555032480 106391277164.24284 211
1757555032544 100589580247.01846 212
1757555032608 131514477114.83006 213
1757555032673 211609144439.0075 214
1757555032737 188076351534.18262 215
1757555032800 99226419113.56416 216
1757555032866 162974905104.3376 217
1757555032934 157772738279.40726 218
1757555032999 137858663434.13718 219
1757555033068 288836236188.9574 220
1757555033131 116904514212.19868 221
1757555033196 312151248815.93506 222
1757555033264 128807844131.22206 223
1757555033326 73723655084.93553 224
1757555033388 248050690007.7764 225
1757555033453 230718933170.79587 226
1757555033517 306954652839.7948 227
1757555033581 150157113563.6583 228
1757555033646 143208535827.82254 229
1757555033709 183444176212.2711 230
1757555033772 338616287050.9062 231
1757555033837 123277979858.82721 232
1757555033901 83956663551.07893 233
1757555033964 251497325184.46268 234
1757555034028 377486425777.5044 235
1757555034091 152019822228.5882 236
1757555034155 192519247809.64096 237
1757555034219 84845340127.49977 238
1757555034281 116636722940.1441 239
1757555034343 489905772372.83405 240
1757555034407 476955619656.0285 241
1757555034471 181580278155.6754 242
1757555034534 213720816128.13467 243
1757555034600 281824398019.0884 244
1757555034664 170416477956.0805 245
1757555034729 206325361095.49277 246
1757555034795 91227344191.32916 247
1757555034859 144994674086.53455 248
1757555034924 487501078981.59424 249
1757555034989 81638957179.9059 250
1757555035055 521290634703.4115 251
1757555035121 253884913274.33255 252
1757555035197 292477681066.6481 253
1757555035266 87588790516.7725 254
1757555035331 87875129637.82784 255
1757555035395 110754953812.87962 256
1757555035459 560529401430.4147 257
1757555035525 332633780004.99 258
1757555035593 269331083456.5329 259
1757555035664 141135898473.14847 260
1757555035735 170826805668.83997 261
1757555035808 339913933389.9633 262
1757555035877 309765463038.20496 263
1757555035948 92369831798.17819 264
1757555036019 717325451790.9032 265
1757555036087 140317413288.9653 266
1757555036155 292027812844.55 267
1757555036223 344206508063.4059 268
1757555036291 302051913093.87933 269
1757555036361 432569421657.01996 270
1757555036428 134143087041.5026 271
1757555036497 154327126886.39853 272
1757555036564 142739213285.0303 273
1757555036633 63839714054.75104 274
1757555036701 119880991689.98547 275
1757555036769 197424097735.25778 276
1757555036838 230099896484.5857 277
1757555036905 227199765879.5838 278
1757555036970 116949597438.39117 279
1757555037035 168194706626.31897 280
1757555037099 201475302877.43155 281
1757555037165 299425253882.92194 282
1757555037231 519131608529.5848 283
1757555037305 154836676700.0388 284
1757555037371 339743703141.0394 285
1757555037436 121990771674.1918 286
1757555037503 290451956141.627 287
1757555037567 337093734268.9482 288
1757555037631 94671322957.20598 289
1757555037696 122630090356.27892 290
1757555037761 185146077288.62183 291
1757555037825 241458003638.4865 292
1757555037891 569940141161.6575 293
1757555037958 176642409453.0009 294
1757555038024 88616020714.76732 295
1757555038089 339771674163.13794 296
1757555038155 181932306997.95547 297
1757555038219 107817032719.36375 298
1757555038285 149278989544.4709 299
1757555038355 89406189826.7461 300
1757555038419 230896534392.67484 301
1757555038484 360016454538.1926 302
1757555038547 430947177797.72003 303
1757555038613 145797556881.77982 304
1757555038698 135685766914.65323 305
1757555038762 350328048041.1744 306
1757555038826 380279641914.63513 307
1757555038890 152923274597.7031 308
1757555038955 135515347666.38412 309
1757555039020 418770544888.7608 310
1757555039084 221401072348.03915 311
1757555039149 313020493981.24963 312
1757555039215 88194085081.1668 313
1757555039278 933630974251.029 314
1757555039342 130271113935.47066 315
1757555039405 130822892807.49573 316
1757555039469 439993047820.4125 317
1757555039535 56224401353.11806 318
1757555039599 584585885582.8478 319
1757555039663 366414775665.6424 320
1757555039728 140112251588.42288 321
1757555039794 82088270722.02199 322
1757555039859 166265480308.56924 323
1757555039924 115488429844.62871 324
1757555039987 104947461293.6588 325
1757555040056 238682966135.14062 326
1757555040122 139631892702.09552 327
1757555040190 438065339008.77435 328
1757555040256 127691755523.34897 329
1757555040322 288791134179.51996 330
1757555040387 215468968767.2784 331
1757555040452 280865169711.23425 332
1757555040517 209660494797.38977 333
1757555040584 349419298014.9144 334
1757555040653 397872826278.8465 335
1757555040722 178160522518.35767 336
1757555040789 340012728337.7184 337
1757555040854 394957287586.26624 338
1757555040919 632753215075.7025 339
1757555040984 243263522606.98895 340
1757555041050 647713517909.011 341
1757555041117 348111888116.3449 342
1757555041181 138746853306.47452 343
1757555041247 164727477259.94797 344
1757555041320 73420969667.3292 345
1757555041389 101919347117.06189 346
1757555041456 977790806576.3617 347
1757555041522 271139359930.2397 348
1757555041589 282891003974.76825 349
1757555041655 297158474573.73926 350
1757555041720 339684566067.3756 351
1757555041786 212073468916.38452 352
1757555041850 181637924717.6354 353
1757555041916 247995915468.2801 354
1757555041982 107820254726.27391 355
1757555042049 364819936182.82574 356
1757555042116 268241651862.92 357
1757555042181 138119767918.18365 358
1757555042248 207080490088.92435 359
1757555042319 277556179281.26965 360
1757555042386 312454883223.9425 361
1757555042452 173497292884.42856 362
1757555042519 179171847199.8531 363
1757555042584 453222289382.5764 364
1757555042652 274019247686.13544 365
1757555042719 112847310850.69489 366
1757555042789 588006777549.3992 367
1757555042860 302888134819.86053 368
1757555042927 147661963792.16837 369
1757555042995 328477249375.87225 370
1757555043063 267339340245.2545 371
1757555043133 82359644722.94707 372
1757555043202 404003010899.5747 373
1757555043272 187419887192.13104 374
1757555043338 139869369647.56497 375
1757555043406 179250435984.0773 376
1757555043476 206922650624.29614 377
1757555043542 279973360429.1926 378
1757555043608 144394245999.88223 379
1757555043674 103377322155.88136 380
1757555043739 134239189551.31618 381
1757555043805 111368307164.90596 382
1757555043871 247159323578.83017 383
1757555043938 83109522068.52307 384
1757555044005 136932426220.05577 385
1757555044072 902890372205.3265 386
1757555044140 173357959209.76398 387
1757555044206 105863626979.21806 388
1757555044273 131592177780.27538 389
1757555044340 87300644357.11337 390
1757555044405 385048682455.50977 391
1757555044484 92480154351.1013 392
1757555044553 135745022881.47272 393
1757555044620 158012753570.8612 394
1757555044687 101279960383.61871 395
1757555044754 103621228479.05945 396
1757555044822 317729957697.61975 397
1757555044890 228749348365.34048 398
1757555044958 85235859003.44185 399
1757555045024 329396201961.3239 400
1757555045092 264056829156.6053 401
1757555045159 365486103669.4115 402
1757555045225 92361080663.8228 403
1757555045292 221467939791.84122 404
1757555045359 176620177326.53955 405
1757555045427 178056200379.48227 406
1757555045496 208800764037.55487 407
1757555045563 111388905323.68837 408
1757555045631 300584630754.3617 409
1757555045701 290798659741.6736 410
1757555045771 301649070056.6677 411
1757555045839 212864774842.0654 412
1757555045906 102172164324.98477 413
1757555045974 560587284890.4814 414
1757555046042 262232899576.73868 415
1757555046111 124769896883.27072 416
1757555046178 116476556232.73027 417
1757555046244 259286271679.4325 418
1757555046312 101683335321.6903 419
1757555046382 173137669643.3134 420
1757555046448 156571312893.28152 421
1757555046515 248519505947.51273 422
