1757588871515 1053299588688.8031 0
1757588871585 825698318408.686 1
1757588871654 825315521313.0396 2
1757588871725 4624864283087.298 3
1757588871799 68951196458880.92 4
1757588871875 1118000556169184.4 5
1757588871947 1.8206922255365652e+16 6
1757588872028 2.965746781059939e+17 7
1757588872105 4.831006159382353e+18 8
1757588872183 7.869396645236695e+19 9
1757588872248 1.2818739028218835e+21 10
1757588872322 2.0880898196658884e+22 11
1757588872393 3.401363495595428e+23 12
1757588872462 5.540601519222692e+24 13
1757588872541 9.025282136414754e+25 14
1757588872611 1.4701601867298366e+27 15
1757588872682 2.394796020759296e+28 16
1757588872755 3.90096809368602e+29 17
1757588872827 6.354425151889986e+30 18
1757588872911 1.0350948288022682e+32 19
1757588872982 1.6861026434382287e+33 20
1757588873047 2.7465523400392295e+34 21
1757588873123 4.473956426040881e+35 22
1757588873188 7.28778614931714e+36 23
1757588873260 1.1871333088770962e+38 24
1757588873330 1.9337635108537542e+39 25
1757588873417 3.149975902408599e+40 26
1757588873490 5.1311073614033456e+41 27
1757588873567 8.35824259294046e+42 28
1757588873650 1.361503751956916e+44 29
1757588873727 2.2178017041027523e+45 30
1757588873802 3.612655779795987e+46 31
1757588873872 5.8847830079440985e+47 32
1757588873937 9.585931558788941e+48 33
1757588874010 1.5614863577083436e+50 34
1757588874082 2.5435604566504013e+51 35
1757588874151 4.143295754521085e+52 36
1757588874223 6.749161265087241e+53 37
1757588874297 1.0993947929603964e+55 38
1757588874371 1.7908431334138676e+56 39
1757588874442 2.9171678354593857e+57 40
1757588874510 4.751878051996968e+58 41
1757588874578 7.74050253351109e+59 42
1757588874649 1.2608778848209723e+61 43
1757588874725 2.0538886636207535e+62 44
1757588874797 3.3456520201786215e+63 45
1757588874865 5.449851123085091e+64 46
1757588874947 8.87745560047995e+65 47
1757588875019 1.446080198496875e+67 48
1757588875096 2.355571274692387e+68 49
1757588875170 3.837073514956854e+69 50
1757588875247 6.250345008603508e+70 51
1757588875320 1.0181408454722831e+72 52
1757588875391 1.658485699256819e+73 53
1757588875456 2.7015661211032856e+74 54
1757588875526 4.4006767800069364e+75 55
1757588875598 7.168418337354429e+76 56
1757588875667 1.167689063027212e+78 57
1757588875739 1.9020900898155225e+79 58
1757588875816 3.0983819445863095e+80 59
1757588875885 5.047064135363595e+81 60
1757588875959 8.221341604117369e+82 61
1757588876030 1.3392034648024477e+84 62
1757588876101 2.181475976184585e+85 63
1757588876172 3.55348351445049e+86 64
1757588876237 5.788395208255557e+87 65
1757588876312 9.428922056540613e+88 66
1757588876385 1.5359105235509934e+90 67
1757588876452 2.5018990741558714e+91 68
1757588876524 4.0754320523764415e+92 69
1757588876591 6.638615676030443e+93 70
1757588876661 1.0813876302596834e+95 71
1757588876732 1.7615106280378863e+96 72
1757588876803 2.8693870781056515e+97 73
1757588876874 4.6740462833146123e+98 74
1757588876948 7.613719607669744e+99 75
1757588877017 1.2402257647972188e+101 76
1757588877089 2.0202476935417593e+102 77
1757588877165 3.2908530520071304e+103 78
1757588877237 5.3605871421234984e+104 79
1757588877307 8.732050338976229e+105 80
1757588877376 1.4223946202320359e+107 81
1757588877448 2.3169889969991214e+108 82
1757588877519 3.774225475725746e+109 83
1757588877585 6.14796961058794e+110 84
1757588877659 1.0014645541399374e+112 85
1757588877732 1.6313210974099008e+113 86
1757588877813 2.6573167386239694e+114 87
1757588877879 4.328597392985744e+115 88
1757588877953 7.051005669826681e+116 89
1757588878029 1.1485632975820588e+118 90
1757588878102 1.870935452793356e+119 91
1757588878166 3.047633052430008e+120 92
1757588878241 4.96439746673062e+121 93
1757588878315 8.086682938430114e+122 94
1757588878390 1.317268437608865e+124 95
1757588878460 2.145745233159055e+125 96
1757588878533 3.495280441078881e+126 97
1757588878607 5.693586159714857e+127 98
1757588878681 9.274484237977355e+128 99
1757588878757 1.510753600061413e+130 100
1757588878837 2.460920070091439e+131 101
1757588878909 4.0086799006354626e+132 102
1757588878984 6.529880730812046e+133 103
1757588879054 1.06367540974951e+135 104
1757588879142 1.7326585644468395e+136 105
1757588879209 2.822388929399016e+137 106
1757588879282 4.597489333587938e+138 107
1757588879356 7.489013279596334e+139 108
1757588879425 1.2199119091419499e+141 109
1757588879505 1.987157734278411e+142 110
1757588879590 3.236951644877352e+143 111
1757588879668 5.272785230146306e+144 112
1757588879743 8.58902669344707e+145 113
1757588879819 1.3990969918321408e+147 114
1757588879899 2.2790386645872033e+148 115
1757588879980 3.712406834555318e+149 116
1757588880065 6.047271035548373e+150 117
1757588880143 9.850614064436903e+151 118
1757588880222 1.6046014289102033e+153 119
1757588880304 2.6137921238393815e+154 120
1757588880395 4.25769860574338e+155 121
1757588880473 6.935516123111194e+156 122
1757588880552 1.1297507961002564e+158 123
1757588880637 1.8402911025410677e+159 124
1757588880717 2.9977153844742795e+160 125
1757588880796 4.883084808650951e+161 126
1757588880885 7.954229868510171e+162 127
1757588880971 1.295692687724973e+164 128
1757588881054 2.110599729673649e+165 129
1757588881136 3.438030685131123e+166 130
1757588881215 5.600330003705066e+167 131
1757588881306 9.122575981081763e+168 132
1757588881401 1.4860087258349494e+170 133
1757588881476 2.42061226767196e+171 134
1757588881551 3.943021093036819e+172 135
1757588881638 6.422926772607877e+173 136
1757588881724 1.046253300524707e+175 137
1757588881808 1.7042790734081332e+176 138
1757588881895 2.776160570867696e+177 139
1757588881981 4.522186322354018e+178 140
1757588882068 7.366349536364912e+179 141
1757588882165 1.19993077736914e+181 142
1757588882247 1.9546097607366958e+182 143
1757588882330 3.183933097493877e+183 144
1757588882415 5.186421439692464e+184 145
1757588882496 8.448345655024663e+185 146
1757588882576 1.3761809590044898e+187 147
1757588882661 2.2417099267240938e+188 148
1757588882738 3.651600730770572e+189 149
1757588882827 5.948221818533858e+190 150
1757588882907 9.689269285203568e+191 151
1757588882988 1.5783194061234552e+193 152
1757588883076 2.570980405663851e+194 153
1757588883154 4.1879610810477677e+195 154
1757588883238 6.821918198105456e+196 155
1757588883333 1.1112464275813952e+198 156
1757588883432 1.8101486809902673e+199 157
1757588883529 2.948615325965406e+200 158
1757588883636 4.8031039835698587e+201 159
1757588883739 7.823946268552794e+202 160
1757588883836 1.2744703304904198e+204 161
1757588883930 2.0760298799966057e+205 162
1757588884009 3.381718632069108e+206 163
1757588884105 5.508601305151766e+207 164
1757588884200 8.973155853759875e+208 165
1757588884291 1.461669151851001e+210 166
1757588884360 2.3809646731786296e+211 167
1757588884449 3.878437721522415e+212 168
1757588884535 6.317724630347569e+213 169
1757588884614 1.0291165508062573e+215 170
1757588884693 1.6763644145805393e+216 171
1757588884784 2.730689393995576e+217 172
1757588884878 4.448116711154202e+218 173
1757588884970 7.245694922152429e+219 174
1757588885047 1.180276919741228e+221 175
1757588885123 1.922594895645995e+222 176
1757588885195 3.131782949356039e+223 177
1757588885272 5.101472215540072e+224 178
1757588885345 8.309968853773419e+225 179
1757588885415 1.3536402715343159e+227 180
1757588885493 2.2049926022134923e+228 181
1757588885566 3.591790579860108e+229 182
1757588885645 5.850794944446129e+230 183
1757588885733 9.530567197848616e+231 184
1757588885803 1.5524678607806995e+233 185
1757588885878 2.528869907450059e+234 186
1757588885952 4.1193657983943564e+235 187
1757588886025 6.710180911635635e+236 188
1757588886100 1.093045145066497e+238 189
1757588886175 1.7804999669706594e+239 190
1757588886253 2.900319485147759e+240 191
1757588886321 4.724433177182063e+241 192
1757588886391 7.69579660446321e+242 193
1757588886468 1.2535955776306066e+244 194
1757588886545 2.0420262554023506e+245 195
1757588886616 3.326328923107666e+246 196
1757588886688 5.4183750455855574e+247 197
1757588886759 8.82618310254039e+248 198
1757588886837 1.4377282396322454e+250 199
1757588886930 2.341966472960514e+251 200
1757588887018 3.814912171353094e+252 201
1757588887089 6.214245610758312e+253 202
1757588887164 1.0122604866452818e+255 203
1757588887244 1.6489069744031348e+256 204
1757588887328 2.6859629967835033e+257 205
1757588887400 4.37526029793262e+258 206
1757588887478 7.127016529114294e+259 207
1757588887555 1.160944975782801e+261 208
1757588887633 1.8911044071379808e+262 209
1757588887706 3.08048697681412e+263 210
1757588887775 5.0179143882821035e+264 211
1757588887849 8.173858548225252e+265 212
1757588887934 1.3314687815801566e+267 213
1757588888010 2.1688766766186088e+268 214
1757588888086 3.532960068952999e+269 215
1757588888158 5.754963840671725e+270 216
1757588888235 9.374464517300417e+271 217
1757588888313 1.5270397420232403e+273 218
1757588888383 2.487449143804449e+274 219
1757588888461 4.05189404881862e+275 220
1757588888540 6.600273788006508e+276 221
1757588888613 1.075141984261591e+278 222
1757588888689 1.7513368739678855e+279 223
1757588888764 2.8528146896115826e+280 224
1757588888848 4.6470509324825866e+281 225
1757588888929 7.569745924165708e+282 226
1757588889001 1.233062735678075e+284 227
1757588889077 2.008579581599989e+285 228
1757588889153 3.2718464510257223e+286 229
1757588889240 5.3296266163187404e+287 230
1757588889311 8.68161764145996e+288 231
1757588889382 1.4141794594340366e+290 232
1757588889457 2.3036070304851928e+291 233
1757588889534 3.752427116304278e+292 234
1757588889628 6.112461490538994e+293 235
1757588889706 9.956805106482572e+294 236
1757588889784 1.6218992640186913e+296 237
1757588889858 2.641969180366594e+297 238
1757588889934 4.303597211526005e+298 239
1757588890006 7.010281988408543e+299 240
1757588890076 1.141929672818508e+301 241
1757588890154 1.8601297063649424e+302 242
1757588890233 3.030031189189753e+303 243
1757588890305 inf 244
1757588890380 inf 245
