1757569674687 1019578794230.9694 0
1757569674755 804760458974.4695 1
1757569674847 1347546634130.0562 2
1757569674915 22504809734366.34 3
1757569674982 669206231508786.1 4
1757569675046 2.0344007588142304e+16 5
1757569675106 6.188544635473187e+17 6
1757569675167 1.8825589695928205e+19 7
1757569675229 5.726758844829179e+20 8
1757569675292 1.7420844665151576e+22 9
1757569675350 5.299434414868508e+23 10
1757569675415 1.6120920458545451e+25 11
1757569675491 4.903996466183975e+26 12
1757569675551 1.4917995161723928e+28 13
1757569675615 4.5380656609332526e+29 14
1757569675678 1.3804830823232936e+31 15
1757569675747 4.19944020860403e+32 16
1757569675807 1.2774729579417068e+34 17
1757569675879 3.886082613889201e+35 18
1757569675952 1.1821493353803748e+37 19
1757569676025 3.5961074171340315e+38 20
1757569676085 1.093938656354733e+40 21
1757569676147 3.3277698496028912e+41 22
1757569676213 1.0123101608665586e+43 23
1757569676281 3.07945533527796e+44 24
1757569676337 9.36772693643046e+45 25
1757569676404 2.84966977602238e+47 26
1757569676469 8.668717488759105e+48 27
1757569676533 2.6370305616536715e+50 28
1757569676592 8.021867354787799e+51 29
1757569676651 2.440258250835609e+53 30
1757569676711 7.423284464080725e+54 31
1757569676771 2.258168872732744e+56 32
1757569676835 6.869367168203432e+57 33
1757569676901 2.0896668031069784e+59 34
1757569676964 6.35678256975362e+60 35
1757569677034 1.9337381719919508e+62 36
1757569677101 5.88244646845565e+63 37
1757569677168 1.7894447632794886e+65 38
1757569677229 5.4435048036553545e+66 39
1757569677289 1.6559183695121854e+68 40
1757569677353 5.037316481555367e+69 41
1757569677414 1.532355567915127e+71 42
1757569677479 4.6614374838633656e+72 43
1757569677543 1.4180128862343738e+74 44
1757569677612 4.313606162235257e+75 45
1757569677675 1.3122023292952265e+77 46
1757569677741 3.99172963003087e+78 47
1757569677802 1.2142872393637926e+80 48
1757569677867 3.6938711695018663e+81 49
1757569677927 1.1236784654037887e+83 50
1757569677991 3.4182385786412996e+84 51
1757569678057 1.039830818179202e+86 52
1757569678121 3.1631733875784874e+87 53
1757569678184 9.622397898732414e+88 54
1757569678255 2.9271408796345144e+90 55
1757569678317 8.904385184857335e+91 56
1757569678379 2.708720856995674e+93 57
1757569678445 8.239949787438282e+94 58
1757569678507 2.5065990954420695e+96 59
1757569678573 7.625093826238394e+97 60
1757569678634 2.3195594367149817e+99 61
1757569678697 7.056117738432819e+100 62
1757569678761 2.1464764709430504e+102 63
1757569678822 6.5295980184925875e+103 64
1757569678885 1.9863087650977334e+105 65
1757569678946 6.042366619093825e+106 66
1757569679024 1.838092596733971e+108 67
1757569679090 5.591491889108364e+109 68
1757569679155 1.7009361553121806e+111 69
1757569679223 5.174260933980438e+112 70
1757569679293 1.5740141762112343e+114 71
1757569679353 4.788163292352621e+115 72
1757569679421 1.45656297514542e+117 73
1757569679479 4.4308758307239535e+118 74
1757569679542 1.3478758531077985e+120 75
1757569679599 4.1002487652519885e+121 76
1757569679660 1.2472988441915429e+123 77
1757569679727 3.794292726592515e+124 78
1757569679790 1.1542267807042069e+126 79
1757569679852 3.511166789946716e+127 80
1757569679913 1.0680996518988323e+129 81
1757569679976 3.2491673982930313e+130 82
1757569680048 9.883992344124684e+131 83
1757569680110 3.006718112155108e+133 84
1757569680176 9.146459741377068e+134 85
1757569680243 2.7823601242308907e+136 86
1757569680303 8.463961007654945e+137 87
1757569680364 2.574743481809566e+139 88
1757569680426 7.832389576375887e+140 89
1757569680522 2.3826189641620713e+142 90
1757569680583 7.2479453084246265e+143 91
1757569680646 2.20483056603175e+145 92
1757569680710 6.7071116268736265e+146 93
1757569680774 2.040308541998671e+148 94
1757569680839 6.206634357885532e+149 95
1757569680905 1.8880629698657688e+151 96
1757569680969 5.743502150484015e+152 97
1757569681034 1.747177794338061e+154 98
1757569681099 5.314928357379944e+155 99
1757569681168 1.6168053151559054e+157 100
1757569681232 4.918334267830123e+158 101
1757569681297 1.4961610865176713e+160 102
1757569681359 4.551333591641635e+161 103
1757569681431 1.3845191971019022e+163 104
1757569681501 4.211718100962764e+164 105
1757569681565 1.2812079022889723e+166 106
1757569681665 3.8974443434675194e+167 107
1757569681731 1.1856055823015749e+169 108
1757569681801 3.60662134698774e+170 109
1757569681870 1.0971370019442922e+172 110
1757569681929 3.3374992416119686e+173 111
1757569681992 1.015269849437273e+175 112
1757569682058 3.0884587307907063e+176 113
1757569682121 9.395115335183272e+177 114
1757569682187 2.8580013480962934e+179 115
1757569682265 8.69406219541728e+180 116
1757569682331 2.6447404410124607e+182 117
1757569682395 8.045320867400442e+183 118
1757569682466 2.447392827503712e+185 119
1757569682540 7.444987901460757e+186 120
1757569682605 2.2647710751621457e+188 121
1757569682678 6.889451119033682e+189 122
1757569682749 2.0957763564759503e+191 123
1757569682810 6.375367878333494e+192 124
1757569682886 1.9393918372297932e+194 125
1757569682964 5.899644961816284e+195 126
1757569683029 1.7946765582555227e+197 127
1757569683099 5.459419964418171e+198 128
1757569683167 1.6607597737198554e+200 129
1757569683236 5.052044070582816e+201 130
1757569683297 1.5368357118828148e+203 131
1757569683366 4.675066116447965e+204 132
1757569683433 1.4221587268025726e+206 133
1757569683499 4.326217841294188e+207 134
1757569683563 1.3160388118147346e+209 135
1757569683633 4.003400239514113e+210 136
1757569683702 1.2178374477908569e+212 137
1757569683769 3.704670930982789e+213 138
1757569683831 1.1269637611953158e+215 139
1757569683892 3.4282324738369406e+216 140
1757569683960 1.0428709688237497e+218 141
1757569684028 3.17242154934186e+219 142
1757569684096 9.650530878311868e+220 143
1757569684161 2.93569895377151e+222 144
1757569684226 8.930418912542456e+223 145
1757569684288 2.716640337083528e+225 146
1757569684360 8.264040907089118e+226 147
1757569684424 2.513927632664113e+228 148
1757569684496 7.647387293122975e+229 149
1757569684563 2.3263411265758023e+231 150
1757569684629 7.076747691417022e+232 151
1757569684694 2.152752118589354e+234 152
1757569684761 6.548688587148141e+235 153
1757569684823 1.992116130841203e+237 154
1757569684888 6.060032670580791e+238 155
1757569684949 1.843466623253493e+240 156
1757569685015 5.60783971932605e+241 157
1757569685079 1.705909177902509e+243 158
1757569685147 5.189388907145429e+244 159
1757569685216 1.5786161173430917e+246 160
1757569685280 4.8021624328522086e+247 161
1757569685346 1.4608215245077897e+249 162
1757569685422 4.443830370806076e+250 163
1757569685487 1.351816634215619e+252 164
1757569685554 4.1122366518471956e+253 165
1757569685624 1.2509455685613436e+255 166
1757569685693 3.8053860903173857e+256 167
1757569685756 1.1576013905253249e+258 168
1757569685824 3.521432379110836e+259 169
1757569685893 1.0712224520586324e+261 170
1757569685956 3.2586669805207416e+262 171
1757569686028 9.912890146700327e+263 172
1757569686102 3.0155088460388003e+265 173
1757569686164 9.173201221810283e+266 174
1757569686235 2.7904949032518588e+268 175
1757569686301 8.488707068324729e+269 176
1757569686365 2.582271252595886e+271 177
1757569686432 7.855289113303228e+272 178
1757569686504 2.3895850209984427e+274 179
1757569686564 7.269136107173737e+275 180
1757569686631 2.211276823393321e+277 181
1757569686695 6.726721191601976e+278 182
1757569686755 2.0462737867487104e+280 183
1757569686822 6.224780678531e+281 184
1757569686888 1.8935830946346025e+283 185
1757569686959 5.760294412705539e+284 186
1757569687028 1.752286013487535e+286 187
1757569687096 5.330467599523036e+287 188
1757569687165 1.6215323646288428e+289 189
1757569687233 4.9327139888704634e+290 190
1757569687299 1.500535408774754e+292 191
1757569687367 4.564640313764494e+293 192
1757569687436 1.3885671122587768e+295 193
1757569687501 4.2240318901634215e+296 194
1757569687567 1.2849537664833034e+298 195
1757569687634 3.908839291305034e+299 196
1757569687700 1.1890719342429018e+301 197
1757569687765 3.617166016390776e+302 198
1757569687832 1.1003446985285203e+304 199
1757569687902 inf 200
1757569687971 inf 201
1757569688042 inf 202
