1757589136054 1019583693798.8038 0
1757589136124 804780488879.9222 1
1757589136195 1121414978890.9878 2
1757589136274 14315751479283.404 3
1757589136342 336274326205916.44 4
1757589136409 8109759591964377.0 5
1757589136479 1.9575668734834816e+17 6
1757589136547 4.725416095857902e+18 7
1757589136618 1.1406806820253806e+20 8
1757589136690 2.7535193959654857e+21 9
1757589136755 6.646793620200462e+22 10
1757589136825 1.6044871700558228e+24 11
1757589136900 3.8731142051086585e+25 12
1757589136977 9.34941327408341e+26 13
1757589137043 2.2568797081767204e+28 14
1757589137110 5.447941884544824e+29 15
1757589137184 1.3150931646842447e+31 16
1757589137253 3.174538327410445e+32 17
1757589137319 7.663102404320978e+33 18
1757589137393 1.8498166474182066e+35 19
1757589137466 4.465321548014385e+36 20
1757589137544 1.0778958311890315e+38 21
1757589137615 2.601961382627292e+39 22
1757589137689 6.280943706049488e+40 23
1757589137759 1.516173687356127e+42 24
1757589137835 3.6599319430565946e+43 25
1757589137907 8.83480694824885e+44 26
1757589137973 2.132657520064146e+46 27
1757589138043 5.148078644534123e+47 28
1757589138113 1.2427083805519329e+49 29
1757589138187 2.999806773996479e+50 30
1757589138259 7.241313265561505e+51 31
1757589138332 1.747999846674753e+53 32
1757589138417 4.2195432678025764e+54 33
1757589138498 1.0185667591863857e+56 34
1757589138578 2.4587453595652954e+57 35
1757589138669 5.935230743258172e+58 36
1757589138741 1.4327211168359885e+60 37
1757589138808 3.458483566050752e+61 38
1757589138882 8.34852535925342e+62 39
1757589138957 2.0152727154255526e+64 40
1757589139032 4.864720346135328e+65 41
1757589139102 1.1743077681228729e+67 42
1757589139168 2.834692718501772e+68 43
1757589139253 6.8427400605308615e+69 44
1757589139326 1.6517872018502724e+71 45
1757589139399 3.987293008445347e+72 46
1757589139471 9.62503252076794e+73 47
1757589139547 2.3234121703526657e+75 48
1757589139619 5.608546362513676e+76 49
1757589139696 1.3538619062880606e+78 50
1757589139764 3.2681232227104976e+79 51
1757589139836 7.889009469291551e+80 52
1757589139904 1.9043489539832765e+82 53
1757589139976 4.596958531554243e+83 54
1757589140052 1.1096720323566754e+85 55
1757589140123 2.6786667988024313e+86 56
1757589140197 6.466104947934909e+87 57
1757589140272 1.5608702514400344e+89 58
1757589140342 3.7678261665217325e+90 59
1757589140419 9.095255680623249e+91 60
1757589140489 2.195527931488305e+93 61
1757589140558 5.299843200906039e+94 62
1757589140637 1.2793432299970517e+96 63
1757589140709 3.088240610325005e+97 64
1757589140778 7.454786052436109e+98 65
1757589140846 1.7995306098169373e+100 66
1757589140917 4.3439347459339726e+101 67
1757589140990 1.0485939485548412e+103 68
1757589141057 2.5312287896935802e+104 69
1757589141130 6.110200420862448e+105 70
1757589141204 1.47495751214284e+107 71
1757589141273 3.5604391227473506e+108 72
1757589141343 8.594638586146783e+109 73
1757589141412 2.0746826410974981e+111 74
1757589141483 5.008131544017619e+112 75
1757589141556 1.2089261781703828e+114 76
1757589141629 2.9182590181990354e+115 77
1757589141705 7.044462971418713e+116 78
1757589141773 1.700481631212928e+118 79
1757589141846 4.104837785115391e+119 80
1757589141914 9.908776979903272e+120 81
1757589141992 2.3919059991478104e+122 82
1757589142064 5.773885435470902e+123 83
1757589142136 1.3937735443541964e+125 84
1757589142210 3.364466986143478e+126 85
1757589142287 8.121576239341189e+127 86
1757589142356 1.9604888644497652e+129 87
1757589142430 4.732476152859833e+130 88
1757589142499 1.1423849909840123e+132 89
1757589142596 2.757633478695723e+133 90
1757589142681 6.656724714383021e+134 91
1757589142757 1.6068844632694168e+136 92
1757589142835 3.878901094884709e+137 93
1757589142911 9.363382401050182e+138 94
1757589142978 2.260251752846051e+140 95
1757589143048 5.4560817527549245e+141 96
1757589143115 1.317058069096113e+143 97
1757589143194 3.179281462370521e+144 98
1757589143262 7.674551983808704e+145 99
1757589143329 1.852580491828059e+147 100
1757589143398 4.471993265460487e+148 101
1757589143472 1.0795063347876435e+150 102
1757589143541 2.6058490200491297e+151 103
1757589143615 6.290328177302268e+152 104
1757589143697 1.5184390298029157e+154 105
1757589143769 3.6654003133706934e+155 106
1757589143842 8.848007192624499e+156 107
1757589143911 2.1358439621221676e+158 108
1757589143981 5.15577048167e+159 109
1757589144054 1.244565133552542e+161 110
1757589144123 3.004288839391744e+162 111
1757589144195 7.252132642291114e+163 112
1757589144265 1.7506115647666024e+165 113
1757589144341 4.2258477634882114e+166 114
1757589144419 1.020088618148663e+168 115
1757589144484 2.462419015344523e+169 116
1757589144562 5.944098678539139e+170 117
1757589144632 1.4348617712922966e+172 118
1757589144708 3.463650948712143e+173 119
1757589144774 8.360999041538085e+174 120
1757589144847 2.018283770730225e+176 121
1757589144917 4.87198881252792e+177 122
1757589144992 1.1760623225350186e+179 123
1757589145070 2.8389280840092957e+180 124
1757589145138 6.85296392184753e+181 125
1757589145219 1.65425516689454e+183 126
1757589145290 3.993250494830436e+184 127
1757589145363 9.639413455421335e+185 128
1757589145439 2.3268836223734993e+187 129
1757589145507 5.61692619277046e+188 130
1757589145583 1.3558847357758664e+190 131
1757589145651 3.2730061845502294e+191 132
1757589145722 7.9007965805988e+192 133
1757589145795 1.9071942760957425e+194 134
1757589145871 4.6038269301912475e+195 135
1757589145936 1.111330013350465e+197 136
1757589146012 2.682669043169792e+198 137
1757589146091 6.47576607193817e+199 138
1757589146167 1.563202375829227e+201 139
1757589146238 3.773455743540751e+202 140
1757589146307 9.108845066146588e+203 141
1757589146376 2.1988083093617726e+205 142
1757589146449 5.3077617922023545e+206 143
1757589146520 1.2812547197868484e+208 144
1757589146594 3.0928548063098374e+209 145
1757589146663 7.465924382706065e+210 146
1757589146740 1.8022193209512453e+212 147
1757589146809 4.350425097170215e+213 148
1757589146886 1.0501606716822284e+215 149
1757589146964 2.5350107442728404e+216 150
1757589147035 6.119329781493938e+217 151
1757589147114 1.4771612727590223e+219 152
1757589147191 3.565758839044547e+220 153
1757589147263 8.607479990641835e+221 154
1757589147335 2.077782461843431e+223 155
1757589147413 5.015614283667051e+224 156
1757589147483 1.2107324565732398e+226 157
1757589147560 2.922619241621858e+227 158
1757589147633 7.054988230574139e+228 159
1757589147712 1.7030223514821925e+230 160
1757589147788 4.110970897270952e+231 161
1757589147860 9.923581862269785e+232 162
1757589147929 2.3954797890333805e+234 163
1757589148007 5.782512301818108e+235 164
1757589148076 1.3958560065401488e+237 165
1757589148149 3.369493896937505e+238 166
1757589148221 8.133710832853396e+239 167
1757589148298 1.9634180662148097e+241 168
1757589148375 4.73954703081857e+242 169
1757589148444 1.1440918489991888e+244 170
1757589148512 2.7617537086034878e+245 171
1757589148603 6.666670646816672e+246 172
1757589148680 1.6092853383222545e+248 173
1757589148760 3.884696630957167e+249 174
1757589148853 9.377372399541514e+250 175
1757589148927 2.2636288357481413e+252 176
1757589148999 5.464233782888921e+253 177
1757589149074 1.3190259093070983e+255 178
1757589149150 3.18403168413408e+256 179
1757589149223 7.686018670319658e+257 180
1757589149293 1.8553484657477012e+259 181
1757589149365 4.478674951239975e+260 182
1757589149452 1.081119244668731e+262 183
1757589149527 2.609742466060154e+263 184
1757589149606 6.299726670062791e+264 185
1757589149685 1.5207077569387113e+266 186
1757589149761 3.670876854075516e+267 187
1757589149839 8.861227159723384e+268 188
1757589149914 2.1390351651007452e+270 189
1757589149991 5.163473811318492e+271 190
1757589150066 1.2464246607612983e+273 191
1757589150143 3.008777601521752e+274 192
1757589150215 7.262968184446599e+275 193
1757589150283 1.7532271850735595e+277 194
1757589150354 4.232161678834564e+278 195
1757589150430 1.0216127509478661e+280 196
1757589150501 2.4660981599991074e+281 197
1757589150578 5.952979863562161e+282 198
1757589150653 1.4370056241390383e+284 199
1757589150732 3.4688260520531615e+285 200
1757589150803 8.373491360976378e+286 201
1757589150875 2.0212993249069275e+288 202
1757589150949 4.879268138867222e+289 203
1757589151024 1.1778194984585504e+291 204
1757589151102 2.8431697776527952e+292 205
1757589151178 6.863203058819742e+293 206
1757589151257 1.6567268193698724e+295 207
1757589151332 3.999216882403333e+296 208
1757589151411 9.653815876888491e+297 209
1757589151487 2.3303602611533785e+299 210
1757589151556 5.625318543482692e+300 211
1757589151637 1.3579105876096748e+302 212
1757589151713 3.277896442111283e+303 213
1757589151790 inf 214
1757589151864 inf 215
1757589151936 inf 216
