1757589045948 1064042903058.8425 0
1757589046020 823652470482.0972 1
1757589046094 583177230184.5568 2
1757589046169 425153199122.51025 3
1757589046237 343427107528.43134 4
1757589046304 305077553298.7553 5
1757589046374 284610467383.2173 6
1757589046440 270963017998.1312 7
1757589046509 260492039332.5698 8
1757589046579 252246809440.89023 9
1757589046660 245765892471.72913 10
1757589046742 240473865925.94193 11
1757589046819 235895633080.1924 12
1757589046906 231739178628.7965 13
1757589046979 227863836963.71417 14
1757589047051 224221563689.97003 15
1757589047126 220795697757.73206 16
1757589047208 217573979512.2933 17
1757589047279 214542125401.5221 18
1757589047348 211683927139.26828 19
1757589047415 208983571945.94168 20
1757589047491 206426798815.2275 21
1757589047562 204001065381.66864 22
1757589047636 201695419247.49567 23
1757589047704 199500238003.2005 24
1757589047776 197407017763.2815 25
1757589047844 195408212808.21762 26
1757589047912 193497089010.81158 27
1757589047981 191667593357.32617 28
1757589048059 189914241410.2608 29
1757589048128 188232028347.47498 30
1757589048196 186616364630.46536 31
1757589048264 185063029827.32333 32
1757589048341 183568137668.4081 33
1757589048406 182128107398.57693 34
1757589048477 180739638769.43094 35
1757589048548 179399689482.52277 36
1757589048621 178105454325.81314 37
1757589048693 176854345509.4637 38
1757589048764 175643974053.3808 39
1757589048840 174472132342.80814 40
1757589048910 173336778034.81488 41
1757589048982 172236019399.99158 42
1757589049056 171168102058.07214 43
1757589049126 170131397002.0961 44
1757589049195 169124389796.48953 45
1757589049281 168145670840.27847 46
1757589049349 167193926586.64282 47
1757589049421 166267931608.87097 48
1757589049488 165366541410.1568 49
1757589049563 164488685890.3229 50
1757589049639 163633363399.1661 51
1757589049706 162799635318.21295 52
1757589049774 161986621120.0735 53
1757589049847 161193493859.85214 54
1757589049917 160419476057.98306 55
1757589049985 159663835938.47986 56
1757589050059 158925883990.40042 57
1757589050127 158204969823.2563 58
1757589050202 157500479289.53577 59
1757589050272 156811831849.84644 60
1757589050342 156138478158.49332 61
1757589050411 155479897849.48514 62
1757589050481 154835597504.90414 63
1757589050561 154205108789.29404 64
1757589050633 153587986735.266 65
1757589050700 152983808166.93594 66
1757589050777 152392170249.089 67
1757589050848 151812689151.10904 68
1757589050925 151244998815.73193 69
1757589051002 150688749823.59067 70
1757589051074 150143608345.34265 71
1757589051145 149609255173.9162 72
1757589051214 149085384830.08615 73
1757589051287 148571704735.2003 74
1757589051355 148067934445.42984 75
1757589051427 147573804942.41724 76
1757589051500 147089057975.65027 77
1757589051569 146613445452.30435 78
1757589051643 146146728870.67023 79
1757589051713 145688678793.62378 80
1757589051782 145239074358.90598 81
1757589051852 144797702823.25912 82
1757589051924 144364359137.72327 83
1757589051997 143938845551.62778 84
1757589052066 143520971243.02512 85
1757589052136 143110551973.50485 86
1757589052210 142707409765.5023 87
1757589052281 142311372600.37512 88
1757589052345 141922274135.66586 89
1757589052417 141539953440.10117 90
1757589052490 141164254744.99957 91
1757589052553 140795027210.8688 92
1757589052627 140432124708.07486 93
1757589052698 140075405610.55542 94
1757589052781 139724732601.636 95
1757589052853 139379972491.08078 96
1757589052924 139040996042.5825 97
1757589052998 138707677810.95773 98
1757589053074 138379895988.37302 99
1757589053145 138057532258.98038 100
1757589053223 137740471661.38986 101
1757589053290 137428602458.4507 102
1757589053360 137121816013.8544 103
1757589053434 136820006675.11005 104
1757589053501 136523071662.4765 105
1757589053574 136230910963.46744 106
1757589053647 135943427232.57487 107
1757589053719 135660525695.882 108
1757589053790 135382114060.26178 109
1757589053858 135108102426.87874 110
1757589053926 134838403208.73364 111
1757589054003 134572931052.0075 112
1757589054090 134311602760.98055 113
1757589054154 134054337226.31671 114
1757589054230 133801055356.51932 115
1757589054305 133551680012.37666 116
1757589054374 133306135944.22968 117
1757589054452 133064349731.90404 118
1757589054526 132826249727.16077 119
1757589054596 132591765998.52904 120
1757589054669 132360830278.39262 121
1757589054737 132133375912.21236 122
1757589054805 131909337809.77196 123
1757589054879 131688652398.3435 124
1757589054957 131471257577.67496 125
1757589055024 131257092676.70798 126
1757589055099 131046098411.94052 127
1757589055171 130838216847.3536 128
1757589055244 130633391355.82622 129
1757589055317 130431566581.96806 130
1757589055385 130232688406.30254 131
1757589055457 130036703910.73735 132
1757589055531 129843561345.2636 133
1757589055601 129653210095.82713 134
1757589055673 129465600653.31981 135
1757589055742 129280684583.64075 136
1757589055819 129098414498.78049 137
1757589055892 128918744028.88405 138
1757589055966 128741627795.25032 139
1757589056036 128567021384.22871 140
1757589056107 128394881321.97481 141
1757589056173 128225165050.02968 142
1757589056250 128057830901.68913 143
1757589056344 127892838079.13057 144
1757589056436 127730146631.26704 145
1757589056516 127569717432.29976 146
1757589056591 127411512160.94121 147
1757589056665 127255493280.28333 148
1757589056738 127101624018.28488 149
1757589056807 126949868348.85555 150
1757589056907 126800190973.51291 151
1757589056985 126652557303.592 152
1757589057073 126506933442.98576 153
1757589057154 126363286171.398 154
1757589057225 126221582928.08896 155
1757589057293 126081791796.09685 156
1757589057363 125943881486.91713 157
1757589057437 125807821325.62431 158
1757589057511 125673581236.41988 159
1757589057598 125541131728.5918 160
1757589057669 125410443882.87137 161
1757589057747 125281489338.17352 162
1757589057823 125154240278.70775 163
1757589057895 125028669421.44667 164
1757589057971 124904750003.9409 165
1757589058047 124782455772.46783 166
1757589058119 124661760970.50397 167
1757589058192 124542640327.50984 168
1757589058260 124425069048.0173 169
1757589058338 124309022801.00945 170
1757589058408 124194477709.58372 171
1757589058484 124081410340.88928 172
1757589058562 123969797696.32971 173
1757589058633 123859617202.02275 174
1757589058702 123750846699.50911 175
1757589058775 123643464436.70242 176
1757589058852 123537449059.07324 177
1757589058924 123432779601.0592 178
1757589058996 123329435477.69536 179
1757589059075 123227396476.45692 180
1757589059145 123126642749.30916 181
1757589059221 123027154804.95728 182
1757589059302 122928913501.29071 183
1757589059380 122831900038.01611 184
1757589059457 122736095949.4736 185
1757589059528 122641483097.63 186
1757589059607 122548043665.2455 187
1757589059675 122455760149.20709 188
1757589059752 122364615354.02496 189
1757589059821 122274592385.48679 190
1757589059896 122185674644.46565 191
1757589059963 122097845820.87694 192
1757589060035 122011089887.78001 193
1757589060114 121925391095.62126 194
1757589060182 121840733966.61327 195
1757589060257 121757103289.24771 196
1757589060332 121674484112.93742 197
1757589060408 121592861742.78413 198
1757589060482 121512221734.46893 199
1757589060564 121432549889.26147 200
1757589060635 121353832249.1453 201
1757589060720 121276055092.05531 202
1757589060809 121199204927.2257 203
1757589060895 121123268490.64378 204
1757589060980 121048232740.60829 205
1757589061062 120974084853.38838 206
1757589061141 120900812218.9813 207
1757589061224 120828402436.96588 208
1757589061306 120756843312.44936 209
1757589061383 120686122852.10495 210
1757589061472 120616229260.29819 211
1757589061568 120547150935.29948 212
1757589061650 120478876465.58055 213
1757589061742 120411394626.19289 214
1757589061818 120344694375.22588 215
1757589061912 120278764850.34293 216
1757589061991 120213595365.39308 217
1757589062080 120149175407.09662 218
1757589062167 120085494631.80278 219
1757589062244 120022542862.31767 220
1757589062331 119960310084.80042 221
1757589062417 119898786445.72644 222
1757589062496 119837962248.91551 223
1757589062583 119777827952.62364 224
1757589062659 119718374166.69658 225
1757589062735 119659591649.78397 226
1757589062825 119601471306.61255 227
1757589062911 119544004185.31642 228
1757589062993 119487181474.82422 229
1757589063081 119430994502.30017 230
1757589063166 119375434730.63948 231
1757589063252 119320493756.01524 232
1757589063347 119266163305.47664 233
1757589063433 119212435234.59683 234
1757589063515 119159301525.16931 235
1757589063600 119106754282.95175 236
1757589063699 119054785735.45607 237
1757589063785 119003388229.78387 238
1757589063866 118952554230.5057 239
1757589063950 118902276317.58395 240
1757589064041 118852547184.33727 241
1757589064137 118803359635.44656 242
1757589064221 118754706585.00124 243
1757589064308 118706581054.58426 244
1757589064392 118658976171.39606 245
1757589064477 118611885166.4157 246
1757589064558 118565301372.59877 247
1757589064637 118519218223.11115 248
1757589064723 118473629249.59747 249
1757589064799 118428528080.48434 250
1757589064873 118383908439.31654 251
1757589064948 118339764143.126 252
1757589065024 118296089100.83304 253
1757589065097 118252877311.67842 254
1757589065173 118210122863.68646 255
1757589065252 118167819932.15744 256
1757589065319 118125962778.18974 257
1757589065395 118084545747.23044 258
1757589065467 118043563267.65363 259
1757589065541 118003009849.36636 260
1757589065616 117962880082.44113 261
1757589065686 117923168635.77477 262
1757589065765 117883870255.77254 263
1757589065834 117844979765.05779 264
1757589065921 117806492061.2056 265
1757589066000 117768402115.50082 266
1757589066079 117730704971.71922 267
1757589066155 117693395744.93193 268
1757589066235 117656469620.33206 269
1757589066311 117619921852.08353 270
1757589066385 117583747762.19121 271
1757589066466 117547942739.39243 272
1757589066538 117512502238.06879 273
1757589066613 117477421777.17839 274
1757589066689 117442696939.2077 275
1757589066763 117408323369.14288 276
1757589066837 117374296773.45995 277
1757589066916 117340612919.1336 278
1757589066992 117307267632.66414 279
1757589067082 117274256799.12213 280
1757589067157 117241576361.21083 281
1757589067243 117209222318.34506 282
1757589067337 117177190725.74738 283
1757589067413 117145477693.5604 284
1757589067485 117114079385.97507 285
1757589067560 117082992020.37479 286
1757589067637 117052211866.49484 287
1757589067712 117021735245.597 288
1757589067787 116991558529.65877 289
1757589067866 116961678140.57718 290
1757589067941 116932090549.3869 291
1757589068015 116902792275.49185 292
1757589068100 116873779885.91104 293
1757589068181 116845049994.53711 294
1757589068260 116816599261.40837 295
1757589068334 116788424391.99364 296
1757589068405 116760522136.4895 297
1757589068482 116732889289.1298 298
1757589068558 116705522687.50757 299
1757589068628 116678419211.90851 300
1757589068704 116651575784.65604 301
1757589068781 116624989369.46793 302
1757589068859 116598656970.824 303
1757589068934 116572575633.34467 304
1757589069014 116546742441.18033 305
1757589069089 116521154517.41121 306
1757589069165 116495809023.45753 307
1757589069242 116470703158.49986 308
1757589069316 116445834158.90921 309
1757589069392 116421199297.68694 310
1757589069464 116396795883.9144 311
1757589069537 116372621262.2116 312
1757589069612 116348672812.20517 313
1757589069690 116324947948.00555 314
1757589069765 116301444117.69269 315
1757589069838 116278158802.81047 316
1757589069912 116255089517.86986 317
1757589069986 116232233809.86018 318
1757589070067 116209589257.7686 319
1757589070143 116187153472.10768 320
1757589070218 116164924094.45082 321
1757589070303 116142898796.97534 322
1757589070376 116121075282.01337 323
1757589070451 116099451281.60976 324
1757589070532 116078024557.08783 325
1757589070608 116056792898.6218 326
1757589070681 116035754124.81668 327
1757589070755 116014906082.29463 328
1757589070830 115994246645.28847 329
1757589070906 115973773715.24176 330
1757589070976 115953485220.41507 331
1757589071055 115933379115.49933 332
1757589071130 115913453381.2348 333
1757589071206 115893706024.03656 334
1757589071282 115874135075.62608 335
1757589071354 115854738592.66867 336
1757589071429 115835514656.41666 337
1757589071508 115816461372.35869 338
1757589071585 115797576869.87413 339
1757589071670 115778859301.8935 340
1757589071746 115760306844.56396 341
1757589071822 115741917696.92058 342
1757589071896 115723690080.56232 343
1757589071967 115705622239.33345 344
1757589072035 115687712439.01022 345
1757589072110 115669958966.99207 346
1757589072185 115652360131.99797 347
1757589072256 115634914263.76758 348
1757589072335 115617619712.76709 349
1757589072411 115600474849.89949 350
1757589072493 115583478066.21977 351
1757589072573 115566627772.65404 352
1757589072649 115549922399.7237 353
1757589072725 115533360397.27336 354
1757589072801 115516940234.20332 355
1757589072875 115500660398.20602 356
1757589072946 115484519395.50671 357
1757589073022 115468515750.60799 358
1757589073099 115452648006.03851 359
1757589073173 115436914722.10538 360
1757589073254 115421314476.65039 361
1757589073332 115405845864.81013 362
1757589073413 115390507498.77957 363
1757589073486 115375298007.57945 364
1757589073559 115360216036.82713 365
1757589073637 115345260248.51096 366
1757589073714 115330429320.76808 367
1757589073791 115315721947.66554 368
1757589073866 115301136838.98499 369
1757589073944 115286672720.01012 370
1757589074020 115272328331.31796 371
1757589074093 115258102428.57278 372
1757589074171 115243993782.32346 373
1757589074253 115230001177.80363 374
1757589074331 115216123414.73508 375
1757589074406 115202359307.13388 376
1757589074485 115188707683.11946 377
1757589074562 115175167384.72672 378
1757589074636 115161737267.72064 379
1757589074723 115148416201.41397 380
1757589074797 115135203068.48729 381
1757589074872 115122096764.81197 382
1757589074944 115109096199.27576 383
1757589075019 115096200293.61072 384
1757589075100 115083407982.22406 385
1757589075174 115070718212.03104 386
1757589075262 115058129942.29068 387
1757589075346 115045642144.44377 388
1757589075427 115033253801.95303 389
1757589075505 115020963910.14609 390
1757589075589 115008771476.06018 391
1757589075661 114996675518.28958 392
1757589075739 114984675066.83496 393
1757589075817 114972769162.95515 394
1757589075892 114960956859.02083 395
1757589075972 114949237218.37047 396
1757589076047 114937609315.16835 397
1757589076124 114926072234.26453 398
1757589076202 114914625071.05713 399
1757589076277 114903266931.35605 400
1757589076354 114891996931.24913 401
1757589076430 114880814196.97014 402
1757589076503 114869717864.76836 403
1757589076577 114858707080.78047 404
1757589076659 114847781000.9039 405
1757589076735 114836938790.67207 406
1757589076809 114826179625.13162 407
1757589076896 114815502688.72105 408
1757589076970 114804907175.15135 409
1757589077049 114794392287.2881 410
1757589077125 114783957237.03548 411
1757589077204 114773601245.22157 412
1757589077298 114763323541.48572 413
1757589077384 114753123364.1671 414
1757589077475 114742999960.19485 415
1757589077550 114732952584.98029 416
1757589077660 114722980502.30962 417
1757589077740 114713082984.23932 418
1757589077812 114703259310.9921 419
1757589077891 114693508770.85454 420
1757589077966 114683830660.07657 421
1757589078037 114674224282.77156 422
1757589078115 114664688950.8186 423
1757589078195 114655223983.7655 424
1757589078270 114645828708.73363 425
1757589078350 114636502460.32361 426
1757589078427 114627244580.52266 427
1757589078507 114618054418.61299 428
1757589078583 114608931331.08165 429
1757589078659 114599874681.53145 430
1757589078742 114590883840.59314 431
1757589078815 114581958185.8388 432
1757589078895 114573097101.69646 433
1757589078979 114564299979.36583 434
1757589079060 114555566216.73512 435
1757589079150 114546895218.29912 436
1757589079225 114538286395.07834 437
1757589079301 114529739164.53917 438
1757589079377 114521252950.5152 439
1757589079456 114512827183.12961 440
1757589079533 114504461298.71854 441
1757589079609 114496154739.75551 442
1757589079680 114487906954.77692 443
1757589079765 114479717398.30847 444
1757589079870 114471585530.79268 445
1757589079957 114463510818.51715 446
1757589080033 114455492733.544 447
1757589080142 114447530753.64034 448
1757589080223 114439624362.2091 449
1757589080307 114431773048.22162 450
1757589080385 114423976306.1505 451
1757589080462 114416233635.9035 452
1757589080539 114408544542.75838 453
1757589080614 114400908537.29872 454
1757589080696 114393325135.35025 455
1757589080774 114385793857.91837 456
1757589080847 114378314231.12617 457
1757589080922 114370885786.15369 458
1757589081004 114363508059.17743 459
1757589081082 114356180591.31111 460
1757589081162 114348902928.54712 461
1757589081244 114341674621.6984 462
1757589081329 114334495226.34163 463
1757589081406 114327364302.76064 464
1757589081478 114320281415.89091 465
1757589081559 114313246135.26465 466
1757589081640 114306258034.95657 467
1757589081720 114299316693.5304 468
1757589081797 114292421693.98615 469
1757589081872 114285572623.708 470
1757589081947 114278769074.4127 471
1757589082021 114272010642.09912 472
1757589082099 114265296926.99783 473
1757589082178 114258627533.52171 474
1757589082256 114252002070.21722 475
1757589082338 114245420149.71608 476
1757589082419 114238881388.68773 477
1757589082508 114232385407.79234 478
1757589082587 114225931831.6344 479
1757589082668 114219520288.71693 480
1757589082750 114213150411.3964 481
1757589082828 114206821835.83786 482
1757589082906 114200534201.97115 483
1757589082982 114194287153.44714 484
1757589083064 114188080337.59511 485
1757589083142 114181913405.37988 486
1757589083232 114175786011.36046 487
1757589083314 114169697813.64828 488
1757589083390 114163648473.86668 489
1757589083477 114157637657.11043 490
1757589083559 114151665031.90594 491
1757589083640 114145730270.17212 492
1757589083722 114139833047.18138 493
1757589083796 114133973041.52148 494
1757589083878 114128149935.05763 495
1757589083958 114122363412.89505 496
1757589084031 114116613163.34225 497
1757589084114 114110898877.8745 498
1757589084204 114105220251.09781 499
