1757581539040 1596850760186.0488 0
1757581539108 1.6137194865674477e+17 1
1757581539192 3.672100457354893e+22 2
1757581539287 7.689825576556058e+27 3
1757581539358 3.1881010200251e+33 4
1757581539426 1.9793806196394336e+38 5
1757581539502 2.3160032215699775e+45 6
1757581539574 1.7690484326432208e+48 7
1757581539648 3.156776572778403e+55 8
1757581539739 2.720361517899605e+59 9
1757581539831 1.620381117378489e+64 10
1757581539920 1.3080611615273738e+70 11
1757581540011 1.2266509569889332e+75 12
1757581540105 3.435444225674618e+81 13
1757581540201 9.547885883176793e+85 14
1757581540296 1.7389352685777132e+91 15
1757581540390 1.7727326572260216e+96 16
1757581540482 6.143085743919484e+101 17
1757581540574 1.758957366766857e+107 18
1757581540669 8.44038848806613e+112 19
1757581540739 1.5845330646777183e+118 20
1757581540814 3.870715137909753e+123 21
1757581540881 7.190417987075174e+128 22
1757581540952 7.962214695899389e+133 23
1757581541018 2.473106169562028e+139 24
1757581541094 4.76213171581738e+144 25
1757581541162 2.8282290873995825e+150 26
1757581541254 3.2071098182134933e+155 27
1757581541347 1.656023135301672e+161 28
1757581541438 2.514003855200281e+168 29
1757581541531 1.593930676180978e+173 30
1757581541622 1.9505851551832497e+177 31
1757581541704 1.6513164070989363e+183 32
1757581541774 1.0173642793868856e+188 33
1757581541853 9.917641553368133e+192 34
1757581541922 4.6284198317897014e+199 35
1757581541996 2.8713103673866043e+203 36
1757581542066 4.211765912372565e+209 37
1757581542133 1.6321154434682402e+214 38
1757581542252 2.8351506283165824e+221 39
1757581542345 2.38441278630276e+225 40
1757581542438 9.955948487696858e+229 41
1757581542530 9.833732998318245e+234 42
1757581542623 2.2210137400560425e+241 43
1757581542711 1.709185477695567e+247 44
1757581542778 4.167505060044252e+250 45
1757581542849 4.1329099417941156e+257 46
1757581542924 5.96306421868589e+261 47
1757581542989 1.1909733043357519e+268 48
1757581543058 1.9160937765886793e+272 49
1757581543124 9.743763189265471e+276 50
1757581543199 4.5151421643022024e+282 51
1757581543295 4.917014900791498e+288 52
1757581543387 2.692898414367549e+293 53
1757581543478 2.1631920718467576e+299 54
1757581543569 8.779630288117628e+303 55
1757581543659 inf 56
1757581543739 inf 57
