1757584305914 1053300496920.496 0
1757584305978 1053089534159.7367 1
1757584306045 1052878639129.6733 2
1757584306116 1052667811803.5397 3
1757584306184 1052457052154.5812 4
1757584306246 1052246360156.0559 5
1757584306325 1052035735781.2349 6
1757584306391 1051825179003.4006 7
1757584306459 1051614689795.8484 8
1757584306525 1051404268131.886 9
1757584306587 1051193913984.8333 10
1757584306669 1050983627328.0227 11
1757584306742 1050773408134.799 12
1757584306814 1050563256378.5189 13
1757584306877 1050353172032.5518 14
1757584306945 1050143155070.2795 15
1757584307008 1049933205465.0958 16
1757584307080 1049723323190.4071 17
1757584307164 1049513508219.6318 18
1757584307229 1049303760526.201 19
1757584307302 1049094080083.5574 20
1757584307366 1048884466865.157 21
1757584307427 1048674920844.4672 22
1757584307492 1048465441994.968 23
1757584307559 1048256030290.1516 24
1757584307621 1048046685703.5226 25
1757584307684 1047837408208.5978 26
1757584307752 1047628197778.9061 27
1757584307818 1047419054387.9888 28
1757584307883 1047209978009.3992 29
1757584307948 1047000968616.7031 30
1757584308011 1046792026183.4786 31
1757584308073 1046583150683.3157 32
1757584308135 1046374342089.8165 33
1757584308195 1046165600376.5958 34
1757584308259 1045956925517.2804 35
1757584308330 1045748317485.5089 36
1757584308397 1045539776254.9329 37
1757584308464 1045331301799.2152 38
1757584308533 1045122894092.0314 39
1757584308599 1044914553107.0691 40
1757584308666 1044706278818.0283 41
1757584308729 1044498071198.6206 42
1757584308798 1044289930222.5704 43
1757584308865 1044081855863.6138 44
1757584308930 1043873848095.499 45
1757584308992 1043665906891.9867 46
1757584309063 1043458032226.8491 47
1757584309130 1043250224073.8713 48
1757584309195 1043042482406.85 49
1757584309263 1042834807199.5944 50
1757584309333 1042627198425.9249 51
1757584309397 1042419656059.6749 52
1757584309463 1042212180074.69 53
1757584309535 1042004770444.827 54
1757584309600 1041797427143.9552 55
1757584309669 1041590150145.9562 56
1757584309732 1041382939424.7238 57
1757584309794 1041175794954.1628 58
1757584309856 1040968716708.1912 59
1757584309923 1040761704660.7386 60
1757584309985 1040554758785.7466 61
1757584310046 1040347879057.1687 62
1757584310116 1040141065448.9712 63
1757584310182 1039934317935.1311 64
1757584310245 1039727636489.6383 65
1757584310307 1039521021086.4949 66
1757584310376 1039314471699.7142 67
1757584310452 1039107988303.3223 68
1757584310529 1038901570871.3567 69
1757584310598 1038695219377.8668 70
1757584310662 1038488933796.9148 71
1757584310730 1038282714102.574 72
1757584310799 1038076560268.93 73
1757584310869 1037870472270.0808 74
1757584310938 1037664450080.1354 75
1757584311005 1037458493673.2152 76
1757584311066 1037252603023.4537 77
1757584311134 1037046778104.9966 78
1757584311198 1036841018892.0005 79
1757584311269 1036635325358.6351 80
1757584311333 1036429697479.0813 81
1757584311403 1036224135227.5317 82
1757584311465 1036018638578.1918 83
1757584311534 1035813207505.2782 84
1757584311598 1035607841983.019 85
1757584311667 1035402541985.6555 86
1757584311732 1035197307487.4398 87
1757584311793 1034992138462.6361 88
1757584311863 1034787034885.5209 89
1757584311933 1034581996730.3818 90
1757584311999 1034377023971.519 91
1757584312069 1034172116583.2441 92
1757584312139 1033967274539.8806 93
1757584312204 1033762497815.764 94
1757584312274 1033557786385.2416 95
1757584312339 1033353140222.6722 96
1757584312407 1033148559302.4269 97
1757584312477 1032944043598.8882 98
1757584312543 1032739593086.4506 99
1757584312611 1032535207739.5206 100
1757584312679 1032330887532.5161 101
1757584312751 1032126632439.8671 102
1757584312821 1031922442436.0149 103
1757584312889 1031718317495.4135 104
1757584312959 1031514257592.5275 105
1757584313024 1031310262701.8341 106
1757584313094 1031106332797.8223 107
1757584313164 1030902467854.992 108
1757584313233 1030698667847.8557 109
1757584313299 1030494932750.9373 110
1757584313362 1030291262538.7726 111
1757584313433 1030087657185.9089 112
1757584313500 1029884116666.9055 113
1757584313569 1029680640956.3329 114
1757584313638 1029477230028.7737 115
1757584313705 1029273883858.8225 116
1757584313770 1029070602421.0848 117
1757584313838 1028867385690.1788 118
1757584313907 1028664233640.7336 119
1757584313985 1028461146247.39 120
1757584314056 1028258123484.8009 121
1757584314132 1028055165327.6302 122
1757584314195 1027852271750.5547 123
1757584314264 1027649442728.2616 124
1757584314330 1027446678235.4503 125
1757584314402 1027243978246.8318 126
1757584314467 1027041342737.1285 127
1757584314535 1026838771681.0751 128
1757584314596 1026636265053.4167 129
1757584314664 1026433822828.9117 130
1757584314730 1026231444982.3286 131
1757584314795 1026029131488.4484 132
1757584314863 1025826882322.0632 133
1757584314938 1025624697457.9768 134
1757584315007 1025422576871.0052 135
1757584315079 1025220520535.9751 136
1757584315146 1025018528427.7253 137
1757584315216 1024816600521.1058 138
1757584315287 1024614736790.9788 139
1757584315355 1024412937212.2174 140
1757584315424 1024211201759.7067 141
1757584315493 1024009530408.343 142
1757584315563 1023807923133.0344 143
1757584315630 1023606379908.7004 144
1757584315701 1023404900710.2723 145
1757584315763 1023203485512.6927 146
1757584315837 1023002134290.9155 147
1757584315909 1022800847019.9065 148
1757584315973 1022599623674.6428 149
1757584316040 1022398464230.1132 150
1757584316109 1022197368661.3176 151
1757584316178 1021996336943.268 152
1757584316250 1021795369050.9873 153
1757584316313 1021594464959.5103 154
1757584316383 1021393624643.883 155
1757584316450 1021192848079.163 156
1757584316536 1020992135240.4191 157
1757584316606 1020791486102.7324 158
1757584316683 1020590900641.1941 159
1757584316748 1020390378830.9082 160
1757584316826 1020189920646.9891 161
1757584316909 1019989526064.5632 162
1757584316977 1019789195058.7683 163
1757584317043 1019588927604.7534 164
1757584317122 1019388723677.679 165
1757584317187 1019188583252.717 166
1757584317251 1018988506305.051 167
1757584317320 1018788492809.8755 168
1757584317387 1018588542742.3964 169
1757584317462 1018388656077.8318 170
1757584317538 1018188832791.4103 171
1757584317605 1017989072858.3721 172
1757584317670 1017789376253.9689 173
1757584317736 1017589742953.464 174
1757584317802 1017390172932.1311 175
1757584317876 1017190666165.2567 176
1757584317945 1016991222628.1372 177
1757584318009 1016791842296.0817 178
1757584318075 1016592525144.4092 179
1757584318137 1016393271148.4514 180
1757584318201 1016194080283.5504 181
1757584318274 1015994952525.0598 182
1757584318346 1015795887848.3452 183
1757584318413 1015596886228.7822 184
1757584318488 1015397947641.7589 185
1757584318552 1015199072062.6743 186
1757584318624 1015000259466.9384 187
1757584318694 1014801509829.9725 188
1757584318763 1014602823127.21 189
1757584318834 1014404199334.0945 190
1757584318902 1014205638426.0814 191
1757584318971 1014007140378.6375 192
1757584319041 1013808705167.2402 193
1757584319109 1013610332767.3794 194
1757584319178 1013412023154.5546 195
1757584319251 1013213776304.2776 196
1757584319326 1013015592192.0715 197
1757584319399 1012817470793.4701 198
1757584319468 1012619412084.0189 199
1757584319537 1012421416039.274 200
1757584319606 1012223482634.8033 201
1757584319674 1012025611846.1858 202
1757584319739 1011827803649.0115 203
1757584319809 1011630058018.8815 204
1757584319878 1011432374931.4084 205
1757584319944 1011234754362.216 206
1757584320013 1011037196286.9391 207
1757584320087 1010839700681.2234 208
1757584320154 1010642267520.7263 209
1757584320221 1010444896781.1162 210
1757584320291 1010247588438.0725 211
1757584320356 1010050342467.2856 212
1757584320422 1009853158844.4575 213
1757584320487 1009656037545.3011 214
1757584320559 1009458978545.5404 215
1757584320624 1009261981820.9105 216
1757584320689 1009065047347.1577 217
1757584320759 1008868175100.0396 218
1757584320822 1008671365055.3243 219
1757584320892 1008474617188.7917 220
1757584320971 1008277931476.2325 221
1757584321042 1008081307893.4482 222
1757584321105 1007884746416.2523 223
1757584321178 1007688247020.468 224
1757584321250 1007491809681.9305 225
1757584321315 1007295434376.4867 226
1757584321383 1007099121079.9928 227
1757584321459 1006902869768.3174 228
1757584321537 1006706680417.3396 229
1757584321605 1006510553002.9502 230
1757584321671 1006314487501.0499 231
1757584321739 1006118483887.5516 232
1757584321804 1005922542138.3787 233
1757584321868 1005726662229.4653 234
1757584321944 1005530844136.7571 235
1757584322016 1005335087836.2106 236
1757584322081 1005139393303.7932 237
1757584322151 1004943760515.4838 238
1757584322221 1004748189447.2712 239
1757584322292 1004552680075.1565 240
1757584322360 1004357232375.1505 241
1757584322431 1004161846323.2764 242
1757584322496 1003966521895.5673 243
1757584322567 1003771259068.0675 244
1757584322644 1003576057816.8324 245
1757584322714 1003380918117.9282 246
1757584322784 1003185839947.4325 247
1757584322856 1002990823281.4331 248
1757584322929 1002795868096.0295 249
1757584322997 1002600974367.3318 250
1757584323061 1002406142071.4606 251
1757584323129 1002211371184.5482 252
1757584323197 1002016661682.7373 253
1757584323266 1001822013542.1818 254
1757584323335 1001627426739.0465 255
1757584323402 1001432901249.5063 256
1757584323468 1001238437049.7488 257
1757584323534 1001044034115.9703 258
1757584323607 1000849692424.3798 259
1757584323684 1000655411951.1959 260
1757584323753 1000461192672.6492 261
1757584323824 1000267034564.98 262
1757584323894 1000072937604.4404 263
1757584323963 999878901767.2931 264
1757584324038 999684927029.8112 265
1757584324101 999491013368.2789 266
1757584324167 999297160758.992 267
1757584324242 999103369178.256 268
1757584324309 998909638602.3876 269
1757584324379 998715969007.7148 270
1757584324447 998522360370.576 271
1757584324513 998328812667.3203 272
1757584324596 998135325874.308 273
1757584324667 997941899967.9098 274
1757584324735 997748534924.5074 275
1757584324804 997555230720.4933 276
1757584324873 997361987332.271 277
1757584324941 997168804736.2542 278
1757584325010 996975682908.8679 279
1757584325079 996782621826.5475 280
1757584325150 996589621465.7396 281
1757584325220 996396681802.9015 282
1757584325287 996203802814.5005 283
1757584325352 996010984477.0157 284
1757584325418 995818226766.9362 285
1757584325487 995625529660.7623 286
1757584325555 995432893135.0048 287
1757584325622 995240317166.1853 288
1757584325693 995047801730.8357 289
1757584325765 994855346805.4995 290
1757584325830 994662952366.7303 291
1757584325910 994470618391.0924 292
1757584325980 994278344855.161 293
1757584326050 994086131735.5219 294
1757584326121 993893979008.7716 295
1757584326191 993701886651.5173 296
1757584326261 993509854640.377 297
1757584326326 993317882951.9789 298
1757584326395 993125971562.9624 299
1757584326467 992934120449.9775 300
1757584326537 992742329589.6846 301
1757584326608 992550598958.7549 302
1757584326687 992358928533.8704 303
1757584326761 992167318291.7233 304
1757584326837 991975768209.0168 305
1757584326912 991784278262.4647 306
1757584326983 991592848428.7914 307
1757584327058 991401478684.7317 308
1757584327138 991210169007.0315 309
1757584327205 991018919372.4467 310
1757584327285 990827729757.7441 311
1757584327356 990636600139.7013 312
1757584327425 990445530495.1062 313
1757584327498 990254520800.7574 314
1757584327563 990063571033.4642 315
1757584327635 989872681170.0463 316
1757584327708 989681851187.3337 317
1757584327783 989491081062.1677 318
1757584327851 989300370771.3997 319
1757584327927 989109720291.8915 320
1757584327992 988919129600.5157 321
1757584328066 988728598674.1554 322
1757584328145 988538127489.7042 323
1757584328214 988347716024.0663 324
1757584328295 988157364254.1567 325
1757584328373 987967072156.9003 326
1757584328445 987776839709.2328 327
1757584328513 987586666888.1005 328
1757584328583 987396553670.4604 329
1757584328657 987206500033.2794 330
1757584328728 987016505953.5355 331
1757584328802 986826571408.217 332
1757584328870 986636696374.3225 333
1757584328946 986446880828.8612 334
1757584329014 986257124748.8529 335
1757584329086 986067428111.3275 336
1757584329154 985877790893.3262 337
1757584329222 985688213071.8997 338
1757584329296 985498694624.1095 339
1757584329365 985309235527.0275 340
1757584329432 985119835757.7363 341
1757584329499 984930495293.3291 342
1757584329570 984741214110.9088 343
1757584329642 984551992187.5894 344
1757584329722 984362829500.4946 345
1757584329792 984173726026.7598 346
1757584329856 983984681743.529 347
1757584329928 983795696627.9585 348
1757584330001 983606770657.2134 349
1757584330071 983417903808.4705 350
1757584330142 983229096058.916 351
1757584330212 983040347385.747 352
1757584330293 982851657766.1709 353
1757584330363 982663027177.4054 354
1757584330436 982474455596.6785 355
1757584330506 982285943001.2289 356
1757584330578 982097489368.3052 357
1757584330647 981909094675.1669 358
1757584330716 981720758899.0831 359
1757584330788 981532482017.3341 360
1757584330861 981344264007.2098 361
1757584330938 981156104846.0111 362
1757584331009 980968004511.0486 363
1757584331082 980779962979.6437 364
1757584331153 980591980229.1277 365
1757584331221 980404056236.8428 366
1757584331293 980216190980.1406 367
1757584331364 980028384436.3842 368
1757584331434 979840636582.9458 369
1757584331508 979652947397.2087 370
1757584331572 979465316856.5665 371
1757584331643 979277744938.4224 372
1757584331716 979090231620.1903 373
1757584331787 978902776879.2944 374
1757584331862 978715380693.1696 375
1757584331934 978528043039.26 376
1757584332016 978340763895.0209 377
1757584332089 978153543237.917 378
1757584332159 977966381045.4243 379
1757584332229 977779277295.0283 380
1757584332298 977592231964.2251 381
1757584332365 977405245030.5203 382
1757584332437 977218316471.4309 383
1757584332520 977031446264.483 384
1757584332592 976844634387.2139 385
1757584332662 976657880817.1702 386
1757584332734 976471185531.9094 387
1757584332805 976284548508.9988 388
1757584332876 976097969726.0161 389
1757584332948 975911449160.5491 390
1757584333021 975724986790.1957 391
1757584333087 975538582592.5641 392
1757584333158 975352236545.2727 393
1757584333229 975165948625.9501 394
1757584333302 974979718812.2349 395
1757584333373 974793547081.7758 396
1757584333442 974607433412.2319 397
1757584333516 974421377781.2726 398
1757584333596 974235380166.5768 399
1757584333670 974049440545.8341 400
1757584333741 973863558896.744 401
1757584333817 973677735197.0161 402
1757584333889 973491969424.3705 403
1757584333958 973306261556.537 404
1757584334029 973120611571.2555 405
1757584334097 972935019446.2762 406
1757584334164 972749485159.3596 407
1757584334241 972564008688.2755 408
1757584334310 972378590010.8048 409
1757584334378 972193229104.7383 410
1757584334453 972007925947.8757 411
1757584334525 971822680518.0284 412
1757584334596 971637492793.017 413
1757584334676 971452362750.6722 414
1757584334747 971267290368.8351 415
1757584334826 971082275625.3563 416
1757584334901 970897318498.0972 417
1757584334977 970712418964.9285 418
1757584335048 970527577003.7314 419
1757584335122 970342792592.3972 420
1757584335197 970158065708.8269 421
1757584335272 969973396330.9316 422
1757584335342 969788784436.6327 423
1757584335416 969604230003.8612 424
1757584335488 969419733010.5585 425
1757584335557 969235293434.6757 426
1757584335628 969050911254.1741 427
1757584335704 968866586447.0249 428
1757584335791 968682318991.2096 429
1757584335870 968498108864.7189 430
1757584335951 968313956045.5542 431
1757584336024 968129860511.727 432
1757584336099 967945822241.258 433
1757584336175 967761841212.1785 434
1757584336244 967577917402.5295 435
1757584336316 967394050790.3619 436
1757584336397 967210241353.7372 437
1757584336468 967026489070.7257 438
1757584336540 966842793919.4087 439
1757584336609 966659155877.8767 440
1757584336686 966475574924.2303 441
1757584336760 966292051036.5808 442
1757584336834 966108584193.0481 443
1757584336924 965925174371.763 444
1757584337001 965741821550.866 445
1757584337083 965558525708.507 446
1757584337160 965375286822.8467 447
1757584337250 965192104872.0549 448
1757584337334 965008979834.3118 449
1757584337403 964825911687.807 450
1757584337479 964642900410.7405 451
1757584337545 964459945981.3218 452
1757584337616 964277048377.7705 453
1757584337689 964094207578.316 454
1757584337759 963911423561.1975 455
1757584337829 963728696304.6642 456
1757584337905 963546025786.9747 457
1757584337975 963363411986.3982 458
1757584338044 963180854881.2133 459
1757584338118 962998354449.7083 460
1757584338192 962815910670.1814 461
1757584338268 962633523520.941 462
1757584338342 962451192980.3048 463
1757584338418 962268919026.601 464
1757584338492 962086701638.1666 465
1757584338563 961904540793.3495 466
1757584338640 961722436470.5067 467
1757584338711 961540388648.0051 468
1757584338787 961358397304.2214 469
1757584338858 961176462417.5426 470
1757584338929 960994583966.3646 471
1757584339009 960812761929.0938 472
1757584339087 960630996284.146 473
1757584339162 960449287009.9468 474
1757584339234 960267634084.9316 475
1757584339305 960086037487.5459 476
1757584339381 959904497196.2444 477
1757584339462 959723013189.4918 478
1757584339532 959541585445.7627 479
1757584339604 959360213943.5409 480
1757584339674 959178898661.3209 481
1757584339784 958997639577.6056 482
1757584339860 958816436670.9088 483
1757584339939 958635289919.7538 484
1757584340018 958454199302.6729 485
1757584340089 958273164798.2087 486
1757584340163 958092186384.9138 487
1757584340236 957911264041.3497 488
1757584340311 957730397746.0881 489
1757584340385 957549587477.7102 490
1757584340456 957368833214.8073 491
1757584340529 957188134935.9796 492
1757584340603 957007492619.8376 493
1757584340676 956826906245.0017 494
1757584340755 956646375790.1012 495
1757584340825 956465901233.7749 496
1757584340896 956285482554.673 497
1757584340972 956105119731.453 498
1757584341052 955924812742.7838 499
