1757581269775 466778416236.62646 0
1757581269840 493056921764.03467 1
1757581269909 380222674262.6316 2
1757581269977 268664791996.1852 3
1757581270040 121690269893.06966 4
1757581270106 291313487976.07153 5
1757581270171 546397966228.0132 6
1757581270245 1994737999237.5894 7
1757581270323 3513253040752.7866 8
1757581270386 982754030025386.6 9
1757581270452 43925995018010.15 10
1757581270521 5869685669402059.0 11
1757581270593 1799027712708825.5 12
1757581270669 5670120228493579.0 13
1757581270741 1.2696609417888896e+16 14
1757581270812 4.380280122077555e+16 15
1757581270880 1.6713653107633274e+17 16
1757581270955 1.049378509014354e+17 17
1757581271024 4.412438282519445e+17 18
1757581271089 1.6590740639421174e+17 19
1757581271155 2.652110033152026e+18 20
1757581271225 5.493152868057561e+19 21
1757581271314 3.320512024128352e+20 22
1757581271387 1.3074850826950569e+20 23
1757581271462 6.741184105209344e+20 24
1757581271534 1.3934496376292012e+21 25
1757581271598 2.875217251070809e+21 26
1757581271666 6.708168737473915e+21 27
1757581271736 1.2637800837380809e+23 28
1757581271814 1.2515981774291026e+23 29
1757581271888 4.195933418434663e+24 30
1757581271953 3.139593429361254e+25 31
1757581272019 1.7705423005500523e+26 32
1757581272086 7.85997839218379e+26 33
1757581272152 1.8934794852861325e+27 34
1757581272222 2.5934976043894136e+27 35
1757581272288 2.0559521431393914e+29 36
1757581272355 2.3199840806705496e+29 37
1757581272418 1.69931654260154e+30 38
1757581272488 1.1643407392088905e+30 39
1757581272559 2.254042419799435e+31 40
1757581272632 3.457964431026974e+31 41
1757581272704 2.7479979614594834e+32 42
1757581272775 6.575333201892654e+33 43
1757581272842 1.1714761248164326e+35 44
1757581272908 1.320713825658703e+35 45
1757581272973 1.3173825963916891e+35 46
1757581273045 4.098246519756535e+35 47
1757581273112 1.3212211849028642e+36 48
1757581273180 2.9352361195384156e+36 49
1757581273248 3.6716111645584223e+37 50
1757581273312 9.928306481724995e+36 51
1757581273377 4.1836941753685377e+39 52
1757581273443 1.509781604676442e+39 53
1757581273510 9.917315485267006e+39 54
1757581273575 2.561107392433818e+40 55
1757581273642 5.3698978310635035e+41 56
1757581273720 4.3432278017769865e+41 57
1757581273792 4.08333076466102e+42 58
1757581273862 3.829112358374624e+43 59
1757581273929 1.1378280680213234e+43 60
1757581273994 1.0214525001591302e+43 61
1757581274061 8.765091578616998e+42 62
1757581274128 2.6458488263938945e+42 63
1757581274196 3.878536552753081e+44 64
1757581274278 7.816436018606609e+43 65
1757581274346 3.0610728098394607e+44 66
1757581274414 2.6747820143370463e+45 67
1757581274479 4.994503465720073e+45 68
1757581274545 2.180489825452995e+46 69
1757581274609 5.130343559254224e+46 70
1757581274675 1.484917816385492e+47 71
1757581274739 2.0966257441637708e+48 72
1757581274803 1.887453033614579e+50 73
1757581274871 1.930003854116817e+50 74
1757581274936 3.3188901053079765e+51 75
1757581275001 6.874930957548765e+50 76
1757581275067 5.3517007649659854e+51 77
1757581275132 1.167789857689038e+52 78
1757581275203 1.1412216833105027e+54 79
1757581275271 1.288437774302527e+53 80
1757581275338 4.2470185085086064e+54 81
1757581275401 7.534731187656581e+54 82
1757581275466 1.3478586850829482e+56 83
1757581275531 6.134145108413943e+56 84
1757581275597 1.9044557296391103e+57 85
1757581275665 1.2761683489257845e+61 86
1757581275729 1.6113911810526752e+57 87
1757581275806 2.3831481161713038e+57 88
1757581275886 7.637182617735084e+57 89
1757581275958 2.0209416248475273e+59 90
1757581276033 2.2268435289051203e+60 91
1757581276104 6.352543291325325e+58 92
1757581276176 1.0590241750685187e+60 93
1757581276249 7.077615349658364e+60 94
1757581276317 5.671072578821163e+61 95
1757581276383 5.141354792071991e+61 96
1757581276450 1.5314882998986492e+63 97
1757581276518 7.506225908299519e+63 98
1757581276586 3.3053440455182065e+64 99
1757581276655 7.701616829133324e+64 100
1757581276721 1.2229012747756716e+65 101
1757581276786 4.195423759853242e+66 102
1757581276850 3.4174567872681625e+67 103
1757581276916 2.9038524415508033e+68 104
1757581276981 5.377276238511413e+68 105
1757581277051 1.2892300123562253e+70 106
1757581277118 9.467955190705364e+70 107
1757581277182 4.527475964635731e+71 108
1757581277247 9.181993048171429e+70 109
1757581277313 8.925540730066667e+71 110
1757581277381 8.916316181472792e+71 111
1757581277454 1.3205478588456468e+77 112
1757581277540 2.3632920947709188e+73 113
1757581277607 3.0633065864961794e+74 114
1757581277672 1.876985479353843e+76 115
1757581277738 2.266052364645566e+75 116
1757581277805 3.580398628324974e+75 117
1757581277873 7.45325710735988e+75 118
1757581277944 3.200469925008114e+77 119
1757581278013 6.972941649019236e+76 120
1757581278080 5.28918494158575e+77 121
1757581278145 4.636709799043619e+78 122
1757581278210 3.5851431432576435e+79 123
1757581278281 3.778421275934122e+80 124
1757581278355 1.1570347674752897e+82 125
1757581278434 1.005356082525463e+82 126
1757581278516 3.1161671338629925e+82 127
1757581278595 3.1850563301840716e+82 128
1757581278665 3.109308002467823e+83 129
1757581278731 2.771987263260675e+84 130
1757581278797 2.2988721382930043e+85 131
1757581278862 4.267859397954314e+86 132
1757581278927 3.525528483588175e+86 133
1757581278993 1.463648079343761e+88 134
1757581279058 2.0052958344035852e+88 135
1757581279124 3.171255299166783e+88 136
1757581279189 1.773669631998257e+90 137
1757581279255 7.925587467777658e+89 138
1757581279323 1.0473444753597292e+90 139
1757581279390 9.995665361681112e+91 140
1757581279457 1.1023484447352788e+91 141
1757581279527 2.70145449680923e+92 142
1757581279596 1.8513894649949272e+92 143
1757581279665 8.663909277752331e+92 144
1757581279734 5.029198824373667e+93 145
1757581279800 1.8840029837312303e+93 146
1757581279870 3.4984728990330236e+93 147
1757581279937 1.2216040387743678e+95 148
1757581280005 5.836111032916778e+94 149
1757581280075 1.2769211005586919e+96 150
1757581280145 5.747270475811161e+96 151
1757581280213 4.856110265919613e+97 152
1757581280282 3.2269279462114e+100 153
1757581280350 1.9375650621215725e+101 154
1757581280416 2.209896688937354e+99 155
1757581280483 4.111903092975155e+99 156
1757581280550 1.9136120089974e+100 157
1757581280616 2.5514529508321302e+101 158
1757581280699 1.3064928975655532e+102 159
1757581280766 2.6468642556602765e+102 160
1757581280831 4.955459569497763e+103 161
1757581280896 6.357282930527956e+105 162
1757581280962 4.225970243764809e+104 163
1757581281028 4.529134812538624e+106 164
1757581281093 8.161250152741557e+105 165
1757581281159 2.3250498270415968e+106 166
1757581281226 3.569358053632359e+107 167
1757581281291 1.3119176527454028e+108 168
1757581281357 5.8758670378464705e+109 169
1757581281423 1.1226500402550147e+112 170
1757581281494 7.558099927200645e+111 171
1757581281562 3.0193633569226754e+111 172
1757581281629 1.1887143311161432e+113 173
1757581281696 1.4265069369643118e+113 174
1757581281765 4.797162507341429e+115 175
1757581281833 8.626541049527495e+115 176
1757581281899 5.4397991035350835e+116 177
1757581281964 9.433710125147028e+116 178
1757581282031 3.1660469689155495e+117 179
1757581282097 8.372861792839685e+119 180
1757581282163 6.3852827237428365e+118 181
1757581282231 2.9236910566989373e+121 182
1757581282300 2.098636004129075e+121 183
1757581282367 2.4818155033842745e+120 184
1757581282436 6.398175315541114e+120 185
1757581282502 2.008383985737357e+121 186
1757581282571 5.6633269133489384e+122 187
1757581282640 1.6315099244565444e+124 188
1757581282710 5.656789562365849e+124 189
1757581282777 1.4829046551596642e+125 190
1757581282844 4.7965894106644556e+126 191
1757581282910 6.664781527998727e+126 192
1757581282979 1.1570639674031214e+128 193
1757581283047 5.157511681561702e+127 194
1757581283117 4.004511728099263e+128 195
1757581283184 7.732615834277526e+128 196
1757581283252 3.2044042661251046e+130 197
1757581283319 1.0001312515427019e+130 198
1757581283386 4.0662828426564045e+130 199
1757581283453 8.13109959144968e+129 200
1757581283520 3.842527001712191e+130 201
1757581283589 3.2911511009884773e+131 202
1757581283658 1.964986608187179e+132 203
1757581283726 2.642128232592896e+133 204
1757581283796 3.1408206755200267e+133 205
1757581283864 3.3024449813693752e+134 206
1757581283942 4.64811851809463e+135 207
1757581284013 4.6425392431338465e+135 208
1757581284080 2.0553415638004833e+136 209
1757581284148 7.032316533538814e+136 210
1757581284217 2.3812042252643322e+138 211
1757581284285 2.93183175486112e+138 212
1757581284352 5.4154919108887656e+138 213
1757581284419 7.750898971176684e+138 214
1757581284485 1.877950001907502e+139 215
1757581284553 2.1911838212695547e+140 216
1757581284622 2.4339517226092027e+140 217
1757581284690 7.67629708767596e+141 218
1757581284757 7.786633124098948e+140 219
1757581284825 2.057256916577752e+141 220
1757581284892 2.529338107510451e+142 221
1757581284960 3.962585376633106e+143 222
1757581285028 9.57726522130568e+142 223
1757581285094 2.5112280983409434e+144 224
1757581285161 2.7308845887617455e+145 225
1757581285228 1.1831616802867742e+146 226
1757581285295 1.5428341029767994e+146 227
1757581285362 3.54485038302722e+146 228
1757581285430 1.867893259692972e+147 229
1757581285497 5.100385229415785e+147 230
1757581285571 9.359028445012136e+146 231
1757581285638 2.6389389492304616e+146 232
1757581285705 1.1890827174918089e+148 233
1757581285772 2.1374217985348206e+148 234
1757581285841 4.269216974920722e+148 235
1757581285909 4.081430743037445e+150 236
1757581285977 3.0467910651835113e+151 237
1757581286045 1.251663779716273e+152 238
1757581286113 1.165713176268241e+152 239
1757581286185 1.3206844476457056e+152 240
1757581286254 9.253822812617984e+153 241
1757581286324 2.1627107971018834e+154 242
1757581286392 2.5053277682635583e+155 243
1757581286460 3.236697879996101e+157 244
1757581286529 4.179793208470592e+156 245
1757581286599 2.1486552202529432e+156 246
1757581286669 4.2038282212317247e+157 247
1757581286741 9.239941991563472e+157 248
1757581286814 3.54197750276803e+160 249
1757581286885 1.558537450150587e+160 250
1757581286957 5.1717726096498444e+160 251
1757581287026 1.6282793232844946e+161 252
1757581287094 5.278611386724876e+162 253
1757581287162 1.0970693123809051e+163 254
1757581287241 2.8544847563209783e+163 255
1757581287310 2.8262046060969504e+163 256
1757581287377 9.165069561118379e+164 257
1757581287446 6.416535408635128e+164 258
1757581287516 1.0361483180017143e+166 259
1757581287585 7.319151095181608e+166 260
1757581287653 3.229552575386865e+167 261
1757581287720 8.382981403315441e+167 262
1757581287788 1.7550422375546745e+170 263
1757581287858 2.4193670234497676e+169 264
1757581287927 2.937465834714944e+170 265
1757581287997 1.0573742145940435e+171 266
1757581288067 1.4989756965702113e+172 267
1757581288135 3.150313033669944e+173 268
1757581288241 8.969281644563926e+172 269
1757581288311 8.174033816090027e+174 270
1757581288382 6.479352056181638e+174 271
1757581288452 2.27389429865082e+175 272
1757581288522 5.354939910325454e+176 273
1757581288591 1.9160856045037943e+177 274
1757581288660 3.029781271711697e+177 275
1757581288728 6.277322279613284e+177 276
1757581288796 5.1128300752954625e+178 277
1757581288867 2.7267341944802595e+179 278
1757581288935 2.038304054173808e+179 279
1757581289002 6.33057685215752e+179 280
1757581289072 4.565375494785587e+179 281
1757581289141 4.282783079072882e+180 282
1757581289208 1.7584933658622104e+181 283
1757581289276 5.872122568140079e+181 284
1757581289344 8.193384821208069e+182 285
1757581289412 4.9060620775176836e+182 286
1757581289481 4.9012892467946e+183 287
1757581289552 1.2567355476480287e+185 288
1757581289621 9.241865705868359e+184 289
1757581289690 7.593590747238947e+187 290
1757581289759 2.317862006913175e+186 291
1757581289830 1.68074339167328e+187 292
1757581289904 2.437345708535813e+187 293
1757581289975 1.827326317335812e+189 294
1757581290048 3.507560142429676e+189 295
1757581290121 8.458691593118088e+188 296
1757581290192 6.460893530290405e+189 297
1757581290263 5.2976265686994675e+190 298
1757581290336 7.967141739503475e+191 299
1757581290405 1.7478911796971583e+192 300
1757581290473 6.162261239588865e+193 301
1757581290545 8.829139580152592e+192 302
1757581290625 4.643450754147846e+193 303
1757581290695 3.575380735858963e+194 304
1757581290767 4.5931499445526974e+194 305
1757581290835 9.717944615388709e+194 306
1757581290904 4.1197514098941116e+196 307
1757581290972 2.685290794091233e+195 308
1757581291048 2.0859272075374968e+196 309
1757581291118 4.917120205297524e+196 310
1757581291186 1.2591934874755379e+198 311
1757581291259 3.634239868980677e+198 312
1757581291328 9.425853903753344e+198 313
1757581291398 1.9275390293670855e+200 314
1757581291466 1.6418602386096104e+201 315
1757581291535 5.728489529446219e+199 316
1757581291605 2.170605897989863e+200 317
1757581291673 1.2844330214120415e+201 318
1757581291744 7.946976190628523e+201 319
1757581291815 1.9385392611991734e+202 320
1757581291883 3.967747455594338e+203 321
1757581291952 4.723374152951969e+203 322
1757581292021 4.292756596135275e+204 323
1757581292091 1.1494399630562444e+205 324
1757581292161 2.778042912393763e+205 325
1757581292229 8.735345072448821e+205 326
1757581292298 1.886149802626237e+207 327
1757581292370 1.4686268984150428e+207 328
1757581292438 2.5242469065708085e+208 329
1757581292505 6.712157943631483e+209 330
1757581292574 7.709666475210746e+210 331
1757581292643 2.2440498329512336e+210 332
1757581292714 1.1419534116241306e+210 333
1757581292783 6.218106900713174e+210 334
1757581292853 4.898073734596789e+211 335
1757581292924 7.603599193641979e+211 336
1757581292993 1.0594120531703948e+213 337
1757581293062 1.0773572168938664e+213 338
1757581293131 2.0473269555373136e+215 339
1757581293202 5.984536935389862e+214 340
1757581293270 2.8512264596571792e+215 341
1757581293339 3.157922843340259e+216 342
1757581293409 7.437078917668872e+217 343
1757581293479 1.0386146624812424e+218 344
1757581293548 9.476776769357322e+218 345
1757581293618 3.1496375807786664e+219 346
1757581293687 1.545738637695592e+219 347
1757581293759 4.06268880985109e+220 348
1757581293828 9.907951393092552e+221 349
1757581293901 1.044877477599945e+221 350
1757581293980 2.7037046547978847e+221 351
1757581294050 1.0166524978024132e+222 352
1757581294120 2.089946390465162e+222 353
1757581294189 8.319300225272263e+223 354
1757581294260 1.8396617703908854e+225 355
1757581294330 9.095411502974422e+223 356
1757581294399 2.4789820704064937e+224 357
1757581294468 4.002874894728613e+225 358
1757581294537 9.69416461379167e+226 359
1757581294607 3.817976459978376e+226 360
1757581294676 3.313964343266599e+227 361
1757581294745 2.266541924940766e+228 362
1757581294814 4.9344101133007475e+227 363
1757581294884 2.9082945211921755e+227 364
1757581294956 5.773515750385271e+228 365
1757581295026 3.0231581662143323e+229 366
1757581295096 1.6029978573044894e+229 367
1757581295166 9.139976917407928e+230 368
1757581295237 6.419891548182718e+231 369
1757581295306 5.900098028202126e+232 370
1757581295375 6.681767537897359e+232 371
1757581295448 1.7551226448115232e+234 372
1757581295517 1.664512341354942e+235 373
1757581295585 2.155042185806983e+236 374
1757581295655 1.3701599857258618e+235 375
1757581295725 2.5769170572831707e+235 376
1757581295794 2.1648560696792745e+235 377
1757581295864 9.31380358318685e+237 378
1757581295933 4.8728429963848436e+238 379
1757581296002 2.8349949897116983e+238 380
1757581296071 9.18404993661127e+239 381
1757581296141 2.3952920832756046e+238 382
1757581296210 5.1368003776337145e+238 383
1757581296280 7.008667501012008e+240 384
1757581296349 3.0624452878422185e+240 385
1757581296419 7.493708085913978e+240 386
1757581296489 8.240021338908157e+242 387
1757581296560 8.0953026543167115e+242 388
1757581296631 1.8364544026757198e+244 389
1757581296700 7.4250182745193e+244 390
1757581296770 9.271108006328543e+244 391
1757581296839 1.0079949952657747e+247 392
1757581296907 1.7647965643940806e+247 393
1757581296977 4.12879993636511e+247 394
1757581297046 5.632175059242434e+249 395
1757581297122 3.6153161623894636e+248 396
1757581297192 8.116095602189788e+248 397
1757581297277 2.742727969484022e+250 398
1757581297347 1.1863349977791504e+251 399
1757581297417 1.4762296216189847e+251 400
1757581297489 1.842448939194585e+252 401
1757581297559 1.3809652882746688e+252 402
1757581297629 2.708825276490629e+253 403
1757581297700 1.9075149596252876e+253 404
1757581297770 3.324168444833706e+256 405
1757581297843 2.1825781200442756e+256 406
1757581297913 4.578139968550068e+255 407
1757581297982 1.2115285636523952e+256 408
1757581298052 5.2722983809525115e+256 409
1757581298122 6.410923620958212e+257 410
1757581298192 2.3115935407397746e+258 411
1757581298262 6.875690992779753e+259 412
1757581298330 1.0538827793412547e+260 413
1757581298401 7.37789014615241e+259 414
1757581298472 2.3609162732849974e+261 415
1757581298541 9.702649064280094e+260 416
1757581298616 5.800274663575793e+260 417
1757581298687 1.6519392619914115e+261 418
1757581298757 1.1078662898591439e+261 419
1757581298827 2.2292150506795706e+261 420
1757581298896 1.1098947828943584e+264 421
1757581298966 1.4503958619971604e+265 422
1757581299036 2.1056265776712997e+263 423
1757581299106 6.180404859576631e+264 424
1757581299178 6.345556922635536e+265 425
1757581299250 1.0254439266301043e+265 426
1757581299323 3.247993077435306e+265 427
1757581299392 1.3448215889324887e+266 428
1757581299464 6.718026360795253e+266 429
1757581299534 1.5383209146909052e+267 430
1757581299606 1.9537085028199585e+268 431
1757581299677 2.1413217068674588e+269 432
1757581299747 8.237469583042627e+269 433
1757581299817 3.862894891989107e+271 434
1757581299889 1.0841975213672378e+271 435
1757581299961 4.579949519297502e+272 436
1757581300032 1.760342044041423e+272 437
1757581300108 2.8892240977922547e+274 438
1757581300179 1.1494008848206699e+274 439
1757581300256 1.8891623111109585e+274 440
1757581300329 5.404416720891223e+274 441
1757581300402 6.878229498435795e+275 442
1757581300478 7.999917230467556e+276 443
1757581300551 1.3540186038747882e+278 444
1757581300621 8.31477938714367e+277 445
1757581300699 1.6123129670745776e+278 446
1757581300774 1.0849896802141198e+280 447
1757581300843 4.386938086356416e+279 448
1757581300915 1.1206006131398357e+280 449
1757581300985 4.260912019694863e+280 450
1757581301056 2.0051254357816374e+281 451
1757581301127 4.188040382684972e+281 452
1757581301199 1.1439159319407094e+283 453
1757581301269 3.6971444766791896e+283 454
1757581301341 4.837155627434761e+283 455
1757581301412 4.1998946971995103e+284 456
1757581301486 2.3541496398347494e+285 457
1757581301561 3.009671943643111e+285 458
1757581301635 2.0750269660086e+286 459
1757581301706 1.770054971507523e+286 460
1757581301778 1.8617130603836326e+287 461
1757581301850 1.0433070428139675e+288 462
1757581301922 4.963321679913754e+288 463
1757581301996 3.2600843573844337e+289 464
1757581302067 2.186457388040446e+290 465
1757581302139 2.3927755614941837e+291 466
1757581302210 4.4104601473864783e+291 467
1757581302281 1.748194664831161e+293 468
1757581302352 2.654957234519525e+294 469
1757581302424 1.5200997706882738e+294 470
1757581302497 8.867160868124718e+294 471
1757581302569 2.6245124015528404e+296 472
1757581302640 1.717101242118814e+297 473
1757581302713 4.305069155265619e+295 474
1757581302784 8.586686046599812e+295 475
1757581302858 6.23202805762653e+297 476
1757581302933 9.977661071402712e+297 477
1757581303006 4.481527391354277e+298 478
1757581303081 7.381610170268566e+298 479
1757581303157 7.847241534985582e+298 480
1757581303229 4.757702271444148e+298 481
1757581303299 1.2689324716256565e+300 482
1757581303370 2.0484209030885368e+301 483
1757581303440 1.1995915214422772e+301 484
1757581303511 1.9058058860310548e+302 485
1757581303583 4.2934256106251074e+302 486
1757581303657 1.5443806106499774e+303 487
1757581303729 1.084293900349833e+304 488
1757581303801 4.191363936764749e+303 489
1757581303873 1.172846709855554e+304 490
1757581303943 2.7656817610210285e+306 491
1757581304014 9.301648904018161e+305 492
