1757588381418 1064041522102.3484 0
1757588381497 823652382814.8599 1
1757588381574 583176870786.6056 2
1757588381647 425152988022.7428 3
1757588381721 343427015868.9447 4
1757588381794 305077431868.8453 5
1757588381871 284610394322.5287 6
1757588381944 270962964471.67407 7
1757588382017 260491996378.47418 8
1757588382092 252246784078.60342 9
1757588382168 245765877712.18234 10
1757588382240 240473861241.71988 11
1757588382315 235895637828.2532 12
1757588382403 231739191023.48737 13
1757588382467 227863856314.38544 14
1757588382530 224221589164.3396 15
1757588382596 220795728619.3198 16
1757588382663 217574015205.18036 17
1757588382725 214542165370.09442 18
1757588382784 211683970893.35324 19
1757588382844 208983619052.96417 20
1757588382908 206426848883.55426 21
1757588382982 204001118062.0762 22
1757588383055 201695474222.05145 23
1757588383127 199500294981.3745 24
1757588383201 197407076481.1807 25
1757588383278 195408273026.171 26
1757588383351 193497150511.09003 27
1757588383425 191667655941.69028 28
1757588383496 189914304897.96976 29
1757588383572 188232092573.95685 30
1757588383645 186616429446.1444 31
1757588383719 185063095096.42722 32
1757588383791 183568203267.78384 33
1757588383880 182128173216.60587 34
1757588383949 180739704705.09036 35
1757588384014 179399755444.55106 36
1757588384076 178105520231.9265 37
1757588384142 176854411285.61258 38
1757588384213 175644039633.05576 39
1757588384278 174472197666.4059 40
1757588384342 173336843049.05994 41
1757588384415 172236084057.4032 42
1757588384484 171168166316.46902 43
1757588384546 170131460824.13797 44
1757588384609 169124453149.25427 45
1757588384670 168145733694.87442 46
1757588384733 167193988917.8519 47
1757588384797 166267993394.82062 48
1757588384862 165366602632.01727 49
1757588384927 164488746532.02975 50
1757588384991 163633423447.1651 51
1757588385056 162799694761.22617 52
1757588385118 161986679948.8853 53
1757588385181 161193552067.11246 54
1757588385245 160419533638.0277 55
1757588385307 159663892887.16562 56
1757588385370 158925940304.9549 57
1757588385437 158205025502.13998 58
1757588385505 157500534332.3166 59
1757588385569 156811886257.08508 60
1757588385633 156138531931.63837 61
1757588385699 155479950990.77765 62
1757588385764 154835650017.29083 63
1757588385833 154205160676.34814 64
1757588385903 153588038001.11472 65
1757588385971 152983858816.19565 66
1757588386037 152392220286.80505 67
1757588386106 151812738582.70193 68
1757588386172 151245047646.94818 69
1757588386240 150688798060.4581 70
1757588386306 150143655994.13034 71
1757588386369 149609302241.09784 72
1757588386432 149085431322.30676 73
1757588386498 148571750659.24677 74
1757588386566 148067979808.2038 75
1757588386630 147573849750.9107 76
1757588386696 147089102236.92392 77
1757588386761 146613489173.46786 78
1757588386826 146146772058.8644 79
1757588386889 145688721456.00504 80
1757588386957 145239116502.63205 81
1757588387032 144797744455.4764 82
1757588387129 144364400265.5556 83
1757588387204 143938886182.16653 84
1757588387285 143521011383.32013 85
1757588387365 143110591630.55682 86
1757588387443 142707448946.2558 87
1757588387519 142311411311.71265 88
1757588387604 141922312384.40247 89
1757588387682 141539991232.98 90
1757588387759 141164292088.68796 91
1757588387833 140795064111.95493 92
1757588387908 140432161173.0647 93
1757588387982 140075441645.8708 94
1757588388057 139724768213.61234 95
1757588388125 139380007685.96564 96
1757588388196 139041030826.5344 97
1757588388267 138707712190.0452 98
1757588388343 138379929968.5739 99
1757588388422 138057565846.1817 100
1757588388507 137740504861.38733 101
1757588388578 137428635276.94894 102
1757588388647 137121848456.46716 103
1757588388720 136820038747.36055 104
1757588388796 136523103369.79785 105
1757588388876 136230942311.20338 106
1757588388962 135943458225.98041 107
1757588389038 135660556340.12436 108
1757588389107 135382144360.42114 109
1757588389176 135108132387.94939 110
1757588389248 134838432835.62485 111
1757588389319 134572960349.54471 112
1757588389392 134311631733.90646 113
1757588389462 134054365879.29256 114
1757588389535 133801083694.12587 115
1757588389606 133551708039.11566 116
1757588389675 133306163664.52489 117
1757588389745 133064377150.10268 118
1757588389822 132826276847.53468 119
1757588389895 132591792825.27592 120
1757588389963 132360856815.63742 121
1757588390030 132133402164.0084 122
1757588390098 131909363780.10237 123
1757588390170 131688678091.12236 124
1757588390248 131471282996.74857 125
1757588390328 131257117825.85614 126
1757588390403 131046123294.87787 127
1757588390477 130838241467.73058 128
1757588390556 130633415717.23055 129
1757588390636 130431590687.92572 130
1757588390720 130232712260.27913 131
1757588390799 130036727516.1391 132
1757588390877 129843584705.4386 133
1757588390955 129653233214.06648 134
1757588391037 129465623532.85869 135
1757588391107 129280707227.65942 136
1757588391178 129098436910.40553 137
1757588391248 128918766211.1893 138
1757588391312 128741649751.258 139
1757588391378 128567043116.91032 140
1757588391444 128394902834.25218 141
1757588391508 128225186344.77603 142
1757588391573 128057851981.72987 143
1757588391638 127892858947.24435 144
1757588391703 127730167290.18666 145
1757588391768 127569737884.71294 146
1757588391833 127411532409.49171 147
1757588391900 127255513327.57158 148
1757588391966 127101643866.86903 149
1757588392033 126949888001.25212 150
1757588392102 126800210432.19771 151
1757588392181 126652576571.00084 152
1757588392258 126506952521.51535 153
1757588392324 126363305063.40656 154
1757588392390 126221601635.89713 155
1757588392455 126081810321.98827 156
1757588392519 125943899833.13922 157
1757588392585 125807839494.38898 158
1757588392650 125673599229.9041 159
1757588392714 125541149548.93846 160
1757588392778 125410461532.1898 161
1757588392842 125281506818.54016 162
1757588392907 125154257592.16675 163
1757588392972 125028686570.01053 164
1757588393036 124904766989.59103 165
1757588393105 124782472597.1552 166
1757588393170 124661777636.1496 167
1757588393235 124542656836.00546 168
1757588393298 124425085401.22581 169
1757588393362 124309039000.76546 170
1757588393425 124194493757.6941 171
1757588393489 124081426239.13377 172
1757588393554 123969813446.46123 173
1757588393619 123859632805.76799 174
1757588393683 123750862158.56897 175
1757588393760 123643479752.75266 176
1757588393826 123537464233.76462 177
1757588393890 123432794636.01822 178
1757588393956 123329450374.52446 179
1757588394020 123227411236.73515 180
1757588394084 123126657374.59248 181
1757588394150 123027169296.7789 182
1757588394217 122928927861.16164 183
1757588394281 122831914267.42552 184
1757588394348 122736110049.88905 185
1757588394420 122641497070.4981 186
1757588394486 122548057511.99202 187
1757588394555 122455773871.23747 188
1757588394627 122364628952.72461 189
1757588394694 122274605862.22148 190
1757588394766 122185688000.58183 191
1757588394833 122097859057.70207 192
1757588394901 122011103006.62292 193
1757588394967 121925404097.77237 194
1757588395035 121840746853.34505 195
1757588395104 121757116061.8149 196
1757588395172 121674496772.5773 197
1757588395238 121592874290.71696 198
1757588395307 121512234171.89806 199
1757588395377 121432562217.37376 200
1757588395448 121353844469.11127 201
1757588395516 121276067205.02963 202
1757588395586 121199216934.34721 203
1757588395659 121123280393.03595 204
1757588395732 121048244539.3793 205
1757588395805 120974096549.63153 206
1757588395874 120900823813.77513 207
1757588395945 120828413931.37453 208
1757588396010 120756854707.5227 209
1757588396074 120686134148.8789 210
1757588396141 120616240459.79495 211
1757588396210 120547162038.52765 212
1757588396289 120478887473.53543 213
1757588396366 120411405539.85667 214
1757588396440 120344705195.56798 215
1757588396511 120278775578.31993 216
1757588396576 120213606001.94914 217
1757588396642 120149185953.16368 218
1757588396706 120085505088.3007 219
1757588396776 120022553230.15436 220
1757588396844 119960320364.87215 221
1757588396914 119898796638.91794 222
1757588396979 119837972356.10022 223
1757588397046 119777837974.66379 224
1757588397127 119718384104.4435 225
1757588397197 119659601504.07816 226
1757588397274 119601481078.2838 227
1757588397346 119544013875.18417 228
1757588397411 119487191083.69757 229
1757588397477 119431004030.97804 230
1757588397545 119375444179.91086 231
1757588397611 119320503126.65923 232
1757588397677 119266172598.26266 233
1757588397746 119212444450.28482 234
1757588397812 119159310664.50978 235
1757588397879 119106763346.686 236
1757588397944 119054794724.31627 237
1757588398010 119003397144.4932 238
1757588398077 118952563071.77856 239
1757588398144 118902285086.126 240
1757588398212 118852555880.84564 241
1757588398281 118803368260.61 242
1757588398349 118754715139.50005 243
1757588398416 118706589539.09067 244
1757588398485 118658984586.57414 245
1757588398555 118611893512.92166 246
1757588398622 118565309651.081 247
1757588398695 118519226434.21022 248
1757588398762 118473637393.94647 249
1757588398828 118428536158.70886 250
1757588398893 118383916452.0347 251
1757588398959 118339772090.94875 252
1757588399025 118296096984.36412 253
1757588399090 118252885131.51462 254
1757588399156 118210130620.41745 255
1757588399225 118167827626.36609 256
1757588399293 118125970410.45226 257
1757588399361 118084553318.11629 258
1757588399429 118043570777.72574 259
1757588399497 118003017299.18115 260
1757588399566 117962887472.54872 261
1757588399633 117923175966.7189 262
1757588399699 117883877528.09088 263
1757588399768 117844986979.2818 264
1757588399843 117806499217.86075 265
1757588399912 117768409215.10664 266
1757588400053 117730712014.78944 267
1757588400125 117693402731.97446 268
1757588400196 117656476551.84909 269
1757588400265 117619928728.57167 270
1757588400343 117583754584.14159 271
1757588400425 117547949507.2907 272
1757588400494 117512508952.39517 273
1757588400561 117477428438.40784 274
1757588400627 117442703547.80995 275
1757588400696 117408329925.58247 276
1757588400782 117374303278.1964 277
1757588400864 117340619372.62129 278
1757588400943 117307274035.35263 279
1757588401017 117274263151.45607 280
1757588401091 117241582663.62994 281
1757588401175 117209228571.28444 282
1757588401256 117177196929.63742 283
1757588401338 117145483848.82681 284
1757588401422 117114085493.03905 285
1757588401506 117082998079.653 286
1757588401586 117052217878.39958 287
1757588401664 117021741210.53606 288
1757588401736 116991564448.0357 289
1757588401805 116961684012.7913 290
1757588401888 116932096375.83322 291
1757588401968 116902798056.56133 292
1757588402039 116873785621.99043 293
1757588402112 116845055686.00917 294
1757588402185 116816604908.65196 295
1757588402253 116788429995.38356 296
1757588402324 116760527696.39665 297
1757588402394 116732894805.92131 298
1757588402466 116705528161.5468 299
1757588402537 116678424643.55501 300
1757588402610 116651581174.26567 301
1757588402687 116624994717.39297 302
1757588402778 116598662277.41309 303
1757588402862 116572580898.94289 304
1757588402942 116546747666.1293 305
1757588403025 116521159702.04906 306
1757588403103 116495814168.11897 307
1757588403182 116470708263.51625 308
1757588403264 116445839224.60849 309
1757588403345 116421204324.39388 310
1757588403426 116396800871.95047 311
1757588403499 116372626211.89503 312
1757588403570 116348677723.85114 313
1757588403640 116324952821.92601 314
1757588403708 116301448954.19644 315
1757588403788 116278163602.20338 316
1757588403871 116255094280.4548 317
1757588403953 116232238535.93695 318
1757588404036 116209593947.6341 319
1757588404118 116187158126.05591 320
1757588404200 116164928712.7729 321
1757588404272 116142903379.95963 322
1757588404343 116121079829.94531 323
1757588404421 116099455794.77213 324
1757588404501 116078029035.7606 325
1757588404588 116056797343.08232 326
1757588404673 116035758535.33957 327
1757588404758 116014910459.1519 328
1757588404844 115994250988.74957 329
1757588404922 115973778025.57344 330
1757588404997 115953489497.88173 331
1757588405067 115933383360.36272 332
1757588405139 115913457593.75421 333
1757588405210 115893710204.46886 334
1757588405279 115874139224.22571 335
1757588405351 115854742709.68765 336
1757588405452 115835518742.1047 337
1757588405533 115816465426.96313 338
1757588405616 115797580893.63998 339
1757588405700 115778863295.0635 340
1757588405780 115760310807.37865 341
1757588405860 115741921629.61821 342
1757588405939 115723693983.37889 343
1757588406023 115705626112.50287 344
1757588406104 115687716282.7642 345
1757588406191 115669962781.56018 346
1757588406273 115652363917.60771 347
1757588406359 115634918020.6444 348
1757588406443 115617623441.1343 349
1757588406528 115600478549.9784 350
1757588406604 115583481738.22963 351
1757588406676 115566631416.8122 352
1757588406745 115549926016.24551 353
1757588406824 115533363986.37222 354
1757588406901 115516943796.0907 355
1757588406988 115500663933.09149 356
1757588407063 115484522903.59796 357
1757588407135 115468519232.11084 358
1757588407205 115452651461.15697 359
1757588407284 115436918151.04161 360
1757588407360 115421317879.60478 361
1757588407431 115405849241.98128 362
1757588407501 115390510850.36432 363
1757588407571 115375301333.7729 364
1757588407643 115360219337.82268 365
1757588407713 115345263524.50024 366
1757588407782 115330432571.94112 367
1757588407851 115315725174.21066 368
1757588407921 115301140041.08882 369
1757588407991 115286675897.85779 370
1757588408061 115272331485.09283 371
1757588408145 115258105558.45674 372
1757588408216 115243996888.49675 373
1757588408291 115230004260.44496 374
1757588408360 115216126474.02162 375
1757588408430 115202362343.24123 376
1757588408502 115188710696.22174 377
1757588408574 115175170374.99657 378
1757588408643 115161740235.32918 379
1757588408713 115148419146.53088 380
1757588408782 115135205991.28078 381
1757588408851 115122099665.44885 382
1757588408940 115109099077.9214 383
1757588409009 115096203150.4291 384
1757588409080 115083410817.3777 385
1757588409150 115070721025.68118 386
1757588409220 115058132734.59715 387
1757588409290 115045644915.56503 388
1757588409361 115033256552.0463 389
1757588409430 115020966639.36714 390
1757588409500 115008774184.56357 391
1757588409576 114996678206.22852 392
1757588409647 114984677734.36145 393
1757588409717 114972771810.21986 394
1757588409787 114960959486.17316 395
1757588409858 114949239825.55862 396
1757588409928 114937611902.53929 397
1757588409996 114926074801.96404 398
1757588410066 114914627619.2297 399
1757588410136 114903269460.14502 400
1757588410208 114891999440.79668 401
1757588410282 114880816687.41728 402
1757588410356 114869720336.25494 403
1757588410428 114858709533.44516 404
1757588410500 114847783434.88422 405
1757588410573 114836941206.10448 406
1757588410646 114826182022.15146 407
1757588410719 114815505067.46254 408
1757588410793 114804909535.7476 409
1757588410867 114794394629.87119 410
1757588410942 114783959561.7363 411
1757588411017 114773603552.17015 412
1757588411094 114763325830.81087 413
1757588411165 114753125635.99663 414
1757588411242 114743002214.65564 415
1757588411323 114732954822.19803 416
1757588411406 114722982722.40912 417
1757588411493 114713085187.34439 418
1757588411572 114703261497.22546 419
1757588411652 114693510940.33806 420
1757588411732 114683832812.931 421
1757588411808 114674226419.11682 422
1757588411883 114664691070.77359 423
1757588411958 114655226087.44823 424
1757588412034 114645830796.26111 425
1757588412106 114636504531.81197 426
1757588412176 114627246636.08704 427
1757588412246 114618056458.36772 428
1757588412315 114608933355.14012 429
1757588412385 114599876690.00613 430
1757588412463 114590885833.59567 431
1757588412543 114581960163.47986 432
1757588412612 114573099064.08595 433
1757588412683 114564301926.61275 434
1757588412755 114555568148.94762 435
1757588412825 114546897135.58452 436
1757588412895 114538288297.54315 437
1757588412965 114529741052.28899 438
1757588413036 114521254823.65488 439
1757588413107 114512829041.76315 440
1757588413183 114504463142.94914 441
1757588413267 114496156569.68558 442
1757588413341 114487908770.5081 443
1757588413412 114479719199.9416 444
1757588413485 114471587318.42781 445
1757588413560 114463512592.25357 446
1757588413634 114455494493.48029 447
1757588413712 114447532499.87415 448
1757588413783 114439626094.83752 449
1757588413855 114431774767.34096 450
1757588413932 114423978011.85626 451
1757588414014 114416235328.29048 452
1757588414089 114408546221.9207 453
1757588414164 114400910203.32976 454
1757588414239 114393326788.34264 455
1757588414312 114385795497.96408 456
1757588414385 114378315858.31648 457
1757588414454 114370887400.57915 458
1757588414527 114363509660.92792 459
1757588414611 114356182180.4759 460
1757588414682 114348904505.21466 461
1757588414758 114341676185.95663 462
1757588414843 114334496778.27773 463
1757588414916 114327365842.46112 464
1757588414990 114320282943.44174 465
1757588415067 114313247650.75107 466
1757588415137 114306259538.46313 467
1757588415208 114299318185.14114 468
1757588415277 114292423173.78441 469
1757588415350 114285574091.77654 470
1757588415419 114278770530.83362 471
1757588415490 114272012086.95392 472
1757588415559 114265298360.36739 473
1757588415629 114258628955.48636 474
1757588415699 114252003480.8566 475
1757588415768 114245421549.10936 476
1757588415840 114238882776.91344 477
1757588415911 114232386784.92838 478
1757588415983 114225933197.75813 479
1757588416059 114219521643.9052 480
1757588416135 114213151755.72536 481
1757588416208 114206823169.38324 482
1757588416288 114200535524.80803 483
1757588416362 114194288465.65012 484
1757588416432 114188081639.23811 485
1757588416507 114181914696.53647 486
1757588416582 114175787292.10353 487
1757588416692 114169699084.05022 488
1757588416765 114163649733.99936 489
1757588416836 114157638907.04517 490
1757588416918 114151666271.7136 491
1757588417006 114145731499.92296 492
1757588417092 114139834266.94518 493
1757588417175 114133974251.36757 494
1757588417261 114128151135.05476 495
1757588417344 114122364603.11153 496
1757588417419 114116614343.84584 497
1757588417493 114110900048.73251 498
1757588417565 114105221412.37703 499
