1757591484194 1064047559515.4191 0
1757591484256 868234999702.2897 1
1757591484317 727729085098.3817 2
1757591484378 623844228323.7856 3
1757591484440 545215643129.35425 4
1757591484501 484636481326.9924 5
1757591484562 437338869316.69086 6
1757591484624 400040604140.37317 7
1757591484685 370402447886.33673 8
1757591484751 346709025770.45636 9
1757591484812 327674031650.77045 10
1757591484872 312316386909.48645 11
1757591484932 299878255949.99896 12
1757591484992 289768667825.90405 13
1757591485053 281523458613.48816 14
1757591485114 274776033007.29736 15
1757591485175 269235567782.28516 16
1757591485238 264670499521.2864 17
1757591485304 260895863468.36972 18
1757591485366 257763496911.85065 19
1757591485443 255154406682.84515 20
1757591485507 252972790887.67096 21
1757591485568 251141336323.92865 22
1757591485629 249597506283.65933 23
1757591485691 248290601280.24915 24
1757591485753 247179425518.61618 25
1757591485813 246230429742.7159 26
1757591485874 245416229843.64108 27
1757591485939 244714422649.66296 28
1757591486005 244106637320.21497 29
1757591486066 243577773945.7352 30
1757591486127 243115391214.22684 31
1757591486189 242709213017.6038 32
1757591486250 242350730146.63095 33
1757591486310 242032878151.69083 34
1757591486376 241749776326.17578 35
1757591486438 241496515830.0582 36
1757591486500 241268987391.0474 37
1757591486561 241063740937.78464 38
1757591486622 240877871041.2131 39
1757591486685 240708923250.4173 40
1757591486746 240554817373.41763 41
1757591486806 240413784523.0095 42
1757591486867 240284315363.10425 43
1757591486929 240165117483.92383 44
1757591486990 240055080229.8545 45
1757591487053 239953245621.57648 46
1757591487114 239858784269.89868 47
1757591487174 239770975384.97418 48
1757591487236 239689190151.10864 49
1757591487298 239612877872.05475 50
1757591487365 239541554400.76895 51
1757591487428 239474792456.086 52
1757591487489 239412213500.6462 53
1757591487551 239353480912.87866 54
1757591487612 239298294325.8345 55
1757591487675 239246384477.2462 56
1757591487737 239197509399.8606 57
1757591487799 239151450821.00415 58
1757591487860 239108011189.93317 59
1757591487921 239067011364.69394 60
1757591487982 239028287754.51743 61
1757591488044 238991691162.37747 62
1757591488105 238957084941.59433 63
1757591488166 238924343613.08334 64
1757591488228 238893351668.59122 65
1757591488289 238864002531.79205 66
1757591488351 238836197653.67377 67
1757591488421 238809845722.42886 68
1757591488489 238784861971.2072 69
1757591488556 238761167569.7119 70
1757591488618 238738689087.80212 71
1757591488683 238717358021.09286 72
1757591488745 238697110370.0718 73
1757591488808 238677886265.5299 74
1757591488871 238659629634.18143 75
1757591488933 238642287899.2501 76
1757591488995 238625811711.5611 77
1757591489058 238610154707.32062 78
1757591489121 238595273289.3068 79
1757591489183 238581126428.65747 80
1757591489246 238567675484.82742 81
1757591489308 238554884041.62146 82
1757591489370 238542717757.48923 83
1757591489433 238531144228.5101 84
1757591489496 238520132862.69995 85
1757591489558 238509654764.44833 86
1757591489620 238499682628.04425 87
1757591489682 238490190639.38 88
1757591489745 238481154385.03003 89
1757591489808 238472550768.0023 90
1757591489870 238464357929.53903 91
1757591489933 238456555176.41684 92
1757591489997 238449122913.25848 93
1757591490059 238442042579.4225 94
1757591490121 238435296590.0831 95
1757591490185 238428868281.1561 96
1757591490247 238422741857.75916 97
1757591490309 238416902345.92996 98
1757591490371 238411335547.35037 99
1757591490434 238406027996.85077 100
1757591490500 238400966922.4901 101
1757591490562 238396140208.02515 102
1757591490624 238391536357.60068 103
1757591490687 238387144462.50613 104
1757591490754 238382954169.85892 105
1757591490818 238378955653.08395 106
1757591490881 238375139584.0736 107
1757591490943 238371497106.91724 108
1757591491006 238368019813.1019 109
1757591491069 238364699718.09155 110
1757591491132 238361529239.19873 111
1757591491198 238358501174.67093 112
1757591491260 238355608683.9178 113
1757591491322 238352845268.81067 114
1757591491387 238350204755.99292 115
1757591491455 238347681280.13953 116
1757591491518 238345269268.11346 117
1757591491584 238342963423.96622 118
1757591491656 238340758714.73492 119
1757591491719 238338650356.99036 120
1757591491783 238336633804.0955 121
1757591491846 238334704734.13348 122
1757591491909 238332859038.46887 123
1757591491972 238331092810.90717 124
1757591492035 238329402337.42004 125
1757591492098 238327784086.4057 126
1757591492161 238326234699.45468 127
1757591492226 238324750982.59515 128
1757591492290 238323329897.99084 129
1757591492352 238321968556.06808 130
1757591492415 238320664208.04868 131
1757591492478 238319414238.86777 132
1757591492542 238318216160.4555 133
1757591492605 238317067605.36395 134
1757591492667 238315966320.72064 135
1757591492731 238314910162.492 136
1757591492795 238313897090.04022 137
1757591492858 238312925160.95822 138
1757591492924 238311992526.16843 139
1757591492988 238311097425.2711 140
1757591493055 238310238182.13013 141
1757591493119 238309413200.68317 142
1757591493183 238308620960.9645 143
1757591493246 238307860015.33075 144
1757591493308 238307128984.8771 145
1757591493371 238306426556.0361 146
1757591493438 238305751477.3481 147
1757591493503 238305102556.3955 148
1757591493566 238304478656.8922 149
1757591493636 238303878695.91925 150
1757591493704 238303301641.30145 151
1757591493770 238302746509.11472 152
1757591493841 238302212361.32037 153
1757591493908 238301698303.5178 154
1757591493971 238301203482.8103 155
1757591494034 238300727085.77856 156
1757591494098 238300268336.5555 157
1757591494161 238299826494.998 158
1757591494225 238299400854.94998 159
1757591494288 238298990742.59308 160
1757591494351 238298595514.879 161
1757591494414 238298214558.0414 162
1757591494479 238297847286.18085 163
1757591494544 238297493139.92157 164
1757591494608 238297151585.13416 165
1757591494672 238296822111.72293 166
1757591494737 238296504232.47278 167
1757591494801 238296197481.9536 168
1757591494865 238295901415.4797 169
1757591494936 238295615608.11993 170
1757591495005 238295339653.75748 171
1757591495069 238295073164.19598 172
1757591495136 238294815768.31006 173
1757591495200 238294567111.23758 174
1757591495265 238294326853.612 175
1757591495328 238294094670.83194 176
1757591495392 238293870252.36795 177
1757591495455 238293653301.1019 178
1757591495519 238293443532.69995 179
1757591495583 238293240675.01547 180
1757591495647 238293044467.52194 181
1757591495711 238292854660.7729 182
1757591495776 238292671015.88864 183
1757591495842 238292493304.068 184
1757591495907 238292321306.1236 185
1757591495972 238292154812.04 186
1757591496037 238291993620.5533 187
1757591496102 238291837538.75076 188
1757591496167 238291686381.69022 189
1757591496232 238291539972.03778 190
1757591496296 238291398139.72278 191
1757591496360 238291260721.6097 192
1757591496427 238291127561.18567 193
1757591496494 238290998508.26288 194
1757591496558 238290873418.6954 195
1757591496621 238290752154.10965 196
1757591496685 238290634581.64728 197
1757591496750 238290520573.72098 198
1757591496814 238290410007.78122 199
1757591496878 238290302766.0946 200
1757591496943 238290198735.5322 201
1757591497007 238290097807.36847 202
1757591497072 238289999877.08908 203
1757591497137 238289904844.20828 204
1757591497202 238289812612.0944 205
1757591497269 238289723087.80392 206
1757591497336 238289636181.9229 207
1757591497400 238289551808.41617 208
1757591497465 238289469884.48337 209
1757591497531 238289390330.42154 210
1757591497596 238289313069.4943 211
1757591497660 238289238027.80682 212
1757591497724 238289165134.18698 213
1757591497789 238289094320.07132 214
1757591497855 238289025519.39685 215
1757591497921 238288958668.49747 216
1757591497987 238288893706.00504 217
1757591498054 238288830572.75528 218
1757591498119 238288769211.69754 219
1757591498186 238288709567.8088 220
1757591498260 238288651588.0118 221
1757591498328 238288595221.0963 222
1757591498393 238288540417.64435 223
1757591498458 238288487129.95856 224
1757591498522 238288435311.99384 225
1757591498586 238288384919.29184 226
1757591498651 238288335908.91864 227
1757591498719 238288288239.4048 228
