1757591704244 1053298948727.5865 0
1757591704306 859255446197.892 1
1757591704369 720758281139.8347 2
1757591704438 618847268034.2355 3
1757591704506 542032810650.271 4
1757591704571 483056551368.1516 5
1757591704637 437136692889.9953 6
1757591704704 400996992277.36786 7
1757591704769 372314575427.05066 8
1757591704830 349395385563.1336 9
1757591704894 330976112506.55273 10
1757591704957 316098374066.44336 11
1757591705021 304025575925.6536 12
1757591705084 294185928809.4867 13
1757591705146 286132145964.938 14
1757591705208 279512190407.6999 15
1757591705269 274047603043.65985 16
1757591705330 269517190591.4906 17
1757591705404 265744597506.95032 18
1757591705478 262588747898.94028 19
1757591705546 259936440495.88785 20
1757591705613 257696577778.3217 21
1757591705684 255795646730.81647 22
1757591705761 254174165097.18692 23
1757591705834 252783876748.4797 24
1757591705921 251585531076.14496 25
1757591706002 250547119586.77512 26
1757591706076 249642471717.26187 27
1757591706156 248850133811.57114 28
1757591706242 248152471974.5292 29
1757591706321 247534952423.8455 30
1757591706396 246985562937.65628 31
1757591706464 246494346737.7733 32
1757591706525 246053026180.46396 33
1757591706588 245654698340.90524 34
1757591706651 245293588273.60184 35
1757591706714 244964848637.39597 36
1757591706781 244664396665.288 37
1757591706854 244388781270.90497 38
1757591706917 244135074519.19348 39
1757591706981 243900782829.47098 40
1757591707043 243683774187.08215 41
1757591707106 243482218364.51508 42
1757591707169 243294537732.2 43
1757591707234 243119366703.3738 44
1757591707296 242955518229.94 45
1757591707359 242801956065.8172 46
1757591707425 242657771755.54642 47
1757591707498 242522165500.58777 48
1757591707563 242394430213.0275 49
1757591707625 242273938193.7049 50
1757591707689 242160129974.9286 51
1757591707753 242052504951.67477 52
1757591707826 241950613493.1997 53
1757591707907 241854050282.36993 54
1757591707990 241762448675.1306 55
1757591708067 241675475909.34656 56
1757591708145 241592829022.3222 57
1757591708223 241514231360.90717 58
1757591708300 241439429588.24216 59
1757591708378 241368191107.7224 60
1757591708455 241300301838.32257 61
1757591708535 241235564286.58307 62
1757591708614 241173795869.7405 63
1757591708692 241114827452.0568 64
1757591708769 241058502062.6522 65
1757591708852 241004673836.5106 66
1757591708931 240953206825.60577 67
1757591709012 240903974298.10345 68
1757591709089 240856857904.16666 69
1757591709168 240811746978.34296 70
1757591709249 240768537915.76932 71
1757591709328 240727133612.60458 72
1757591709407 240687442962.53293 73
1757591709485 240649380402.38272 74
1757591709571 240612865500.91138 75
1757591709649 240577822585.65704 76
1757591709724 240544180403.46515 77
1757591709802 240511871810.90607 78
1757591709880 240480833491.30505 79
1757591709963 240451005695.5404 80
1757591710054 240422332004.13214 81
1757591710125 240394759108.45673 82
1757591710189 240368236609.19226 83
1757591710255 240342716830.32645 84
1757591710320 240318154647.2581 85
1757591710384 240294507327.6918 86
1757591710464 240271734384.1737 87
1757591710544 240249797437.2415 88
1757591710623 240228660088.27365 89
1757591710703 240208287801.21976 90
1757591710786 240188647792.47565 91
1757591710865 240169708928.24423 92
1757591710943 240151441628.7841 93
1757591711022 240133817779.00885 94
1757591711101 240116810644.94708 95
1757591711183 240100394795.62152 96
1757591711268 240084546029.9418 97
