1757541629538 5.966638795873409e+16 0
1757541629607 5.802963793554186e+21 1
1757541629678 8.236586165875961e+27 2
1757541629744 1.3245311463003508e+36 3
1757541629811 1.9232032565498957e+42 4
1757541629876 5.638876556935416e+50 5
1757541629942 2.093100265705139e+57 6
1757541630003 2.2402932394961077e+65 7
1757541630071 8.609608525908905e+72 8
1757541630134 1.3870162620451186e+77 9
1757541630200 1.1759344701048568e+83 10
1757541630260 3.1892556516697897e+90 11
1757541630329 4.503041826400095e+96 12
1757541630395 2.4511347286562337e+104 13
1757541630468 1.3060367748890401e+109 14
1757541630531 6.627026764898854e+115 15
1757541630590 8.485557741007785e+117 16
1757541630649 3.1340190459028817e+125 17
1757541630720 3.605024999535886e+133 18
1757541630786 4.075522891254417e+140 19
1757541630848 4.651228375274214e+146 20
1757541630913 4.02025068498402e+154 21
1757541630994 3.875912422096603e+161 22
1757541631059 1.2371813278017776e+169 23
1757541631128 3.2035831378240507e+176 24
1757541631193 1.3487523171110723e+184 25
1757541631275 1.1561641105170794e+191 26
1757541631338 1.7726454344559726e+197 27
1757541631404 5.465103597803282e+203 28
1757541631471 1.3121562267276084e+210 29
1757541631539 1.0506978210426065e+214 30
1757541631604 1.0410215127827438e+224 31
1757541631672 6.715614639358272e+225 32
1757541631733 5.015698011361897e+230 33
1757541631798 5.000923960473387e+237 34
1757541631871 1.5811206106434477e+246 35
1757541631940 1.7116836645035087e+251 36
1757541632012 6.922227261279898e+258 37
1757541632094 2.636489286844501e+266 38
1757541632183 4.003822804111557e+272 39
1757541632254 1.0027375122476515e+281 40
1757541632317 1.8931312129022762e+285 41
1757541632382 2.5209876837763217e+290 42
1757541632452 6.1301339347511616e+293 43
1757541632515 9.550578752507668e+299 44
1757541632580 inf 45
1757541632645 inf 46
