1757557328934 1064044748402.8925 0
1757557329006 1042933337444.2625 1
1757557329076 1022488616218.668 2
1757557329140 1002684531212.3235 3
1757557329204 983496230371.573 4
1757557329272 964899998804.6097 5
1757557329340 946873201359.5018 6
1757557329405 929394228250.206 7
1757557329469 912442443564.9415 8
1757557329539 895998136500.4109 9
1757557329607 880042475173.9235 10
1757557329679 864557462873.6224 11
1757557329744 849525896614.6676 12
1757557329821 834931327876.4905 13
1757557329890 820758025403.0774 14
1757557329960 806990939954.713 15
1757557330026 793615670905.728 16
1757557330092 780618434588.5724 17
1757557330182 767986034289.9962 18
1757557330249 755705831810.2782 19
1757557330319 743765720501.3075 20
1757557330386 732154099703.946 21
1757557330453 720859850509.43 22
1757557330528 709872312900.6844 23
1757557330598 699181263591.2424 24
1757557330662 688776895686.516 25
1757557330729 678649798963.1084 26
1757557330797 668790941258.2 27
1757557330866 659191650810.4381 28
1757557330936 649843599501.5369 29
1757557331002 640738786950.5658 30
1757557331066 631869525415.5192 31
1757557331132 623228425459.2252 32
1757557331197 614808382338.9954 33
1757557331261 606602563081.6158 34
1757557331327 598604394207.3708 35
1757557331397 590807550068.7561 36
1757557331465 583205941771.4098 37
1757557331529 575793706646.5386 38
1757557331596 568565198245.7922 39
1757557331661 561514976831.1013 40
1757557331727 554637800333.4894 41
1757557331795 547928615756.2688 42
1757557331865 541382550999.3605 43
1757557331938 534994907082.73224 44
1757557332003 528761150748.1396 45
1757557332066 522676907419.4692 46
1757557332133 516737954503.05084 47
1757557332201 510940215010.3041 48
1757557332271 505279751486.0311 49
1757557332338 499752760226.5677 50
1757557332405 494355565772.84644 51
1757557332474 489084615664.2309 52
1757557332538 483936475439.73236 53
1757557332605 478907823873.9407 54
1757557332668 473995448435.67444 55
1757557332737 469196240957.996 56
1757557332816 464507193508.8438 57
1757557332880 459925394452.1028 58
1757557332949 455448024689.4788 59
1757557333014 451072354074.0516 60
1757557333078 446795737986.8652 61
1757557333147 442615614068.3737 62
1757557333219 438529499096.9904 63
1757557333288 434534986007.3993 64
1757557333357 430629741041.67554 65
1757557333419 426811501026.6248 66
1757557333487 423078070771.10095 67
1757557333553 419427320577.38763 68
1757557333618 415857183861.03705 69
1757557333685 412365654873.85785 70
1757557333751 408950786525.01483 71
1757557333818 405610688295.47064 72
1757557333882 402343524241.2456 73
1757557333954 399147511081.2057 74
1757557334019 396020916365.315 75
1757557334085 392962056719.4937 76
1757557334156 389969296163.4269 77
1757557334228 387041044497.854 78
1757557334297 384175755758.0503 79
1757557334364 381371926730.3773 80
1757557334432 378628095528.94086 81
1757557334498 375942840399.757 82
1757557334567 373314777900.8802 83
1757557334632 370742562149.0171 84
1757557334703 368224883442.2463 85
1757557334767 365760467097.80695 86
1757557334833 363348072335.13434 87
1757557334899 360986491202.082 88
1757557334969 358674547542.3766 89
1757557335034 356411096002.4505 90
1757557335098 354195021075.8841 91
1757557335168 352025236183.7837 92
1757557335234 349900682789.5012 93
1757557335298 347820329546.1797 94
1757557335357 345783171475.6858 95
1757557335425 343788229177.55884 96
1757557335489 341834548066.67426 97
1757557335547 339921197638.38257 98
1757557335611 338047270759.94525 99
1757557335677 336211882987.14575 100
1757557335737 334414171905.00745 101
1757557335803 332653296491.6041 102
1757557335880 330928436503.99304 103
1757557335957 329238791885.3512 104
1757557336041 327583582192.437 105
1757557336121 325962046042.5394 106
1757557336200 324373440579.1206 107
1757557336281 322817040955.3906 108
1757557336350 321292139835.09186 109
1757557336415 319798046909.8026 110
1757557336487 318334088432.10095 111
1757557336551 316899606763.9629 112
1757557336613 315493959939.7939 113
1757557336685 314116521243.5235 114
1757557336755 312766678799.2176 115
1757557336818 311443835174.6858 116
1757557336892 310147406997.5885 117
1757557336970 308876824583.5681 118
1757557337048 307631531575.9485 119
1757557337127 306410984596.57153 120
1757557337203 305214652907.3547 121
1757557337281 304042018082.173 122
1757557337355 302892573688.6871 123
1757557337420 301765824979.75354 124
1757557337486 300661288594.07166 125
1757557337550 299578492265.7331 126
1757557337613 298516974542.35767 127
1757557337676 297476284511.5102 128
1757557337740 296455981535.10706 129
1757557337802 295455634991.5323 130
1757557337875 294474824025.19635 131
1757557337952 293513137303.28064 132
1757557338033 292570172779.4214 133
1757557338110 291645537464.09705 134
1757557338188 290738847201.493 135
1757557338268 289849726452.626 136
1757557338345 288977808084.5194 137
1757557338423 288122733165.2305 138
1757557338498 287284150764.53577 139
1757557338577 286461717760.09033 140
1757557338656 285655098648.8844 141
1757557338734 284863965363.8253 142
1757557338810 284087997095.28186 143
1757557338883 283326880117.4327 144
1757557338944 282580307619.2676 145
1757557339009 281847979540.0955 146
1757557339076 281129602409.41864 147
1757557339139 280424889191.0377 148
1757557339205 279733559131.25775 149
1757557339269 279055337611.07007 150
1757557339338 278389956002.1881 151
1757557339407 277737151526.82196 152
1757557339487 277096667121.0789 153
1757557339569 276468251301.8816 154
1757557339651 275851658037.2999 155
1757557339730 275246646620.1957 156
1757557339809 274652981545.0831 157
1757557339890 274070432388.1111 158
1757557339968 273498773690.07742 159
1757557340049 272937784842.38675 160
1757557340128 272387249975.869 161
1757557340206 271846957852.3752 162
1757557340284 271316701759.07394 163
1757557340364 270796279405.37027 164
1757557340432 270285492822.3749 165
1757557340493 269784148264.8523 166
1757557340552 269292056115.57794 167
1757557340612 268809030792.03976 168
1757557340672 268334890655.41757 169
1757557340734 267869457921.77957 170
1757557340794 267412558575.43478 171
1757557340858 266964022284.38348 172
1757557340916 266523682317.8083 173
1757557340998 266091375465.55188 174
1757557341076 265666941959.5281 175
1757557341156 265250225397.01462 176
1757557341234 264841072665.77744 177
1757557341310 264439333870.97913 178
1757557341388 264044862263.82343 179
1757557341457 263657514171.89178 180
1757557341531 263277148931.12613 181
1757557341596 262903628819.4167 182
1757557341662 262536818991.75217 183
1757557341725 262176587416.89322 184
1757557341788 261822804815.52866 185
1757557341853 261475344599.87762 186
1757557341919 261134082814.70068 187
1757557341998 260798898079.68323 188
1757557342083 260469671533.1579 189
1757557342162 260146286777.13074 190
1757557342242 259828629823.5794 191
1757557342323 259516589041.99106 192
1757557342408 259210055108.10898 193
1757557342490 258908920953.85806 194
1757557342566 258613081718.41977 195
1757557342653 258322434700.42786 196
1757557342742 258036879311.25793 197
1757557342831 257756317029.38278 198
1757557342915 257480651355.76862 199
1757557342998 257209787770.28598 200
1757557343090 256943633689.11026 201
1757557343172 256682098423.08923 202
1757557343250 256425093137.05185 203
1757557343332 256172530810.03796 204
1757557343420 255924326196.4246 205
1757557343506 255680395787.92886 206
1757557343592 255440657776.4653 207
1757557343678 255205032017.83755 208
1757557343772 254973439996.24506 209
1757557343856 254745804789.58362 210
1757557343941 254522051035.52338 211
1757557344026 254302104898.34332 212
1757557344114 254085894036.50604 213
1757557344201 253873347570.9545 214
1757557344289 253664396054.11365 215
1757557344370 253458971439.5815 216
1757557344456 253257007052.49146 217
1757557344538 253058437560.53156 218
1757557344623 252863198945.6055 219
1757557344706 252671228476.11914 220
1757557344789 252482464679.87866 221
1757557344865 252296847317.58704 222
1757557344937 252114317356.92242 223
1757557345018 251934816947.188 224
1757557345100 251758289394.5178 225
1757557345179 251584679137.62628 226
1757557345248 251413931724.08975 227
1757557345312 251245993787.1468 228
1757557345388 251080813023.00528 229
1757557345456 250918338168.64563 230
1757557345537 250758518980.10764 231
1757557345615 250601306211.2508 232
1757557345695 250446651592.97662 233
1757557345775 250294507812.90262 234
1757557345858 250144828495.47775 235
1757557345944 249997568182.5293 236
1757557346011 249852682314.23132 237
1757557346081 249710127210.48468 238
1757557346146 249569860052.70047 239
1757557346214 249431838865.97632 240
1757557346277 249296022501.65723 241
1757557346343 249162370620.27338 242
1757557346418 249030843674.84442 243
1757557346486 248901402894.5431 244
1757557346575 248774010268.71048 245
1757557346659 248648628531.2143 246
1757557346745 248525221145.14258 247
1757557346828 248403752287.82532 248
1757557346912 248284186836.17734 249
1757557346993 248166490352.35413 250
1757557347062 248050629069.71463 251
1757557347129 247936569879.0836 252
1757557347214 247824280315.30673 253
1757557347279 247713728544.09274 254
1757557347351 247604883349.1353 255
1757557347423 247497714119.50925 256
1757557347488 247392190837.33408 257
1757557347570 247288284065.70013 258
1757557347649 247185964936.85007 259
1757557347730 247085205140.6117 260
1757557347812 246985976913.07507 261
1757557347892 246888253025.50967 262
1757557347972 246792006773.5153 263
1757557348053 246697211966.40262 264
1757557348132 246603842916.79773 265
1757557348213 246511874430.46527 266
1757557348293 246421281796.3469 267
1757557348373 246332040776.80872 268
1757557348452 246244127598.09402 269
1757557348529 246157518940.9765 270
1757557348598 246072191931.60974 271
1757557348663 245988124132.56906 272
1757557348721 245905293534.08014 273
1757557348790 245823678545.43213 274
1757557348853 245743257986.57037 275
1757557348919 245664011079.86423 276
1757557348990 245585917442.04758 277
1757557349066 245508957076.32706 278
1757557349148 245433110364.65506 279
1757557349234 245358358060.16367 280
1757557349319 245284681279.75607 281
1757557349402 245212061496.8521 282
1757557349483 245140480534.28467 283
1757557349563 245069920557.34323 284
1757557349648 245000364066.96243 285
1757557349736 244931793893.05118 286
1757557349819 244864193187.96014 287
1757557349902 244797545420.0849 288
1757557349982 244731834367.60065 289
1757557350068 244667044112.3268 290
1757557350150 244603159033.71848 291
1757557350231 244540163802.9815 292
1757557350318 244478043377.309 293
1757557350398 244416782994.2364 294
1757557350481 244356368166.1133 295
1757557350564 244296784674.6882 296
1757557350628 244238018565.80524 297
1757557350688 244180056144.2089 298
1757557350749 244122883968.45663 299
1757557350819 244066488845.9344 300
1757557350890 244010857827.9754 301
1757557350952 243955978205.07788 302
1757557351017 243901837502.22134 303
1757557351083 243848423474.2781 304
1757557351168 243795724101.5189 305
1757557351250 243743727585.20956 306
1757557351334 243692422343.2983 307
1757557351415 243641797006.19028 308
1757557351497 243591840412.60812 309
1757557351581 243542541605.5371 310
1757557351663 243493889828.2524 311
1757557351747 243445874520.4269 312
1757557351829 243398485314.31845 313
1757557351914 243351712031.03397 314
1757557351995 243305544676.86935 315
1757557352078 243259973439.7238 316
1757557352143 243214988685.58588 317
1757557352208 243170580955.09186 318
1757557352277 243126740960.15222 319
1757557352350 243083459580.64703 320
1757557352414 243040727861.188 321
1757557352483 242998537007.94525 322
1757557352549 242956878385.53845 323
1757557352620 242915743513.99023 324
1757557352702 242875124065.74106 325
1757557352785 242835011862.72382 326
1757557352868 242795398873.49734 327
1757557352951 242756277210.43726 328
1757557353035 242717639126.98322 329
1757557353114 242679477014.9412 330
1757557353184 242641783401.83984 331
1757557353250 242604550948.3397 332
1757557353319 242567772445.69394 333
1757557353383 242531440813.26022 334
1757557353447 242495549096.06158 335
1757557353508 242460090462.39676 336
1757557353580 242425058201.49716 337
1757557353660 242390445721.2313 338
1757557353744 242356246545.8542 339
1757557353827 242322454313.80203 340
1757557353909 242289062775.53036 341
1757557353990 242256065791.39514 342
1757557354074 242223457329.57574 343
1757557354143 242191231464.03943 344
1757557354211 242159382372.54565 345
1757557354278 242127904334.69022 346
1757557354348 242096791729.98785 347
1757557354419 242066039035.9928 348
1757557354485 242035640826.4563 349
1757557354547 242005591769.5205 350
1757557354614 241975886625.94815 351
1757557354706 241946520247.38672 352
1757557354787 241917487574.6669 353
1757557354868 241888783636.13474 354
1757557354948 241860403546.0161 355
1757557355033 241832342502.81354 356
1757557355115 241804595787.73444 357
1757557355202 241777158763.1502 358
1757557355284 241750026871.08508 359
1757557355368 241723195631.7353 360
1757557355451 241696660642.01636 361
1757557355536 241670417574.13934 362
1757557355620 241644462174.2147 363
1757557355700 241618790260.8831 364
1757557355783 241593397723.97345 365
1757557355865 241568280523.18658 366
1757557355949 241543434686.80487 367
1757557356032 241518856310.42648 368
1757557356115 241494541555.72473 369
1757557356197 241470486649.23145 370
1757557356280 241446687881.14343 371
1757557356365 241423141604.15256 372
1757557356449 241399844232.29846 373
1757557356531 241376792239.84317 374
1757557356615 241353982160.16763 375
1757557356688 241331410584.68973 376
1757557356754 241309074161.8029 377
1757557356827 241286969595.83514 378
1757557356897 241265093646.0288 379
1757557356967 241243443125.5389 380
1757557357038 241222014900.4517 381
1757557357110 241200805888.82153 382
1757557357181 241179813059.72656 383
1757557357265 241159033432.34213 384
1757557357354 241138464075.03244 385
1757557357443 241118102104.4594 386
1757557357527 241097944684.70834 387
1757557357612 241077989026.43085 388
1757557357686 241058232386.0037 389
1757557357756 241038672064.70383 390
1757557357824 241019305407.8993 391
1757557357888 241000129804.25543 392
1757557357959 240981142684.95642 393
1757557358027 240962341522.94135 394
1757557358090 240943723832.15457 395
1757557358158 240925287166.81152 396
1757557358239 240907029120.67682 397
1757557358324 240888947326.3574 398
1757557358406 240871039454.60815 399
1757557358490 240853303213.65155 400
1757557358575 240835736348.50928 401
1757557358657 240818336640.34708 402
1757557358763 240801101905.83182 403
1757557358847 240784029996.50095 404
1757557358931 240767118798.1431 405
1757557359014 240750366230.1912 406
1757557359098 240733770245.12683 407
1757557359184 240717328827.8952 408
1757557359268 240701039995.3321 409
1757557359352 240684901795.60056 410
1757557359434 240668912307.63904 411
1757557359515 240653069640.61954 412
1757557359603 240637371933.41534 413
1757557359687 240621817354.07993 414
1757557359771 240606404099.33456 415
1757557359853 240591130394.066 416
1757557359936 240575994490.83334 417
1757557360017 240560994669.38437 418
1757557360103 240546129236.18045 419
1757557360187 240531396523.93066 420
1757557360275 240516794891.13474 421
1757557360359 240502322721.6338 422
1757557360443 240487978424.1702 423
1757557360528 240473760431.9553 424
1757557360614 240459667202.24478 425
1757557360700 240445697215.92276 426
1757557360782 240431848977.09277 427
1757557360868 240418121012.67673 428
1757557360951 240404511872.02115 429
1757557361037 240391020126.51077 430
1757557361122 240377644369.18927 431
1757557361206 240364383214.3868 432
1757557361273 240351235297.35468 433
1757557361347 240338199273.90643 434
1757557361414 240325273820.06604 435
1757557361485 240312457631.72183 436
1757557361552 240299749424.28745 437
1757557361623 240287147932.3686 438
1757557361700 240274651909.43607 439
1757557361781 240262260127.50485 440
1757557361866 240249971376.81873 441
1757557361950 240237784465.54117 442
1757557362030 240225698219.45148 443
1757557362111 240213711481.64648 444
1757557362197 240201823112.24796 445
1757557362264 240190031988.11514 446
1757557362332 240178337002.56247 447
1757557362394 240166737065.08246 448
1757557362466 240155231101.07388 449
1757557362540 240143818051.57455 450
1757557362605 240132496872.99872 451
1757557362669 240121266536.88028 452
1757557362743 240110126029.6192 453
1757557362827 240099074352.23364 454
1757557362911 240088110520.11603 455
1757557362994 240077233562.79358 456
1757557363079 240066442523.69342 457
1757557363163 240055736459.91144 458
1757557363248 240045114441.98584 459
1757557363332 240034575553.67438 460
1757557363417 240024118891.7357 461
1757557363501 240013743565.7147 462
1757557363588 240003448697.73163 463
1757557363672 239993233422.2751 464
1757557363753 239983096885.99844 465
1757557363824 239973038247.5203 466
1757557363899 239963056677.22812 467
1757557363965 239953151357.08575 468
1757557364033 239943321480.44394 469
1757557364106 239933566251.85464 470
1757557364178 239923884886.88828 471
1757557364245 239914276611.95456 472
1757557364329 239904740664.12634 473
1757557364413 239895276290.9662 474
1757557364497 239885882750.3572 475
1757557364585 239876559310.33524 476
1757557364670 239867305248.9254 477
1757557364754 239858119853.98077 478
1757557364825 239849002423.02423 479
1757557364890 239839952263.09283 480
1757557364963 239830968690.58514 481
1757557365032 239822051031.11133 482
1757557365105 239813198619.3455 483
1757557365174 239804410798.881 484
1757557365244 239795686922.08807 485
1757557365327 239787026349.97424 486
1757557365411 239778428452.04666 487
1757557365497 239769892606.17737 488
1757557365586 239761418198.4707 489
1757557365671 239753004623.13293 490
1757557365756 239744651282.34427 491
1757557365819 239736357586.13315 492
1757557365885 239728122952.2525 493
1757557365957 239719946806.0586 494
1757557366019 239711828580.39114 495
1757557366087 239703767715.45685 496
1757557366153 239695763658.71332 497
1757557366219 239687815864.75635 498
1757557366297 239679923795.2085 499
