1757530262801 1053300496920.496 0
1757530262823 859256820957.6445 1
1757530262844 720343997360.7983 2
1757530262865 617952606240.5812 3
1757530262888 540713139470.06085 4
1757530262908 481397429434.56836 5
1757530262934 435221534792.8198 6
1757530262954 398897261104.03046 7
1757530262975 370088241830.9659 8
1757530262996 347088095361.1571 9
1757530263025 328623025498.9473 10
1757530263048 313725998327.0684 11
1757530263069 301653401596.58234 12
1757530263090 291827834198.4222 13
1757530263110 283797588231.7059 14
1757530263130 277207202403.19025 15
1757530263154 271775617694.51138 16
1757530263178 267279713076.84656 17
1757530263200 263541744678.48422 18
1757530263222 260419673709.69168 19
1757530263245 257799665281.7408 20
1757530263275 255590237941.72458 21
1757530263299 253717679750.30692 22
1757530263322 252122442954.6936 23
1757530263346 250756298970.91516 24
1757530263367 249580086748.10318 25
1757530263387 248561925991.35727 26
1757530263406 247675795751.19336 27
1757530263428 246900401019.17746 28
1757530263454 246218266952.51755 29
1757530263482 245615013451.67865 30
1757530263503 245078772965.792 31
1757530263524 244599722294.30313 32
1757530263550 244169705311.65173 33
1757530263571 243781928360.22385 34
1757530263594 243430713836.95248 35
1757530263621 243111300471.88547 36
1757530263641 242819681140.65427 37
1757530263661 242552470904.4383 38
1757530263681 242306799437.1345 39
1757530263700 242080223162.6976 40
1757530263725 241870653350.42453 41
1757530263752 241676297152.60577 42
1757530263782 241495609156.8529 43
1757530263806 241327251495.40598 44
1757530263832 241170060930.15067 45
1757530263863 241023021634.05438 46
1757530263894 240885242632.40256 47
1757530263924 240755939062.53217 48
1757530263955 240634416568.21573 49
1757530263985 240520058271.9711 50
1757530264016 240412313871.36478 51
1757530264046 240310690488.61502 52
1757530264077 240214744970.3025 53
1757530264108 240124077388.81805 54
1757530264139 240038325541.7617 55
1757530264169 239957160281.81647 56
1757530264199 239880281539.2369 57
1757530264229 239807414923.27927 58
1757530264263 239738308808.68192 59
1757530264293 239672731829.51147 60
1757530264324 239610470715.97787 61
1757530264354 239551328420.74405 62
1757530264385 239495122490.23532 63
1757530264415 239441683643.85745 64
1757530264446 239390854530.1398 65
1757530264477 239342488633.86798 66
1757530264508 239296449312.45 67
1757530264538 239252608943.22775 68
1757530264569 239210848166.32254 69
1757530264603 239171055210.001 70
