1757582470913 2583938613969.98 0
1757582470979 1347223451903.3474 1
1757582471048 1184722458132.6956 2
1757582471119 1085496255998.2063 3
1757582471187 833907405997.1683 4
1757582471256 1274263158274.217 5
1757582471323 824869373926.1464 6
1757582471392 264950789756.04132 7
1757582471462 823885290782.8195 8
1757582471529 1821964491912.6655 9
1757582471597 664284578145.1492 10
1757582471662 715298686457.389 11
1757582471728 1463800246763.4453 12
1757582471798 692559917416.9823 13
1757582471862 690611191375.3649 14
1757582471933 1111058496842.7444 15
1757582472001 292796293590.05536 16
1757582472078 621425628479.3832 17
1757582472149 945495233498.0303 18
1757582472218 213564417769.0793 19
1757582472294 175061291541.56244 20
1757582472364 986917544341.2639 21
1757582472430 893654802289.5997 22
1757582472497 370309985962.9599 23
1757582472566 298106348823.5641 24
1757582472636 736530993969.7743 25
1757582472705 142044511203.84616 26
1757582472775 131357728889.29382 27
1757582472846 226499040803.38898 28
1757582472913 676308980488.6759 29
1757582472982 777267746184.1542 30
1757582473049 751734451110.7594 31
1757582473115 300036965216.6983 32
1757582473180 146133137149.0008 33
1757582473246 548225703564.73004 34
1757582473313 613689468511.6533 35
1757582473377 477675390861.9241 36
1757582473443 973629736790.7139 37
1757582473509 143183264097.79083 38
1757582473592 146633751660.35153 39
1757582473671 296601409665.57654 40
1757582473739 140682754172.03094 41
1757582473809 933593045874.6224 42
1757582473876 446700443386.298 43
1757582473947 383432215937.81494 44
1757582474021 428324838016.14404 45
1757582474096 169421835909.62424 46
1757582474165 100219382245.75682 47
1757582474236 99447729180.72842 48
1757582474305 165476109906.7335 49
1757582474371 442647747174.2162 50
1757582474438 1328904943954.8696 51
1757582474504 71050719037.04361 52
1757582474570 147936999243.76315 53
1757582474635 289499517151.1248 54
1757582474698 216751118195.64435 55
1757582474763 584398919680.9908 56
1757582474827 366180519098.8338 57
1757582474894 605353180409.6145 58
1757582474960 470126806945.45917 59
1757582475027 326207363059.6268 60
1757582475092 764796828145.3778 61
1757582475159 396781372391.2865 62
1757582475225 104363777431.21176 63
1757582475290 285668031717.63715 64
1757582475359 487591025592.29193 65
1757582475425 464705035244.61224 66
1757582475492 527353209253.1763 67
1757582475559 351084099435.2143 68
1757582475625 658232371408.0635 69
1757582475693 279322574949.4709 70
1757582475759 525992315803.79803 71
1757582475827 145925587020.873 72
1757582475893 282238690718.56256 73
1757582475962 286168122219.40125 74
1757582476030 59888963314.097115 75
1757582476098 430909995078.3692 76
1757582476164 387030621952.1489 77
1757582476231 399449315669.4542 78
1757582476298 122241796172.23112 79
1757582476364 94314730686.27126 80
1757582476430 374482135129.47064 81
1757582476498 264871214346.39105 82
1757582476566 420974624345.78235 83
1757582476633 378990095078.0249 84
1757582476699 531582161002.4199 85
1757582476768 205119197957.81534 86
1757582476833 129798969139.4815 87
1757582476914 137281841902.24785 88
1757582476981 336914410914.80884 89
1757582477048 158286873746.8818 90
1757582477117 243611065571.20456 91
1757582477186 148777853193.97104 92
1757582477254 341308001840.21075 93
1757582477321 154709701085.71637 94
1757582477388 276953276953.6547 95
1757582477454 523429301824.3491 96
1757582477520 79463056308.00134 97
1757582477587 134896802271.25705 98
1757582477654 307489160792.8757 99
1757582477719 157143251076.0211 100
1757582477785 612861610558.0117 101
1757582477850 543229477021.52344 102
1757582477917 365612050526.75104 103
1757582477983 151431949982.9029 104
1757582478049 316688302481.9429 105
1757582478116 286668495535.69495 106
1757582478182 115540227171.03831 107
1757582478248 283807532200.46 108
1757582478314 350845560483.60864 109
1757582478380 316562423935.81885 110
1757582478447 696300456676.9261 111
1757582478513 687102719412.2285 112
1757582478580 83789099088.26149 113
1757582478647 515448289470.8258 114
1757582478714 332123048837.20166 115
1757582478779 112656341442.83432 116
1757582478845 357456427704.14056 117
1757582478912 108397205509.08878 118
1757582478979 153052146442.2443 119
1757582479045 255710580597.05185 120
1757582479112 100938008074.86967 121
1757582479179 114306786454.14702 122
1757582479247 101761999806.20915 123
1757582479313 132215358384.52756 124
1757582479382 93758059245.3267 125
1757582479451 122797166194.96529 126
1757582479518 125050860543.45987 127
1757582479586 457720556709.29584 128
1757582479653 75929925578.74643 129
1757582479719 313146051375.2978 130
1757582479787 199012119324.33636 131
1757582479853 115956667582.81938 132
1757582479922 116353435829.76442 133
1757582479990 117774993838.62029 134
1757582480069 234322351366.6224 135
1757582480136 270732175055.9426 136
1757582480203 390788274864.83795 137
1757582480271 153903853797.82626 138
1757582480337 100240466874.6574 139
1757582480404 241586635123.50974 140
1757582480474 97246802615.54172 141
1757582480540 439003364531.42206 142
1757582480606 389847138117.1125 143
1757582480675 580807398020.4222 144
1757582480742 130067091662.18268 145
1757582480809 133434632779.99342 146
1757582480875 91307969281.32516 147
1757582480942 225400083814.74326 148
1757582481009 213847727445.6216 149
1757582481079 415449212412.1408 150
1757582481145 78657515329.05577 151
1757582481212 152936239507.64487 152
1757582481281 171206954879.81982 153
1757582481348 122436915683.3642 154
1757582481414 274546307108.10144 155
1757582481480 126937472252.35297 156
1757582481553 465810110369.2389 157
1757582481621 99458871680.66293 158
1757582481691 79154590470.20457 159
1757582481757 369064166420.6152 160
1757582481825 401046722775.9423 161
1757582481892 443829015226.5944 162
1757582481959 61135597429.7519 163
1757582482028 453926112170.2199 164
1757582482100 376963269600.8794 165
1757582482173 302267087193.59265 166
1757582482242 147131005888.74472 167
1757582482314 507631095015.68097 168
1757582482388 139807286038.64978 169
1757582482456 395913787306.7262 170
1757582482526 363293176716.98987 171
1757582482593 132485034630.36052 172
1757582482660 99468411117.5004 173
1757582482729 267246425470.4697 174
1757582482796 63328885720.9837 175
1757582482863 139709285614.35602 176
1757582482932 138351424886.19107 177
1757582482999 221573909417.18817 178
1757582483067 586226191758.5277 179
1757582483136 175496395607.00726 180
1757582483203 174952804586.30936 181
1757582483271 169965638603.62122 182
1757582483349 142453058702.1507 183
1757582483418 266332310506.3203 184
1757582483487 282425025444.9799 185
1757582483555 458484326551.76306 186
1757582483622 157439937914.7063 187
1757582483690 577445215724.502 188
1757582483762 291649740705.8349 189
1757582483830 242869034933.39508 190
1757582483899 416922508827.6676 191
1757582483967 311048973984.80743 192
1757582484036 107882650882.21727 193
1757582484104 242997708955.1211 194
1757582484173 265611810395.1509 195
1757582484242 175113060325.06323 196
1757582484313 205880052639.44522 197
1757582484382 257331826783.01678 198
1757582484449 672109414871.5278 199
1757582484517 186904080961.604 200
1757582484585 89171758352.95474 201
1757582484652 117199411196.31418 202
1757582484720 134922290449.35616 203
1757582484790 172511777035.4044 204
1757582484856 561124132360.795 205
1757582484924 95382802455.15176 206
1757582484992 489994484868.9509 207
1757582485060 332230208820.8053 208
1757582485127 208326378029.5672 209
1757582485194 597959222634.4303 210
1757582485263 287919988642.31396 211
1757582485332 115496760438.33968 212
1757582485400 552511730162.2781 213
1757582485468 339261915340.2077 214
1757582485537 154711816069.34866 215
1757582485605 98079187038.7635 216
1757582485672 182774919285.3433 217
1757582485744 69987010549.35675 218
1757582485813 200806908883.05392 219
1757582485880 129349116293.33937 220
1757582485951 72781506760.35457 221
1757582486019 239791927908.19485 222
1757582486088 316578889895.7777 223
1757582486155 527399520945.7008 224
1757582486222 180649587093.90726 225
1757582486295 87288622295.71375 226
1757582486364 250080763917.05264 227
1757582486432 335268035658.7952 228
1757582486499 187871007786.83084 229
1757582486568 405278209164.70935 230
1757582486642 132976998556.54086 231
1757582486713 238484272329.6166 232
1757582486783 242338200866.57474 233
1757582486852 262225272815.44485 234
1757582486921 150017219298.52097 235
1757582486990 93934017319.29025 236
1757582487060 94289457677.78654 237
1757582487130 197742481300.826 238
1757582487201 132293131250.19504 239
1757582487275 352804638415.31067 240
1757582487344 264849328604.96732 241
1757582487413 314752016187.06067 242
1757582487481 438976883758.2808 243
1757582487550 313090186325.45703 244
1757582487618 424522652512.434 245
1757582487688 208566993486.09027 246
1757582487758 127440694854.0668 247
1757582487829 42317271164.112854 248
1757582487899 291042512070.79865 249
1757582487968 367612891957.6332 250
1757582488038 448646524924.2505 251
1757582488110 409992124256.20593 252
1757582488180 297041092985.07654 253
1757582488250 127130335017.85918 254
1757582488320 337174775373.57635 255
