1757526795222 1053299859151.8596 0
1757526795241 3131718661809.822 1
1757526795261 6794355941564210.0 2
1757526795281 2.061912457746956e+19 3
1757526795300 6.257679393898335e+22 4
1757526795320 1.8991374535663116e+26 5
1757526795340 5.763675063484422e+29 6
1757526795360 1.7492125267189416e+33 7
1757526795380 5.3086692603742273e+36 8
1757526795400 1.6111232274847814e+40 9
1757526795420 4.889583296357016e+43 10
1757526795441 1.4839352076959222e+47 11
1757526795461 4.503581526630679e+50 12
1757526795482 1.366787880078739e+54 13
1757526795503 4.148052162670063e+57 14
1757526795522 1.2588885952983865e+61 15
1757526795545 3.8205896001853027e+64 16
1757526795564 1.159507278686902e+68 17
1757526795586 3.5189781421765304e+71 18
1757526795608 1.067971490367848e+75 19
1757526795628 3.241177006950867e+78 20
1757526795648 9.836618753529257e+81 21
1757526795668 2.985306519661796e+85 22
1757526795688 9.060079728247768e+88 23
1757526795708 2.7496353939395717e+92 24
1757526795727 8.344843562505197e+95 25
1757526795748 2.5325690175566163e+99 26
1757526795768 7.686070782089267e+102 27
1757526795792 2.3326386628658046e+106 28
1757526795814 7.079303958761243e+109 29
1757526795835 2.1484915490066077e+113 30
1757526795855 6.520437550135284e+116 31
1757526795875 1.978881688637421e+120 32
1757526795898 6.005690120509236e+123 33
1757526795918 1.8226614572606097e+127 34
1757526795938 5.531578754685544e+130 35
1757526795958 1.6787738280962277e+134 36
1757526795979 5.094895491659828e+137 37
1757526795999 1.546245219963465e+141 38
1757526796019 4.692685618721003e+144 39
1757526796039 1.4241789097767656e+148 40
1757526796059 4.322227679095511e+151 41
1757526796081 1.3117489650838633e+155 42
1757526796101 3.9810150578617045e+158 43
1757526796122 1.2081946555916186e+162 44
1757526796142 3.6667390215404235e+165 45
1757526796164 1.1128153058667196e+169 46
1757526796185 3.3772730966028716e+172 47
1757526796205 1.024965554383163e+176 48
1757526796227 3.1106586811967254e+179 49
1757526796247 9.440509868380721e+182 50
1757526796268 2.8650917927358787e+186 51
1757526796290 8.695241141896606e+189 52
1757526796311 2.6389108616842626e+193 53
1757526796332 8.00880668203782e+196 54
1757526796352 2.430585488943579e+200 55
1757526796374 7.376561894436804e+203 56
1757526796395 2.238706090774338e+207 57
1757526796416 6.7942288461646e+210 58
1757526796437 2.0619743611850612e+214 59
1757526796473 6.257867320122255e+217 60
1757526796498 1.8991944872557664e+221 61
1757526796520 5.763848154505508e+224 62
1757526796540 1.7492650579562512e+228 63
1757526796561 5.308828686950744e+231 64
1757526796583 1.6111716117121457e+235 65
1757526796605 4.8897301372105896e+238 66
1757526796626 1.4839797722936252e+242 67
1757526796648 4.503716775324769e+245 68
1757526796670 1.366828926582458e+249 69
1757526796692 4.148176734332567e+252 70
1757526796713 1.2589264014394518e+256 71
1757526796735 3.8207043377005364e+259 72
1757526796756 1.1595421002715199e+263 73
1757526796777 3.5190838218884174e+266 74
1757526796799 1.0680035630079289e+270 75
1757526796821 3.241274343915867e+273 76
1757526796843 9.83691416060306e+276 77
1757526796864 2.9853961724871783e+280 78
1757526796885 9.060351814795841e+283 79
1757526796906 2.749717969239706e+287 80
1757526796927 8.34509416953595e+290 81
1757526796950 2.5326450740574843e+294 82
1757526796971 7.686301605275127e+297 83
1757526796993 2.332708715185504e+301 84
1757526797014 inf 85
1757526797036 inf 86
