1757541897727 640838878684.2467 0
1757541897792 412328353028.21075 1
1757541897865 1122470962843.6084 2
1757541897931 30673079478870.18 3
1757541897997 2.1449746793447428e+16 4
1757541898057 3104985270447625.5 5
1757541898124 1.8837657759952504e+16 6
1757541898188 9.040302463458837e+16 7
1757541898256 6.401364862459021e+18 8
1757541898321 3.9795880012952625e+19 9
1757541898383 1.1475484281246066e+21 10
1757541898446 1.8269636474041545e+22 11
1757541898513 1.0237373445942377e+23 12
1757541898579 2.238307647020281e+24 13
1757541898641 3.9019196430543485e+25 14
1757541898708 1.832895759563921e+26 15
1757541898779 2.2344210599732044e+27 16
1757541898854 4.194115583713029e+29 17
1757541898919 4.340998693786573e+29 18
1757541898989 5.922308391565905e+30 19
1757541899083 8.550785526644266e+32 20
1757541899147 5.886243200293418e+33 21
1757541899207 1.0286847145454322e+35 22
1757541899274 9.356985573595087e+35 23
1757541899346 6.816176297050579e+36 24
1757541899419 1.641261789497602e+38 25
1757541899483 1.109386232386668e+41 26
1757541899544 6.596476656831803e+39 27
1757541899611 3.891361243695668e+41 28
1757541899675 2.0861498642816354e+42 29
1757541899741 3.2778243631860905e+44 30
1757541899820 5.311043543791382e+44 31
1757541899893 7.17712506884784e+45 32
1757541899959 1.01263195324415e+49 33
1757541900035 2.106585654285793e+48 34
1757541900107 3.279505174303475e+49 35
1757541900178 4.856935754286588e+50 36
1757541900244 2.81484466442296e+51 37
1757541900309 5.404231267586493e+52 38
1757541900375 1.8188046951452614e+54 39
1757541900443 5.2993652266787696e+54 40
1757541900510 1.9515647740449867e+56 41
1757541900571 9.487959503826157e+56 42
1757541900640 1.9440981790319944e+58 43
1757541900704 5.200159520598938e+59 44
1757541900771 1.2381712587793313e+61 45
1757541900840 7.888732534314715e+61 46
1757541900912 9.38063908082042e+64 47
1757541900984 5.074971225244226e+63 48
1757541901047 7.090131354070398e+67 49
1757541901111 5.544440964186121e+66 50
1757541901183 2.8516233510825156e+67 51
1757541901246 2.7330586617389546e+68 52
1757541901314 1.3732727514224373e+70 53
1757541901383 1.966874606000763e+71 54
1757541901447 1.0234794300122713e+72 55
1757541901515 2.9952492707330446e+73 56
1757541901579 2.787328027936567e+74 57
1757541901641 2.0961543586153977e+75 58
1757541901707 6.306918659257887e+77 59
1757541901769 5.752749385513464e+78 60
1757541901835 9.399643791636801e+78 61
1757541901907 1.6969262667089247e+80 62
1757541901970 7.035290450821457e+81 63
1757541902033 1.5485893342622593e+82 64
1757541902100 2.041309044991615e+83 65
1757541902167 7.206244868319677e+84 66
1757541902236 4.825848027640939e+85 67
1757541902295 6.467754913170498e+87 68
1757541902382 2.0525247682843934e+88 69
1757541902465 2.468150861824452e+89 70
1757541902530 1.338862513786047e+91 71
1757541902591 5.758537898245436e+91 72
1757541902661 1.0289606636805356e+95 73
1757541902725 1.5457980609804258e+94 74
1757541902792 1.6717898857559228e+95 75
1757541902861 4.258823947659141e+98 76
1757541902931 4.218690347553621e+96 77
1757541903003 7.228025811316354e+98 78
1757541903070 5.148803290490143e+99 79
1757541903138 4.470675763208444e+102 80
1757541903213 1.7312477279793829e+102 81
1757541903280 1.308307049230374e+103 82
1757541903343 1.0972942346471563e+104 83
1757541903407 2.7839253254756225e+105 84
1757541903472 5.53308863604376e+108 85
1757541903535 3.092405174049961e+107 86
1757541903608 5.352287032444009e+108 87
1757541903675 7.932430370573922e+109 88
1757541903737 5.319924997679732e+111 89
1757541903805 3.79297755528035e+113 90
1757541903871 1.32017960431671e+113 91
1757541903937 5.295402341238597e+114 92
1757541904000 4.6083939902861155e+116 93
1757541904069 6.466254230013419e+117 94
1757541904137 1.204886915654349e+118 95
1757541904208 1.8046628850608755e+119 96
1757541904277 9.099648204668753e+119 97
1757541904339 5.603102124340411e+120 98
1757541904408 1.8650283644259743e+122 99
1757541904477 1.2719423709925602e+126 100
1757541904539 2.031421995161331e+124 101
1757541904609 7.06394515211254e+125 102
1757541904674 3.1564609395262363e+127 103
1757541904739 9.063541228364095e+127 104
1757541904809 8.547436313613824e+129 105
1757541904877 1.8951064585935078e+130 106
1757541904951 1.174278179012827e+132 107
1757541905017 1.0026501118609496e+133 108
1757541905090 2.34493919902352e+134 109
1757541905155 1.536608749441819e+135 110
1757541905223 2.1233705383084915e+136 111
1757541905292 6.407252038640868e+136 112
1757541905354 1.3294624502383445e+139 113
1757541905422 1.0784010664493056e+140 114
1757541905498 3.4508492560277055e+141 115
1757541905570 6.040959203279863e+141 116
1757541905638 3.85747384657907e+143 117
1757541905704 7.109811850959788e+143 118
1757541905769 1.5903169118112808e+146 119
1757541905833 1.6045944838814247e+146 120
1757541905901 8.409998701372256e+147 121
1757541905973 6.656273723249735e+148 122
1757541906035 3.9915116696162664e+149 123
1757541906108 1.1227091859073204e+152 124
1757541906174 1.9863896594307992e+153 125
1757541906242 7.767698251176191e+152 126
1757541906307 2.176832750481723e+154 127
1757541906372 2.601119184434103e+155 128
1757541906437 1.0986101857283538e+159 129
1757541906508 1.718819515681303e+158 130
1757541906574 6.315900998324475e+158 131
1757541906643 9.544521478551312e+160 132
1757541906709 1.1099925463541073e+161 133
1757541906772 6.400720901229373e+163 134
1757541906841 3.426837225242367e+163 135
1757541906904 2.2579812169541828e+166 136
1757541906977 3.688821965451813e+165 137
1757541907047 5.544421234883574e+166 138
1757541907114 6.360855180812734e+167 139
1757541907198 3.623120241372003e+171 140
1757541907270 2.645855534359211e+170 141
1757541907340 1.7134182253083612e+172 142
1757541907403 6.692345165832785e+172 143
1757541907475 3.179850447139407e+173 144
1757541907539 2.7362360731888053e+175 145
1757541907605 7.766213900771224e+175 146
1757541907673 1.891089031553309e+179 147
1757541907734 1.2474592047696208e+178 148
1757541907799 3.551746607137572e+179 149
1757541907868 1.663813543102926e+181 150
1757541907940 3.1702570488735066e+182 151
1757541908011 5.8946680690229106e+184 152
1757541908075 3.006628190461809e+183 153
1757541908145 1.6383411096487647e+186 154
1757541908217 9.331052968430824e+185 155
1757541908282 5.451305749812269e+189 156
1757541908349 2.9608594397750516e+188 157
1757541908413 1.7458798197530568e+190 158
1757541908477 1.6750800035483802e+192 159
1757541908543 4.7948764745284224e+191 160
1757541908614 4.430286230868643e+193 161
1757541908677 1.6543351002365458e+194 162
1757541908742 1.8833624754040508e+197 163
1757541908813 1.3772798229183113e+197 164
1757541908880 1.3018364976296015e+198 165
1757541908954 2.4448110066719237e+198 166
1757541909024 8.352807087827607e+199 167
1757541909092 8.735137039893241e+200 168
1757541909164 2.1853295803249767e+203 169
1757541909234 7.326096729923796e+202 170
1757541909315 2.3435068170511635e+204 171
1757541909377 5.699890622940858e+205 172
1757541909448 2.5569268713778934e+207 173
1757541909510 3.290322512940338e+210 174
1757541909577 1.164344990501372e+210 175
1757541909646 9.345559998863113e+210 176
1757541909712 2.4295743833586842e+213 177
1757541909788 4.1259142815814346e+212 178
1757541909863 6.02599916983006e+213 179
1757541909933 1.2846534937304974e+215 180
1757541910005 4.0446952991917437e+216 181
1757541910072 7.109229877112265e+216 182
1757541910137 2.585590190801462e+218 183
1757541910206 9.729779736240546e+219 184
1757541910279 1.9030283889862716e+221 185
1757541910344 1.1930503996147447e+222 186
1757541910411 1.4246120418309247e+223 187
1757541910478 4.150892161516957e+224 188
1757541910543 9.187567882180683e+224 189
1757541910613 1.3250648547002547e+226 190
1757541910681 1.7478869317538447e+228 191
1757541910750 2.2324146553779134e+229 192
1757541910820 3.9746792647644755e+229 193
1757541910885 4.321800849101365e+231 194
1757541910957 9.722065239110903e+231 195
1757541911025 9.588012377600857e+232 196
1757541911092 6.127680144743587e+235 197
1757541911169 1.681318124940502e+236 198
1757541911238 2.632688463247294e+238 199
1757541911315 5.4451955558805655e+237 200
1757541911390 2.9234247358859885e+241 201
1757541911460 4.361168019851337e+239 202
1757541911527 8.29856015776355e+240 203
1757541911596 3.7964712134217135e+242 204
1757541911664 6.837113483248207e+243 205
1757541911730 1.7410043503364654e+244 206
1757541911801 5.094896785245268e+245 207
1757541911867 6.542793853631105e+246 208
1757541911934 2.2542350381269604e+248 209
1757541912009 1.371538747867751e+249 210
1757541912080 3.008129648755853e+250 211
1757541912148 2.999888066396708e+251 212
1757541912220 9.646445432266651e+254 213
1757541912291 2.123176498477104e+254 214
1757541912374 6.5259720808188e+254 215
1757541912449 3.109897816607023e+256 216
1757541912514 6.145071599377392e+256 217
1757541912584 8.400371294393065e+257 218
1757541912650 1.2216637612050485e+259 219
1757541912717 1.572170527539589e+263 220
1757541912789 5.4434923625169215e+261 221
1757541912858 1.113337937454129e+263 222
1757541912928 1.0342737835233382e+264 223
1757541913003 3.1697771658700023e+265 224
1757541913071 3.472931298445603e+266 225
1757541913145 9.478813694401028e+267 226
1757541913214 3.565209978925715e+268 227
1757541913282 7.604405097107091e+269 228
1757541913354 1.215565694873558e+271 229
1757541913429 9.499974535117417e+273 230
1757541913507 2.481980765690515e+273 231
1757541913575 1.442809646958604e+275 232
1757541913647 8.057871902675287e+275 233
1757541913728 1.0281815645971686e+277 234
1757541913800 5.365737283275009e+277 235
1757541913876 1.1530686967753127e+279 236
1757541913956 3.0320279231905246e+280 237
1757541914033 1.6477742520209038e+282 238
1757541914114 4.0750551524590567e+282 239
1757541914191 3.845874018658876e+284 240
1757541914284 3.319308221942482e+284 241
1757541914376 1.096798024375087e+288 242
1757541914465 3.72725596397041e+288 243
1757541914553 5.436853541491632e+287 244
1757541914638 9.455344675078989e+288 245
1757541914727 1.2183427386668383e+290 246
1757541914824 4.0365081258180197e+291 247
1757541914907 1.1750201495665643e+292 248
1757541914995 4.487717861735445e+294 249
1757541915072 2.4231611535352767e+295 250
1757541915149 5.430110669694847e+295 251
1757541915222 1.0063294799855287e+297 252
1757541915293 7.120988054517673e+300 253
1757541915367 8.3652702088469e+299 254
1757541915440 1.123748037036232e+300 255
1757541915524 2.184968407455116e+302 256
1757541915610 7.408578990233245e+302 257
