1757561475782 35463888390.872795 0
1757561476275 2225270960.177462 1
1757561476812 98225100912.45801 2
1757561477337 36164681854.30984 3
1757561477833 290485518611.9431 4
1757561478341 174315312063.91656 5
1757561478876 49875258441.35411 6
1757561479376 50988077665.794464 7
1757561479882 11719369916.020653 8
1757561480379 1309875433.0968938 9
1757561480919 1310064727347.3943 10
1757561481505 9010758741.902004 11
1757561482119 162015168920.22116 12
1757561482744 16206648311.963474 13
1757561483347 16717429492.711592 14
1757561483895 92874502279.93985 15
1757561484481 7107985482.310938 16
1757561485008 1277944568.2811208 17
1757561485543 173731215375.1974 18
1757561486049 6710074675.330999 19
1757561486567 19308207548.280453 20
1757561487074 91740304873.32529 21
1757561487587 2775825837.725398 22
1757561488102 17961960713.46801 23
1757561488617 3874726409.0635014 24
1757561489136 539536770753.68945 25
1757561489647 1217832513.1527607 26
1757561490151 24012349976.43342 27
1757561490660 106320691858.35399 28
1757561491179 26024660628.806072 29
1757561491695 81461535081.72433 30
1757561492235 192153077.80179644 31
1757561492759 197008272883.2231 32
1757561493276 143394999637.87527 33
1757561493783 105779385785.45198 34
1757561494298 27111048638.817486 35
1757561494831 11712147413.044052 36
1757561495363 436138586.4730108 37
1757561495874 98396316563.1244 38
1757561496409 3322431590.260653 39
1757561496914 3700505004.9948354 40
1757561497425 168236495.6493111 41
1757561497932 269416329305.282 42
1757561498436 302780398.9805596 43
1757561498944 6599552502256.847 44
1757561499456 54558714239.78872 45
1757561499959 11178740758.562773 46
1757561500451 565903003497.7821 47
1757561500942 131847408169.6313 48
1757561501468 210084600.87909523 49
1757561501974 277002365045.06665 50
1757561502492 98599122940.27342 51
1757561503027 8064778965.349419 52
1757561503512 1635297491.4013708 53
1757561503984 8158037281.011697 54
1757561504465 97956025778.50873 55
1757561504938 9727180436.275242 56
1757561505419 13426617391.57402 57
1757561505915 14684755833.673073 58
1757561506414 90658598528.42378 59
1757561506899 29321627374.553062 60
1757561507389 85106415751.45229 61
1757561507871 21260444723.50681 62
1757561508359 14611149566.702059 63
1757561508839 98793667936.96443 64
1757561509333 108147377355.09839 65
1757561509826 72950518735.72722 66
1757561510310 228460851.26682755 67
1757561510802 27582429010.11216 68
1757561511287 3318705729.862057 69
1757561511777 175180807451.639 70
1757561512270 20504215127.906013 71
1757561512757 1434935903.8881993 72
1757561513246 167177588638.69247 73
1757561513731 64971147394.489815 74
1757561514216 445662411577.8705 75
1757561514697 869753696.5167408 76
1757561515178 11348371218.072119 77
1757561515666 5003718482.449761 78
1757561516163 96867133967.42575 79
1757561516670 37812802.00176213 80
1757561517173 174561763386.47125 81
1757561517673 823113696.9868499 82
1757561518160 3139800324.5636373 83
1757561518653 37829968758.43814 84
1757561519133 759656584.0154595 85
1757561519621 8269620882400.969 86
1757561520101 150778795341.84088 87
1757561520578 181720762935.87277 88
1757561521061 71558097634.82951 89
1757561521544 24294600164.530922 90
1757561522042 87224323894.57387 91
1757561522528 18217546380.64658 92
1757561523014 32669266653.152706 93
1757561523499 2153648694060.089 94
1757561523983 36019474770.26283 95
1757561524468 29148102751.516697 96
1757561524959 7478599310.5627165 97
1757561525442 15850589648.671106 98
1757561525928 52439339383.9898 99
1757561526415 1981462938.1883223 100
1757561526904 253460095451.12445 101
1757561527392 54100163580.41093 102
1757561527879 67377367774.04022 103
1757561528360 24162003.719093308 104
1757561528849 96358941073.3574 105
1757561529335 721102196265.9252 106
1757561529817 55788478421.366264 107
1757561530307 19453751192.958595 108
1757561530792 510490236146.5694 109
1757561531286 100705624845.07474 110
1757561531766 2017936524.0096192 111
1757561532249 25671743652.10378 112
1757561532732 48045476886.254295 113
1757561533217 60070884549.565674 114
1757561533711 141505428.98932338 115
1757561534242 81369138644.61661 116
1757561534759 3797103317.171925 117
1757561535266 100145206268.89899 118
1757561535765 2657670855907.7207 119
1757561536272 75295181154.35652 120
1757561536783 190489684.49017432 121
1757561537292 2884249693.4068437 122
1757561537793 1141059500915.4084 123
1757561538309 43397632826.09153 124
1757561538821 309924220374.03516 125
1757561539329 30100514200.107162 126
1757561539844 1226006102.199817 127
1757561540371 51583155688.52498 128
1757561540883 27082068208.555862 129
1757561541386 31216870580.147736 130
1757561541881 55831836241.99129 131
1757561542423 1384113262.6021874 132
1757561542922 2311732912436.5913 133
1757561543429 7314568560.874751 134
1757561543909 17316591378.09256 135
1757561544403 2592893532.0688467 136
1757561544886 314928277863.0153 137
1757561545367 3999713720.4638257 138
1757561545841 91344616654.25761 139
1757561546330 550353230.9525859 140
1757561546818 14466611410.152605 141
1757561547308 101052707902.92087 142
1757561547799 29374166949.957108 143
1757561548321 226385398225.7624 144
1757561548841 110120867.17780317 145
1757561549464 891470190.326067 146
1757561550013 22010964850.769135 147
1757561550509 1927634205.208824 148
1757561550993 326323907489.5382 149
1757561551476 151331703471.1986 150
1757561551948 3525821023.8984594 151
1757561552434 29511880346.598057 152
1757561552915 58320213273.48931 153
1757561553395 2290215811.3597174 154
1757561553881 51176199857.49605 155
1757561554366 141560520628.7301 156
1757561554848 19498013894.60784 157
1757561555330 186199715563.08127 158
1757561555812 69145075953.99419 159
1757561556288 281098958183.36597 160
1757561556768 557265981.9513736 161
1757561557249 64979497204.70094 162
1757561557734 96457414876.44037 163
1757561558219 18782319154.264713 164
1757561558708 249297655659.13358 165
1757561559195 66363829641.355 166
1757561559696 330666790659.8441 167
1757561560196 791636556.9438365 168
1757561560681 37647603538.22966 169
1757561561167 14518024784.60242 170
1757561561655 22666297560.45051 171
1757561562141 369619300306.83246 172
1757561562632 21930680493.588795 173
1757561563131 9324200157.23862 174
1757561563627 351075917.9861933 175
1757561564113 242523904893.3299 176
1757561564598 428167530.3220085 177
1757561565084 15067241394.28744 178
1757561565567 29156992062.01072 179
1757561566052 68533370968.07696 180
1757561566549 1255025447.6742392 181
1757561567038 675134865379.348 182
1757561567525 57857712728.00615 183
1757561568032 63031983425.78732 184
1757561568523 161883135024.94662 185
1757561569005 18576190834.294697 186
1757561569500 12186620617.125898 187
1757561570007 382636987885.67163 188
1757561570490 40633497914.46033 189
1757561570999 641350826.1688651 190
1757561571493 131766333823.98708 191
1757561571978 4019382986919.714 192
1757561572468 774027725.6536586 193
1757561572963 494187622270.8655 194
1757561573448 150713546416.95776 195
1757561573940 8557998952318.89 196
1757561574427 24777245562.142036 197
1757561574913 3896576893.9046865 198
1757561575397 190201388322.69183 199
1757561575903 480641329.2201596 200
1757561576414 2916250885.0705123 201
1757561576922 88672846363.1929 202
1757561577424 143503855539.6031 203
1757561577932 55188723279.35932 204
1757561578437 28441229173.45114 205
1757561578941 1107871920.1022382 206
1757561579445 144164982675.42322 207
1757561579946 108819552749.19498 208
1757561580451 7885835290340.551 209
1757561580986 50783799750.423004 210
1757561581511 55301348939.518814 211
1757561582032 123248359975.4903 212
1757561582570 8240579921454.002 213
1757561583079 3730409613.9259715 214
1757561583595 155465293029.41772 215
1757561584106 9921946536029.531 216
1757561584615 5532514443.04837 217
1757561585124 1273539864.1498673 218
1757561585625 525816717648.2092 219
1757561586136 7877388107.342476 220
1757561586644 262286206.43327534 221
1757561587139 310383822788.50653 222
1757561587661 24969505092.718903 223
1757561588193 6372951873.644169 224
1757561588692 197694249478.614 225
1757561589195 208369545169.93567 226
1757561589702 5888348101.163676 227
1757561590197 14867332193.14326 228
1757561590736 1587655320.9028847 229
1757561591238 2186784372.9180036 230
1757561591756 87385377026.57152 231
1757561592249 81412666090.08482 232
1757561592774 119894040682.45108 233
1757561593292 7950676462.420921 234
1757561593794 179188405145.00107 235
1757561594315 635010643.5358732 236
1757561594833 9387685616.81901 237
1757561595355 273095276335.1788 238
1757561595855 31822055369.175903 239
1757561596350 910228997.7277972 240
1757561596854 20367340656.444 241
1757561597368 23025577139.620277 242
1757561597874 4685097929.005348 243
1757561598372 102387487292.1174 244
1757561598880 2004638445.0516257 245
1757561599399 3684142.209186693 246
1757561599924 114737850373.81635 247
1757561600426 401943508262.1105 248
1757561600928 985138764888.7323 249
1757561601428 63371698480.82208 250
1757561601938 117255474550.65125 251
1757561602439 129989718538.56734 252
1757561602957 1192607432.1897752 253
1757561603438 547585492432.47577 254
1757561603926 81202739139.64157 255
1757561604410 38177041435.620834 256
1757561604896 1078407357569.3024 257
1757561605404 1687650426584.2722 258
1757561605922 698088531496.1068 259
1757561606436 12626063946.163286 260
1757561606948 7736932282.273027 261
1757561607480 31893813914.58889 262
1757561607985 21944484260.05984 263
1757561608493 269067423594.99493 264
1757561608987 1013566732196.7646 265
1757561609488 16899196128.771204 266
1757561609992 143543813499.08084 267
1757561610507 186441117815.37677 268
1757561611027 118197341565.227 269
1757561611533 37187368552.34617 270
1757561612029 4423075631.926366 271
1757561612522 23406681763.340054 272
1757561613055 306684386289.6068 273
1757561613582 60287220886.28926 274
1757561614105 4347347650.230225 275
1757561614634 74079365.7145244 276
1757561615172 7494812202420.089 277
1757561615700 374298284.79311514 278
1757561616254 3200497971.695112 279
1757561616771 101335819335.99236 280
1757561617285 3799503588.1416645 281
1757561617788 234351242708.0918 282
1757561618292 6279667667.400801 283
1757561618795 192724362035.41516 284
1757561619312 210080556462.13635 285
1757561619799 451201579881.33344 286
1757561620307 225997113791.2768 287
1757561620808 57611348156.91061 288
1757561621325 14867724441.613611 289
1757561621834 122007325.96391852 290
1757561622365 84754410638.65883 291
1757561622884 217563287614.25296 292
1757561623400 37971266088.26046 293
1757561623911 264137882865.94016 294
1757561624413 62901975238.70983 295
1757561624921 102275317469.82857 296
1757561625429 11564274148.560844 297
1757561625930 113857367277.00386 298
1757561626449 198435087810.67816 299
1757561626955 128649084117.30539 300
1757561627475 48770311849.14158 301
1757561627978 12729315827.110563 302
1757561628484 8783478.585248964 303
1757561628974 98333690008.98068 304
1757561629503 90393069474.47615 305
1757561630020 3155367839237.3867 306
1757561630530 685179057.6276436 307
1757561631036 585879749.120097 308
1757561631539 70427469493.43825 309
1757561632041 2486369350906.392 310
1757561632532 13671130718.217901 311
1757561633015 74237010528.78386 312
1757561633502 88348757006.10042 313
1757561633994 2509084321.1148634 314
1757561634491 136126439283.27423 315
1757561634990 7241601593.220523 316
1757561635483 154097676110.36325 317
1757561635973 18302942905.664803 318
1757561636463 57439777496.96594 319
1757561636944 119955515337.08769 320
1757561637436 177474906787.07428 321
1757561637920 10754547685.936287 322
1757561638403 830864155.0312742 323
1757561638887 374923442472.9037 324
1757561639369 23980069679.736664 325
1757561639847 16015371553.08267 326
1757561640326 312069197984.7199 327
1757561640813 111326448135.9654 328
1757561641290 204487474.03154922 329
1757561641778 43947090880.60276 330
1757561642255 2202114830209.9653 331
1757561642745 26558929646.60281 332
1757561643266 12996564641.097677 333
1757561643815 6716017195.9256935 334
1757561644358 1580686888.9555924 335
1757561644883 35329674720.372246 336
1757561645397 388287943419.8927 337
1757561645922 75222509737.56488 338
1757561646433 410931109.7358392 339
1757561646937 81205494155.12477 340
1757561647455 3766096040.7364826 341
1757561647994 117235107809.06062 342
1757561648534 10824356518.90179 343
1757561649137 280235161541.4171 344
1757561649719 1171770903.9843237 345
1757561650270 16304090164.853672 346
1757561650878 463862088370.85583 347
1757561651459 118050095876.93372 348
1757561651963 5402273242.89624 349
1757561652471 354701303769.764 350
1757561652963 9889367335.145952 351
1757561653446 8226692873.52685 352
1757561653945 23576768733.671875 353
1757561654454 8051250307.365017 354
1757561654957 357975747742.86914 355
1757561655481 50207328715.605545 356
1757561656036 21943988003.842636 357
1757561656560 166139130.8737431 358
1757561657081 10721446352.727797 359
1757561657582 105174918306.25719 360
1757561658108 221779435475.90628 361
1757561658626 53856724295.970116 362
1757561659137 207290937234.10504 363
1757561659644 5202881712.818727 364
1757561660161 287510027469.6207 365
1757561660676 207766669764.83182 366
1757561661196 30438997587.43186 367
1757561661697 70771258.32846153 368
1757561662200 651838883968.3103 369
1757561662705 731569335.0652204 370
1757561663214 2985974241.5618963 371
1757561663716 315763476960.1223 372
1757561664219 6106305898.171914 373
1757561664734 96183777.38889383 374
1757561665240 10478442905.366646 375
1757561665743 838067091610.4476 376
1757561666260 23155447521.493813 377
1757561666809 9429102502.059423 378
1757561667332 34935064248.17299 379
1757561667851 9159524084.537697 380
1757561668379 93443318287.03911 381
1757561668893 31835868143.41483 382
1757561669404 239103546606.69864 383
1757561669905 42356027002.68136 384
1757561670424 378344299575.4473 385
1757561670928 33630180513.475216 386
1757561671443 64144110826.302246 387
1757561671934 578820634774.8374 388
1757561672460 4207897202.4476295 389
1757561672975 8100773376607.986 390
1757561673482 183011338903.94 391
1757561673988 154281014640.45914 392
1757561674484 46386158.363486715 393
1757561674994 21145838844.35354 394
1757561675489 2395694321.364111 395
1757561675996 28366835327.443413 396
1757561676497 47249980399.94176 397
1757561677002 7686872057551.997 398
1757561677504 1378084787.0481498 399
1757561678019 222924151322.88495 400
1757561678525 9695684909.95892 401
1757561679033 444598315018.6382 402
1757561679542 138389185778.32745 403
1757561680063 5365835.530357454 404
1757561680566 18789014940.257557 405
1757561681078 99922088655.68434 406
1757561681598 28002225.52972162 407
1757561682115 7962484153.349669 408
1757561682657 178465425555.76117 409
1757561683189 73297014892.18388 410
1757561683719 142673928143.7796 411
1757561684240 7436828344.583963 412
1757561684777 1054766888044.0586 413
1757561685292 14839488857.881317 414
1757561685827 383639192720.3217 415
1757561686333 3980374855.7266574 416
1757561686849 78616376161.07722 417
1757561687364 27281688597.528038 418
1757561687887 18258228316.400997 419
1757561688401 19399316918.229233 420
1757561688910 15987561645.026684 421
1757561689427 51411138479.24971 422
1757561689926 52135815396.60789 423
1757561690434 195561548833.6588 424
1757561690948 132637196828.70909 425
1757561691454 448012926983.33887 426
1757561691969 527630112829.5856 427
1757561692501 3434520683.4890733 428
1757561693025 68244988429.56349 429
1757561693559 32001863105.311947 430
1757561694058 60135949043.11953 431
1757561694583 620388599119.195 432
1757561695102 5488508331.005576 433
1757561695611 13641971927.784676 434
1757561696127 9192485793.001505 435
1757561696617 186747665634.37482 436
1757561697127 8666399457517.795 437
1757561697618 60197840335.84478 438
1757561698115 49835909912.93011 439
1757561698610 139518157007.32898 440
1757561699094 42390679746.24318 441
1757561699602 368067604275.2331 442
1757561700114 9096059.86549376 443
1757561700626 5470415708.050688 444
1757561701129 3307126082.299838 445
1757561701632 18856016744.54864 446
1757561702146 5867327556272.937 447
1757561702655 16264887402.878056 448
1757561703160 11993162320.131187 449
1757561703668 3154874.0635265154 450
1757561704188 32445192317.652508 451
1757561704703 92006423045.34413 452
1757561705221 82137035908.36664 453
1757561705741 2017235535.944939 454
1757561706258 352081350271.4703 455
1757561706765 7284174934.984252 456
1757561707275 163698737950.0158 457
1757561707799 4626789915.952913 458
1757561708314 4702670319.9293165 459
1757561708831 89525306720.01828 460
1757561709335 44483610145.05884 461
1757561709826 153314646440.00925 462
1757561710318 178807036352.33368 463
1757561710804 17386506143.800686 464
1757561711291 4792953551.361617 465
1757561711773 1214083255.1484396 466
1757561712259 42113315047.54948 467
1757561712767 17144981936.326694 468
1757561713278 1844831757.4944603 469
1757561713781 820806500415.7224 470
1757561714296 23431620584.777824 471
1757561714797 145618006585.03528 472
1757561715304 5075900.741603561 473
1757561715855 50722040653.59613 474
1757561716416 24601650711.734367 475
1757561716955 348212947.3123551 476
1757561717470 1037061283670.4126 477
1757561717978 3284632630.9403224 478
1757561718493 11784869286.418802 479
1757561719005 32828102757.354427 480
1757561719537 253315441.0277606 481
1757561720066 991126624173.6394 482
1757561720590 11373001018.71939 483
1757561721100 288411370118.5752 484
1757561721616 18061637356.132534 485
1757561722133 703534025.987102 486
1757561722656 151088285128.1598 487
1757561723161 11864101798.908659 488
1757561723661 113568636139.25427 489
1757561724153 932693806.2761807 490
1757561724652 28432491023.161377 491
1757561725152 17899054639.100815 492
1757561725661 357603762146.197 493
1757561726170 127320683179.94131 494
1757561726687 306849248401.7819 495
1757561727184 924885257577.5334 496
1757561727679 125831868408.91745 497
1757561728180 311148996505.7778 498
1757561728688 134995858046.65613 499
