1757591865688 1064043636451.5133 0
1757591865750 868232299594.5203 1
1757591865812 728149114218.4363 2
1757591865873 624758974372.4904 3
1757591865933 546576931915.50574 4
1757591865994 486364325752.63196 5
1757591866053 439353015814.61664 6
1757591866113 402270257285.742 7
1757591866175 372788151789.21594 8
1757591866235 349202013868.5246 9
1757591866295 330234924440.22925 10
1757591866356 314913840171.68555 11
1757591866416 302487711828.26306 12
1757591866475 292371239538.39087 13
1757591866536 284104944106.2274 14
1757591866596 277326050665.78424 15
1757591866657 271746808265.59204 16
1757591866719 267138087551.3174 17
1757591866785 263316821992.9996 18
1757591866851 260136304399.32602 19
1757591866984 257478637069.57922 20
1757591867047 255248825156.81152 21
1757591867108 253370134821.5383 22
1757591867170 251780431532.1613 23
1757591867231 250429282039.13 24
1757591867293 249275654002.1256 25
1757591867354 248286085103.75516 26
1757591867414 247433222183.53784 27
1757591867474 246694652861.8068 28
1757591867535 246051968995.32568 29
1757591867595 245490014350.43964 30
1757591867659 244996279007.2562 31
1757591867722 244560410900.80753 32
1757591867786 244173821075.9249 33
1757591867847 243829364071.67786 34
1757591867909 243521078656.59976 35
1757591867969 243243977136.1942 36
1757591868030 242993873825.57367 37
1757591868091 242767245158.7945 38
1757591868154 242561115398.2275 39
1757591868214 242372963094.4067 40
1757591868277 242200644393.42422 41
1757591868337 242042330045.31274 42
1757591868399 241896453572.37604 43
1757591868463 241761668542.07687 44
1757591868527 241636813279.29578 45
1757591868588 241520881666.8192 46
1757591868650 241412998936.0943 47
1757591868712 241312401554.70703 48
1757591868773 241218420482.35788 49
1757591868834 241130467200.98953 50
1757591868897 241048022033.31064 51
1757591868957 240970624352.14902 52
1757591869019 240897864354.79352 53
1757591869085 240829376134.89468 54
1757591869145 240764831832.1267 55
1757591869207 240703936678.7012 56
1757591869268 240646424793.6214 57
1757591869330 240592055601.58896 58
1757591869391 240540610774.81003 59
1757591869452 240491891613.45068 60
1757591869516 240445716794.88004 61
1757591869578 240401920433.67078 62
1757591869639 240360350404.08063 63
1757591869700 240320866884.77826 64
1757591869761 240283341092.22318 65
1757591869823 240247654174.602 66
1757591869885 240213696242.77808 67
1757591869951 240181365518.48352 68
1757591870012 240150567583.1225 69
1757591870074 240121214713.16132 70
1757591870136 240093225290.2564 71
1757591870199 240066523276.08652 72
1757591870260 240041037743.36978 73
1757591870323 240016702455.8204 74
1757591870396 239993455490.86212 75
1757591870462 239971238899.8126 76
1757591870522 239949998449.1537 77
1757591870583 239929683210.74747 78
1757591870646 239910245424.28284 79
1757591870709 239891640238.59753 80
1757591870771 239873825502.1575 81
1757591870839 239856761571.7415 82
1757591870907 239840411137.3893 83
1757591870968 239824739061.92297 84
1757591871038 239809712233.56165 85
1757591871105 239795299430.33444 86
1757591871168 239781471195.14957 87
1757591871230 239768199720.5118 88
1757591871291 239755458741.99695 89
1757591871354 239743223439.6908 90
1757591871417 239731470346.88663 91
1757591871480 239720177265.41077 92
1757591871542 239709323187.01297 93
1757591871603 239698888220.31277 94
1757591871666 239688853522.84778 95
1757591871729 239679201237.81073 96
1757591871797 239669914435.1039 97
1757591871858 239660977056.3737 98
1757591871921 239652373863.71835 99
1757591871985 239644090396.74606 100
1757591872049 239636112918.4268 101
1757591872113 239628428376.66812 102
1757591872178 239621024366.0194 103
1757591872244 239613889091.12274 104
1757591872306 239607011332.45114 105
1757591872368 239600380414.18033 106
1757591872431 239593986174.05307 107
1757591872493 239587818935.10245 108
1757591872554 239581869479.10925 109
1757591872616 239576129021.6792 110
1757591872678 239570589188.8311 111
1757591872740 239565241994.99667 112
1757591872802 239560079822.33945 113
1757591872865 239555095401.30548 114
1757591872927 239550281792.3261 115
1757591872989 239545632368.59836 116
1757591873051 239541140799.87314 117
1757591873113 239536801037.18713 118
1757591873177 239532607298.4775 119
1757591873240 239528554055.02444 120
1757591873303 239524636018.6688 121
1757591873366 239520848129.75632 122
1757591873428 239517185545.7632 123
1757591873491 239513643630.5612 124
1757591873556 239510217944.28183 125
1757591873630 239506904233.74408 126
1757591873692 239503698423.41037 127
1757591873756 239500596606.8387 128
1757591873818 239497595038.6023 129
1757591873882 239494690126.64636 130
1757591873944 239491878425.05765 131
1757591874007 239489156627.22217 132
1757591874070 239486521559.3465 133
1757591874135 239483970174.32294 134
1757591874197 239481499545.91776 135
1757591874259 239479106863.2632 136
1757591874324 239476789425.63647 137
1757591874388 239474544637.5081 138
1757591874451 239472370003.84515 139
1757591874518 239470263125.6543 140
1757591874580 239468221695.75082 141
1757591874642 239466243494.74084 142
1757591874705 239464326387.20557 143
1757591874768 239462468318.0746 144
1757591874830 239460667309.1796 145
1757591874895 239458921455.9767 146
1757591874957 239457228924.4296 147
1757591875021 239455587948.04327 148
1757591875083 239453996825.0414 149
1757591875146 239452453915.67868 150
1757591875208 239450957639.68094 151
1757591875271 239449506473.8068 152
1757591875334 239448098949.52322 153
1757591875398 239446733650.7905 154
1757591875465 239445409211.94873 155
1757591875531 239444124315.70288 156
1757591875593 239442877691.19907 157
1757591875656 239441668112.18927 158
1757591875718 239440494395.27786 159
1757591875782 239439355398.248 160
1757591875844 239438250018.4614 161
1757591875906 239437177191.33026 162
1757591875969 239436135888.85547 163
1757591876034 239435125118.2289 164
1757591876096 239434143920.49713 165
1757591876159 239433191369.2817 166
1757591876223 239432266569.55515 167
1757591876287 239431368656.469 168
1757591876350 239430496794.2311 169
1757591876414 239429650175.03033 170
1757591876479 239428828018.00653 171
1757591876544 239428029568.26288 172
1757591876608 239427254095.9192 173
1757591876672 239426500895.20422 174
1757591876736 239425769283.58478 175
1757591876802 239425058600.9301 176
1757591876876 239424368208.7103 177
1757591876939 239423697489.22662 178
1757591877004 239423045844.87213 179
1757591877070 239422412697.42245 180
1757591877131 239421797487.35364 181
1757591877193 239421199673.187 182
1757591877257 239420618730.85992 183
1757591877319 239420054153.12012 184
1757591877382 239419505448.94415 185
1757591877445 239418972142.97757 186
1757591877511 239418453774.99677 187
