1757541954209 1059063366336.9519 0
1757541954292 594347056998.9856 1
1757541954385 430453561597.5616 2
1757541954473 324526281088.6139 3
1757541954552 219657998320.76062 4
1757541954639 1846234624052.4338 5
1757541954723 151183750837740.72 6
1757541954808 95767864988092.03 7
1757541954879 3634204300629911.5 8
1757541954949 4.3478751701805216e+17 9
1757541955015 2.605794758345168e+17 10
1757541955079 1.7616728351486533e+18 11
1757541955147 4.447357166500236e+20 12
1757541955212 7.336705864734996e+19 13
1757541955289 4.4264481181992026e+20 14
1757541955356 5.297469382019672e+21 15
1757541955430 1.6430812790943786e+22 16
1757541955504 5.787781875665966e+23 17
1757541955565 2.845016538596149e+24 18
1757541955628 2.719175444805868e+27 19
1757541955695 1.162262863541831e+26 20
1757541955757 5.952535414380335e+27 21
1757541955828 6.506390205147973e+28 22
1757541955892 6.934023531679938e+29 23
1757541955968 4.1959016278359865e+30 24
1757541956036 2.6757347077693562e+32 25
1757541956100 1.5319897883535661e+32 26
1757541956162 2.861372049703255e+34 27
1757541956230 2.2350189072085973e+35 28
1757541956293 4.429371397971941e+35 29
1757541956363 6.009229468654181e+35 30
1757541956435 9.18589008812475e+37 31
1757541956501 1.9587092452522077e+38 32
1757541956563 2.927021692188091e+39 33
1757541956627 3.1970463532200865e+40 34
1757541956693 2.8798605477891064e+41 35
1757541956763 5.797231718890152e+42 36
1757541956830 1.37847173308778e+45 37
1757541956895 1.0759647630059994e+45 38
1757541956957 4.478768642988223e+46 39
1757541957023 8.843732759923053e+46 40
1757541957086 9.8265616529147e+47 41
1757541957157 1.4017731701508311e+49 42
1757541957221 1.90794748871731e+49 43
1757541957288 1.5809665823911648e+50 44
1757541957361 2.0501531115933553e+53 45
1757541957421 8.992315186922024e+51 46
1757541957489 2.0757860343223462e+53 47
1757541957555 2.796683390468299e+54 48
1757541957620 2.5194151890826287e+55 49
1757541957691 1.5855077291009665e+56 50
1757541957761 1.3806006583689519e+57 51
1757541957824 1.6260510168041248e+58 52
1757541957897 1.4274041274744667e+59 53
1757541957962 1.2230252183333429e+60 54
1757541958031 1.0214967791802876e+61 55
1757541958095 1.5487237962900566e+62 56
1757541958162 5.800178497354022e+62 57
1757541958229 1.0434192427396108e+64 58
1757541958293 4.0888177371044855e+65 59
1757541958366 1.130001669427159e+66 60
1757541958440 1.8727915035073452e+67 61
1757541958505 3.6857959695656694e+67 62
1757541958571 4.619095209847725e+68 63
1757541958638 3.570796057431685e+70 64
1757541958707 5.955938070111873e+71 65
1757541958767 5.091740338957782e+72 66
1757541958835 2.971387019548878e+73 67
1757541958900 8.973661716509517e+73 68
1757541958961 1.5327883926797997e+75 69
1757541959034 1.2472242479988349e+76 70
1757541959111 2.1336088584131815e+76 71
1757541959179 5.877832514681641e+77 72
1757541959252 6.544225452476954e+78 73
1757541959324 6.932502455332732e+79 74
1757541959388 4.4883773203220527e+80 75
1757541959469 6.193321465233799e+81 76
1757541959533 2.3120135073145904e+82 77
1757541959598 2.3152729236656274e+83 78
1757541959662 2.3152066736518892e+85 79
1757541959730 5.104620814852495e+86 80
1757541959804 2.1233769567744943e+86 81
1757541959878 6.474179232121412e+88 82
1757541959956 6.2174952147595914e+88 83
1757541960028 1.8636238641816216e+89 84
1757541960094 3.2034269043395306e+90 85
1757541960163 3.0475048360477763e+91 86
1757541960227 8.729850620529868e+91 87
1757541960294 7.407567290618092e+93 88
1757541960362 4.750894882267735e+94 89
1757541960424 5.811003488722338e+95 90
1757541960497 1.7822140792957726e+96 91
1757541960564 1.132735042065351e+97 92
1757541960634 1.0428921605838237e+98 93
1757541960703 2.3359042762110727e+99 94
1757541960768 1.5625113195557538e+100 95
1757541960837 4.955975853610307e+101 96
1757541960902 1.0647874795549087e+104 97
1757541960974 4.215780047506512e+103 98
1757541961038 2.323858261487335e+104 99
1757541961104 7.824647042835539e+105 100
1757541961170 3.638782597318372e+106 101
1757541961234 7.983392791382525e+106 102
1757541961311 9.04270936730825e+107 103
1757541961378 1.4594980704750315e+109 104
1757541961451 2.1764503039752836e+111 105
1757541961525 1.2661725009321955e+112 106
1757541961600 2.5106297162704055e+112 107
1757541961665 1.9586540554395686e+114 108
1757541961737 1.9615300597873777e+114 109
1757541961805 8.843133373409324e+114 110
1757541961873 3.7576721749324658e+115 111
1757541961947 1.0152856939017631e+118 112
1757541962011 5.825190538476185e+118 113
1757541962081 5.094877277331523e+118 114
1757541962150 1.0258609773968015e+120 115
1757541962213 1.0592961733225366e+122 116
1757541962277 1.0520194605683719e+124 117
1757541962344 1.0000874914719127e+123 118
1757541962425 7.193900573803709e+123 119
1757541962507 2.6801918247383044e+125 120
1757541962572 2.872899386321123e+126 121
1757541962640 5.381006787908171e+126 122
1757541962708 2.3186944138378957e+128 123
1757541962778 9.15832033330703e+128 124
1757541962846 1.7424874433383204e+130 125
1757541962916 1.782389797163559e+131 126
1757541962982 1.4962449788610626e+133 127
1757541963051 1.0694421396071618e+133 128
1757541963122 1.7490367820945252e+134 129
1757541963193 3.7329103989878564e+134 130
1757541963256 8.67953215619472e+135 131
1757541963324 5.286653308488727e+136 132
1757541963395 1.1443994827375142e+138 133
1757541963459 3.1013987409126856e+139 134
1757541963532 8.260876144537375e+139 135
1757541963601 2.850776341413026e+141 136
1757541963676 3.0111055633659897e+142 137
1757541963740 1.3648380074589312e+143 138
1757541963809 2.3320241894773046e+145 139
1757541963879 4.919817766436697e+144 140
1757541963945 6.539997752430701e+145 141
1757541964010 1.150090676075509e+147 142
1757541964072 4.335286950078264e+147 143
1757541964141 2.55966796589731e+149 144
1757541964218 2.437947127284092e+149 145
1757541964290 1.640809429794906e+150 146
1757541964356 6.613673097778158e+151 147
1757541964430 3.2867100628536816e+154 148
1757541964504 6.447260904490777e+153 149
1757541964573 9.298802311472895e+153 150
1757541964648 2.0205404138355582e+155 151
1757541964717 2.9416974436379307e+156 152
1757541964783 6.245540928493496e+157 153
1757541964857 2.2306851493590964e+159 154
1757541964925 1.5838275386071683e+159 155
1757541964991 1.5699768109961122e+160 156
1757541965062 7.076058088071144e+161 157
1757541965134 3.386253705128771e+162 158
1757541965204 2.1161639511624987e+165 159
1757541965269 6.550651930600475e+163 160
1757541965342 1.8179088335738615e+165 161
1757541965405 5.116447983064807e+166 162
1757541965475 3.0876170193885354e+167 163
1757541965543 1.9928802770356637e+169 164
1757541965616 8.960985350542234e+170 165
1757541965686 1.6316682072936996e+170 166
1757541965766 1.6984737116981186e+171 167
1757541965830 1.893306979426325e+172 168
1757541965901 2.173076751847916e+173 169
1757541965973 1.509906665829209e+174 170
1757541966041 9.432751347712465e+174 171
1757541966112 4.9917276718317234e+176 172
1757541966181 1.343402490653494e+177 173
1757541966251 6.680247392392981e+177 174
1757541966317 1.799226386264658e+179 175
1757541966391 1.284823177368496e+182 176
1757541966457 1.3853781698357176e+181 177
1757541966527 8.768740951846379e+181 178
1757541966595 3.6048932452887993e+183 179
1757541966664 2.2050401571819982e+184 180
1757541966733 1.3801134545067123e+186 181
1757541966808 3.9079702241380155e+186 182
1757541966877 1.266553861522099e+187 183
1757541966949 1.3480630497211273e+188 184
1757541967019 1.1210653246690412e+189 185
1757541967086 9.402875128514938e+189 186
1757541967153 2.785402081465261e+191 187
1757541967231 6.64000075019631e+191 188
1757541967298 7.296834201228887e+194 189
1757541967368 1.4246514299732875e+194 190
1757541967437 8.442287969001626e+195 191
1757541967507 9.401326210246187e+195 192
1757541967581 1.9762778281912496e+196 193
1757541967647 3.829366888995781e+198 194
1757541967714 1.2044162966107717e+199 195
1757541967786 1.7362702824084775e+200 196
1757541967861 1.7964911915809692e+200 197
1757541967924 1.1566277300197026e+202 198
1757541967998 1.5301790072741617e+202 199
1757541968061 1.6148647053770952e+204 200
1757541968131 3.250353483632923e+204 201
1757541968201 7.605485929553327e+205 202
1757541968267 3.6280232817584944e+206 203
1757541968338 3.0956103361581165e+207 204
1757541968411 2.0040566986856405e+208 205
1757541968481 3.9920731898248634e+209 206
1757541968555 5.514719076203078e+210 207
1757541968619 6.816960832693674e+211 208
1757541968694 1.983159374534704e+212 209
1757541968761 3.450952398988083e+215 210
1757541968835 9.936498660276936e+214 211
1757541968904 2.364059515121562e+215 212
1757541968977 5.753211356961261e+216 213
1757541969042 2.5426334558687317e+218 214
1757541969111 1.1904435459424128e+219 215
1757541969185 1.147040309184387e+220 216
1757541969258 4.2337785306512403e+220 217
1757541969327 2.1669088048343258e+221 218
1757541969400 6.396687832253536e+222 219
1757541969465 7.539162725366874e+223 220
1757541969541 5.670389739474282e+224 221
1757541969607 1.2814164668655643e+225 222
1757541969678 1.7721923280178333e+227 223
1757541969746 4.972259062092028e+227 224
1757541969824 1.9826707549503906e+228 225
1757541969894 2.3957345739740813e+229 226
1757541969977 3.2070474883375703e+230 227
1757541970044 3.5572445832710595e+231 228
1757541970107 5.230419784247814e+232 229
1757541970187 6.572488581954849e+233 230
1757541970262 4.0005561788736486e+234 231
1757541970331 2.578523400559751e+235 232
1757541970403 6.27314662818834e+236 233
1757541970473 1.1409481463430031e+238 234
1757541970546 1.7573774834517952e+238 235
1757541970611 3.6350419935655295e+239 236
1757541970683 1.2677315306394036e+240 237
1757541970754 2.5726420697068935e+241 238
1757541970821 6.117178023087579e+242 239
1757541970898 2.675818289405513e+243 240
1757541970971 1.062775477502039e+246 241
1757541971040 2.976739939639948e+245 242
1757541971111 1.6734500823400101e+246 243
1757541971181 5.633711486396312e+247 244
1757541971260 1.4004337238488358e+249 245
1757541971329 6.597715660876516e+248 246
1757541971396 2.556391784866767e+249 247
1757541971465 6.622894222620925e+250 248
1757541971536 4.4374586748190345e+253 249
1757541971606 1.132707870966055e+253 250
1757541971672 9.28797713071951e+253 251
1757541971739 4.061759921203961e+254 252
1757541971810 1.2955960507428066e+256 253
1757541971882 2.8813977530645706e+256 254
1757541971951 8.213631451077845e+257 255
1757541972028 2.246591503198109e+259 256
1757541972100 6.9536516289007405e+261 257
1757541972170 7.947897888663823e+260 258
1757541972242 5.286929270889154e+261 259
1757541972316 2.9132681031723915e+264 260
1757541972390 2.3713625040609853e+263 261
1757541972472 3.723418218084719e+264 262
1757541972540 3.7769940268771245e+269 263
1757541972615 4.0952483812487765e+266 264
1757541972682 7.3373425464652575e+267 265
1757541972748 2.6523829513234387e+268 266
1757541972818 1.492313676737539e+270 267
1757541972888 3.896015923579542e+274 268
1757541972957 7.247357864343075e+271 269
1757541973021 6.875115193775116e+272 270
1757541973093 5.848591583127272e+273 271
1757541973158 4.561140964390875e+275 272
1757541973230 1.9571610599107442e+275 273
1757541973312 5.593909438005696e+276 274
1757541973378 2.381615373220855e+277 275
1757541973443 1.696614034585694e+279 276
1757541973515 9.439163075998149e+279 277
1757541973592 2.5664402531271933e+280 278
1757541973660 8.184184535626563e+281 279
1757541973729 2.1300770909500842e+284 280
1757541973803 2.6982303557811014e+284 281
1757541973869 1.2169742278166563e+285 282
1757541973939 4.834617582631879e+285 283
1757541974011 3.359112471260693e+288 284
1757541974080 1.958467252143412e+287 285
1757541974159 1.4101171158125543e+288 286
1757541974228 1.6962166336682513e+290 287
1757541974295 6.146185591243187e+290 288
1757541974372 3.449438484659281e+291 289
1757541974439 1.8648086884106948e+292 290
1757541974510 4.1593542232381426e+293 291
1757541974592 2.730328679049263e+295 292
1757541974661 3.444964167869601e+295 293
1757541974731 2.722376535767439e+297 294
1757541974803 4.143753649277425e+297 295
1757541974879 1.0019741324995594e+299 296
1757541974945 5.436539605047947e+299 297
1757541975019 2.9705332531127825e+301 298
1757541975093 6.772009467463758e+301 299
1757541975165 4.345990621170469e+302 300
1757541975233 3.7731695667554573e+303 301
1757541975300 2.0830324381934286e+304 302
