1757581569529 867096952211.9028 0
1757581569621 1111428216638.4253 1
1757581569723 354958039686.0761 2
1757581569820 508720731530.0521 3
1757581569913 991584455052.9688 4
1757581570007 9001948420072.342 5
1757581570097 16218991977443.06 6
1757581570188 14302166353822.785 7
1757581570281 76546712636374.4 8
1757581570374 300585483659414.4 9
1757581570464 1294892823847011.2 10
1757581570557 1.386303288341132e+16 11
1757581570650 3.707627847661705e+17 12
1757581570749 1.68402260069773e+17 13
1757581570842 1.3531121084080945e+18 14
1757581570935 5.680508805677573e+18 15
1757581571029 8.882613168766107e+18 16
1757581571124 4.814282099806479e+19 17
1757581571214 4.441682652150583e+19 18
1757581571306 2.2114079562697274e+20 19
1757581571405 1.822152119115416e+20 20
1757581571497 4.214965905994845e+22 21
1757581571589 1.5833126390583624e+20 22
1757581571684 4.485417236491763e+21 23
1757581571776 3.5559504819029006e+22 24
1757581571867 1.1028331923456764e+24 25
1757581571960 4.0301308728948833e+24 26
1757581572053 2.8451801548166986e+24 27
1757581572146 1.4772309125738102e+25 28
1757581572238 5.46323271626863e+25 29
1757581572329 5.434693200678332e+26 30
1757581572422 3.7516604365584156e+27 31
1757581572512 1.088683909041252e+28 32
1757581572602 1.8270491787836764e+28 33
1757581572693 1.7703569716574163e+29 34
1757581572788 3.2503437595638328e+31 35
1757581572883 3.2354871684841433e+31 36
1757581572976 1.629563145277074e+32 37
1757581573068 4.5092088904215116e+33 38
1757581573161 1.734282462851108e+34 39
1757581573254 2.373652251013541e+34 40
1757581573348 2.5882655750414412e+34 41
1757581573437 8.684047512114184e+34 42
1757581573530 1.2831068077936433e+40 43
1757581573622 7.091893224988941e+37 44
1757581573712 1.1035757140307265e+38 45
1757581573802 1.052331473239227e+39 46
1757581573897 2.0569821520875143e+39 47
1757581573990 4.162489111002715e+38 48
1757581574082 3.367923530686557e+39 49
1757581574175 2.4610732426228085e+40 50
1757581574268 6.424196397576888e+39 51
1757581574359 1.0389423535181293e+40 52
1757581574451 1.199448626813521e+41 53
1757581574547 7.504042601733046e+41 54
1757581574641 7.519857274166455e+42 55
1757581574734 1.0464106407872378e+43 56
1757581574828 7.138358174684459e+43 57
1757581574922 1.469353010979963e+44 58
1757581575019 4.666923773580278e+45 59
1757581575116 2.742446089786558e+45 60
1757581575211 3.616778322397607e+46 61
1757581575309 4.012054517703115e+48 62
1757581575405 2.6806150126696406e+47 63
1757581575503 5.388832859235697e+48 64
1757581575599 3.0598686727773786e+49 65
1757581575693 4.078852099215602e+49 66
1757581575785 1.2280080368158897e+50 67
1757581575864 7.707112622603053e+50 68
1757581575934 5.475175586359823e+51 69
1757581576013 2.323553008176063e+52 70
1757581576080 3.320311207241676e+53 71
1757581576153 8.882499902498171e+53 72
1757581576219 2.2976161273517626e+54 73
1757581576290 2.0347628285209597e+55 74
1757581576367 1.4123470126423866e+56 75
1757581576458 2.0022331732411637e+56 76
1757581576549 1.689129424386963e+56 77
1757581576641 7.806466503155064e+57 78
1757581576735 1.0303278774914679e+59 79
1757581576825 2.4725803739248175e+59 80
1757581576898 4.9090744917092336e+60 81
1757581576972 2.443924972643915e+60 82
1757581577038 2.40027324384681e+60 83
1757581577105 1.7350591382956255e+61 84
1757581577174 3.7313281164048296e+61 85
1757581577253 1.8950310093726557e+63 86
1757581577326 2.563631578589283e+63 87
1757581577412 3.4214633495250556e+64 88
1757581577504 5.122402223550634e+65 89
1757581577596 9.974376254101793e+64 90
1757581577691 1.2309081104285826e+66 91
1757581577784 1.6690755850875386e+66 92
1757581577877 7.519234992778106e+66 93
1757581577943 2.7728755830489615e+67 94
1757581578009 3.616051491871217e+67 95
1757581578085 4.3005226123681355e+68 96
1757581578159 6.568717929328903e+69 97
1757581578234 7.688389603544106e+69 98
1757581578317 1.0079711781752562e+70 99
1757581578394 2.802982595294405e+71 100
1757581578486 1.4354575654251733e+72 101
1757581578578 3.5373270017591254e+72 102
1757581578678 5.165018875412702e+73 103
1757581578770 5.5036457556877166e+73 104
1757581578860 3.561249430152396e+74 105
1757581578938 7.512944439688416e+75 106
1757581579009 1.79824580344967e+76 107
1757581579080 4.9245291333731686e+76 108
1757581579153 1.881948421650389e+76 109
1757581579223 1.6424064843050738e+78 110
1757581579294 2.823273493315324e+78 111
1757581579359 1.0926780771867118e+80 112
1757581579448 5.626525192506388e+79 113
1757581579543 2.466505509018068e+81 114
1757581579637 8.32260962098816e+81 115
1757581579730 3.018361596692714e+81 116
1757581579822 2.0515212572489087e+82 117
1757581579919 2.9584911015068386e+83 118
1757581579991 2.7555244965350428e+85 119
1757581580063 2.5140267322254007e+85 120
1757581580130 1.2679026649269606e+86 121
1757581580204 6.29470026183336e+85 122
1757581580275 2.8494333158830226e+86 123
1757581580349 1.1947691591908771e+87 124
1757581580425 6.271964157181319e+87 125
1757581580504 1.401544877301283e+89 126
1757581580586 6.126131843607898e+89 127
1757581580666 2.063518474760421e+90 128
1757581580749 1.2247790695338042e+90 129
1757581580829 1.7993691439124338e+90 130
1757581580910 8.724464069184185e+92 131
1757581580981 1.8949001782607263e+92 132
1757581581050 3.66087092986395e+94 133
1757581581119 1.0799790351722436e+95 134
1757581581195 4.8187526528417475e+94 135
1757581581272 1.218154346227679e+96 136
1757581581339 1.362433169505438e+96 137
1757581581412 1.6978114048288273e+97 138
1757581581505 6.908854991972976e+98 139
1757581581599 1.1707446899089383e+98 140
1757581581697 2.1051236483802008e+99 141
1757581581792 3.3325643731560064e+99 142
1757581581886 5.333166099291635e+99 143
1757581581986 1.1739693430618902e+101 144
1757581582082 1.1442164885170509e+101 145
1757581582176 5.097145262248359e+102 146
1757581582270 2.5109219649979926e+102 147
1757581582366 1.3166877156573212e+103 148
1757581582458 4.228041882415355e+104 149
1757581582532 9.141477251506639e+104 150
1757581582608 3.9309240660503204e+104 151
1757581582681 1.5615424461042973e+106 152
1757581582766 3.873680041394735e+105 153
1757581582838 6.933309061296391e+106 154
1757581582912 1.7682024826533648e+107 155
1757581582990 1.6949887958947606e+108 156
1757581583084 1.7150510768980242e+109 157
1757581583178 8.679303680098843e+109 158
1757581583272 4.816432455548794e+108 159
1757581583368 1.7418899921761935e+109 160
1757581583461 5.119132933403289e+113 161
1757581583542 3.9339502490397767e+111 162
1757581583614 1.3924306666752383e+112 163
1757581583689 8.647024156731234e+112 164
1757581583761 1.530807515021835e+114 165
1757581583840 1.372308968623645e+114 166
1757581583910 2.8641307235551407e+117 167
1757581583990 3.1637196262396127e+115 168
1757581584085 1.009707779675609e+116 169
1757581584178 7.4981686059656e+116 170
1757581584272 2.2674917190893462e+119 171
1757581584365 2.182254960021857e+117 172
1757581584459 2.4945588283060617e+118 173
1757581584541 2.459261004569146e+117 174
1757581584618 5.5095041191231034e+119 175
1757581584688 3.3541313721081316e+120 176
1757581584759 1.5086445604638906e+120 177
1757581584833 4.952609303292321e+121 178
1757581584906 1.7022758495870584e+121 179
1757581584976 4.1661892798298765e+121 180
1757581585049 1.1453910519985656e+122 181
1757581585124 5.606549399168207e+122 182
1757581585197 2.8312222729280915e+122 183
1757581585267 2.5902305787499578e+123 184
1757581585344 9.29437759254694e+123 185
1757581585422 3.576299483749315e+124 186
1757581585500 8.999255770667014e+124 187
1757581585596 3.647702007193048e+125 188
1757581585698 1.9537251118757093e+126 189
1757581585797 4.0981356699621413e+127 190
1757581585891 1.5250292893676912e+129 191
1757581585989 2.5588864094761814e+128 192
1757581586092 4.23549387976498e+129 193
1757581586188 5.515341684868176e+130 194
1757581586288 7.240382111594477e+129 195
1757581586386 5.331217705115963e+130 196
1757581586485 9.668066784635348e+130 197
1757581586570 3.661902926416025e+131 198
1757581586640 1.5984111621243268e+132 199
1757581586720 4.544307583510204e+135 200
1757581586794 6.557308369087895e+132 201
1757581586866 2.470293093002723e+133 202
1757581586936 8.16075772835739e+134 203
1757581587009 1.2733486329430985e+135 204
1757581587097 1.9404454230811734e+136 205
1757581587192 1.1742529672274503e+137 206
1757581587289 3.286400066178963e+137 207
1757581587387 5.10546123092174e+137 208
1757581587482 2.608262344041777e+138 209
1757581587572 6.264601015650646e+138 210
1757581587642 2.5332390650682153e+139 211
1757581587721 1.6155827051634479e+140 212
1757581587790 4.048358504502274e+141 213
1757581587864 1.2922635507825433e+141 214
1757581587939 2.4187945427006084e+141 215
1757581588013 1.7399728426495017e+143 216
1757581588097 4.0860064895953406e+147 217
1757581588193 6.037974676917308e+144 218
1757581588291 3.865534364993358e+144 219
1757581588389 8.988760866908597e+146 220
1757581588483 1.8001934209886858e+146 221
1757581588577 1.6674783326710867e+147 222
1757581588648 5.907683265351449e+148 223
1757581588728 4.3159167152043474e+148 224
1757581588803 6.98012364675491e+150 225
1757581588871 1.0240816980442412e+150 226
1757581588942 7.738599086258322e+150 227
1757581589017 8.864826842488645e+150 228
1757581589097 1.6768255078929608e+152 229
1757581589193 5.952896861068172e+152 230
1757581589293 2.3746916283393994e+154 231
1757581589392 5.289978180233248e+155 232
1757581589486 6.791443267086586e+155 233
1757581589582 2.3658394495684317e+155 234
1757581589659 6.777001717260057e+155 235
1757581589728 2.8218167740964236e+156 236
1757581589804 3.7881613961530844e+156 237
1757581589873 3.1115792300395796e+157 238
1757581589949 9.92899749232498e+157 239
1757581590027 9.432690378372478e+157 240
1757581590111 4.980313250540802e+158 241
1757581590207 3.1268689612505667e+159 242
1757581590304 2.160338403954161e+159 243
1757581590402 2.566681096981342e+160 244
1757581590501 2.2861045906694377e+160 245
1757581590595 1.9206677152196902e+161 246
1757581590669 1.2602407191584527e+162 247
1757581590739 1.38307015931208e+164 248
1757581590816 3.996599912408099e+163 249
1757581590886 2.343568838035862e+164 250
1757581590956 4.3284189447566986e+165 251
1757581591032 1.6874768771945555e+165 252
1757581591120 1.6183987357620669e+165 253
1757581591216 1.445242379212337e+165 254
1757581591311 2.3435851204585138e+166 255
1757581591407 1.713319686152818e+167 256
1757581591503 1.5675139719220885e+168 257
1757581591600 5.69902282786765e+168 258
1757581591669 2.7309192809856083e+169 259
1757581591741 2.58228907569085e+170 260
1757581591820 1.710949760760758e+170 261
1757581591897 1.5171852217315947e+170 262
1757581591974 6.282985636130182e+170 263
1757581592046 6.24007387416871e+170 264
1757581592126 1.2358892783827376e+171 265
1757581592222 4.423894508799006e+171 266
1757581592319 1.683594942856403e+175 267
1757581592416 2.6614761036251454e+173 268
1757581592511 5.002376620023227e+174 269
1757581592611 1.1402474621727232e+175 270
1757581592685 2.3954472074299985e+176 271
1757581592767 6.315541946238984e+176 272
1757581592844 4.695986270466237e+176 273
1757581592932 1.345993855867056e+178 274
1757581593038 3.4360453803608056e+179 275
1757581593122 5.1081937096724225e+180 276
1757581593222 2.2054699459727936e+180 277
1757581593313 1.7655089662137913e+180 278
1757581593413 3.0959765948270013e+183 279
1757581593508 1.965644862018647e+183 280
1757581593603 4.4571686383919256e+184 281
1757581593701 3.61784974069143e+183 282
1757581593810 3.7162449945282857e+183 283
1757581593917 3.525106262867407e+183 284
1757581594015 6.456661739414299e+183 285
1757581594114 8.140712479772868e+184 286
1757581594197 2.753655579108114e+185 287
1757581594282 2.0039168624951034e+186 288
1757581594361 1.4431572760113742e+186 289
1757581594442 3.3216211856217934e+186 290
1757581594517 7.738934490895381e+186 291
1757581594604 7.646685237978061e+187 292
1757581594696 6.29029084857766e+187 293
1757581594799 1.0010752155540793e+189 294
1757581594898 2.847419024836025e+191 295
1757581594994 7.15674185480013e+191 296
1757581595093 1.54333476401852e+190 297
1757581595180 3.6440816714885126e+191 298
1757581595254 2.097155362130915e+193 299
1757581595335 1.0809419058490511e+193 300
1757581595409 6.415948425570916e+193 301
1757581595479 7.570395248647848e+194 302
1757581595565 1.2086100431565097e+199 303
1757581595645 9.397329048168661e+195 304
1757581595751 2.337133366127506e+196 305
1757581595852 8.935014453643917e+195 306
1757581595958 3.523273206229356e+197 307
1757581596055 1.987128296905449e+197 308
1757581596153 1.415824509273464e+197 309
1757581596229 3.25731914695663e+198 310
1757581596302 2.272319594154349e+198 311
1757581596376 4.872320577074936e+198 312
1757581596450 8.828542873549039e+198 313
1757581596525 2.353090875978649e+199 314
1757581596598 2.2754079935019925e+200 315
1757581596685 3.195390786298663e+200 316
1757581596783 2.4342342874937232e+202 317
1757581596886 6.502139156018823e+201 318
1757581596990 6.196766247453538e+201 319
1757581597088 2.867444492129722e+202 320
1757581597183 5.354783357439205e+202 321
1757581597258 3.7831138407550574e+203 322
1757581597338 8.772215763016229e+203 323
1757581597414 2.6975625081149263e+205 324
1757581597489 2.6572826163858303e+204 325
1757581597559 3.4459742345401013e+205 326
1757581597634 9.187440838474117e+205 327
1757581597721 1.147606456581847e+207 328
1757581597822 1.1796667152863791e+207 329
1757581597920 3.4731094618993754e+207 330
1757581598018 1.2636866546632078e+210 331
1757581598114 1.1279788524207132e+210 332
1757581598209 7.853345966720571e+210 333
1757581598283 6.636576563296921e+211 334
1757581598367 6.990584179700336e+211 335
1757581598441 1.641559603432893e+213 336
1757581598513 1.56719568427963e+213 337
1757581598588 6.486488822619034e+214 338
1757581598666 2.0438843575095626e+215 339
1757581598764 1.8106515311936227e+216 340
1757581598862 1.3334995473076855e+216 341
1757581598960 5.232087417397049e+216 342
1757581599058 6.840379910181427e+217 343
1757581599160 1.796553408760846e+218 344
1757581599245 8.300858199579652e+218 345
1757581599323 3.0741951860207427e+219 346
1757581599399 1.0476524825196625e+220 347
1757581599473 2.2028343807723533e+221 348
1757581599554 1.328350960234497e+221 349
1757581599631 5.115279275845068e+221 350
1757581599709 3.2318356689670052e+221 351
1757581599807 1.4058191236685183e+222 352
1757581599905 1.980093900961347e+223 353
1757581600002 1.176417146666163e+224 354
1757581600099 1.256351264185509e+224 355
1757581600197 1.7332261217123964e+225 356
1757581600272 4.632282420687238e+225 357
1757581600350 8.733365221033819e+226 358
1757581600421 1.2197020998965449e+227 359
1757581600493 3.3131166624785573e+227 360
1757581600598 1.295056207642095e+228 361
1757581600678 5.435572345945499e+228 362
1757581600769 3.111303840706529e+229 363
1757581600868 3.2362413019253894e+229 364
1757581600967 8.316912607603159e+230 365
1757581601065 9.190465448579921e+230 366
1757581601163 5.867067965275721e+231 367
1757581601255 1.1762242596739455e+233 368
1757581601337 1.784303346903579e+233 369
1757581601409 4.609175295276669e+233 370
1757581601488 1.6412491017051103e+234 371
1757581601569 1.608578605488823e+235 372
1757581601644 1.0239836676072435e+235 373
1757581601721 4.8940976899784787e+235 374
1757581601820 2.327725234099548e+236 375
1757581601919 2.3895989199128478e+237 376
1757581602018 4.900908082548256e+237 377
1757581602116 4.6513363601994686e+238 378
1757581602217 4.251185992371228e+238 379
1757581602295 4.498395037460895e+240 380
1757581602375 2.5409569765698225e+240 381
1757581602456 1.7887869647178446e+241 382
1757581602528 1.5831865498711722e+242 383
1757581602608 5.568891650579226e+243 384
1757581602681 4.490864733893921e+242 385
1757581602768 5.847362826558711e+243 386
1757581602868 1.293677176948746e+245 387
1757581602969 3.8183730496816505e+244 388
1757581603068 1.3276528656084688e+245 389
1757581603170 4.438420819827442e+245 390
1757581603271 4.284648981353292e+246 391
1757581603354 7.456261691750528e+246 392
1757581603428 2.315835243782886e+248 393
1757581603512 1.6291056532923236e+248 394
1757581603591 2.924956323232174e+248 395
1757581603669 3.2114441738983405e+249 396
1757581603742 2.9872563946180317e+249 397
1757581603838 3.537347672348011e+250 398
1757581603937 9.526791581727284e+250 399
1757581604038 1.6113104375435814e+252 400
1757581604137 7.292458092380881e+251 401
1757581604237 8.976377879149628e+252 402
1757581604322 3.090903018984395e+252 403
1757581604425 8.569900183860554e+252 404
1757581604504 2.3185193725315682e+254 405
1757581604581 5.035152356719219e+254 406
1757581604658 2.761427695719618e+255 407
1757581604733 2.804733758841744e+255 408
1757581604819 7.640702578769381e+255 409
1757581604922 2.593233459174653e+256 410
1757581605020 2.79599055934052e+256 411
1757581605118 7.332003272970461e+256 412
1757581605216 3.471349485507816e+257 413
1757581605312 5.809895153089374e+258 414
1757581605382 1.0024692297612715e+260 415
1757581605458 9.260064535938923e+259 416
1757581605538 2.6257339129336147e+260 417
1757581605618 6.80524404115021e+261 418
1757581605703 5.3513539488283315e+261 419
1757581605784 5.0037900841976194e+262 420
1757581605888 3.276409873954528e+263 421
1757581605989 2.2145099691288104e+264 422
1757581606097 5.018730352180687e+263 423
1757581606198 9.368110016692675e+265 424
1757581606299 3.6863328644188496e+267 425
1757581606380 2.5750052357228947e+267 426
1757581606467 1.2333497444897361e+268 427
1757581606543 7.348454378696665e+268 428
1757581606619 4.087552536223802e+268 429
1757581606707 4.163206272175057e+269 430
1757581606784 2.892617733350458e+269 431
1757581606879 1.1520440663995408e+272 432
1757581606978 3.049616375022986e+272 433
1757581607078 2.909640808467681e+273 434
1757581607179 2.715098455518986e+273 435
1757581607282 3.7916693053670213e+275 436
1757581607372 7.44940417424609e+275 437
1757581607451 5.618435973754594e+276 438
1757581607532 1.372148302342187e+276 439
1757581607608 6.8367231231925025e+276 440
1757581607681 1.799327895292849e+277 441
1757581607755 3.124917659722399e+277 442
1757581607836 2.015300602559592e+279 443
1757581607937 3.150501218667882e+278 444
1757581608040 1.0065254054904087e+280 445
1757581608139 5.942791654867912e+281 446
1757581608248 1.1793862866023125e+281 447
1757581608352 1.816850781231222e+281 448
1757581608435 1.146052382056598e+283 449
1757581608516 1.0271009541425834e+283 450
1757581608595 8.911013961787788e+283 451
1757581608674 7.968748363867045e+285 452
1757581608752 6.6035916379573e+284 453
1757581608828 2.0126737856159804e+286 454
1757581608929 1.518206513452124e+285 455
1757581609029 2.5921016569485673e+287 456
1757581609128 1.1261087100879014e+287 457
1757581609230 1.6290372662704318e+289 458
1757581609332 4.460641587712261e+288 459
1757581609417 2.3370793708310222e+289 460
1757581609493 5.632722560265311e+289 461
1757581609567 2.558808963151936e+290 462
1757581609653 8.220929450246823e+290 463
1757581609734 7.017068344482019e+291 464
1757581609807 8.148238807353469e+291 465
1757581609884 1.991258463225177e+291 466
1757581609992 1.8504365544854994e+293 467
1757581610096 7.38328357370254e+293 468
1757581610199 1.6227711437431157e+294 469
1757581610304 4.6435843581079255e+293 470
1757581610406 5.547216320422054e+295 471
1757581610481 2.4066738472138288e+296 472
1757581610561 2.8760170824370223e+296 473
1757581610638 5.285271371429115e+297 474
1757581610722 3.55665879446548e+297 475
1757581610798 9.509738487342909e+297 476
1757581610874 1.336911174787109e+299 477
1757581610955 3.3154182750567735e+299 478
1757581611031 2.8683661584638753e+301 479
1757581611109 2.8760774318637527e+301 480
1757581611185 2.6337322884491404e+301 481
1757581611266 7.716932158150021e+301 482
1757581611341 3.0263161387426895e+302 483
1757581611412 2.8167034609102264e+302 484
1757581611516 6.256764566949947e+303 485
1757581611618 2.7343403801995264e+303 486
1757581611721 1.271033185458497e+304 487
1757581611822 1.486840278714791e+305 488
1757581611924 1.9065972332714662e+306 489
