1757530137752 1053298545025.9053 0
1757530137782 859255380149.8462 1
1757530137812 649612313034.0443 2
1757530137841 494995978672.0006 3
1757530137871 396395542107.6221 4
1757530137901 336061571236.72705 5
1757530137932 299405245027.5904 6
1757530137962 277513166608.94244 7
1757530137983 264779895523.7077 8
1757530138002 257416392970.9573 9
1757530138022 252983255122.31186 10
1757530138044 250100990181.52408 11
1757530138068 248079758128.3055 12
1757530138097 246585777659.18884 13
1757530138117 245439818219.88907 14
1757530138146 244530835919.42133 15
1757530138166 243786648823.99826 16
1757530138185 243161536537.0783 17
1757530138213 242626993911.2236 18
1757530138235 242164516788.4548 19
1757530138260 241761111683.43948 20
1757530138281 241407023657.42224 21
1757530138303 241094657567.52582 22
1757530138323 240817977804.9067 23
1757530138388 240572098129.18848 24
1757530138409 240352988447.95694 25
1757530138434 240157273261.23993 26
1757530138456 239982094168.32825 27
1757530138488 239825011093.2513 28
1757530138520 239683926639.29907 29
1757530138550 239557026323.31223 30
1757530138581 239442731223.63617 31
1757530138611 239339660524.56668 32
1757530138640 239246601686.4636 33
