1757582176678 1860473261875.393 0
1757582176779 460259482007.60345 1
1757582176877 980201716011.5837 2
1757582176974 400019288136.63477 3
1757582177067 300383685565.62756 4
1757582177164 1035627957682.5624 5
1757582177260 1261534714026.89 6
1757582177356 530034545641.8819 7
1757582177450 369399491885.79584 8
1757582177550 1736188967197.7976 9
1757582177646 363594346151.1264 10
1757582177742 1674187003561.0996 11
1757582177837 603988851912.3713 12
1757582177941 415975634435.2138 13
1757582178036 1148501672620.3127 14
1757582178137 479882618332.06116 15
1757582178232 512231995204.99713 16
1757582178306 324319486850.3475 17
1757582178390 186664000920.7351 18
1757582178487 535967885950.7893 19
1757582178570 1142539615531.3625 20
1757582178675 1913195376428.033 21
1757582178771 417553325267.8229 22
1757582178876 173341527854.58084 23
1757582178985 274827605771.11993 24
1757582179103 222966636670.0536 25
1757582179212 583140608078.6804 26
1757582179329 1702814897629.9429 27
1757582179438 1313739094899.551 28
1757582179539 1319511178680.302 29
1757582179638 348595193553.0686 30
1757582179739 214994333735.9958 31
1757582179841 430422842041.88776 32
1757582179944 471869283503.90314 33
1757582180051 1052453924675.7408 34
1757582180158 445255259807.39386 35
1757582180263 186468980672.09262 36
1757582180371 556869446364.8082 37
1757582180479 1448385112912.505 38
1757582180579 1449238037599.5962 39
1757582180680 285224418142.5483 40
1757582180777 141057003429.83124 41
1757582180851 706960888605.5297 42
1757582180929 666957660543.421 43
1757582181011 1288949401231.3127 44
1757582181087 679009110658.7091 45
1757582181169 363599479092.3405 46
1757582181247 138401168253.3466 47
1757582181342 306228102888.2633 48
1757582181437 310828982516.77924 49
1757582181537 551240960260.8396 50
1757582181640 1011657706919.4493 51
1757582181739 245264609501.37106 52
1757582181860 232420259202.2511 53
1757582181976 510514885376.06665 54
1757582182084 820691411579.2979 55
1757582182188 134105504549.63199 56
1757582182301 535826570029.10376 57
1757582182410 251313945500.62552 58
1757582182520 781086081924.4678 59
1757582182626 856494717052.767 60
1757582182728 325970836054.40857 61
1757582182813 266416833261.47375 62
1757582182888 274409638560.82822 63
1757582182967 392679259487.54095 64
1757582183041 161250518737.1212 65
1757582183117 119961047536.23352 66
1757582183185 117721956872.68092 67
1757582183271 291939472985.95483 68
1757582183360 306654545388.8419 69
1757582183457 178101957194.18573 70
1757582183553 256531209293.6949 71
1757582183654 242712238648.10938 72
1757582183753 289935780940.4189 73
1757582183851 175412055005.2513 74
1757582183951 204602675658.3751 75
1757582184049 384045925973.2003 76
1757582184144 262526445537.47702 77
1757582184242 213836671947.88593 78
1757582184335 754524337043.9465 79
1757582184429 123445600182.74907 80
1757582184527 859475697103.5312 81
1757582184630 163967731361.6871 82
1757582184733 86497831487.46242 83
1757582184838 1192798028213.027 84
1757582184945 236185626148.73038 85
1757582185052 721480804237.116 86
1757582185158 284785765704.77185 87
1757582185268 114876743482.78444 88
1757582185376 197384201296.7686 89
1757582185485 575860240273.6073 90
1757582185599 348280094121.14624 91
1757582185711 214477555395.59567 92
1757582185824 131797588488.07932 93
1757582185936 660597169463.5925 94
1757582186045 125314620724.38377 95
1757582186154 141099655072.02856 96
1757582186264 336985685718.34467 97
1757582186372 410566456265.75775 98
1757582186489 127615941145.00874 99
1757582186606 1313330290574.403 100
1757582186718 358214929989.2344 101
1757582186831 113624921137.31503 102
1757582186942 618478057612.9087 103
1757582187054 157013457693.57416 104
1757582187164 188792101489.7771 105
1757582187274 205484343609.75574 106
1757582187385 446067654360.8452 107
1757582187494 147789326755.92657 108
1757582187606 150984776220.0346 109
1757582187715 207232580287.38867 110
1757582187826 319223856439.97906 111
1757582187940 123396655810.05827 112
1757582188056 562656102598.1709 113
1757582188169 370445322609.31665 114
1757582188282 175355633775.81235 115
1757582188388 115173934135.56873 116
1757582188480 529239972172.66626 117
1757582188568 246466906363.08582 118
1757582188659 395470452994.25104 119
1757582188751 690119037004.0266 120
1757582188840 535238561012.6684 121
1757582188944 369282426107.28235 122
1757582189054 145442063259.91104 123
1757582189163 361898338592.00256 124
1757582189275 315174829673.696 125
1757582189382 597364625197.7285 126
1757582189472 408270937434.14905 127
1757582189561 370580990096.7489 128
1757582189650 156399278314.1791 129
1757582189744 154982866331.72018 130
1757582189852 411489866322.5508 131
1757582189963 144807789130.53394 132
1757582190072 382517885483.48804 133
1757582190182 331278349005.54346 134
1757582190294 230393315050.53842 135
1757582190406 108710293720.33125 136
1757582190518 950959988441.7172 137
1757582190630 577666097171.2308 138
1757582190742 101444921944.1073 139
1757582190853 281765765463.60736 140
1757582190964 370425767550.6657 141
1757582191075 73821587867.43356 142
1757582191184 475473163553.8361 143
1757582191295 397256670454.9497 144
1757582191405 583483656890.3593 145
1757582191518 376042416456.8399 146
1757582191629 155651899061.16034 147
1757582191738 902412449260.0989 148
1757582191848 596643814485.038 149
1757582191948 105746034532.68196 150
1757582192038 139656590569.74487 151
1757582192131 183706599193.3829 152
1757582192225 346830271553.66235 153
1757582192316 108572545364.03473 154
1757582192407 438654099813.76013 155
1757582192519 281583304505.21246 156
1757582192630 102093872417.33426 157
1757582192743 830924852254.5421 158
1757582192853 226255800195.84296 159
1757582192956 408094971479.2957 160
1757582193044 375150119165.61 161
1757582193131 266698192417.97668 162
1757582193230 155785002591.45114 163
1757582193319 328079423847.41675 164
1757582193412 114655956087.31131 165
1757582193518 210572774095.40216 166
1757582193634 248174165100.63968 167
1757582193748 176070137637.2429 168
1757582193868 268128718421.517 169
1757582193973 303843396729.77545 170
1757582194064 230745096532.5701 171
1757582194159 175839350414.58725 172
1757582194243 330948669732.4624 173
1757582194343 255036208722.1214 174
1757582194432 278354205142.73157 175
1757582194536 320661244455.8406 176
1757582194649 531589158409.6387 177
1757582194760 283103796078.23474 178
1757582194872 248306716535.75122 179
1757582194981 290312378318.3457 180
1757582195067 225908874861.4464 181
1757582195156 177324299577.87842 182
1757582195246 117274792324.94194 183
1757582195338 75105165756.35028 184
1757582195428 449413030458.1296 185
1757582195527 545423037688.3841 186
1757582195636 339851363254.5751 187
1757582195745 148837218551.90634 188
1757582195861 525474913650.8349 189
1757582195968 316578625312.42285 190
1757582196086 125853747329.04779 191
1757582196196 257459169902.77756 192
1757582196309 312575548656.57684 193
1757582196421 125048685200.86176 194
1757582196534 136171012369.16092 195
1757582196649 129678646289.10048 196
1757582196763 408262187287.1796 197
1757582196878 319977898366.5265 198
1757582196993 547808579520.37604 199
1757582197109 719971562762.3975 200
1757582197221 152495408034.57587 201
1757582197332 319899318924.48236 202
1757582197443 258351398820.07095 203
1757582197557 665963755654.0105 204
1757582197671 126437453465.77226 205
1757582197785 58006283144.58971 206
1757582197904 67833540683.22092 207
1757582198016 273719624454.1354 208
1757582198132 95520303484.57661 209
1757582198246 158243172873.9929 210
1757582198360 529195286202.72156 211
1757582198474 286439065410.4384 212
1757582198579 60431232646.18927 213
1757582198659 148568119485.32138 214
1757582198743 406811046811.8575 215
1757582198837 293915952389.6373 216
1757582198924 91283549874.00113 217
1757582199004 379608158715.8899 218
1757582199110 464393000549.969 219
1757582199213 128675036306.33142 220
1757582199319 151847104105.5047 221
1757582199420 233298195530.3069 222
1757582199514 935674335765.5122 223
1757582199610 194438342879.70322 224
1757582199705 159303489518.22372 225
1757582199801 368184177650.17566 226
1757582199895 155562250982.68515 227
1757582199991 89304412777.74852 228
1757582200088 299125709537.9524 229
1757582200188 106766412200.77628 230
1757582200291 214303495420.9353 231
1757582200388 722854010725.6747 232
1757582200483 71537588252.9625 233
1757582200578 573363780857.1471 234
1757582200675 722550261855.2325 235
1757582200771 70283788939.6337 236
1757582200866 565409976266.5668 237
1757582200962 489655816904.54767 238
1757582201056 63107994509.71875 239
1757582201143 294499466526.0591 240
1757582201226 139710379555.53116 241
1757582201297 341965691414.4182 242
1757582201374 708753894711.9128 243
1757582201444 536597435035.82526 244
1757582201515 141832959939.59982 245
1757582201585 337523837925.0743 246
1757582201673 299970917084.5984 247
1757582201766 239206134401.9379 248
1757582201871 158707904971.04572 249
1757582201981 558736969932.3883 250
1757582202091 118794729289.9437 251
1757582202182 204554288416.78937 252
1757582202264 86268650832.15218 253
1757582202343 348622026056.56604 254
1757582202429 532303209718.8043 255
1757582202516 194068879006.7803 256
1757582202609 234522587022.17047 257
1757582202719 408632330015.7172 258
1757582202825 834854498726.509 259
1757582202922 151565679447.69693 260
1757582203018 151403017138.3468 261
1757582203113 130904740387.97598 262
1757582203194 531396484857.931 263
1757582203275 241894851467.86624 264
1757582203347 82559409593.95058 265
1757582203421 109393159247.62234 266
1757582203498 180727440694.04745 267
1757582203577 265477500942.25497 268
1757582203656 90560361622.56255 269
1757582203761 264796060842.9116 270
1757582203863 246296667751.6339 271
1757582203965 365771121688.9028 272
1757582204064 227200508637.84085 273
1757582204168 230069136234.41525 274
1757582204279 173200656850.4267 275
1757582204382 460024435080.1093 276
1757582204478 167708977102.05444 277
1757582204577 114997892595.91464 278
1757582204695 418532292797.705 279
1757582204802 155884983229.39853 280
1757582204901 238760028283.0041 281
1757582205000 118122669572.39433 282
1757582205099 77857106553.50957 283
1757582205201 355521037459.08435 284
1757582205293 290398558064.8601 285
1757582205386 294219107951.2078 286
1757582205469 124797347012.07709 287
1757582205556 300680289727.9779 288
1757582205645 495472112619.8106 289
1757582205735 192129053739.75107 290
1757582205839 328064861534.23376 291
1757582205939 284777922563.6807 292
1757582206043 251321243825.5405 293
1757582206141 93715676817.04445 294
1757582206229 114816179727.82564 295
1757582206313 303433659585.5567 296
1757582206407 383633689015.54083 297
1757582206502 213410587385.42612 298
1757582206601 140050559618.4741 299
1757582206677 393266586814.9184 300
1757582206779 116024465176.91635 301
1757582206880 368482502809.21234 302
1757582206987 95293454447.28323 303
1757582207092 471132958873.1789 304
1757582207200 224623261164.2534 305
1757582207310 316819984087.63544 306
1757582207420 151405300028.5025 307
1757582207529 78214254534.85986 308
1757582207638 155464272086.37772 309
1757582207741 289648257754.9541 310
1757582207846 143494466646.12018 311
1757582207946 139819612625.42947 312
1757582208050 192824946017.73544 313
1757582208152 121812021482.7954 314
1757582208246 74247824047.8166 315
1757582208324 538456752579.3529 316
1757582208399 79965524317.46014 317
1757582208484 134322270419.1771 318
1757582208558 205991437369.97775 319
1757582208635 116121932923.02441 320
1757582208714 447234126574.776 321
1757582208818 419296341938.2886 322
1757582208920 398135092967.50525 323
1757582209017 131550973863.96622 324
1757582209113 664518983380.9464 325
1757582209210 332295145027.0974 326
1757582209315 307901624706.14417 327
1757582209413 116374295227.68759 328
1757582209511 296221974786.4576 329
1757582209619 138184355325.1425 330
1757582209732 355133137406.0409 331
1757582209839 724286682802.0197 332
1757582209941 258387231237.43045 333
1757582210052 374993057685.66376 334
1757582210164 229861268187.8161 335
1757582210276 320295443872.8928 336
1757582210379 52498897864.307274 337
1757582210483 454094094647.6242 338
1757582210584 1295525876225.0066 339
1757582210686 259171389965.23557 340
1757582210783 143284439193.96133 341
1757582210882 157369169755.00247 342
1757582210980 454507206242.4286 343
1757582211077 123185975676.24931 344
1757582211175 140978291431.4092 345
1757582211281 134127910136.88748 346
1757582211366 468430322836.6148 347
1757582211451 146756852591.75916 348
1757582211547 354657742304.80225 349
1757582211634 149919691796.04523 350
1757582211732 124412886735.84032 351
1757582211831 266300761920.7466 352
1757582211941 403180456491.77734 353
1757582212041 329530733547.6328 354
1757582212136 104750610329.64268 355
1757582212240 431104150755.49994 356
1757582212342 176280619512.6241 357
1757582212444 266920784718.76587 358
1757582212546 122267023511.0553 359
1757582212647 500597440628.2763 360
1757582212752 120301169695.1103 361
1757582212853 327225998534.34393 362
1757582212928 282734334166.84357 363
1757582213009 211498939422.45944 364
1757582213096 279367586828.93494 365
1757582213175 196100957450.46188 366
1757582213262 143449052916.4744 367
1757582213352 96182623053.25864 368
1757582213460 481347302872.68634 369
1757582213558 490468153887.0896 370
1757582213668 1036008587922.1683 371
1757582213769 298227267571.45233 372
1757582213868 118847519062.8751 373
1757582213976 121945651406.72264 374
1757582214073 80054873871.63951 375
1757582214170 114162073118.315 376
1757582214267 803835354890.402 377
1757582214361 183139353933.6751 378
1757582214442 214046385714.54407 379
1757582214530 99870451306.74826 380
1757582214617 86786423949.82515 381
1757582214703 101819735750.8398 382
1757582214784 207938921551.16208 383
1757582214879 293433164144.58307 384
1757582214978 434983672830.133 385
1757582215076 216786594842.59146 386
1757582215173 84166091169.23642 387
1757582215271 545611423369.8755 388
1757582215368 369635675919.3313 389
1757582215449 113435793332.85167 390
1757582215528 80698202950.17918 391
1757582215614 127079740841.72978 392
1757582215698 92655350691.48758 393
1757582215771 163486077638.893 394
1757582215852 319045256494.26404 395
1757582215946 211301578965.78647 396
1757582216043 86365956114.62923 397
1757582216142 269836911893.0943 398
1757582216241 281951267393.7679 399
1757582216338 108984272081.727 400
1757582216424 138374732150.2013 401
1757582216498 774299619878.6134 402
1757582216575 163940158608.3852 403
1757582216654 299420651291.7752 404
1757582216730 114186216406.99245 405
1757582216799 112752955931.03912 406
1757582216878 466999140413.1273 407
1757582216981 208332940116.97513 408
1757582217084 280214617782.4602 409
1757582217190 224037154383.67456 410
1757582217295 390956805314.45447 411
1757582217402 491498129485.0922 412
1757582217509 125961417137.05077 413
1757582217615 133735659683.07925 414
1757582217719 297849202943.6073 415
1757582217821 128840599107.00029 416
1757582217919 164258145526.61044 417
1757582218016 117072832133.54745 418
1757582218117 141522474928.52692 419
1757582218222 113944390036.66551 420
1757582218326 256099276371.5986 421
1757582218430 539844167189.70197 422
1757582218533 89081584873.12213 423
1757582218633 691285298379.4601 424
1757582218731 250961915288.73807 425
1757582218833 150082968934.70663 426
1757582218934 265209768612.40613 427
1757582219035 479760500822.92377 428
1757582219134 569806202036.2313 429
1757582219233 266320287445.26648 430
1757582219332 265865398738.9282 431
1757582219432 333912351954.63495 432
1757582219508 46355776739.11392 433
1757582219587 280168875078.0647 434
1757582219669 105522609685.51805 435
1757582219749 229740753699.15744 436
1757582219830 105450432287.03607 437
1757582219901 203541816396.88995 438
1757582219999 252419286793.08206 439
1757582220102 535562561569.24866 440
1757582220203 188920667993.50195 441
1757582220304 68917001263.108 442
1757582220404 270316213797.6814 443
1757582220486 434780450569.005 444
1757582220557 298144589400.52795 445
1757582220635 133436163124.20439 446
1757582220713 57008431834.388245 447
1757582220788 164927891453.3018 448
1757582220864 704010388948.4215 449
1757582220941 269707441965.42807 450
1757582221044 162321616217.20938 451
1757582221144 327465266624.5298 452
1757582221244 319454475772.57074 453
1757582221346 753499612420.4078 454
1757582221448 340498043065.44446 455
1757582221522 307727285943.00806 456
1757582221597 188882553189.3817 457
1757582221671 154066085007.03217 458
1757582221760 729877529770.5043 459
1757582221848 78009190190.3455 460
1757582221933 506858322992.4433 461
1757582222032 298826185496.6627 462
1757582222134 191027861678.75452 463
1757582222231 481506788707.40845 464
1757582222332 83395735501.3113 465
1757582222430 304647086049.95984 466
1757582222528 108057074233.77399 467
1757582222634 337129598484.8013 468
1757582222737 246140249519.79675 469
1757582222840 598003509896.6155 470
1757582222942 751404927868.028 471
1757582223044 169927482142.12473 472
1757582223146 135171598544.01743 473
1757582223252 234941644006.70148 474
1757582223355 471279383586.6307 475
1757582223452 144768795731.38504 476
1757582223541 90809881505.72261 477
1757582223616 260916897415.6759 478
1757582223690 587583727435.0126 479
1757582223768 187293094788.86508 480
1757582223851 997156681269.1259 481
1757582223937 163897260631.2698 482
1757582224031 96235932260.21298 483
1757582224133 351367930186.01794 484
1757582224241 78071248884.86612 485
1757582224347 124936884582.47064 486
1757582224446 107777408844.72787 487
1757582224553 123147728332.82925 488
1757582224659 395775470471.0176 489
1757582224762 505557022004.6975 490
1757582224863 274426440153.72122 491
1757582224964 180176795041.05435 492
1757582225063 83892422739.9764 493
1757582225163 369543526513.3162 494
1757582225265 113138166203.48215 495
1757582225378 590190150720.8512 496
1757582225483 125756887668.0742 497
1757582225575 139847304710.3025 498
1757582225648 98252387478.90343 499
