1757542359214 442997220079.551 0
1757542359303 1068833402456.8103 1
1757542359408 146561396376.06607 2
1757542359510 1089161613323.8546 3
1757542359631 323913933816.6906 4
1757542359758 716310305278.5553 5
1757542359880 575580677395.9774 6
1757542360000 302869881894.45667 7
1757542360128 96955515162.93382 8
1757542360326 333118498112.43604 9
1757542360426 628031261786.3018 10
1757542360515 290909703147.66077 11
1757542360604 380227357642.1855 12
1757542360700 615681729505.3741 13
1757542360793 77931240297.85275 14
1757542360887 78431242477.81818 15
1757542361014 41405359028.64096 16
1757542361084 85721057484.98697 17
1757542361150 103428136484.49101 18
1757542361219 98391701384.632 19
1757542361296 120714133205.97206 20
1757542361386 256618563393.09787 21
1757542361452 249265738950.6441 22
1757542361527 351510828824.16486 23
1757542361608 119967974598.49336 24
1757542361693 234329189962.3889 25
1757542361768 328393820110.79663 26
1757542361835 314549035211.93463 27
1757542361902 219676188579.30206 28
1757542361971 344405741161.8301 29
1757542362038 148337923327.6198 30
1757542362109 106071956472.04193 31
1757542362179 197663336122.6382 32
1757542362246 748843312661.0618 33
1757542362329 142486162396.73196 34
1757542362410 451073765604.54315 35
1757542362500 271589519404.83994 36
1757542362590 85638826634.40338 37
1757542362672 81975757721.23181 38
1757542362762 282618320084.38257 39
1757542362832 343765592123.51447 40
1757542362894 121396118671.02798 41
1757542362965 160087368475.23013 42
1757542363036 143486860225.3639 43
1757542363108 398736957752.0997 44
1757542363183 106726460636.975 45
1757542363245 261016913493.98697 46
1757542363313 261878364165.62204 47
1757542363388 413465733196.30444 48
1757542363467 296278301968.6159 49
1757542363537 305778904651.45624 50
