1757536416948 173649946.84343472 0
1757536417430 13583338739.226046 1
1757536417907 283211667610.74084 2
1757536418400 3413964693.333222 3
1757536418881 29474152560.399628 4
1757536419354 344079975.09378207 5
1757536419827 86724990533.80437 6
1757536420307 53079994583.10215 7
1757536420770 199804079147.16934 8
1757536421233 21833583582.06723 9
1757536421710 489200950478.02405 10
1757536422184 121000009.30305402 11
1757536422648 72283061922.95003 12
1757536423107 29437895484.525707 13
1757536423572 58728282528.33544 14
1757536424029 6671089004.599832 15
1757536424508 14154640170.127941 16
1757536424981 584004944.1774428 17
1757536425467 7790284552.807974 18
1757536425942 61630408331.536255 19
1757536426414 17312446361.99079 20
1757536426886 146216082233.53574 21
1757536427349 453285751175.48895 22
1757536427821 348114723.06599516 23
1757536428292 134454950490.22903 24
1757536428768 6432232549.19452 25
1757536429244 14765186287.502459 26
1757536429725 99644374881.15335 27
1757536430195 22052694.11137997 28
1757536430682 857821283774.6937 29
1757536431159 78891995086.36636 30
1757536431633 122601738.21417172 31
1757536432105 264429837.64290184 32
1757536432577 417360041513.84827 33
1757536433046 130099586978.66757 34
1757536433510 4041072165.126825 35
1757536433976 24451952630.22583 36
1757536434443 823790321.9599187 37
1757536434921 368056290966.8522 38
1757536435383 110875979434.54707 39
1757536435865 83790389806.53178 40
1757536436331 76109697366.18619 41
1757536436796 39566261172.99161 42
1757536437301 142459636426.93976 43
1757536437771 20950789251.032574 44
1757536438241 1346758752088.8987 45
1757536438715 15606089181.986135 46
1757536439193 58643840.09103455 47
1757536439670 7506517494.172785 48
1757536440160 17752866567.450043 49
1757536440639 38242577949.21408 50
1757536441110 5032852801.4015255 51
1757536441577 230636453.68650556 52
1757536442049 52063526355.603806 53
1757536442522 82067187100.7696 54
1757536442988 1930605192.0871806 55
1757536443464 103901377531.96144 56
1757536443936 67861925901.97823 57
1757536444411 3377775839.2021 58
1757536444895 324167370.2554175 59
1757536445371 34580211534.484184 60
1757536445862 41220336908.968834 61
1757536446335 10798606839.752892 62
1757536446808 188267662.87232298 63
1757536447287 25677035323.60848 64
1757536447762 51714069647.882706 65
1757536448239 3133422245.3324194 66
1757536448724 137626060335.25256 67
1757536480875 83336507027.96773 68
1757536481370 473694246.2839196 69
1757536481846 1605319920910.4937 70
1757536482317 127028513386.79492 71
1757536482792 9882340920.584906 72
1757536483261 53862288536.51896 73
1757536483734 36608771424.24783 74
1757536484209 9938801642171.637 75
1757536484686 123689950247.15695 76
1757536485155 75042920112.65799 77
1757536485625 45657282560.33192 78
1757536486099 252219289932.21237 79
1757536486571 187425273.2322558 80
1757536487039 48282786429.1156 81
1757536487508 1394345885.7555506 82
1757536487974 3117651849.3567348 83
1757536488450 676148097373.2777 84
1757536488918 21720713226.342262 85
1757536489398 40291112843.402534 86
1757536489870 1485950939595.2625 87
1757536490343 418547561206.5685 88
1757536490806 5792396110222.821 89
1757536491281 68503314126.0376 90
1757536491752 109918476402.22337 91
1757536492222 1995796696.3418672 92
1757536492696 62318624361.9922 93
1757536493179 165355215101.13803 94
1757536493647 41279660597.0412 95
1757536494118 15078203230.388645 96
1757536494590 17988668.07820497 97
1757536495063 139256983526.5602 98
1757536495536 171708615578.8111 99
1757536496018 144412485969.83386 100
1757536496495 33345888948.600056 101
1757536496962 89151049648.65536 102
1757536497424 10533228653354.416 103
1757536497899 62479572.2897558 104
1757536498377 12612657661.0565 105
1757536498839 12079483136.785133 106
1757536499330 129835463.74402143 107
1757536499801 98615733244.46838 108
1757536500287 90488975655.37346 109
1757536500756 480738600265.2894 110
1757536501226 80805793730.73216 111
1757536501696 47427961506.26471 112
1757536502165 33720988644.83792 113
1757536502653 1164222375.9764802 114
1757536503127 55105268914.190216 115
1757536503606 20037752299.241093 116
1757536504078 4908632026.533615 117
1757536504555 1066535698.4505278 118
1757536505026 46130415806.319496 119
1757536505503 35893642967.89875 120
1757536506001 1174107169104.7761 121
1757536506475 5084946946.731515 122
1757536506949 196292068292.48663 123
1757536507435 9203656345.962559 124
1757536507906 512253616918.89575 125
1757536508389 1222213049.243144 126
1757536508857 47367696561.546875 127
1757536509334 14617486609.428204 128
1757536509817 4303056949.760718 129
1757536510294 57570379534.35906 130
1757536510772 52790376708.92974 131
1757536511239 21565349500.29761 132
1757536511717 43577638936.28621 133
1757536512209 43389431159.65411 134
1757536512728 204909982719.51028 135
1757536513206 29419462063.821 136
1757536513685 19454105368.165905 137
1757536514160 4375206761.538938 138
1757536514632 115533528351.98291 139
1757536515100 127839617942.52072 140
1757536515583 28093409600.780457 141
1757536516063 34467026235.67285 142
1757536516541 7957844955.364388 143
1757536517008 88998156688.04094 144
1757536517486 58806201413.69384 145
1757536517955 54152302002.9267 146
1757536518428 79929095518.66454 147
1757536518903 99582710200.50714 148
1757536519370 7640329589.229603 149
1757536519848 4399066837.857379 150
1757536520311 56409138532.40692 151
1757536520785 3309001316.0691867 152
1757536521258 89307470.70183136 153
1757536521741 123007357421.55304 154
1757536522223 452959918.1026485 155
1757536522697 23931772097.75564 156
1757536523181 31614208789.23823 157
1757536523665 158510949743.43512 158
1757536524133 95154661.7067087 159
1757536524606 56643695570.98592 160
1757536525083 2563536247.5411053 161
1757536525570 12543196139.387655 162
1757536526042 22352484341.69731 163
1757536526510 59575442500.94388 164
1757536526979 1144399390.473747 165
1757536527441 5982156995.926545 166
1757536527901 253029017616.62335 167
1757536528378 156226250330.9521 168
1757536528846 994374734676.1927 169
1757536529316 177116171284.17252 170
1757536529796 523043140857.42126 171
1757536530272 349398919.27308685 172
1757536530737 125515836508.81479 173
1757536531206 65924786432.01281 174
1757536531678 23249060229.370365 175
1757536532151 9548888026.386986 176
1757536532633 7302505327.045629 177
1757536533111 1270414406.5166507 178
1757536533587 9739444253.849247 179
1757536534076 51808823615.35812 180
1757536534552 7377285485.086097 181
1757536535021 50231671064.69337 182
1757536535496 368919316762.46936 183
1757536535970 42918472778.84047 184
1757536536441 25032394649.778824 185
1757536536917 20525819204.56729 186
1757536537391 7296897259.21454 187
1757536537883 307555063545.7988 188
1757536538356 38862230076.81261 189
1757536538826 34106569229.164368 190
1757536539305 9510640508.337465 191
1757536539775 46693525692.80871 192
1757536540245 1716216089.4881012 193
1757536540712 73434418585.13876 194
1757536541181 10429545336.587673 195
1757536541644 54570585029.738815 196
1757536542111 57311404036.40559 197
1757536542578 587291072381.0433 198
1757536543049 31706820239.15236 199
1757536543519 209584307986.17514 200
1757536543989 3108283515.616247 201
1757536544484 61767829857.865135 202
1757536544945 42856382377.822075 203
1757536545418 260046000373.48392 204
1757536545896 14250451196.468273 205
1757536546360 70167955025.50099 206
1757536546835 10685260164.449966 207
1757536547311 4800538392.636686 208
1757536547792 1225047507.7144687 209
1757536548269 18088410977.287506 210
1757536548743 79104758320.12279 211
1757536549215 77354020914.32088 212
1757536549697 29327261093.124393 213
1757536550178 454387351.721228 214
1757536550663 25591687516.29071 215
1757536551141 116996786953.0555 216
1757536551619 3734784207.259472 217
1757536552091 402493774864.0384 218
1757536552548 7143874962.74449 219
1757536553015 6024975092.320837 220
1757536553483 164755936131.4713 221
1757536553944 1487499759.2889533 222
1757536554422 19781965678.23883 223
1757536554902 1734514668.457617 224
1757536555371 108811614366.20337 225
1757536555858 31656911988.53949 226
1757536556323 7031522548.431346 227
1757536556789 98997492438.25047 228
1757536557247 154328907552.38412 229
1757536557715 62572356078.14217 230
1757536558185 116633091907.92622 231
1757536558659 89488792815.73189 232
1757536559125 6549105577.184749 233
1757536559598 534019149354.7973 234
1757536560074 874183196.3276553 235
1757536560548 336369224724.9075 236
1757536561008 349738458.2225372 237
1757536561481 727139204149.6339 238
1757536561956 192992536584.20145 239
1757536562412 25456219103.487602 240
1757536562883 43297060292.35591 241
1757536563366 1242154364.863728 242
1757536563841 119513967636.38742 243
1757536564324 244051198204.39572 244
1757536564786 478974064478.3988 245
1757536565278 26239522861.3701 246
1757536565773 44264473.7222891 247
1757536566245 397489941299.24927 248
1757536566709 13902295219.504562 249
1757536567180 50928477492.314255 250
1757536567646 20256177757.665813 251
1757536568113 41065936253.0404 252
1757536568587 31388440.695867043 253
1757536569058 304696.6396765035 254
1757536569518 56776676.994351745 255
1757536569974 19556195.171770938 256
1757536570444 7944185795.072109 257
1757536570913 35542369353.046684 258
1757536571384 2771507852.547833 259
1757536571849 424060807.22278094 260
1757536572313 736886784.4266618 261
1757536572778 6078588415.667674 262
1757536573239 30521196.186216887 263
1757536573720 18191161388.591007 264
1757536574194 383076775636.5297 265
1757536574672 6676765689.991057 266
1757536575136 82948707716.64894 267
1757536575628 80242510753.43086 268
1757536576122 179877370113.74823 269
1757536576605 277930775996.6799 270
1757536577085 112347091233.1027 271
1757536577557 3498627392.8950963 272
1757536578029 11017533847.86555 273
1757536578486 205130660937.48434 274
1757536578952 34118991922.360924 275
1757536579422 1821736226.9491544 276
1757536579902 140346973746.13123 277
1757536580363 68595137290.44447 278
1757536580828 554179879065.9518 279
1757536581304 1516593686095.0627 280
1757536581770 1993347219.3112693 281
1757536582240 17078773498.913525 282
1757536582714 21388882613.305504 283
1757536583186 1794.442659013797 284
1757536583661 31092559777.870987 285
1757536584137 8965847.160660861 286
1757536584605 490068824171.596 287
1757536585085 20901814073.03694 288
1757536585562 8060545313.013179 289
1757536586035 29168195315.37009 290
1757536586514 82600918029.54543 291
1757536587003 62436302480.27746 292
1757536587482 341261268.4997759 293
1757536587958 56300801880.37891 294
1757536588444 12043242475.459562 295
1757536588930 66192071194.60502 296
1757536589403 147479244285.85382 297
1757536589881 323961179714.35944 298
1757536590357 64071826877.36792 299
1757536590828 26660440278.691425 300
1757536591302 1483385.377582184 301
1757536591763 1999313871.6984284 302
1757536592233 11242916525.659508 303
1757536592696 15586019048.182392 304
1757536593158 4069627221.633301 305
1757536593629 79303129088.59665 306
1757536594089 616881009158.6498 307
1757536594556 326982589.30812323 308
1757536595027 195383208.89497504 309
1757536595497 42840114810.19277 310
1757536595981 31543278.42976999 311
1757536596446 271750.32497756416 312
1757536596916 33382449919.210148 313
1757536597378 6136076299.56091 314
1757536597867 53304161280.68135 315
1757536598354 995938662.207977 316
1757536598827 11761264866.380905 317
1757536599303 64124721235.56368 318
1757536599783 9296768152.149876 319
1757536600264 1634275099.9873505 320
1757536600738 19984490679.710793 321
1757536601210 4400883881.671552 322
1757536601677 191666687096.35782 323
1757536602153 26021730239.848843 324
1757536602621 152805336197.89255 325
1757536603098 888852652.0583458 326
1757536603571 2681428997542.0864 327
1757536604038 480864926348.7889 328
1757536604514 441635784029.99414 329
1757536604989 1240778097942.8218 330
1757536605461 619222446.8234584 331
1757536605950 48964517823.90774 332
1757536606423 3911346013.9270372 333
1757536606902 598250315.4734844 334
1757536607373 178478246527.18893 335
1757536607848 72452424848.89262 336
1757536608337 184203158550.03336 337
1757536608821 255922048986.26465 338
1757536609310 545001033507.0549 339
1757536609792 45136217877.74055 340
1757536610252 5634541145.691244 341
1757536610726 93566513830.63568 342
1757536611211 132512757325.85829 343
1757536611681 77181915352.672 344
1757536612162 31647489831.91913 345
1757536612636 95092861338.79417 346
1757536613105 81761113319.7621 347
1757536613572 38998174675.03991 348
1757536614041 255833838310.08102 349
1757536614511 16181430379.503819 350
1757536614996 620571417165.4156 351
1757536615466 82807037467.95824 352
1757536615943 6434716201.655614 353
1757536616414 61878850568.41147 354
1757536616879 842457057.8277415 355
1757536617353 22074630486.780827 356
1757536617821 559452925.8352569 357
1757536618305 39850620322.29473 358
1757536618775 127612133206.94637 359
1757536619251 100825449736.91513 360
1757536619758 71730550.18495914 361
1757536620233 26653979602.95259 362
1757536620717 3027865996.248457 363
1757536621188 1157086032.1593068 364
1757536621661 157218796274.86917 365
1757536622131 13045351206.397526 366
1757536622606 165270885281.59637 367
1757536623086 8910410814.182821 368
1757536623565 1292521993801.2026 369
1757536624045 7385003826.63017 370
1757536624536 2729891737.9409823 371
1757536625006 32739824254.286842 372
1757536625486 26241955004.33602 373
1757536625966 19945724693.11967 374
1757536626449 5733333293.586356 375
1757536626917 74340340657.36723 376
1757536627389 47296829775.61402 377
1757536627874 163348602333.11316 378
1757536628349 173650404664.21448 379
1757536628822 119641142650.9342 380
1757536629296 41621454881.83171 381
1757536629779 6677654659.42982 382
1757536630247 280197399372.1167 383
1757536630734 353201232774.7794 384
1757536631214 794672016801.1975 385
1757536631692 571197812465.6229 386
1757536632164 58613263803.59198 387
1757536632647 37889285017.55173 388
1757536633116 265015174.80242825 389
1757536633594 25676164713.0741 390
1757536634058 31615029479.668156 391
1757536634546 148315745442.24283 392
1757536635027 43788453283.13946 393
1757536635504 319587722300.657 394
1757536635980 1175197262.601121 395
1757536636451 28604049006.547142 396
1757536636927 66175384297.46778 397
1757536668887 72102400382.27348 398
1757536669394 62276488442.4627 399
1757536669895 44107216169.973976 400
1757536670371 178421691466.6935 401
1757536670860 14317250538.936945 402
1757536671335 314723804910.16565 403
1757536671822 385820493.6030993 404
1757536672323 70444703823.48044 405
1757536672812 1279105889.6623976 406
1757536673283 43875776297.38092 407
1757536673766 337980411627.0275 408
1757536674261 31586209325.091915 409
1757536674737 3303192742.000806 410
1757536675213 97274906263.2617 411
1757536675713 3338970934.8416004 412
1757536676183 1823691628501.285 413
1757536676673 5448632774.564944 414
