1757586638098 1019579970236.57 0
1757586638159 4126654801078.8857 1
1757586638220 1.3016589878295148e+16 2
1757586638281 5.271919393182923e+19 3
1757586638340 2.135256997392128e+23 4
1757586638403 8.648315974913584e+26 5
1757586638463 3.502780662626675e+30 6
1757586638523 1.4187123141732766e+34 7
1757586638583 5.746133784116446e+37 8
1757586638646 2.327325500392581e+41 9
1757586638713 9.426240648537973e+44 10
1757586638779 3.8178592873734894e+48 11
1757586638841 1.5463269060974785e+52 12
1757586638908 6.263004266367241e+55 13
1757586638969 2.5366707573839243e+59 14
1757586639032 1.0274140424782236e+63 15
1757586639105 4.161279549617497e+66 16
1757586639165 1.6854205582295046e+70 17
1757586639226 6.826367765568087e+73 18
1757586639294 2.7648468296683484e+77 19
1757586639358 1.1198309634129343e+81 20
1757586639421 4.53559080800423e+84 21
1757586639487 1.837025823518583e+88 22
1757586639547 7.440406375104753e+91 23
1757586639606 3.013547567919607e+95 24
1757586639666 1.2205608788386014e+99 25
1757586639730 4.943571738539745e+102 26
1757586639791 2.002268134084655e+106 27
1757586639857 8.10967837184672e+109 28
1757586639924 3.284619186374059e+113 29
1757586639984 1.3303515509259102e+117 30
1757586640045 5.388250961916583e+120 31
1757586640105 2.1823741557927493e+124 32
1757586640166 8.839152054228032e+127 33
1757586640227 3.580073968085579e+131 34
1757586640288 1.4500180038008633e+135 35
1757586640349 5.872929526288432e+138 36
1757586640409 2.3786808943295907e+142 37
1757586640469 9.634242624097075e+145 38
1757586640529 3.902105202981796e+149 39
1757586640590 1.580448573824933e+153 40
1757586640651 6.4012054123926694e+156 41
1757586640713 2.5926456203809446e+160 42
1757586640774 1.0500852386125784e+164 43
1757586640834 4.253103469613467e+167 44
1757586640896 1.72261150410399e+171 45
1757586640962 6.9770002429334126e+174 46
1757586641023 2.8258566875885842e+178 47
1757586641085 1.1445414563195895e+182 48
1757586641146 4.635674381463479e+185 49
1757586641206 1.8775621321798874e+189 50
1757586641271 7.604588394500159e+192 51
1757586641335 3.0800453235933645e+196 52
1757586641402 1.2474941053023143e+200 53
1757586641472 5.052657929554163e+203 54
1757586641535 2.0464507242621293e+207 55
1757586641598 8.288628728132658e+210 56
1757586641660 3.35709848169431e+214 57
1757586641725 1.3597074480537473e+218 58
1757586641789 5.507149564941421e+221 59
1757586641850 2.2305310141564813e+225 60
1757586641911 9.034199174081932e+228 61
1757586641973 3.659072848527393e+232 62
1757586642034 1.4820144932426712e+236 63
1757586642095 6.0025231776002115e+239 64
1757586642155 2.431169510278734e+243 65
1757586642215 9.846834427504832e+246 66
1757586642276 3.988210111748968e+250 67
1757586642336 1.615323179500971e+254 68
1757586642397 6.542456142284021e+257 69
1757586642459 2.649855639843751e+261 70
1757586642534 1.0732567034924582e+265 71
1757586642595 4.346953601062659e+268 72
1757586642659 1.7606231154487626e+272 73
1757586642749 7.130956617284174e+275 74
1757586642836 2.88821280553435e+279 75
1757586642923 1.1697972176458933e+283 76
1757586643011 4.73796642612316e+286 77
1757586643089 1.9189929259915193e+290 78
1757586643157 7.772393298740037e+293 79
1757586643230 3.1480104367287284e+297 80
1757586643302 1.27502164762551e+301 81
1757586643365 inf 82
1757586643434 inf 83
