1757531494744 90153688759.15704 0
1757531494800 250152441436.19562 1
1757531494854 253974467393.34818 2
1757531494912 218394998039.32227 3
1757531494969 124350883377.96838 4
1757531495028 183024131586.31757 5
1757531495084 238438538298.99002 6
1757531495140 472366186750.414 7
1757531495195 150748939949.03482 8
1757531495251 120844704217.11572 9
1757531495306 150941610482.45853 10
1757531495362 96813217930.95628 11
1757531495419 87936135264.38959 12
1757531495477 234458006866.78653 13
1757531495533 110809820228.3054 14
1757531495590 184846309872.49515 15
1757531495646 326373154879.88947 16
1757531495703 224455985647.09897 17
1757531495760 170078257777.06943 18
1757531495816 145240482135.34116 19
1757531495872 66774936272.169685 20
1757531495931 154925380540.0949 21
1757531495986 374612732851.6658 22
1757531496043 83578691607.89232 23
1757531496098 274591816509.7252 24
1757531496153 456045689783.3148 25
1757531496209 318759260863.37787 26
1757531496278 209517354705.43024 27
1757531496334 72799282013.05994 28
1757531496389 343720027444.00415 29
1757531496444 131032830875.22673 30
1757531496501 171896034377.72095 31
1757531496557 241740764099.77408 32
1757531496613 284106829129.3604 33
1757531496669 250772194506.31894 34
1757531496724 128242875900.58623 35
1757531496783 72530647495.68468 36
1757531496841 495320212582.80035 37
1757531496897 227077889988.0725 38
1757531496953 263401292139.52832 39
1757531497009 147763151185.0753 40
1757531497066 469595732701.15454 41
1757531497122 238592231560.8957 42
1757531497178 100375288514.77869 43
1757531497233 335178251142.54956 44
1757531497289 325623740610.9733 45
1757531497346 60608328061.0532 46
1757531497401 95771593242.19359 47
1757531497456 583807604351.3954 48
1757531497513 120852544994.961 49
1757531497568 447972859341.68445 50
1757531497623 458806481118.7382 51
1757531497678 91127421411.48344 52
1757531497734 463734882780.3109 53
1757531497790 373177930955.86536 54
1757531497846 168120471900.66113 55
1757531497904 411105398648.8027 56
1757531497960 405788351827.42487 57
1757531498017 415057189193.0377 58
1757531498073 497068430259.85986 59
1757531498129 202307570070.4507 60
1757531498185 326046300365.04034 61
1757531498241 148490287010.90445 62
1757531498299 238095778159.0289 63
1757531498358 306180378244.59344 64
1757531498414 104315745748.1654 65
1757531498470 225201308600.36597 66
1757531498528 118244282966.86916 67
1757531498585 193454208511.2625 68
1757531498648 120523550900.75096 69
1757531498725 86581449027.25157 70
1757531498791 270074252542.1632 71
1757531498850 131443108413.01176 72
1757531498910 334926206424.3653 73
1757531498970 47865790232.70215 74
1757531499025 132795383843.3038 75
1757531499079 250912861176.90244 76
1757531499135 235729136271.7626 77
1757531499191 304854870662.9448 78
1757531499249 234181742315.8543 79
1757531499309 384864532368.388 80
1757531499366 217955072657.18573 81
1757531499423 265522579829.43356 82
1757531499479 325118186278.3835 83
1757531499537 48127693552.18664 84
1757531499598 242082670814.56155 85
1757531499655 208859276457.57516 86
1757531499713 170756323467.1892 87
1757531499770 191932371647.86856 88
1757531499827 121043225491.76393 89
1757531499886 187701628340.34955 90
1757531499943 286705124207.9837 91
1757531500000 116443042091.40553 92
1757531500057 288611328852.23456 93
1757531500115 427959958497.271 94
1757531500178 383554018713.9748 95
1757531500238 125757734722.18745 96
1757531500295 403938247935.8221 97
1757531500353 488169682181.6168 98
1757531500411 450133584253.0881 99
1757531500469 79354670113.3694 100
1757531500527 117683985514.2129 101
1757531500586 449850634517.3717 102
1757531500644 183064643770.22122 103
1757531500704 189614816196.4427 104
1757531500764 172393241095.10522 105
1757531500825 349338879397.93896 106
1757531500887 325370301061.75885 107
1757531500954 96503072411.76839 108
1757531501013 224368930515.01617 109
1757531501071 332090261986.6058 110
1757531501129 197139512722.6936 111
1757531501188 217615304115.63495 112
1757531501246 281199554521.98553 113
1757531501303 111505670402.5573 114
1757531501359 99276097398.02144 115
1757531501417 227857489407.21713 116
1757531501476 267272096246.30316 117
1757531501538 265141611158.02997 118
1757531501614 101721809816.13258 119
1757531501677 295824437374.01605 120
1757531501740 205115312765.5953 121
1757531501801 206098609155.38986 122
1757531501862 254515309147.01962 123
1757531501918 537617118985.2226 124
1757531501976 117092079911.01881 125
1757531502034 300319164248.2046 126
1757531502094 140878790209.04358 127
1757531502152 289012040791.6973 128
1757531502210 369058855646.0945 129
1757531502268 831809647635.8202 130
1757531502326 128748623871.15337 131
1757531502384 191358562762.68988 132
1757531502441 93368109181.68724 133
1757531502499 268058717987.41754 134
1757531502558 250636713544.92596 135
1757531502616 111450880566.48439 136
1757531502673 283494227562.1063 137
1757531502732 111105889784.55524 138
1757531502791 146007980704.25238 139
1757531502850 299030252644.009 140
1757531502908 170672750806.5131 141
1757531502967 260988487750.9069 142
1757531503027 75433590861.17453 143
1757531503089 1420689674242.9531 144
1757531503148 479634105275.43463 145
1757531503206 94762531006.80936 146
1757531503264 381408738826.5838 147
1757531503324 243818579627.6212 148
1757531503382 122478616662.58543 149
1757531503439 148575603883.9558 150
1757531503498 1361044279905.6182 151
1757531503563 376313852553.5606 152
1757531503628 135432351963.35774 153
1757531503687 125092189402.83142 154
1757531503746 216506114501.7166 155
1757531503804 251891601961.9565 156
1757531503862 324879045832.70746 157
1757531503922 404253440655.47174 158
1757531503982 158867339922.60004 159
1757531504042 310598358222.47217 160
1757531504106 133972728416.33887 161
1757531504168 306305816837.17694 162
1757531504229 320350004522.71 163
1757531504288 360766628410.5785 164
1757531504348 114058549935.29124 165
1757531504406 160807619225.7129 166
1757531504465 478870130703.0618 167
1757531504523 69229789967.82877 168
1757531504581 99090481836.99326 169
1757531504639 207171939163.00867 170
1757531504698 207457405817.2282 171
1757531504757 133157330944.04765 172
1757531504818 362614400807.59717 173
1757531504875 96586919474.33795 174
1757531504933 104586289510.51926 175
1757531504991 288886811298.841 176
1757531505049 259471115087.25333 177
1757531505112 377871592507.3691 178
1757531505174 294579635708.4506 179
1757531505231 89474078214.3076 180
1757531505289 354006793933.5899 181
1757531505348 509972182566.7072 182
1757531505407 295103600120.55383 183
1757531505466 95860080057.1517 184
1757531505523 219164189568.48602 185
1757531505581 139911769046.1168 186
1757531505640 75914563872.22845 187
1757531505702 293142651627.6816 188
1757531505761 756070106173.5845 189
1757531505819 181280851454.72235 190
1757531505878 91734485133.1465 191
1757531505937 333080013964.0746 192
1757531505997 248871440091.0101 193
1757531506055 351924449648.5546 194
1757531506114 217912910470.5541 195
1757531506174 437931734341.0462 196
1757531506248 220395103980.02267 197
1757531506308 210859671807.53995 198
1757531506367 233785353021.652 199
1757531506426 154486607936.59122 200
1757531506486 269120545282.5164 201
1757531506546 166533398802.46704 202
1757531506608 191374681974.61346 203
1757531506668 136871960412.75674 204
1757531506729 148873080935.001 205
1757531506789 172363906692.1316 206
1757531506849 471207076081.4998 207
1757531506907 198392715161.8021 208
1757531506971 333312014520.201 209
1757531507029 135621880579.7034 210
1757531507089 291332764889.013 211
1757531507148 198261642036.3874 212
1757531507209 478101735399.01495 213
1757531507268 136593467455.79764 214
1757531507328 114055353425.21846 215
1757531507387 160875596159.4596 216
1757531507446 141840901044.98044 217
1757531507504 181586709454.99026 218
1757531507563 138441951628.4431 219
1757531507624 48842720892.42021 220
1757531507683 316473143122.3347 221
1757531507743 164564323808.62308 222
1757531507802 159097141249.70776 223
1757531507861 293740679792.28455 224
1757531507919 506715660834.57056 225
1757531507979 287488410256.5219 226
1757531508038 75623695828.87662 227
1757531508098 140999159776.0814 228
1757531508156 144036755069.07474 229
1757531508215 150532349239.9286 230
1757531508274 280746563052.71356 231
1757531508337 220805814657.117 232
1757531508396 167157670896.2063 233
1757531508455 111113381491.65576 234
1757531508515 405986372155.54486 235
1757531508573 169076209942.28085 236
1757531508634 141385896786.01028 237
1757531508692 374704514932.1112 238
1757531508753 161963009710.6768 239
1757531508814 291736756366.34125 240
1757531508874 200881379288.53986 241
1757531508948 342237444059.7543 242
1757531509010 144361188194.99146 243
1757531509071 321255132824.55334 244
1757531509131 116369022099.3648 245
1757531509190 580477797479.4893 246
1757531509249 200946339341.51086 247
1757531509311 229737615257.56467 248
1757531509372 114413368256.25124 249
1757531509433 185955005510.9551 250
1757531509492 385467637174.40076 251
1757531509551 124296702239.07568 252
1757531509610 240804404526.37833 253
1757531509674 147919742905.93835 254
1757531509737 537724661006.21204 255
1757531509796 219173897358.20984 256
1757531509857 352624231745.2982 257
1757531509920 292747738241.7649 258
1757531509980 151942233073.32938 259
1757531510041 136522124488.0435 260
1757531510101 262991964050.72556 261
1757531510161 94119764738.34636 262
1757531510221 609955399866.4923 263
1757531510279 530492047911.8496 264
1757531510340 391748555377.74255 265
1757531510399 313026914246.63074 266
1757531510458 180589573387.50412 267
1757531510516 70245446042.41371 268
1757531510575 319872731233.96564 269
1757531510633 135696833315.04836 270
1757531510692 203779025785.44043 271
1757531510750 260482950557.60678 272
1757531510809 106714772813.70097 273
1757531510867 410393049966.5052 274
1757531510926 110261436987.06255 275
1757531510987 250878699676.8712 276
1757531511047 104059240921.4871 277
1757531511105 246069066998.86502 278
1757531511163 352096908146.78357 279
1757531511224 151461745702.74548 280
1757531511283 192550915026.11923 281
1757531511341 234616295025.76453 282
1757531511404 444585281446.9718 283
1757531511464 110344570255.59254 284
1757531511526 132580310054.18446 285
1757531511608 244995636089.9337 286
1757531511671 380262255608.3731 287
1757531511730 118932978678.44923 288
1757531511791 252053049773.22714 289
1757531511851 228471528188.67212 290
1757531511911 47906413096.68661 291
1757531511970 129494447759.40355 292
1757531512030 237633949708.63226 293
1757531512089 156808982835.15958 294
1757531512149 144483797287.91507 295
1757531512208 240858592523.295 296
1757531512269 246074393166.3327 297
1757531512329 403030773271.6269 298
1757531512389 72450359695.19485 299
1757531512450 235042308325.68195 300
1757531512509 110090546398.9203 301
1757531512569 113210375935.94775 302
1757531512629 150165963502.38113 303
1757531512688 106665653936.46724 304
1757531512748 1187834994941.9019 305
1757531512809 296299513758.3383 306
1757531512868 184198860986.0377 307
1757531512928 421772511467.301 308
1757531512986 101382810169.66833 309
1757531513051 64745059590.29229 310
1757531513112 503017013200.2878 311
1757531513172 302025675279.19415 312
1757531513231 244690529288.0065 313
1757531513290 203171144753.62314 314
1757531513350 184872263079.6007 315
1757531513408 338476978394.7738 316
1757531513470 347369071538.3716 317
1757531513533 554119053681.8995 318
1757531513592 97978917241.46896 319
1757531513652 93760434699.32706 320
1757531513712 300313371236.77997 321
1757531513774 123497177090.57921 322
1757531513833 84140796151.23062 323
1757531513893 569791895920.7328 324
1757531513953 127009549409.7756 325
1757531514012 347737425729.4299 326
1757531514074 529920629460.64996 327
1757531514140 516420743665.5184 328
1757531514205 195195991684.48056 329
1757531514265 207193950400.1747 330
1757531514336 174405652438.5682 331
1757531514396 574812547274.1481 332
1757531514458 161957430105.43384 333
1757531514517 223579431651.49173 334
1757531514579 749105483182.662 335
1757531514641 212072072157.41278 336
1757531514702 391354456932.97876 337
1757531514763 86973711712.97986 338
1757531514822 183211531747.084 339
1757531514882 139353841826.23206 340
1757531514943 278116693323.15405 341
1757531515005 155316087950.00424 342
1757531515066 675428302040.9125 343
1757531515126 346351100831.78143 344
1757531515187 199940544138.06693 345
1757531515246 286021861359.2392 346
1757531515306 283834550669.1451 347
1757531515366 334154105057.42206 348
1757531515428 208554920152.6279 349
1757531515489 312226225514.98 350
1757531515551 575190964018.4036 351
1757531515615 330858390627.92163 352
1757531515676 156543710441.5975 353
1757531515738 646657165577.7607 354
1757531515798 208803471339.32657 355
1757531515859 420950033653.3613 356
1757531515920 83508359246.80707 357
1757531515980 162895188419.22064 358
1757531516039 118112692864.36288 359
1757531516102 73780667179.0458 360
1757531516161 275704249600.22314 361
1757531516221 165796882819.51114 362
1757531516281 852157088735.6907 363
1757531516340 394944755906.5013 364
1757531516400 447412433765.86115 365
1757531516460 260596578062.16147 366
1757531516524 148981712875.61115 367
1757531516584 152183101923.7 368
1757531516644 115369290277.92996 369
1757531516704 347947797975.5957 370
1757531516765 140404030274.48 371
1757531516824 351489558328.2869 372
1757531516884 63734130318.65817 373
1757531516958 486181829133.8883 374
1757531517019 90464658807.35121 375
1757531517081 130576269326.76991 376
1757531517143 145829909952.17932 377
1757531517204 182628805513.1878 378
1757531517264 117546931657.46095 379
1757531517324 362397911911.4673 380
1757531517385 182154926767.93735 381
1757531517446 196959518669.48795 382
1757531517508 126549726460.89644 383
1757531517569 416586219132.3895 384
1757531517631 193524103831.88467 385
1757531517695 379924743017.04755 386
1757531517756 117094590100.67245 387
1757531517816 188466378213.3709 388
1757531517877 120671465551.86002 389
1757531517938 255901619275.504 390
1757531518004 494339236478.1993 391
1757531518066 167666989293.81046 392
1757531518128 502990753173.089 393
1757531518190 187922140630.97464 394
1757531518251 62934451592.65074 395
1757531518311 122906407809.16277 396
1757531518372 324526142780.40955 397
1757531518433 271690605673.3383 398
1757531518494 268568627845.10764 399
1757531518556 157019223317.53098 400
1757531518618 636682527788.3507 401
1757531518679 318791114932.5434 402
1757531518741 324255141206.62396 403
1757531518804 360169896700.3456 404
1757531518866 410213451819.1666 405
1757531518928 332930708252.3804 406
1757531518990 227849355635.7153 407
1757531519052 309785249083.8946 408
1757531519113 289572558625.9287 409
1757531519175 240790748870.05737 410
1757531519239 256940504251.51587 411
1757531519304 178490312592.40097 412
1757531519366 122263279086.29042 413
1757531519428 338758384802.08636 414
1757531519489 107467996035.69595 415
1757531519551 250259495154.1873 416
1757531519624 209693029102.97568 417
1757531519688 194743560843.95593 418
1757531519752 85481417990.52153 419
1757531519814 109530198151.37555 420
1757531519874 113184953406.9164 421
1757531519936 427836993847.0987 422
1757531519998 435840071552.0208 423
1757531520062 176214469648.01788 424
1757531520123 232755082708.9337 425
1757531520185 127024016974.27647 426
1757531520246 342188298638.05585 427
1757531520306 267572091520.32388 428
1757531520367 104116404268.12555 429
1757531520428 96193679139.65456 430
1757531520490 59398428519.86893 431
1757531520552 130921973986.77312 432
1757531520616 109711500002.86008 433
1757531520680 100594843491.84981 434
1757531520743 273346502954.75735 435
1757531520806 77941660942.66862 436
1757531520868 345556461663.16486 437
1757531520931 269192210418.21017 438
1757531520992 70470832331.19925 439
1757531521054 338378787749.0393 440
1757531521117 203213296656.21115 441
1757531521179 329725084578.1278 442
1757531521241 256321319468.43356 443
1757531521304 258474152096.84253 444
1757531521366 219499913771.79272 445
1757531521428 264916720747.67145 446
1757531521492 615046490372.9011 447
1757531521559 162288556717.1696 448
1757531521631 339060149520.3933 449
1757531521695 74124216631.64923 450
1757531521756 181723022749.92612 451
1757531521821 538263313135.1732 452
1757531521887 130535402929.29779 453
1757531521949 624902756747.4698 454
1757531522010 310570740709.6309 455
1757531522072 257301574016.10318 456
1757531522136 242058327172.54123 457
1757531522199 385694931648.18726 458
1757531522264 103579035503.77353 459
1757531522331 417176050701.853 460
1757531522394 294075803820.0737 461
1757531522456 283153820626.2457 462
1757531522519 251487544809.4259 463
1757531522581 504059191653.73737 464
1757531522644 149992195343.44574 465
1757531522706 113434946967.36555 466
1757531522768 175266408637.28488 467
1757531522830 130749287485.22075 468
1757531522893 276001769446.67676 469
1757531522956 458649108114.25867 470
1757531523021 125408564814.09317 471
1757531523086 574927393194.7832 472
1757531523149 130853258251.30583 473
1757531523211 262489091541.74374 474
1757531523275 157088876934.10773 475
1757531523337 271787781003.2982 476
1757531523403 396029543500.0402 477
1757531523465 464561054977.2443 478
1757531523527 365577194472.1807 479
1757531523591 310994854653.32916 480
1757531523654 187399403575.64322 481
1757531523717 92852534555.0948 482
1757531523779 100433536880.24692 483
1757531523842 317356611442.0305 484
1757531523907 85805630148.11664 485
1757531523972 176652374682.33832 486
1757531524035 302215544743.76794 487
1757531524101 288435004751.402 488
1757531524169 257951038172.75897 489
1757531524235 75159477443.94331 490
1757531524297 350888992891.3821 491
1757531524359 313761028782.93225 492
1757531524422 263796893139.3357 493
1757531524486 400985028806.5683 494
1757531524548 450264305526.66455 495
1757531524611 302885532501.9479 496
1757531524675 246222191728.15042 497
1757531524737 325228116697.74194 498
1757531524800 157629995292.9743 499
