1757569688171 1053300496920.496 0
1757569688233 825693207837.4851 1
1757569688293 990315610744.3772 2
1757569688363 7949065312299.746 3
1757569688423 161245522240365.06 4
1757569688486 3489446856523939.5 5
1757569688560 7.571458586498294e+16 6
1757569688621 1.6430453849642435e+18 7
1757569688688 3.565509066690494e+19 8
1757569688752 7.737374392205148e+20 9
1757569688816 1.6790579389916753e+22 10
1757569688878 3.6436592310732686e+23 11
1757569688941 7.906965140849986e+24 12
1757569689007 1.7158601771758654e+26 13
1757569689068 3.723522356781834e+27 14
1757569689134 8.08027304664593e+28 15
1757569689198 1.7534690610744515e+30 16
1757569689265 3.805135953198414e+31 17
1757569689340 8.257379581850789e+32 18
1757569689403 1.79190227096758e+34 19
1757569689465 3.888538387839355e+35 20
1757569689529 8.438368006272728e+36 21
1757569689594 1.831177874750325e+38 22
1757569689658 3.973768869149195e+39 23
1757569689719 8.623323404654141e+40 24
1757569689783 1.871314336336253e+42 25
1757569689843 4.060867464958584e+43 26
1757569689905 8.812332726657414e+44 27
1757569689966 1.912330524338088e+46 28
1757569690031 4.149875121320255e+47 29
1757569690105 9.005484827741083e+48 30
1757569690169 1.9542457209380735e+50 31
1757569690248 4.240833681758301e+51 32
1757569690312 9.202870510931791e+52 33
1757569690380 1.997079630952736e+54 34
1757569690437 4.3337859069392767e+55 35
1757569690506 9.404582569511944e+56 36
1757569690569 2.0408523910963747e+58 37
1757569690636 4.428775494774484e+59 38
1757569690701 9.610715830642775e+60 39
1757569690761 2.0855845794475232e+62 40
1757569690822 4.525847100962922e+63 41
1757569690884 9.821367199943798e+64 42
1757569690946 2.1312972251229842e+66 43
1757569691008 4.625046359984311e+67 44
1757569691071 1.0036635707049146e+69 45
1757569691133 2.1780118181638196e+70 46
1757569691201 4.726419906552502e+71 47
1757569691267 1.0256622552162627e+73 48
1757569691329 2.2257503196380992e+74 49
1757569691397 4.830015397538978e+75 50
1757569691461 1.0481431153633132e+77 51
1757569691521 2.27453517196503e+78 52
1757569691579 4.935881534376851e+79 53
1757569691645 1.0711167196572578e+81 54
1757569691710 2.3243893094654e+82 55
1757569691768 5.044068085955987e+83 56
1757569691831 1.0945938682539967e+85 57
1757569691894 2.3753361691432613e+86 58
1757569691960 5.154625912019926e+87 59
1757569692022 1.1185855980313991e+89 60
1757569692084 2.4273997017039533e+90 61
1757569692146 5.267606987075693e+91 62
1757569692212 1.1431031877778817e+93 63
1757569692276 2.480604382813612e+94 64
1757569692342 5.383064424827556e+95 65
1757569692409 1.1681581634946788e+97 66
1757569692468 2.5349752246054095e+98 67
1757569692532 5.501052503146357e+99 68
1757569692595 1.1937623038143559e+101 69
1757569692664 2.590537787438104e+102 70
1757569692734 5.6216266895862145e+103 71
1757569692799 1.2199276455380846e+105 72
1757569692869 2.6473181919122396e+106 73
1757569692938 5.744843667460516e+107 74
1757569692999 1.2466664892942829e+109 75
1757569693077 2.7053431311497232e+110 76
1757569693149 5.870761362489248e+111 77
1757569693220 1.2739914053212656e+113 78
1757569693294 2.764639883342599e+114 79
1757569693361 5.999438970030704e+115 80
1757569693425 1.3019152393766828e+117 81
1757569693491 2.825236324576817e+118 82
1757569693550 6.130936982909764e+119 83
1757569693611 1.3304511187764426e+121 84
1757569693673 2.8871609419371177e+122 85
1757569693737 6.265317219856363e+123 86
1757569693805 1.3596124585660065e+125 87
1757569693865 2.9504428468991055e+126 88
1757569693930 6.402642854567143e+127 89
1757569693992 1.3894129678269803e+129 90
1757569694052 3.015111789014963e+130 91
1757569694114 6.542978445404177e+131 92
1757569694181 1.419866656121891e+133 93
1757569694246 3.081198169898948e+134 94
1757569694315 6.686389965744502e+135 95
1757569694379 1.45098784008025e+137 96
1757569694445 3.148733057519657e+138 97
1757569694509 6.832944834995142e+139 98
1757569694576 1.4827911501289686e+141 99
1757569694644 3.217748200805358e+142 100
1757569694706 6.982711950287505e+143 101
1757569694770 1.5152915373702784e+145 102
1757569694834 3.2882760445695366e+146 103
1757569694900 7.135761718866959e+147 104
1757569694970 1.548504280610443e+149 105
1757569695039 3.3603497447636304e+150 106
1757569695100 7.292166091191905e+151 107
1757569695167 1.5824449935424644e+153 108
1757569695232 3.434003184063938e+154 109
1757569695301 7.451998594758633e+155 110
1757569695361 1.6171296320862877e+157 111
1757569695422 3.5092709878003365e+158 112
1757569695492 7.615334368667385e+159 113
1757569695553 1.6525745018898547e+161 114
1757569695615 3.5861885402339934e+162 115
1757569695679 7.78225019894612e+163 116
1757569695739 1.688796265994574e+165 117
1757569695807 3.664792001191943e+166 118
1757569695873 7.952824554648553e+167 119
1757569695937 1.7258119526688068e+169 120
1757569696003 3.7451183230662346e+170 121
1757569696065 8.127137624743325e+171 122
1757569696127 1.7636389634130735e+173 123
1757569696190 3.827205268185645e+174 124
1757569696253 8.305271355811645e+175 125
1757569696318 1.802295081140643e+177 126
1757569696394 3.911091426568222e+178 127
1757569696456 8.487309490571582e+179 128
1757569696521 1.841798478537559e+181 129
1757569696584 3.9968162340629047e+182 130
1757569696652 8.673337607246281e+183 131
1757569696714 1.8821677266057847e+185 132
1757569696782 4.0844199908887353e+186 133
1757569696855 8.863443159795328e+187 134
1757569696918 1.9234218033936444e+189 135
1757569696984 4.173943880580476e+190 136
1757569697051 9.05771551902788e+191 137
1757569697113 1.965580102917643e+193 138
1757569697179 4.265429989349436e+194 139
1757569697247 9.256246014616821e+195 140
1757569697311 2.0086624442797922e+197 141
1757569697373 4.358921325868738e+198 142
1757569697442 9.45912797803407e+199 143
1757569697511 2.0526890809848334e+201 144
1757569697576 4.454461841492148e+202 145
1757569697647 9.666456786426611e+203 146
1757569697710 2.0976807104615944e+205 147
1757569697775 4.5520964509161096e+206 148
1757569697845 9.87832990745445e+207 149
1757569697909 2.1436584837931272e+209 150
1757569697978 4.651871053294683e+210 151
1757569698038 1.00948469451113e+212 152
1757569698104 2.1906440156600706e+213 153
1757569698163 4.753832553817251e+214 154
1757569698234 1.0316109686549548e+216 155
1757569698296 2.23865939450194e+217 156
1757569698361 4.8580288857591885e+218 157
1757569698422 1.0542222149931545e+220 158
1757569698490 2.2877271929011844e+221 159
1757569698559 4.964509033015887e+222 160
1757569698622 1.0773290633329856e+224 161
1757569698682 2.3378704781948123e+225 162
1757569698750 5.073323053130589e+226 163
1757569698816 1.1009423764699063e+228 164
1757569698880 2.3891128233185698e+229 165
1757569698946 5.1845221008270095e+230 166
1757569699021 1.1250732552942969e+232 167
1757569699083 2.4414783178889194e+233 168
1757569699148 5.298158452057839e+234 169
1757569699212 1.1497330440101431e+236 170
1757569699282 2.49499157952779e+237 171
1757569699354 5.414285528580195e+238 172
1757569699460 1.1749333354680546e+240 173
1757569699529 2.54967776543564e+241 174
1757569699600 5.532957923069864e+242 175
1757569699667 1.200685976615202e+244 176
1757569699741 2.605562584218119e+245 177
1757569699814 5.654231424785886e+246 178
1757569699881 1.2270030740647072e+248 179
1757569699947 2.662672307971997e+249 180
1757569700009 5.778163045797745e+250 181
1757569700075 1.253896999787096e+252 182
1757569700138 2.7210337846359794e+253 183
1757569700203 5.904811047787468e+254 184
1757569700269 1.2813803969265088e+256 185
1757569700333 2.780674450612218e+257 186
1757569700402 6.034234969438975e+258 187
1757569700467 1.309466185744381e+260 188
1757569700531 2.841622343664485e+261 189
1757569700604 6.1664956544280725e+262 190
1757569700670 1.3381675696934227e+264 191
1757569700744 2.903906116099059e+265 192
1757569700807 6.301655280025577e+266 193
1757569700872 1.3674980416246886e+268 194
1757569700938 2.9675550482345203e+269 195
1757569701010 6.439777386327761e+270 196
1757569701078 1.397471390130762e+272 197
1757569701144 3.032599062166718e+273 198
1757569701225 6.5809269061271625e+274 199
1757569701291 1.4281017060278791e+276 200
1757569701360 3.0990687358355136e+277 201
1757569701422 6.7251701954382e+278 202
1757569701490 1.459403388980227e+280 203
1757569701554 3.1669953173998376e+281 204
1757569701618 6.872575064691993e+282 205
1757569701683 1.4913911542693666e+284 206
1757569701744 3.2364107399277945e+285 207
1757569701808 7.023210810614854e+286 208
1757569701877 1.5240800397120683e+288 209
1757569701943 3.3073476364087585e+289 210
1757569702012 7.177148248805307e+290 211
1757569702078 1.5574854127297655e+292 212
1757569702149 3.3798393550945495e+293 213
1757569702213 7.33445974702555e+294 214
1757569702282 1.591622977572941e+296 215
1757569702349 3.453919975176776e+297 216
1757569702416 7.495219259222116e+298 217
1757569702483 1.6265087827038857e+300 218
1757569702549 3.529624322807919e+301 219
1757569702615 7.659502360292708e+302 220
1757569702685 1.6621592283412671e+304 221
1757569702751 inf 222
