1757556955526 1053300496920.496 0
1757556955585 1032371887450.653 1
1757556955648 1001936140381.4012 2
1757556955711 967929475083.32 3
1757556955772 933307557329.6482 4
1757556955832 899477824140.5688 5
1757556955891 867064048936.6666 6
1757556955948 836301199760.5654 7
1757556956008 807235725490.6711 8
1757556956066 779825960885.3977 9
1757556956128 753991937034.8286 10
1757556956188 729639765741.4174 11
1757556956248 706673320434.3376 12
1757556956313 684999607857.4103 13
1757556956376 664531032231.8839 14
1757556956435 645186150042.8754 15
1757556956495 626889710269.473 16
1757556956553 609572373358.2263 17
1757556956643 593170300816.3107 18
1757556956707 577624709452.492 19
1757556956806 562881432585.661 20
1757556956870 548890507337.1858 21
1757556956939 535605794953.61456 22
1757556956998 522984635440.82623 23
1757556957061 510987535205.33124 24
1757556957126 499577885324.82007 25
1757556957186 488721707727.32007 26
1757556957248 478387426558.858 27
1757556957308 468545662172.0949 28
1757556957368 459169045379.6288 29
1757556957429 450232049840.849 30
1757556957490 441710840669.8072 31
1757556957554 433583137554.80133 32
1757556957613 425828090865.2703 33
1757556957674 418426169387.90375 34
1757556957735 411359058482.51685 35
1757556957795 404609567580.66766 36
1757556957855 398161546067.75525 37
1757556957913 391999806693.96246 38
1757556958001 386110055752.3308 39
1757556958061 380478829344.76587 40
1757556958124 375093435130.0522 41
1757556958184 369941899013.03735 42
1757556958246 365012916291.96716 43
1757556958305 360295806832.33215 44
1757556958364 355780473881.25696 45
1757556958422 351457366361.12396 46
1757556958480 347317443506.1917 47
1757556958540 343352142986.1899 48
1757556958600 339553351148.9938 49
1757556958660 335913375511.65216 50
1757556958723 332424919293.95856 51
1757556958783 329081057811.7455 52
1757556958844 325875216566.4945 53
1757556958903 322801150884.6498 54
1757556958962 319852926974.7338 55
1757556959023 317024904283.3824 56
1757556959089 314311719042.9726 57
1757556959162 311708268913.8309 58
1757556959226 309209698633.2134 59
1757556959289 306811386591.48865 60
1757556959359 304508932263.33746 61
1757556959420 302298144428.39575 62
1757556959481 300175030121.7111 63
1757556959541 298135784259.7158 64
1757556959604 296176779892.2181 65
1757556959678 294294559035.2301 66
1757556959758 292485824043.342 67
1757556959859 290747429483.85626 68
1757556959936 289076374478.0648 69
1757556960019 287469795477.9094 70
1757556960093 285924959448.854 71
1757556960157 284439257432.1398 72
1757556960220 283010198461.7171 73
1757556960281 281635403813.07526 74
1757556960343 280312601562.9412 75
1757556960407 279039621440.4119 76
1757556960465 277814389951.5345 77
1757556960527 276634925760.6692 78
1757556960588 275499335313.18024 79
1757556960650 274405808685.0998 80
1757556960712 273352615646.42178 81
1757556960775 272338101925.60666 82
1757556960834 271360685663.72717 83
1757556960892 270418854047.46472 84
1757556960953 269511160110.88226 85
1757556961015 268636219696.56134 86
1757556961080 267792708567.29797 87
1757556961141 266979359660.11533 88
1757556961206 266194960474.86853 89
1757556961271 265438350590.20035 90
1757556961341 264708419300.04846 91
1757556961403 264004103364.3195 92
1757556961467 263324384867.72824 93
1757556961529 262668289181.15604 94
1757556961590 262034883020.21378 95
1757556961651 261423272596.004 96
1757556961713 260832601853.36444 97
1757556961774 260262050792.14294 98
1757556961834 259710833867.30594 99
1757556961893 259178198463.91608 100
1757556961954 258663423443.2349 101
1757556962015 258165817756.41153 102
1757556962079 257684719122.4115 103
1757556962142 257219492767.01956 104
1757556962203 256769530219.92224 105
1757556962266 256334248167.03296 106
1757556962329 255913087355.37354 107
1757556962388 255505511547.96756 108
1757556962452 255111006526.33255 109
1757556962518 254729079138.28436 110
1757556962581 254359256388.8836 111
1757556962642 254001084572.46616 112
1757556962702 253654128443.8053 113
1757556962763 253317970426.54965 114
1757556962822 252992209857.17752 115
1757556962919 252676462262.79498 116
1757556962990 252370358671.18826 117
1757556963055 252073544951.622 118
1757556963116 251785681184.94708 119
1757556963180 251506441061.655 120
1757556963244 251235511306.58102 121
1757556963307 250972591129.0227 122
1757556963372 250717391697.10004 123
1757556963464 250469635635.24115 124
1757556963534 250229056543.7311 125
1757556963595 249995398539.31158 126
1757556963657 249768415815.87085 127
1757556963718 249547872224.30603 128
1757556963781 249333540870.68512 129
1757556963843 249125203731.8792 130
1757556963905 248922651287.87146 131
1757556963967 248725682169.99042 132
1757556964027 248534102824.34784 133
1757556964089 248347727189.798 134
1757556964152 248166376389.76474 135
1757556964217 247989878437.31528 136
1757556964279 247818067952.8876 137
1757556964339 247650785894.1073 138
1757556964401 247487879297.15335 139
1757556964463 247329201029.16083 140
1757556964527 247174609551.16986 141
1757556964588 247023968691.15314 142
1757556964650 246877147426.67706 143
1757556964714 246734019676.77048 144
1757556964804 246594464102.59616 145
1757556964866 246458363916.53644 146
1757556964927 246325606699.32565 147
1757556964990 246196084224.87466 148
1757556965050 246069692292.45248 149
1757556965113 245946330565.9033 150
1757556965196 245825902419.5915 151
1757556965263 245708314790.7837 152
1757556965324 245593478038.1858 153
1757556965388 245481305806.37073 154
1757556965449 245371714895.83957 155
1757556965513 245264625138.47464 156
1757556965576 245159959278.15027 157
1757556965637 245057642856.28036 158
1757556965705 244957604102.08994 159
1757556965771 244859773827.4077 160
1757556965834 244764085325.7869 161
1757556965897 244670474275.7679 162
1757556965961 244578878648.1069 163
1757556966029 244489238616.8011 164
1757556966116 244401496473.74817 165
1757556966222 244315596546.8872 166
1757556966288 244231485121.67172 167
1757556966349 244149110365.7343 168
1757556966409 244068422256.60834 169
1757556966470 243989372512.37714 170
1757556966530 243911914525.12686 171
1757556966598 243836003297.08667 172
1757556966661 243761595379.34073 173
1757556966721 243688648813.00714 174
1757556966785 243617123072.7779 175
1757556966848 243546979012.72263 176
1757556966910 243478178814.26114 177
1757556966975 243410685936.21442 178
1757556967039 243344465066.8474 179
1757556967102 243279482077.8213 180
1757556967164 243215703979.97543 181
1757556967229 243153098880.8637 182
1757556967304 243091635943.97217 183
1757556967374 243031285349.5492 184
1757556967435 242972018256.98117 185
1757556967499 242913806768.65042 186
1757556967568 242856623895.21384 187
1757556967632 242800443522.24512 188
1757556967695 242745240378.18335 189
1757556967755 242690990003.53546 190
1757556967819 242637668721.28082 191
1757556967888 242585253608.42926 192
1757556967952 242533722468.68567 193
1757556968016 242483053806.17523 194
1757556968080 242433226800.18787 195
1757556968141 242384221280.89877 196
1757556968207 242336017706.02716 197
1757556968272 242288597138.39426 198
1757556968339 242241941224.34454 199
1757556968400 242196032172.9955 200
1757556968463 242150852736.2829 201
1757556968529 242106386189.7688 202
1757556968624 242062616314.18277 203
1757556968717 242019527377.66608 204
1757556968810 241977104118.69113 205
1757556968903 241935331729.62933 206
1757556968994 241894195840.9415 207
1757556969082 241853682505.96533 208
1757556969215 241813778186.27762 209
1757556969385 241774469737.60742 210
1757556969516 241735744396.27783 211
1757556969641 241697589766.15744 212
1757556969756 241659993806.09918 213
1757556969892 241622944817.84863 214
1757556970035 241586431434.4031 215
1757556970180 241550442608.80316 216
1757556970352 241514967603.3409 217
1757556970489 241479995979.1672 218
1757556970634 241445517586.28345 219
1757556970767 241411522553.90195 220
1757556970898 241378001281.1615 221
1757556971019 241344944428.18347 222
1757556971140 241312342907.4553 223
1757556971254 241280187875.5299 224
1757556971375 241248470725.02664 225
1757556971500 241217183076.9238 226
1757556971637 241186316773.1312 227
1757556971763 241155863869.33142 228
1757556971890 241125816628.0795 229
1757556972016 241096167512.15204 230
1757556972132 241066909178.135 231
1757556972260 241038034470.24158 232
1757556972390 241009536414.35156 233
1757556972511 240981408212.26328 234
1757556972634 240953643236.15042 235
1757556972755 240926235023.21564 236
1757556972877 240899177270.53387 237
1757556973005 240872463830.0776 238
1757556973132 240846088703.9178 239
1757556973320 240820046039.5933 240
1757556973444 240794330125.6432 241
1757556973556 240768935387.29465 242
1757556973775 240743856382.3019 243
1757556973864 240719087796.92996 244
1757556973955 240694624442.07703 245
1757556974042 240670461249.53198 246
1757556974129 240646593268.36032 247
1757556974346 240623015661.41507 248
1757556974440 240599723701.9668 249
1757556974521 240576712770.44955 250
1757556974590 240553978351.31735 251
1757556974660 240531516030.00793 252
1757556974736 240509321490.00928 253
1757556974811 240487390510.02573 254
1757556974888 240465718961.23883 255
1757556974968 240444302804.66147 256
1757556975037 240423138088.57965 257
1757556975101 240402220946.08014 258
1757556975170 240381547592.66055 259
1757556975238 240361114323.91867 260
1757556975304 240340917513.3182 261
1757556975372 240320953639.1205 262
1757556975441 240301219209.0719 263
1757556975507 240281710810.03757 264
1757556975573 240262425102.2849 265
1757556975639 240243358815.71115 266
1757556975728 240224508747.07294 267
1757556975792 240205871757.74545 268
1757556975855 240187444771.7733 269
1757556975918 240169224774.0947 270
1757556975984 240151208808.87674 271
1757556976049 240133393977.93176 272
1757556976114 240115777439.1978 273
1757556976179 240098356405.27356 274
1757556976244 240081128142.0036 275
1757556976306 240064089967.10938 276
1757556976372 240047239248.8642 277
1757556976476 240030573404.80963 278
1757556976561 240014089900.5122 279
1757556976642 239997786248.35907 280
1757556976714 239981660006.39 281
1757556976779 239965708777.1661 282
1757556976852 239949930206.67255 283
1757556976924 239934321983.25546 284
1757556976989 239918881836.59003 285
1757556977056 239903607536.681 286
1757556977120 239888496892.89215 287
1757556977185 239873547753.0058 288
1757556977252 239858758002.30972 289
1757556977321 239844125562.71146 290
1757556977386 239829648391.87885 291
1757556977450 239815324482.4061 292
1757556977517 239801151861.00378 293
1757556977582 239787128587.713 294
1757556977645 239773252755.14227 295
1757556977709 239759522487.72638 296
1757556977773 239745935941.0069 297
1757556977838 239732491300.9329 298
1757556977902 239719186783.1822 299
1757556977967 239706020632.50143 300
1757556978033 239692991122.06525 301
1757556978096 239680096552.8529 302
1757556978160 239667335253.04346 303
1757556978225 239654705577.42645 304
1757556978289 239642205906.83014 305
1757556978355 239629834647.565 306
1757556978441 239617590230.88248 307
1757556978504 239605471112.449 308
1757556978567 239593475771.83377 309
1757556978633 239581602712.01086 310
1757556978697 239569850458.8747 311
1757556978762 239558217560.76828 312
1757556978829 239546702588.0244 313
1757556978905 239535304132.5188 314
1757556978973 239524020807.23508 315
1757556979040 239512851245.8415 316
1757556979103 239501794102.27814 317
1757556979170 239490848050.35562 318
1757556979236 239480011783.36365 319
1757556979300 239469284013.68976 320
1757556979366 239458663472.44827 321
1757556979431 239448148909.11786 322
1757556979496 239437739091.1891 323
1757556979560 239427432803.82074 324
1757556979626 239417228849.5042 325
1757556979698 239407126047.73694 326
