1757581356377 14828637123993.395 0
1757581356440 1.1105655143531229e+17 1
1757581356504 1.0505206789284048e+21 2
1757581356566 3.5080654449830685e+23 3
1757581356643 7.966963619802121e+27 4
1757581356706 1.935544768841643e+32 5
1757581356768 8.442795516422339e+34 6
1757581356831 1.5349468096720638e+38 7
1757581356894 1.6248456460915163e+42 8
1757581356957 1.0366603760015113e+46 9
1757581357021 1.0500486503390049e+49 10
1757581357084 7.119067207235632e+52 11
1757581357148 4.6060110615283466e+55 12
1757581357212 1.59015327020798e+59 13
1757581357279 1.4368745180678853e+63 14
1757581357342 6.766166240071455e+66 15
1757581357405 9.22534445988142e+69 16
1757581357470 6.587565220752317e+74 17
1757581357533 3.9036618723020895e+76 18
1757581357598 1.6718974404148945e+80 19
1757581357662 6.380113520445137e+83 20
1757581357726 2.7591529748265643e+88 21
1757581357791 1.7660349527371582e+90 22
1757581357870 6.050979634336886e+93 23
1757581357934 7.841080242429316e+97 24
1757581357998 2.940308614126753e+100 25
1757581358061 6.54476065092455e+103 26
1757581358127 2.4684960130884296e+107 27
1757581358190 4.4477122795027516e+111 28
1757581358254 1.1841118786270164e+114 29
1757581358321 1.0877883996869783e+120 30
1757581358384 2.9370958094782818e+122 31
1757581358449 5.320766175957341e+124 32
1757581358514 2.334699778259293e+127 33
1757581358579 1.577468640612224e+131 34
1757581358643 5.018473739234015e+134 35
1757581358707 1.5136677547187666e+138 36
1757581358771 3.7873765043819625e+141 37
1757581358835 2.389647714828001e+145 38
1757581358899 2.4519176227790286e+148 39
1757581358963 3.314996174316325e+151 40
1757581359029 1.413807974876414e+155 41
1757581359093 4.3503393001095875e+158 42
1757581359161 9.078715954777649e+161 43
1757581359225 1.5175755874457107e+165 44
1757581359289 1.2905300251586261e+169 45
1757581359354 2.898113895198196e+173 46
1757581359419 8.852403103619835e+175 47
1757581359488 8.749996295296305e+179 48
1757581359552 1.2018828313353776e+183 49
1757581359616 1.0387774938216898e+186 50
1757581359680 3.3723590932324973e+189 51
1757581359744 3.954904519316952e+193 52
1757581359808 1.5785336463397058e+196 53
1757581359871 1.98464883341127e+200 54
1757581359934 1.0714533526949653e+204 55
1757581360004 7.186481068870868e+206 56
1757581360068 8.550702007104084e+209 57
1757581360132 2.1279894709856352e+213 58
1757581360196 7.238218589229423e+217 59
1757581360267 2.9025407595091807e+220 60
1757581360332 6.549961847617729e+223 61
1757581360396 5.462582021868417e+227 62
1757581360466 1.67865861035702e+231 63
1757581360537 5.825537247304516e+233 64
1757581360607 3.839925610438597e+237 65
1757581360675 3.023094047406049e+241 66
1757581360740 1.0021164938621928e+245 67
1757581360806 1.9631437532323145e+248 68
1757581360875 4.263587569455183e+251 69
1757581360946 3.1822131470090706e+254 70
1757581361015 5.519623971553058e+257 71
1757581361093 2.4899932090921094e+261 72
1757581361157 1.33347461184933e+265 73
1757581361223 3.546140887056609e+268 74
1757581361289 5.298946285026576e+271 75
1757581361357 1.5229182854864765e+276 76
1757581361427 1.1497779766754942e+278 77
1757581361492 6.515136852770326e+281 78
1757581361560 6.596822745922349e+285 79
1757581361632 1.5123023511123101e+288 80
1757581361701 1.6153182628369203e+291 81
1757581361765 7.129932861978426e+296 82
1757581361829 2.3038120960700557e+298 83
1757581361895 4.293163894488058e+301 84
1757581361960 6.357337465093791e+304 85
1757581362028 inf 86
