1757591218125 1064046048388.7675 0
1757591218189 868233875233.9183 1
1757591218256 729419936493.6649 2
1757591218326 627511802866.812 3
1757591218402 550674969843.9226 4
1757591218478 491584075272.18475 5
1757591218547 445474171976.5912 6
1757591218625 409101606853.5741 7
1757591218692 380171449766.1549 8
1757591218759 357009172342.3022 9
1757591218831 338363709659.12573 10
1757591218900 323283647900.45685 11
1757591218972 311035792722.78546 12
1757591219046 301049418368.1807 13
1757591219122 292876799582.7283 14
1757591219195 286164517159.5303 15
1757591219267 280632163069.3794 16
1757591219342 276056287095.8041 17
1757591219411 272258148340.26535 18
1757591219482 269094281686.02667 19
1757591219553 266449177575.86127 20
1757591219628 264229566524.08917 21
1757591219698 262359933238.98264 22
1757591219764 260778979882.0724 23
1757591219827 259436826497.57596 24
1757591219892 258292787024.6497 25
1757591219959 257313596821.12668 26
1757591220037 256471995846.34097 27
1757591220108 255745593052.575 28
1757591220180 255115953880.3594 29
1757591220254 254567865313.05075 30
1757591220323 254088742649.93506 31
1757591220390 253668149691.01358 32
1757591220455 253297409902.21545 33
1757591220518 252969290731.1153 34
1757591220583 252677746860.5445 35
1757591220648 252417711041.34708 36
1757591220713 252184923404.51614 37
1757591220779 251975791946.5177 38
1757591220842 251787278309.66724 39
1757591220906 251616804119.4197 40
1757591220970 251462174052.6417 41
1757591221034 251321512542.49033 42
1757591221098 251193211613.37326 43
1757591221163 251075887812.73398 44
1757591221228 250968346588.06973 45
1757591221293 250869552765.8734 46
1757591221360 250778606038.56708 47
1757591221425 250694720567.4938 48
1757591221503 250617207973.8709 49
1757591221574 250545463122.64722 50
1757591221638 250478952212.36652 51
1757591221704 250417202772.1654 52
1757591221769 250359795238.75272 53
1757591221836 250306355844.70795 54
1757591221905 250256550597.18967 55
1757591221969 250210080165.16846 56
1757591222036 250166675525.22614 57
1757591222100 250126094242.10278 58
1757591222169 250088117281.60715 59
1757591222232 250052546271.0922 60
1757591222297 250019201137.14548 61
1757591222361 249987918062.03015 62
1757591222425 249958547710.19754 63
1757591222491 249930953684.26242 64
1757591222555 249905011176.49377 65
1757591222619 249880605787.38382 66
1757591222684 249857632487.41653 67
1757591222747 249835994701.94226 68
1757591222811 249815603502.2044 69
1757591222876 249796376888.18045 70
1757591222940 249778239151.07736 71
1757591223003 249761120305.1443 72
1757591223066 249744955579.98538 73
1757591223130 249729684965.83685 74
1757591223195 249715252805.34363 75
1757591223261 249701607426.27823 76
1757591223327 249688700810.40643 77
1757591223391 249676488294.3524 78
1757591223455 249664928298.86572 79
1757591223524 249653982083.35846 80
1757591223592 249643613522.98026 81
1757591223657 249633788905.84137 82
1757591223728 249624476748.28384 83
1757591223796 249615647626.3569 84
1757591223870 249607274021.86572 85
1757591223948 249599330181.55435 86
1757591224019 249591791988.14526 87
1757591224091 249584636842.1001 88
1757591224158 249577843553.0909 89
1757591224224 249571392240.27896 90
1757591224290 249565264240.59418 91
1757591224356 249559442024.29083 92
1757591224422 249553909117.131 93
1757591224488 249548650028.60992 94
1757591224553 249543650185.6973 95
1757591224616 249538895871.62045 96
1757591224681 249534374169.2573 97
1757591224763 249530072908.75296 98
1757591224839 249525980619.00653 99
1757591224909 249522086482.7085 100
1757591224985 249518380294.63837 101
1757591225057 249514852422.9594 102
1757591225132 249511493773.26816 103
1757591225202 249508295755.18152 104
1757591225274 249505250251.26025 105
1757591225342 249502349588.0871 106
1757591225412 249499586509.33218 107
1757591225487 249496954150.65317 108
1757591225558 249494446016.29105 109
1757591225626 249492055957.23257 110
1757591225694 249489778150.82333 111
1757591225767 249487607081.72223 112
1757591225832 249485537524.09985 113
1757591225898 249483564524.9894 114
1757591225964 249481683388.70657 115
1757591226033 249479889662.26154 116
1757591226109 249478179121.69263 117
1757591226184 249476547759.25656 118
1757591226255 249474991771.41418 119
1757591226323 249473507547.55798 120
1757591226389 249472091659.42902 121
1757591226453 249470740851.17593 122
1757591226519 249469452030.01343 123
1757591226593 249468222257.4394 124
1757591226672 249467048740.97238 125
