1757591441806 1019579779661.8804 0
1757591441868 830199026242.08 1
1757591441941 694947422890.8401 2
1757591442003 595468848314.6283 3
1757591442066 520548485528.174 4
1757591442126 463072148768.2436 5
1757591442187 418348784576.38367 6
1757591442251 383168067976.58514 7
1757591442313 355258507944.2392 8
1757591442375 332966845371.1184 9
1757591442436 315061983550.1424 10
1757591442497 300610644984.364 11
1757591442559 288895551107.556 12
1757591442627 279359628861.6044 13
1757591442699 271566741032.82858 14
1757591442762 265173289273.16217 15
1757591442827 259907223714.74295 16
1757591442895 255552256668.61285 17
1757591442961 251935830278.80298 18
1757591443021 248919850690.71423 19
1757591443084 246393495827.78964 20
1757591443148 244267597981.8832 21
1757591443211 242470234605.93674 22
1757591443271 240943253370.96515 23
1757591443333 239639524147.04123 24
1757591443394 238520759400.80545 25
1757591443455 237555780886.3148 26
1757591443516 236719137956.8429 27
1757591443577 235990003739.31754 28
1757591443639 235351291469.63943 29
1757591443702 234788945689.93765 30
1757591443763 234291372637.05365 31
1757591443824 233848981656.95355 32
1757591443884 233453815351.16965 33
1757591443945 233099250768.80692 34
1757591444006 232779757583.28116 35
1757591444066 232490702053.22742 36
1757591444127 232228187828.76788 37
1757591444187 231988926456.69278 38
1757591444248 231770131861.40262 39
1757591444309 231569434210.86093 40
1757591444370 231384809479.40796 41
1757591444431 231214521739.97537 42
1757591444492 231057075794.62766 43
1757591444555 230911178214.06204 44
1757591444616 230775705603.62903 45
1757591444678 230649676917.7697 46
1757591444740 230532232704.3572 47
1757591444805 230422616474.51028 48
1757591444867 230320159548.86472 49
1757591444941 230224268420.0164 50
1757591445004 230134414184.8957 51
1757591445066 230050123683.1113 52
1757591445155 229970972043.99786 53
1757591445217 229896576399.2331 54
1757591445278 229826590561.87308 55
1757591445340 229760700508.44147 56
1757591445403 229698620529.84863 57
1757591445464 229640089940.68964 58
1757591445525 229584870255.87448 59
1757591445587 229532742759.41043 60
1757591445650 229483506403.14615 61
1757591445713 229436975983.931 62
1757591445776 229392980632.34485 63
1757591445838 229351362188.1987 64
1757591445902 229311974231.30908 65
1757591445964 229274680923.42117 66
1757591446025 229239356061.35678 67
1757591446087 229205882237.33344 68
1757591446149 229174150091.74326 69
1757591446211 229144057645.9721 70
1757591446273 229115509704.74567 71
1757591446335 229088417319.07886 72
1757591446397 229062697302.23282 73
1757591446458 229038271792.1926 74
1757591446520 229015067855.11194 75
1757591446582 228993017124.95523 76
1757591446644 228972055475.22534 77
1757591446707 228952122719.22562 78
1757591446768 228933162335.77548 79
1757591446830 228915121217.70074 80
1757591446892 228897949440.7617 81
1757591446956 228881600050.97202 82
1757591447021 228866028868.51398 83
1757591447084 228851194306.6665 84
1757591447147 228837057204.34918 85
1757591447209 228823580671.04443 86
1757591447275 228810729942.99692 87
1757591447339 228798472249.7097 88
1757591447403 228786776689.86127 89
1757591447465 228775614115.85706 90
1757591447528 228764957026.31174 91
1757591447590 228754779465.82474 92
1757591447653 228745056931.47614 93
1757591447716 228735766285.5239 94
1757591447779 228726885673.83063 95
1757591447920 228718394449.59198 96
1757591447994 228710273101.97604 97
1757591448059 228702503189.3186 98
1757591448120 228695067276.54742 99
1757591448186 228687948876.53818 100
1757591448249 228681132395.12784 101
1757591448312 228674603079.53378 102
1757591448375 228668346969.94727 103
1757591448438 228662350854.08795 104
1757591448502 228656602224.52145 105
1757591448564 228651089238.5588 106
1757591448627 228645800680.56833 107
1757591448690 228640725926.54456 108
1757591448753 228635854910.78806 109
1757591448817 228631178094.56317 110
1757591448880 228626686436.60687 111
1757591448942 228622371365.37433 112
1757591449005 228618224752.91083 113
1757591449068 228614238890.251 114
1757591449132 228610406464.2497 115
1757591449200 228606720535.7579 116
1757591449264 228603174519.061 117
1757591449327 228599762162.50287 118
1757591449391 228596477530.2243 119
1757591449455 228593314984.94855 120
1757591449519 228590269171.75156 121
1757591449581 228587335002.75787 122
1757591449643 228584507642.7076 123
1757591449707 228581782495.34177 124
1757591449772 228579155190.55945 125
1757591449839 228576621572.29996 126
