1757569378048 793521747556.4261 0
1757569378110 675071240046.3967 1
1757569378177 503538781891.1894 2
1757569378253 1154774217224.3523 3
1757569378316 1119045443296.2346 4
1757569378384 383716553412.4017 5
1757569378452 2519044578402.7495 6
1757569378522 301323938003.07306 7
1757569378597 1944528726833.6877 8
1757569378661 811363024155.5648 9
1757569378731 503209548117.3485 10
1757569378799 501257071840.2311 11
1757569378869 1435878941616.9043 12
1757569378932 446252578437.98285 13
1757569378997 430697633561.85767 14
1757569379072 255181695998.85287 15
1757569379136 1217474545859.2134 16
1757569379211 287079317217.54803 17
1757569379321 440066186723.495 18
1757569379397 343725598963.2593 19
1757569379465 746266529274.756 20
1757569379540 836253883329.5266 21
1757569379603 991484280745.5529 22
1757569379673 480273219702.6372 23
1757569379739 344126962931.1876 24
1757569379809 1406332502642.7944 25
1757569379883 912734295155.4592 26
1757569379949 600111277812.2262 27
1757569380022 547616048356.51917 28
1757569380096 384837284350.7838 29
1757569380168 832274055247.0786 30
1757569380237 1308671455626.9143 31
1757569380304 1012955106303.4539 32
1757569380379 893862775937.4368 33
1757569380455 860366137557.5546 34
1757569380527 557140569641.644 35
1757569380596 1114902710781.5999 36
1757569380663 237597422783.15497 37
1757569380730 734006262213.4144 38
1757569380806 149817119640.4749 39
1757569380875 443595578487.1652 40
1757569380943 660814352210.0409 41
1757569381021 182739601004.24475 42
1757569381096 689756195300.9728 43
1757569381166 609627656524.5398 44
1757569381238 191459976371.01443 45
1757569381313 1259398183155.6555 46
1757569381387 573474578603.4811 47
1757569381465 698436199583.4977 48
1757569381532 495329171239.94037 49
1757569381598 593013467262.2573 50
1757569381671 480138208815.77734 51
1757569381739 359791951962.5949 52
1757569381812 191340958010.08322 53
1757569381878 653062983264.9983 54
1757569381950 706281538382.7815 55
1757569382021 982709866874.9891 56
1757569382090 259556595836.1673 57
1757569382163 1006456062553.179 58
1757569382236 452461671889.4504 59
1757569382302 528189787155.4605 60
1757569382373 708348985178.5565 61
1757569382450 175389846454.92636 62
1757569382519 1479705501973.5203 63
1757569382589 158605445304.2724 64
1757569382663 117667112529.58044 65
1757569382751 158859875019.74884 66
1757569382833 325831104365.5139 67
1757569382909 171712283687.90076 68
1757569383000 829945115852.3195 69
1757569383072 382453272758.9614 70
1757569383140 570691286623.9229 71
1757569383220 782341800728.3689 72
1757569383296 810922129615.1282 73
1757569383366 685459043705.6207 74
1757569383435 507975328381.32446 75
1757569383503 344208240362.73444 76
1757569383571 154403019624.962 77
1757569383642 458362246023.5345 78
1757569383710 535992284065.9731 79
1757569383784 547178038013.82025 80
1757569383858 626532255062.4531 81
1757569383935 482421957324.2678 82
1757569384005 342055680809.59467 83
1757569384070 485057191000.60614 84
1757569384151 424143109050.29736 85
1757569384220 120940806494.4982 86
1757569384294 481434623881.91565 87
1757569384370 559953740262.7758 88
1757569384442 485274006815.1636 89
1757569384510 654283393857.4574 90
1757569384577 191055180934.06143 91
1757569384658 110645322289.15355 92
1757569384731 234425613692.5866 93
1757569384798 96711830631.74785 94
1757569384875 737806662672.3574 95
1757569384938 384443856461.8079 96
1757569385010 169709020356.2164 97
1757569385077 742309707777.5626 98
1757569385154 439582817438.497 99
1757569385226 293429738299.38495 100
1757569385306 403665334693.6719 101
1757569385375 615310188218.2897 102
1757569385452 348096011016.65265 103
1757569385525 120472151462.06357 104
1757569385596 628077786172.4172 105
1757569385665 247111116489.9615 106
1757569385737 346408703898.2145 107
1757569385806 149264410915.32657 108
1757569385878 424885467143.7031 109
1757569385946 238643776660.37692 110
1757569386027 649436850922.5393 111
1757569386101 158636940343.43024 112
1757569386167 288684404081.9161 113
1757569386239 253345109196.02814 114
1757569386304 144279945376.74628 115
1757569386371 460152393227.77295 116
1757569386443 297826149298.2508 117
1757569386512 807503401672.0682 118
1757569386582 132292082880.92021 119
1757569386654 764415049323.0149 120
1757569386724 421570881145.79126 121
1757569386797 644197223059.212 122
1757569386868 96513468287.733 123
1757569386945 930126335144.5219 124
1757569387026 232776634803.4849 125
1757569387106 271468898768.69284 126
1757569387192 184375188512.40256 127
1757569387277 361726731042.83826 128
1757569387370 173677636660.84378 129
1757569387441 174607074536.55872 130
1757569387517 324180435271.7978 131
1757569387589 281356047014.5484 132
1757569387670 109644990266.02393 133
1757569387742 165448093129.37796 134
1757569387816 403365499413.9386 135
1757569387887 347909782572.2157 136
1757569387953 317268269757.67883 137
1757569388025 381216301439.7298 138
1757569388105 194959096557.44052 139
1757569388180 440243696952.44775 140
1757569388255 212188924792.81976 141
1757569388333 119830482674.91754 142
1757569388400 116862957326.95107 143
1757569388474 110005335752.29825 144
1757569388549 112495849312.26596 145
1757569388626 94596276033.864 146
1757569388698 270701077576.74686 147
1757569388764 165069398321.5417 148
1757569388841 348412030482.76154 149
1757569388907 288963849233.7182 150
1757569388980 81393528332.60828 151
1757569389056 435141139075.1143 152
1757569389126 519287958047.18475 153
1757569389199 306186293154.2979 154
1757569389273 116052199850.69487 155
1757569389347 348431721354.3698 156
1757569389416 173605212874.1572 157
1757569389487 234591141397.1788 158
1757569389563 64950803556.93824 159
1757569389641 183839835674.6 160
1757569389707 72597380917.25023 161
1757569389781 116818130629.86453 162
1757569389863 347989662908.77454 163
1757569389935 371335404103.7967 164
1757569390007 483180417107.4003 165
1757569390081 88816333779.06563 166
1757569390157 114087698212.75644 167
1757569390228 85035507620.14436 168
1757569390309 241932641355.41696 169
1757569390380 112967580134.19928 170
1757569390465 87322472560.5228 171
1757569390619 96748873713.19682 172
1757569390697 162455953757.5251 173
1757569390779 537391962064.6217 174
1757569390976 76624093290.2391 175
1757569391048 131024595469.92198 176
1757569391126 169642490490.9794 177
1757569391200 497289675356.3836 178
1757569391270 210909282166.8561 179
1757569391342 733777753881.3099 180
1757569391418 165707692200.5953 181
1757569391488 107553278610.1125 182
1757569391560 187253517500.0768 183
1757569391633 647234419224.4221 184
1757569391707 102004950087.36398 185
1757569391777 351358009937.91986 186
1757569391850 317068098734.9792 187
1757569391917 459759080612.99396 188
1757569391995 223616425913.74478 189
1757569392073 195909705364.76736 190
1757569392140 268360572510.4615 191
1757569392215 232176013629.4658 192
1757569392288 281993350286.28687 193
1757569392354 74346950794.31201 194
1757569392425 266905257130.5983 195
1757569392530 89714133478.30177 196
1757569392696 376876289521.6092 197
1757569392771 544714628935.1367 198
1757569392846 297389384246.3514 199
1757569392919 82171913911.09213 200
1757569393000 315985584449.64856 201
1757569393071 780030271255.4639 202
1757569393147 330151922459.4352 203
1757569393223 95903784729.0498 204
1757569393300 80698027986.85353 205
1757569393372 137347844835.64381 206
1757569393439 793214017410.4496 207
1757569393510 377474450063.044 208
1757569393579 251026342244.8224 209
1757569393652 391020924778.4777 210
1757569393722 169833717921.43573 211
1757569393797 758890290615.1904 212
1757569393877 84678539346.12088 213
1757569393953 298151509271.8519 214
1757569394100 113648343349.40376 215
1757569394190 118074327025.5836 216
1757569394264 566659758533.4258 217
1757569394332 240851063287.26126 218
1757569394420 69148334392.05534 219
1757569394489 134205646709.51715 220
1757569394564 138198016247.46475 221
1757569394638 123173320926.04497 222
1757569394710 109148580047.23512 223
1757569394787 142000209890.02783 224
1757569394857 279769971227.7107 225
1757569394931 58602334660.63195 226
1757569394997 129540105536.36617 227
1757569395077 107217016750.907 228
1757569395146 106149641012.70998 229
1757569395221 255255531572.217 230
1757569395290 459930816473.6552 231
1757569395375 344162603453.7314 232
1757569395446 158842726430.0346 233
1757569395521 337226134805.7096 234
1757569395592 109959097691.73254 235
1757569395660 124712971021.77914 236
1757569395738 355482144815.7413 237
1757569395811 390774774394.05084 238
1757569395884 103640195223.54123 239
1757569395959 178371002636.15158 240
1757569396033 106810327289.64165 241
1757569396101 228195600224.0425 242
1757569396176 238205901672.80966 243
1757569396256 204095014297.8164 244
1757569396330 348351465150.8884 245
1757569396410 143888197701.19733 246
1757569396482 76448327686.4473 247
1757569396559 109327062984.15929 248
1757569396638 367124887729.21643 249
1757569396708 79851061115.53322 250
1757569396780 111703743683.79715 251
1757569396860 354844533025.37445 252
1757569396932 178826938928.1623 253
1757569397006 316827767897.1364 254
1757569397076 258148071919.71942 255
1757569397149 306824547873.3364 256
1757569397231 235342245214.38202 257
1757569397322 91534109906.72679 258
1757569397403 321083297126.5943 259
1757569397483 315154344728.6494 260
1757569397572 108392990515.73987 261
1757569397648 385721362332.46155 262
1757569397720 135254894575.51654 263
1757569397801 158470950341.3087 264
1757569397875 370257655719.9317 265
1757569397946 275771411430.1799 266
1757569398018 85021405429.34753 267
1757569398098 294726231924.15857 268
1757569398169 345240842096.7033 269
1757569398248 225581406048.31488 270
1757569398317 218364613609.96667 271
1757569398388 312534181832.0736 272
1757569398460 229792915768.65768 273
1757569398530 323424883543.76306 274
1757569398613 249904050272.26776 275
1757569398684 219754565624.3126 276
1757569398762 429070293315.32117 277
1757569398844 109586338602.70726 278
1757569398915 339855396646.73816 279
1757569398993 79683812420.29202 280
1757569399061 68045056677.77571 281
1757569399134 128217523599.29971 282
1757569399206 153255416119.14694 283
1757569399285 66317148504.70169 284
1757569399355 213048696216.58487 285
1757569399425 324669575157.1108 286
1757569399497 145356583762.1807 287
1757569399571 311137526225.9663 288
1757569399641 570371506980.818 289
1757569399712 332745568050.1615 290
1757569399785 481823217404.049 291
1757569399861 345772961108.9201 292
1757569399937 601346987796.7375 293
1757569400008 116272788138.03673 294
1757569400088 77110701355.8783 295
1757569400163 375704150279.2148 296
1757569400237 453713528934.76373 297
1757569400313 122545514057.35416 298
1757569400384 476055267413.7643 299
1757569400453 279642456596.3924 300
1757569400526 58172683668.615585 301
1757569400599 589353181610.5415 302
1757569400678 370091664786.6238 303
1757569400761 203616279420.3357 304
1757569400843 59753382228.46145 305
1757569400919 120466209457.25227 306
1757569400987 432250492426.78253 307
1757569401066 465741182406.9581 308
1757569401150 96599865003.1194 309
1757569401221 269126222461.2643 310
1757569401297 313900658178.3434 311
1757569401371 103456295248.21599 312
1757569401442 321402943375.3666 313
1757569401515 235063134813.27896 314
1757569401590 78935550691.24043 315
1757569401663 423358205457.15063 316
1757569401734 378939923324.7326 317
1757569401809 156020043367.74982 318
1757569401888 329869913258.7968 319
1757569401962 136167953912.45377 320
1757569402034 206676528896.53867 321
1757569402110 126431737318.523 322
1757569402182 165162838994.09305 323
1757569402261 505356603267.0259 324
1757569402329 444727911896.8856 325
1757569402408 122671999916.00264 326
1757569402486 219228225611.34366 327
1757569402555 112784792871.09474 328
1757569402635 243150825831.84943 329
1757569402714 101340017156.39682 330
1757569402790 294135037419.4667 331
1757569402869 225715626004.59882 332
1757569402947 82619836166.58537 333
1757569403021 132232178929.37527 334
1757569403092 404064017009.1347 335
1757569403164 352981340759.7949 336
1757569403237 109941216946.93616 337
1757569403316 120407759969.47023 338
1757569403391 134863756861.46841 339
1757569403465 424898744957.2292 340
1757569403536 154001698080.14288 341
1757569403611 117445026114.74945 342
1757569403686 211662004181.06827 343
1757569403763 567396399893.9849 344
1757569403839 226004179312.50412 345
1757569403916 430569291918.8706 346
1757569403991 295369083013.26447 347
1757569404069 194752656392.6247 348
1757569404137 118995242180.79326 349
1757569404211 87134167067.62299 350
1757569404286 361758301631.27893 351
1757569404356 133325686608.92003 352
1757569404435 76223118645.7571 353
1757569404515 206243285658.04968 354
1757569404594 112378584032.42545 355
1757569404669 139708939547.70175 356
1757569404740 514515510096.07336 357
1757569404820 122059314625.32236 358
1757569404898 320366141767.7713 359
1757569404979 513351575488.69775 360
1757569405056 279813734072.67706 361
1757569405125 189586082503.95197 362
1757569405210 286305569962.11285 363
1757569405282 270534024008.63947 364
1757569405358 270254577046.79535 365
1757569405433 280386675553.0775 366
1757569405515 290693161342.58124 367
1757569405589 218501200692.23874 368
1757569405665 358440183253.2122 369
1757569405736 69725721515.5225 370
1757569405806 91469808562.59991 371
1757569405875 146906658555.7763 372
1757569405951 241026241387.844 373
1757569406028 146089952332.36932 374
1757569406098 107351883202.83191 375
1757569406167 116755286339.4041 376
1757569406241 140603961100.96402 377
1757569406320 231563754860.84808 378
1757569406396 363986890664.16266 379
1757569406470 204904084093.88983 380
1757569406540 331326363201.31946 381
1757569406616 361348850746.94684 382
1757569406700 163653352910.50497 383
1757569406794 204098931330.59644 384
1757569406891 113265211335.28104 385
1757569406976 107110855148.49974 386
1757569407053 401448078097.6682 387
1757569407129 243830752134.1889 388
1757569407205 137620478496.76978 389
1757569407284 92518831729.82724 390
1757569407371 77219622906.437 391
1757569407451 236337616618.1773 392
1757569407538 163372271039.8231 393
1757569407616 157600782292.85284 394
1757569407699 76098407408.81262 395
1757569407784 698481352164.8696 396
1757569407861 180109757222.0498 397
1757569407933 311109419277.77167 398
1757569408016 100607965522.45139 399
1757569408094 52502689669.80791 400
1757569408167 378470766150.3813 401
1757569408247 280357573355.0845 402
1757569408316 108644739504.06287 403
1757569408390 416921933340.7191 404
1757569408462 491435298351.8815 405
1757569408536 321241460920.8794 406
1757569408613 261576886226.05103 407
1757569408691 373949410002.6148 408
1757569408768 317934720604.62714 409
1757569408849 309874235937.295 410
1757569408921 285837862372.31537 411
1757569409001 416457685350.92944 412
1757569409070 340645652866.7003 413
1757569409141 284269985119.92816 414
1757569409218 446158836480.5567 415
1757569409292 143867953517.08444 416
1757569409372 108385389976.11948 417
1757569409447 87363166062.44707 418
1757569409533 322431588901.6369 419
1757569409610 418661914456.4432 420
1757569409685 162773842470.6505 421
1757569409762 267847866661.65854 422
1757569409839 407329375119.2949 423
1757569409911 147016142395.39627 424
1757569409985 189642070799.54382 425
1757569410062 413501471148.48865 426
1757569410138 570050014277.1273 427
1757569410222 89377624213.32841 428
1757569410301 108921941411.55164 429
1757569410385 175118499532.71365 430
1757569410456 118909951213.93869 431
1757569410529 327154907499.9526 432
1757569410608 158071419333.14645 433
1757569410680 336198260305.7542 434
1757569410760 122388527398.64311 435
1757569410839 705753350644.7172 436
1757569410915 157490986201.20868 437
1757569410995 108848287506.39143 438
1757569411073 106770125741.21529 439
1757569411153 404089194089.327 440
1757569411228 240619016865.88083 441
1757569411307 163216146605.84637 442
1757569411390 150509787811.51022 443
1757569411480 414256234742.69135 444
1757569411553 246683663347.79007 445
1757569411634 99041058175.16956 446
1757569411714 110984545258.88193 447
1757569411797 263460859636.58966 448
1757569411876 107660344695.62393 449
1757569411948 68251743082.753006 450
1757569412023 177749669860.59393 451
1757569412099 399212666384.7888 452
1757569412184 105692226239.51794 453
1757569412258 393113841463.6177 454
1757569412339 435268836313.89764 455
1757569412419 255003769912.76602 456
1757569412493 160513735604.8552 457
1757569412565 94477857382.4746 458
1757569412642 351509743280.48254 459
1757569412720 178902119320.0162 460
1757569412798 289020575697.2869 461
1757569412873 254599328853.61948 462
1757569412945 122934882850.00797 463
1757569413024 113931466599.33861 464
1757569413101 332811381492.9613 465
1757569413179 99496354919.73946 466
1757569413255 403743152705.5551 467
1757569413330 135441207137.0997 468
1757569413412 58508748096.489204 469
1757569413490 199142365090.57758 470
1757569413563 119205797340.75981 471
1757569413636 200666935040.53864 472
1757569413715 113312549110.65445 473
1757569413790 279753459051.1463 474
1757569413873 514774087359.13306 475
1757569413956 146906269979.0845 476
1757569414040 295446809542.46643 477
1757569414118 221333519011.87836 478
1757569414196 252547529734.47253 479
1757569414274 95063487712.4302 480
1757569414352 204082944629.52744 481
1757569414431 126688048453.8514 482
1757569414508 331745385732.0148 483
1757569414586 241609019320.23273 484
1757569414662 347379550088.76935 485
1757569414738 111059427730.47223 486
1757569414811 383759067850.3008 487
1757569414883 338581047496.6028 488
1757569414955 154923230972.27548 489
1757569415029 121631020255.36089 490
1757569415119 260369662649.35745 491
1757569415196 282973836245.21936 492
1757569415274 88502968340.86745 493
1757569415351 78240769010.2 494
1757569415433 116556140804.22829 495
1757569415508 111960284955.37694 496
1757569415583 199556441759.31284 497
1757569415657 204421996282.39072 498
1757569415738 150155851520.13678 499
