1757542315930 229581429632.852 0
1757542315992 262110045575.8751 1
1757542316056 68139060667.231735 2
1757542316130 810432822637.0863 3
1757542316193 156005590895.14246 4
1757542316249 187426168217.09247 5
1757542316320 90108294276.23866 6
1757542316382 130780844312.67871 7
1757542316449 212507112908.68805 8
1757542316508 71568632557.06636 9
1757542316572 437037723769.8238 10
1757542316641 254223065939.50568 11
1757542316704 152903076977.819 12
1757542316771 88646237730.65013 13
1757542316843 138914143680.8887 14
1757542316900 317661577691.12354 15
1757542316980 286286522151.0172 16
1757542317045 299735474320.24524 17
1757542317115 180254542116.42337 18
1757542317191 259013532561.67972 19
1757542317250 367156418700.0174 20
1757542317355 179689651260.8848 21
1757542317419 212129421056.29022 22
1757542317568 411863998565.4776 23
1757542317637 118427337685.29955 24
1757542317698 313421191304.004 25
1757542317768 276483691626.7426 26
1757542317829 131520289888.91801 27
1757542317895 95009218616.4954 28
1757542317962 325859784255.59143 29
1757542318025 591652923779.6388 30
1757542318095 265161390368.91907 31
1757542318160 294164099393.4711 32
1757542318223 74796101909.31439 33
1757542318291 80156178307.07608 34
1757542318351 289791587917.765 35
1757542318418 344703622346.9391 36
1757542318494 62489606512.09885 37
1757542318557 91872407878.67902 38
1757542318622 311496773346.6714 39
1757542318688 72546866763.65009 40
1757542318753 268435334191.93942 41
1757542318817 101069850431.46364 42
1757542318883 107539248239.5939 43
1757542318949 67033166603.37175 44
1757542319010 98844568695.90288 45
1757542319076 54584090556.89951 46
1757542319138 237231749236.63617 47
1757542319205 312661393930.6789 48
1757542319280 366726220334.54987 49
1757542319343 388710065322.2561 50
1757542319408 333594485648.2704 51
1757542319475 81028148618.81575 52
1757542319542 77577790557.67845 53
1757542319622 41665761453.08277 54
1757542319688 546854332352.31226 55
1757542319753 170049692409.55685 56
1757542319821 522682851602.6284 57
1757542319887 70742277796.68007 58
1757542319958 286049792165.4764 59
1757542320021 227326229337.06253 60
1757542320098 468457834107.87225 61
1757542320175 155255112016.0723 62
1757542320309 92137520380.79028 63
1757542320377 267721863267.99316 64
1757542320439 146354196819.7974 65
1757542320507 140478695414.91495 66
1757542320571 78583377904.38307 67
1757542320638 122204556132.37135 68
1757542320702 311974888448.76166 69
1757542320764 420174483515.5045 70
1757542320830 367753242452.5571 71
1757542320895 170075898696.64148 72
1757542320967 76818248193.68112 73
1757542321033 67251254751.296715 74
1757542321101 516627380369.7237 75
1757542321167 134983706894.17471 76
1757542321233 69717761198.07904 77
1757542321298 76541626122.78885 78
1757542321376 121127008909.02718 79
1757542321443 139463261565.45944 80
1757542321505 646692104529.601 81
1757542321573 53544623998.5586 82
1757542321636 115400299406.3183 83
1757542321701 100205085281.86003 84
1757542321771 375536863951.8507 85
1757542321839 96128612838.91385 86
1757542321906 223152269870.94485 87
1757542321973 451453784626.5094 88
1757542322038 541806282674.8537 89
1757542322108 89162169068.8844 90
1757542322169 420150986809.9536 91
1757542322240 280107856501.89905 92
1757542322304 350632969398.90216 93
1757542322367 312903716950.4468 94
1757542322424 148652897963.6378 95
1757542322495 78600254979.30328 96
1757542322570 326829538278.74384 97
1757542322641 419048112550.2754 98
1757542322717 227720873265.22147 99
1757542322781 143050152059.00204 100
1757542322851 474316495838.41626 101
1757542322918 535047107102.15533 102
1757542322990 208108916875.69556 103
1757542323051 79532483047.05388 104
1757542323120 129204984976.9229 105
1757542323182 102090457013.08955 106
1757542323247 540896907076.2098 107
1757542323310 69320205326.0869 108
1757542323375 287264388389.2752 109
1757542323442 55572619894.9012 110
1757542323512 350576589598.7232 111
1757542323581 172558207003.6904 112
1757542323649 170130788715.78165 113
1757542323718 59144633773.616264 114
1757542323784 167830975210.32373 115
1757542323844 194286283602.6377 116
1757542323912 252603111280.19662 117
1757542323979 187299750339.16107 118
1757542324057 312632317401.2939 119
1757542324121 60718129863.71831 120
1757542324191 62615166870.44175 121
1757542324257 206250566905.65768 122
1757542324326 170985873564.6627 123
1757542324392 456354446813.45026 124
1757542324466 404415059578.4258 125
1757542324535 57366085384.963104 126
1757542324599 145155506723.76917 127
1757542324667 227032255204.10083 128
1757542324737 637347734524.5265 129
1757542324804 93297271346.81387 130
1757542324871 117167586944.84447 131
1757542324936 283914283166.2774 132
1757542325003 105501320785.45409 133
1757542325069 488215330620.85266 134
1757542325138 341098393490.4655 135
1757542325205 549594775761.1245 136
1757542325273 92607773580.12294 137
1757542325341 392291970695.37714 138
1757542325420 357643262126.003 139
1757542325491 169184905262.8834 140
1757542325569 114245609542.74252 141
1757542325636 100267387530.67992 142
1757542325700 504171258662.191 143
1757542325765 474369744021.0972 144
1757542325832 381048610670.86 145
1757542325893 79952345151.62938 146
1757542325959 291698338015.9564 147
1757542326040 365148996892.5392 148
1757542326108 187724476982.60522 149
1757542326176 127985788312.23318 150
1757542326240 192450120454.99045 151
1757542326302 455398262405.4292 152
1757542326373 284530515458.0671 153
1757542326440 88171087007.6908 154
1757542326509 519050038510.9916 155
1757542326570 412480846204.5469 156
1757542326640 854893974616.8699 157
1757542326708 107461238646.09381 158
1757542326768 487434539264.4296 159
1757542326856 129566773483.58443 160
1757542326947 312596179559.7263 161
1757542327025 302207169645.0167 162
1757542327091 556012684512.9987 163
1757542327153 216045053087.24164 164
1757542327223 98610814466.81511 165
1757542327291 83394037940.26622 166
1757542327361 307300814796.7887 167
1757542327427 160817074111.73074 168
1757542327494 250360477695.32553 169
1757542327559 155048477779.38477 170
1757542327653 512772822572.1464 171
1757542327730 92655611551.03398 172
1757542327805 254940550752.21756 173
1757542327888 330283186630.6972 174
1757542327997 198802461702.28937 175
1757542328098 307195519536.00995 176
1757542328199 142248632252.0995 177
1757542328306 199061917865.468 178
1757542328413 345465784296.74805 179
1757542328521 237509619157.99036 180
1757542328629 39508305444.01943 181
1757542328727 271222853401.30347 182
1757542328823 614246830893.6829 183
1757542328918 125762077764.30376 184
1757542329039 46436224596.42019 185
1757542329122 298325873889.4048 186
1757542329188 77404922195.59761 187
1757542329252 214746799425.31198 188
1757542329330 573664267696.5273 189
1757542329398 202454880628.683 190
1757542329466 287621557960.4059 191
1757542329533 141458952076.43256 192
1757542329605 330513875448.8593 193
1757542329667 98895074963.58302 194
1757542329748 428670296099.5552 195
1757542329816 224799519384.31778 196
1757542329882 168990117185.4959 197
1757542329952 170207077891.0379 198
1757542330021 53308151750.410645 199
1757542330098 345020412475.8882 200
1757542330184 82308246449.60477 201
1757542330251 175476469335.7128 202
1757542330318 175996046877.16553 203
1757542330384 95225532225.04515 204
1757542330460 112681873363.76427 205
1757542330525 404121322016.7533 206
1757542330597 199947950215.32816 207
1757542330666 92024075740.54001 208
1757542330736 386731988109.2645 209
1757542330802 131200999270.26106 210
1757542330871 130383185808.07866 211
1757542330940 143543342497.46722 212
1757542331009 596569378408.4797 213
1757542331089 399859704991.08575 214
1757542331158 309129198731.96326 215
1757542331226 108492059002.32172 216
1757542331293 244050592516.03876 217
1757542331359 232839503683.2652 218
1757542331428 267885138076.03928 219
1757542331496 203586061551.99237 220
1757542331562 143498786293.2422 221
1757542331643 175484338924.48312 222
1757542331708 278130363281.2859 223
1757542331784 212396850562.08432 224
1757542331856 166503307598.87302 225
1757542331923 673731583078.715 226
1757542331988 71608995571.35646 227
1757542332051 221060350531.30185 228
1757542332127 123577919222.50786 229
1757542332195 64292371476.91719 230
1757542332264 167262079858.6767 231
1757542332332 218987707225.82193 232
1757542332403 421697906246.60706 233
1757542332476 84894812438.17807 234
1757542332542 241522934677.28378 235
1757542332610 343969762828.0712 236
1757542332695 312370629473.0084 237
1757542332766 361188872999.9505 238
1757542332834 130067190544.4911 239
1757542332902 326205619041.93164 240
1757542332968 88973579014.78584 241
1757542333034 181091051900.39526 242
1757542333107 138260327412.2923 243
1757542333171 198315505012.74673 244
1757542333236 379581394017.82446 245
1757542333307 147680256777.3583 246
1757542333380 185406266168.75983 247
1757542333453 143135941376.61246 248
1757542333523 104516609902.51006 249
1757542333593 78511599000.7308 250
1757542333665 159409108426.65778 251
1757542333733 102542363715.87154 252
1757542333799 79789212838.92987 253
1757542333871 191109804676.94272 254
1757542333942 207420743437.5225 255
1757542334011 246698118988.94534 256
1757542334078 158526408599.40344 257
1757542334153 78386072294.31758 258
1757542334222 200749072182.70944 259
1757542334288 80184572482.03911 260
1757542334369 204635422828.9498 261
1757542334441 159306781096.42755 262
1757542334506 72126983613.82684 263
1757542334571 171402239573.98114 264
1757542334652 120406250322.50424 265
1757542334717 331526950098.0004 266
1757542334779 230594035887.64682 267
1757542334855 125951760319.00224 268
1757542334920 184197121367.7852 269
1757542334991 193226651881.68808 270
1757542335060 241384950025.6949 271
1757542335133 189243832015.5585 272
1757542335201 320156210298.9406 273
1757542335266 290190882733.1232 274
1757542335335 161662669736.38815 275
1757542335408 275997710211.24164 276
1757542335481 398316634840.7834 277
1757542335550 207571975019.93 278
1757542335622 325994924383.83795 279
1757542335690 298965138284.8846 280
1757542335756 462461802053.27124 281
1757542335828 319504924840.34314 282
1757542335900 107404360290.07222 283
1757542335975 164668006749.5925 284
1757542336050 224322894582.79587 285
1757542336122 468699215127.8848 286
1757542336193 422087498984.7463 287
1757542336265 590059872975.2467 288
1757542336332 260492858502.18924 289
1757542336398 125018725494.04834 290
1757542336470 217198943344.1349 291
1757542336544 192458609454.34476 292
1757542336612 371334459141.0185 293
1757542336677 163190885727.01297 294
1757542336746 241614555346.9313 295
1757542336819 66848437019.17614 296
1757542336889 266830044204.93002 297
1757542336959 382946207168.0148 298
1757542337032 186842000927.8396 299
1757542337101 152024607062.70575 300
1757542337172 112357504337.38817 301
1757542337237 184577068695.48972 302
1757542337310 239521381648.25183 303
1757542337378 100819457214.0372 304
1757542337451 175240864390.83878 305
1757542337518 90948784828.26093 306
1757542337589 245413501511.76852 307
1757542337658 389844708038.8693 308
1757542337732 559832390884.7389 309
1757542337803 387427541058.645 310
1757542337869 168447716208.76462 311
1757542337944 250589957791.51562 312
1757542338012 365051464833.8742 313
1757542338088 413460651388.32623 314
1757542338162 111476130218.74893 315
1757542338228 200766238675.64212 316
1757542338300 294161990073.5265 317
1757542338372 134979517438.5005 318
1757542338438 175473188195.78745 319
1757542338507 426262468737.9683 320
1757542338576 157944760031.74225 321
1757542338642 890742168185.5919 322
1757542338714 206529923830.2854 323
1757542338785 153387831864.1097 324
1757542338854 149420280220.27307 325
1757542338922 241442519569.4902 326
1757542338995 189683993653.51544 327
1757542339063 202107106523.59824 328
1757542339134 424028683662.4263 329
1757542339205 282185607819.4815 330
1757542339277 568701664401.631 331
1757542339349 580004887677.2705 332
1757542339416 408602015010.9882 333
1757542339491 321915942402.4207 334
1757542339567 333834211855.71826 335
1757542339638 112386493649.3429 336
1757542339704 444723375587.07574 337
1757542339779 158823534176.2223 338
1757542339845 570288329023.0804 339
1757542339916 122468841606.50038 340
1757542339985 185550456338.07193 341
1757542340060 347177073130.4929 342
1757542340149 318393608135.7711 343
1757542340230 250506832477.88257 344
1757542340300 90029559071.9976 345
1757542340371 202377821849.7644 346
1757542340444 99811954843.03647 347
1757542340513 281803644668.0231 348
1757542340583 204454517118.657 349
1757542340662 80821712328.24768 350
1757542340728 168472403018.40866 351
1757542340810 126370503620.8222 352
1757542340880 126263619722.331 353
1757542340953 166562296795.39197 354
1757542341023 316962572098.9562 355
1757542341093 404388083904.8546 356
1757542341165 261522848122.60098 357
1757542341236 655046026879.7557 358
1757542341302 344173240148.78595 359
1757542341374 227995502230.07443 360
1757542341450 172471459475.7125 361
1757542341523 89008647018.56615 362
1757542341596 95963433184.35413 363
1757542341665 170751028343.48196 364
1757542341733 388559724686.9906 365
1757542341802 333185109322.6538 366
1757542341875 158031992162.51797 367
1757542341943 275108779536.0511 368
1757542342011 76022752458.0508 369
1757542342080 157499994703.72864 370
1757542342151 134794656856.9796 371
1757542342222 121641468480.55826 372
1757542342303 177626011344.0048 373
1757542342373 222234633988.4916 374
1757542342443 71583518314.86748 375
1757542342514 160183687890.30005 376
1757542342589 216069104719.86807 377
1757542342668 126104716175.52994 378
1757542342753 215697841740.51288 379
1757542342819 685078602747.8982 380
1757542342894 443075995662.8856 381
1757542342967 75158259262.8061 382
1757542343042 82971038365.50264 383
1757542343111 131438491650.82628 384
1757542343186 519284731839.5911 385
1757542343255 166183846158.7386 386
1757542343322 321381803186.27826 387
1757542343392 348108825961.64514 388
1757542343466 162493289879.06512 389
1757542343539 121435305317.05296 390
1757542343608 96380626718.58937 391
1757542343674 76731734204.98343 392
1757542343739 389763114454.17664 393
1757542343818 105353182467.97533 394
1757542343892 195683079562.09903 395
1757542343965 389526814691.1536 396
1757542344044 77929300032.98433 397
1757542344127 176068229522.86075 398
1757542344219 205035877859.6108 399
1757542344313 75647539166.04176 400
1757542344405 235219826924.78278 401
1757542344481 171063507921.84235 402
1757542344545 517836812441.8348 403
1757542344615 500526422476.0519 404
1757542344685 249420166016.4243 405
1757542344842 637296765752.7063 406
1757542344912 262702176833.1086 407
1757542344981 212120258183.7536 408
1757542345052 317436741999.31354 409
1757542345124 269050315261.45407 410
1757542345191 111119429277.08334 411
1757542345262 153296207194.203 412
1757542345331 156073727672.2232 413
1757542345405 461529841052.9614 414
1757542345480 160483194867.22345 415
1757542345549 267631248504.3569 416
1757542345620 95862430973.23894 417
1757542345695 409507528195.4781 418
1757542345767 1188954870377.0786 419
1757542345836 105064244067.60156 420
1757542345910 569709329385.662 421
1757542345980 121088811158.68304 422
1757542346049 100285201803.98514 423
1757542346120 141140827878.3006 424
1757542346188 80832048468.16269 425
1757542346266 75856557608.33609 426
1757542346334 193151226094.19672 427
1757542346400 316066306493.7073 428
1757542346473 90536158389.02463 429
1757542346544 274495405085.74402 430
1757542346611 81409250406.91225 431
1757542346698 57178505248.06807 432
1757542346770 77287723673.32944 433
1757542346842 129260233847.4479 434
1757542346914 180435987685.85007 435
1757542346985 349558540607.5008 436
1757542347051 510472164175.498 437
1757542347122 118518414702.3761 438
1757542347191 251636073672.15952 439
1757542347271 109800710392.65225 440
1757542347339 423008882830.41235 441
1757542347411 538123201559.8401 442
1757542347485 565966141169.8154 443
1757542347556 94836390188.3973 444
1757542347625 234406680864.86835 445
1757542347700 244690055012.0871 446
1757542347772 285446178054.5389 447
1757542347845 85132155241.38126 448
1757542347918 222662478873.0008 449
1757542347990 73424022939.39449 450
1757542348058 231536479713.00436 451
1757542348133 517394181972.9023 452
1757542348210 101715990968.37256 453
1757542348285 258653595314.75772 454
1757542348352 642084864508.7642 455
1757542348424 281042410175.8584 456
1757542348501 351688846810.3011 457
1757542348571 108562483109.46089 458
1757542348642 103064706509.77275 459
1757542348716 369318306930.65045 460
1757542348788 158587463329.97443 461
1757542348862 262682596205.95456 462
1757542348928 433463708858.8496 463
1757542349001 171489178667.8586 464
1757542349071 563109993055.1045 465
1757542349145 151419075298.76144 466
1757542349218 136011608004.57333 467
1757542349295 333642219047.3632 468
1757542349362 434823260724.80865 469
1757542349440 106628479449.36655 470
1757542349510 246516409901.02072 471
1757542349584 309766255777.0553 472
1757542349650 509042542855.7162 473
1757542349722 106674175808.92859 474
1757542349797 177792925015.1683 475
1757542349872 204913149835.9171 476
