1757531093339 1064043370422.6711 0
1757531093387 1081915059200.3539 1
1757531093436 16745358361984.76 2
1757531093484 957883496729820.8 3
1757531093531 5.5811982365163704e+16 4
1757531093579 3.2529369776952714e+18 5
1757531093628 1.8959447243730724e+20 6
1757531093675 1.1050341912391264e+22 7
1757531093723 6.440591590998446e+23 8
1757531093769 3.753840412492798e+25 9
1757531093820 2.1878918486558784e+27 10
1757531093873 1.2751929265517313e+29 11
1757531093922 7.432346351701846e+30 12
1757531093970 4.3318756826098706e+32 13
1757531094018 2.5247944648448667e+34 14
1757531094064 1.4715535617288783e+36 15
1757531094114 8.576816509972842e+37 16
1757531094163 4.9989197375403385e+39 17
1757531094211 2.9135750442269204e+41 18
1757531094262 1.698150797379835e+43 19
1757531094312 9.897517952577497e+44 20
1757531094361 5.768678598669949e+46 21
1757531094408 3.3622220170953656e+48 22
1757531094457 1.959640617670613e+50 23
1757531094506 1.1421587661073058e+52 24
1757531094565 6.656968809650572e+53 25
1757531094617 3.8799539125103667e+55 26
1757531094665 2.261395958680279e+57 27
1757531094714 1.3180341306236684e+59 28
1757531094762 7.682042425258002e+60 29
1757531094810 4.477408775108105e+62 30
1757531094858 2.6096171082707513e+64 31
1757531094907 1.5209916703696498e+66 32
1757531094955 8.86496204367249e+67 33
1757531095004 5.166862749265064e+69 34
1757531095053 3.01145910588506e+71 35
1757531095101 1.755201635210459e+73 36
1757531095149 1.023003358812023e+75 37
1757531095197 5.96248232195382e+76 38
1757531095246 3.4751787600087803e+78 39
1757531095297 2.025476431108102e+80 40
1757531095345 1.1805305730413846e+82 41
1757531095397 6.880615407225338e+83 42
1757531095445 4.01030430412132e+85 43
1757531095493 2.3373695025543413e+87 44
1757531095542 1.3623146218247263e+89 45
1757531095589 7.940127253347272e+90 46
1757531095637 4.6278311771257973e+92 47
1757531095685 2.6972894414190912e+94 48
1757531095735 1.5720906948272508e+96 49
1757531095783 9.162788074616661e+97 50
1757531095831 5.340447951036492e+99 51
1757531095879 3.1126316668546396e+101 52
1757531095926 1.8141691450481986e+103 53
1757531095974 1.0573720372673368e+105 54
1757531096022 6.162797048150512e+106 55
1757531096072 3.5919303819351953e+108 56
1757531096120 2.0935240553704597e+110 57
1757531096168 1.2201915138604255e+112 58
1757531096216 7.111775604763887e+113 59
1757531096263 4.145033929345963e+115 60
1757531096312 2.415895443033969e+117 61
1757531096360 1.4080827542449658e+119 62
1757531096412 8.206882663399295e+120 63
1757531096461 4.783307149225023e+122 64
1757531096511 2.787907202069137e+124 65
1757531096559 1.6249064349982687e+126 66
1757531096608 9.470619827443259e+127 67
1757531096657 5.519864897086016e+129 68
1757531096704 3.217203207100755e+131 69
1757531096752 1.8751177191390027e+133 70
1757531096801 1.0928953610604004e+135 71
1757531096849 6.369841520007523e+136 72
1757531096897 3.712604375101681e+138 73
1757531096945 2.163857798146265e+140 74
1757531096994 1.2611848981269819e+142 75
1757531097055 7.3507018281247275e+143 76
1757531097105 4.2842899123071976e+145 77
1757531097155 2.4970595300802617e+147 78
1757531097203 1.4553885064717247e+149 79
1757531097253 8.482599951078929e+150 80
1757531097302 4.944006470442887e+152 81
1757531097351 2.881569344393297e+154 82
1757531097401 1.6794965654248802e+156 83
1757531097449 9.788793452992051e+157 84
1757531097499 5.705309509882767e+159 85
1757531097548 3.3252879182581294e+161 86
1757531097598 1.9381139130417974e+163 87
1757531097647 1.1296121214952796e+165 88
1757531097695 6.58384182912343e+166 89
1757531097744 3.837332514946501e+168 90
1757531097793 2.2365544635549286e+170 91
1757531097840 1.3035554904256737e+172 92
1757531097889 7.597654983630518e+173 93
1757531097938 4.428224319889589e+175 94
1757531097986 2.580950394498096e+177 95
1757531098039 1.5042835361660162e+179 96
1757531098089 8.76758019837954e+180 97
1757531098139 5.1101046236893394e+182 98
1757531098188 2.9783781470145587e+184 99
1757531098239 1.735920698275147e+186 100
1757531098288 1.0117656395379624e+188 101
1757531098337 5.896984294079827e+189 102
1757531098386 3.437003828327711e+191 103
1757531098436 2.003226518306795e+193 104
1757531098488 1.1675624131032902e+195 105
1757531098540 6.805031662838663e+196 106
1757531098591 3.9662510040172064e+198 107
1757531098640 2.3116934360163407e+200 108
1757531098689 1.3473495592458591e+202 109
1757531098738 7.85290474297638e+203 110
1757531098786 4.576994327795527e+205 111
1757531098835 2.667659644720513e+207 112
1757531098883 1.5548212364724392e+209 113
1757531098933 9.06213460240337e+210 114
1757531098983 5.281782987373809e+212 115
1757531099034 3.0784393246942933e+214 116
1757531099085 1.794240448439227e+216 117
1757531099134 1.0457567771406675e+218 118
1757531099183 6.095098557648403e+219 119
1757531099232 3.5524729305627535e+221 120
1757531099283 2.070526637595532e+223 121
1757531099333 1.206787677426027e+225 122
1757531099388 7.033652559420927e+226 123
1757531099437 4.09950062070311e+228 124
1757531099487 2.389356766938286e+230 125
1757531099537 1.3926149275066134e+232 126
1757531099589 8.116729837710091e+233 127
1757531099640 4.73076239218041e+235 128
1757531099700 2.7572819668447186e+237 129
1757531099752 1.607056794324229e+239 130
1757531099805 9.366584815187002e+240 131
1757531099856 5.459229033469453e+242 132
1757531099905 3.1818621437722796e+244 133
1757531099956 1.8545195008125467e+246 134
1757531100005 1.080889876271196e+248 135
1757531100057 6.299868640441186e+249 136
1757531100109 3.671821316684846e+251 137
1757531100159 2.1400877623246908e+253 138
1757531100209 1.24733074826936e+255 139
1757531100259 7.269954171824058e+256 140
1757531100308 4.237226872964788e+258 141
1757531100357 2.4696292643162816e+260 142
1757531100408 1.4394010247791769e+262 143
1757531100458 8.389418363605877e+263 144
1757531100508 4.889696427054104e+265 145
1757531100561 2.8499152280288872e+267 146
1757531100613 1.661047250707181e+269 147
1757531100663 9.681263294944297e+270 148
1757531100713 5.642636532231822e+272 149
1757531100765 3.288759541485062e+274 150
1757531100815 1.9168236798394368e+276 151
1757531100866 1.1172033021100976e+278 152
1757531100921 6.511518150434451e+279 153
1757531100971 3.795179314575541e+281 154
1757531101021 2.2119858529183516e+283 155
1757531101071 1.2892358984777391e+285 156
1757531101120 7.514194540307745e+286 157
1757531101170 4.3795801572279544e+288 158
1757531101220 2.552598585343428e+290 159
1757531101280 1.487758941263771e+292 160
1757531101338 8.671268095263396e+293 161
1757531101388 5.053969987642098e+295 162
1757531101438 2.945660583362595e+297 163
1757531101488 1.716851562948088e+299 164
1757531101542 1.0006513669108854e+301 165
1757531101597 5.832205763794971e+302 166
1757531101652 3.3992482492928476e+304 167
