1757586623090 1064045391775.5753 0
1757586623181 1081847555244.6483 1
1757586623273 16741219495405.701 2
1757586623388 957642265123503.0 3
1757586623492 5.579792243626331e+16 4
1757586623587 3.252117508057946e+18 5
1757586623680 1.8954671039704226e+20 6
1757586623769 1.1047558145214549e+22 7
1757586623852 6.438969097542352e+23 8
1757586623940 3.752894756893124e+25 9
1757586624033 2.1873406818638055e+27 10
1757586624121 1.274871683984358e+29 11
1757586624208 7.430474018524691e+30 12
1757586624307 4.330784410193865e+32 13
1757586624405 2.524158426611671e+34 14
1757586624503 1.4711828526115672e+36 15
1757586624603 8.574655865494494e+37 16
1757586624695 4.9976604254965135e+39 17
1757586624786 2.91284106562026e+41 18
1757586624882 1.6977230046038614e+43 19
1757586624983 9.895024601170342e+44 20
1757586625081 5.7672253714093e+46 21
1757586625179 3.36137501676279e+48 22
1757586625271 1.959146951206456e+50 23
1757586625364 1.1418710370847058e+52 24
1757586625457 6.655291807130496e+53 25
1757586625543 3.878976486796786e+55 26
1757586625632 2.2608262749653605e+57 27
1757586625719 1.3177020956357072e+59 28
1757586625802 7.680107189436006e+60 29
1757586625887 4.47628084045587e+62 30
1757586625974 2.6089597017855873e+64 31
1757586626061 1.5206085069604258e+66 32
1757586626159 8.862728810482957e+67 33
1757586626266 5.165561129549096e+69 34
1757586626369 3.010700468635286e+71 35
1757586626466 1.7547594703679266e+73 36
1757586626561 1.0227456470426257e+75 37
1757586626657 5.960980272272424e+76 38
1757586626753 3.474303303970937e+78 39
1757586626851 2.024966179494133e+80 40
1757586626948 1.1802331775145942e+82 41
1757586627033 6.878882064362034e+83 42
1757586627122 4.009294040949516e+85 43
1757586627211 2.3367806798246234e+87 44
1757586627302 1.3619714318355167e+89 45
1757586627393 7.938127001611918e+90 46
1757586627483 4.6266653485379665e+92 47
1757586627577 2.6966099487971448e+94 48
1757586627669 1.5716946587134532e+96 49
1757586627764 9.160479814035652e+97 50
1757586627857 5.339102602285657e+99 51
1757586627959 3.1118475425333876e+101 52
1757586628059 1.8137121252971495e+103 53
1757586628366 1.0571056674491997e+105 54
1757586628430 6.161244535817036e+106 55
1757586628491 3.5910255141981357e+108 56
1757586628551 2.0929966614142728e+110 57
1757586628611 1.2198841270749036e+112 58
1757586628673 7.10998402875498e+113 59
1757586628734 4.143989725513244e+115 60
1757586628793 2.4152868382977784e+117 61
1757586628853 1.4077280344926471e+119 62
1757586628913 8.20481521148507e+120 63
1757586628974 4.782102153622235e+122 64
1757586629035 2.7872048813076467e+124 65
1757586629101 1.6244970937103186e+126 66
1757586629160 9.468234018861078e+127 67
1757586629221 5.518474350185826e+129 68
1757586629281 3.216392739447952e+131 69
1757586629344 1.874645345416013e+133 70
1757586629405 1.0926200423189298e+135 71
1757586629465 6.368236849685779e+136 72
1757586629526 3.711669107554065e+138 73
1757586629586 2.163312685936136e+140 74
1757586629664 1.260867184417797e+142 75
1757586629725 7.348850062577578e+143 76
1757586629785 4.2832106275478485e+145 77
1757586629846 2.4964304787440596e+147 78
1757586629907 1.4550218696039771e+149 79
1757586629970 8.480463041337919e+150 80
1757586630035 4.942760991975527e+152 81
1757586630097 2.8808434285612505e+154 82
1757586630158 1.6790734719639914e+156 83
1757586630219 9.786327491116813e+157 84
1757586630279 5.70387224636245e+159 85
1757586630341 3.3244502222468594e+161 86
1757586630402 1.93762566951695e+163 87
1757586630462 1.129327553183687e+165 88
1757586630525 6.58218324852089e+166 89
1757586630585 3.836365826280524e+168 90
1757586630648 2.235991037830848e+170 91
1757586630710 1.3032271028509302e+172 92
1757586630771 7.595741006425757e+173 93
1757586630833 4.4271087756296704e+175 94
1757586630894 2.580300209640752e+177 95
1757586630955 1.5039045818170875e+179 96
1757586631016 8.76537149731631e+180 97
1757586631082 5.1088173023007475e+182 98
1757586631146 2.97762784341525e+184 99
1757586631211 1.7354833906252328e+186 100
1757586631284 1.0115107587392423e+188 101
1757586631348 5.895498744454318e+189 102
1757586631411 3.436137989197844e+191 103
1757586631474 2.0027218718204376e+193 104
1757586631536 1.1672682844743082e+195 105
1757586631598 6.803317360793043e+196 106
1757586631660 3.965251838613352e+198 107
1757586631722 2.3111110815200514e+200 108
1757586631783 1.3470101392078575e+202 109
1757586631848 7.850926464059836e+203 110
1757586631909 4.5758413058659125e+205 111
1757586631970 2.666987616343195e+207 112
1757586632032 1.5544295508259459e+209 113
1757586632093 9.059851698126606e+210 114
1757586632157 5.280452417315012e+212 115
1757586632221 3.0776638139996946e+214 116
1757586632284 1.793788449062371e+216 117
1757586632345 1.0454933334021066e+218 118
1757586632408 6.093563099704445e+219 119
1757586632469 3.551578002821984e+221 120
1757586632532 2.0700050370760582e+223 121
1757586632602 1.2064836672925616e+225 122
1757586632676 7.031880663922374e+226 123
1757586632744 4.098467887477411e+228 124
1757586632810 2.3887548477413955e+230 125
1757586632888 1.3922641043602593e+232 126
1757586632953 8.114685096810422e+233 127
1757586633019 4.7295706334865333e+235 128
1757586633084 2.7565873610955712e+237 129
1757586633146 1.6066519496612744e+239 130
1757586633210 9.364225214775904e+240 131
1757586633274 5.45785376176415e+242 132
1757586633338 3.181060579128327e+244 133
1757586633401 1.854052316127541e+246 134
1757586633463 1.0806175819134647e+248 135
1757586633525 6.29828159746586e+249 136
1757586633588 3.67089632307627e+251 137
1757586633652 2.1395486381867697e+253 138
1757586633719 1.247016524653768e+255 139
1757586633783 7.268122747970992e+256 140
1757586633846 4.236159444177393e+258 141
1757586633910 2.469007123125842e+260 142
1757586633975 1.4390384154272305e+262 143
1757586634047 8.38730492787555e+263 144
1757586634115 4.888464630201016e+265 145
1757586634192 2.8491972864016697e+267 146
1757586634261 1.6606288049392766e+269 147
1757586634328 9.678824421726209e+270 148
1757586634395 5.641215057089721e+272 149
1757586634472 3.287931047586889e+274 150
1757586634537 1.9163407996827763e+276 151
1757586634604 1.1169218597890229e+278 152
1757586634670 6.509877789384216e+279 153
1757586634736 3.79422324501043e+281 154
1757586634805 2.2114286164409295e+283 155
1757586634874 1.2889111182492902e+285 156
1757586634943 7.5123015881937714e+286 157
1757586635011 4.378476867251564e+288 158
1757586635075 2.551955542784121e+290 159
1757586635138 1.48738414973849e+292 160
1757586635201 8.669083656840342e+293 161
1757586635268 5.052696807513334e+295 162
1757586635333 2.944918521868369e+297 163
1757586635396 1.7164190591343897e+299 164
1757586635460 1.0003992859845484e+301 165
1757586635523 5.830736532971788e+302 166
1757586635589 3.398391921428951e+304 167
