1757581953326 951364937835.2451 0
1757581953417 185099277199.3163 1
1757581953508 946266113524.889 2
1757581953579 199800587738.6726 3
1757581953656 357379657042.14557 4
1757581953747 250782424567.3619 5
1757581953831 971146319982.2516 6
1757581953907 106247055643.94434 7
1757581954000 217612194964.79892 8
1757581954088 134665124595.85628 9
1757581954167 87147658522.81915 10
1757581954253 257632506629.46985 11
1757581954346 134906570987.82329 12
1757581954432 75190061563.30753 13
1757581954524 370139955984.6822 14
1757581954617 357902602733.733 15
1757581954708 326039411752.3127 16
1757581954796 106449549460.91205 17
1757581954886 91918968432.1187 18
1757581954972 106366604678.5569 19
1757581955052 645625438049.5754 20
1757581955132 192066094721.2028 21
1757581955213 216997738795.7758 22
1757581955297 86070003510.90059 23
1757581955380 269213817679.24838 24
1757581955460 382143100605.13525 25
1757581955536 246173132930.64233 26
1757581955634 316481123952.5166 27
1757581955729 239971489549.16113 28
1757581955827 83732917034.57214 29
1757581955926 348342483418.9424 30
1757581956021 120682709868.73189 31
1757581956099 189880725600.6309 32
1757581956179 188101297916.3248 33
1757581956269 316632660458.79584 34
1757581956341 273893531945.74783 35
1757581956428 506781926902.18317 36
1757581956502 168827737283.57315 37
1757581956589 439583900907.7611 38
1757581956690 295441628103.08734 39
1757581956791 191422629700.20554 40
