1757586650413 1064042976695.4614 0
1757586650474 1081842865495.2631 1
1757586650538 16740976958074.242 2
1757586650608 957628165780873.2 3
1757586650672 5.579710067711582e+16 4
1757586650753 3.2520696125790725e+18 5
1757586650838 1.895439188524861e+20 6
1757586650921 1.1047395442571174e+22 7
1757586651006 6.438874267781864e+23 8
1757586651089 3.752839486227049e+25 9
1757586651174 2.1873084678572176e+27 10
1757586651252 1.2748529083426994e+29 11
1757586651317 7.430364586399663e+30 12
1757586651383 4.330720628671996e+32 13
1757586651455 2.524121252129959e+34 14
1757586651521 1.4711611858019588e+36 15
1757586651599 8.574529582459196e+37 16
1757586651691 4.997586822574379e+39 17
1757586651763 2.912798166824446e+41 18
1757586651833 1.6976980014296864e+43 19
1757586651905 9.894878872436677e+44 20
1757586651969 5.767140434738207e+46 21
1757586652033 3.361325512194159e+48 22
1757586652099 1.9591180979174827e+50 23
1757586652160 1.1418542202068388e+52 24
1757586652227 6.655193791482636e+53 25
1757586652317 3.8789193592651275e+55 26
1757586652400 2.2607929787015062e+57 27
1757586652484 1.3176826892102122e+59 28
1757586652568 7.679994080844582e+60 29
1757586652653 4.476214916138918e+62 30
1757586652739 2.6089212783951818e+64 31
1757586652801 1.5205861122357086e+66 32
1757586652870 8.862598284860447e+67 33
1757586652934 5.165485053873475e+69 34
1757586652996 3.010656128617526e+71 35
1757586653063 1.754733627190606e+73 36
1757586653129 1.0227305845810408e+75 37
1757586653195 5.960892482080763e+76 38
1757586653277 3.474252136253725e+78 39
1757586653362 2.0249363568540915e+80 40
1757586653447 1.1802157956592449e+82 41
1757586653532 6.878780755794158e+83 42
1757586653617 4.0092349941692886e+85 43
1757586653704 2.33674626494414e+87 44
1757586653775 1.3619513734344671e+89 45
1757586653842 7.938010093040074e+90 46
1757586653907 4.6265972094368627e+92 47
1757586653971 2.6965702345398737e+94 48
1757586654040 1.5716715116186887e+96 49
1757586654106 9.160344903292559e+97 50
1757586654176 5.339023970782277e+99 51
1757586654244 3.111801712874582e+101 52
1757586654330 1.8136854138960466e+103 53
1757586654414 1.057090098951255e+105 54
1757586654500 6.161153796238354e+106 55
1757586654585 3.5909726274574334e+108 56
1757586654669 2.092965836856976e+110 57
1757586654755 1.2198661612611658e+112 58
1757586654817 7.109879316638555e+113 59
1757586654880 4.1439286950056115e+115 60
1757586654948 2.4152512672197608e+117 61
1757586655018 1.4077073022123437e+119 62
1757586655085 8.20469437526911e+120 63
1757586655146 4.782031725329377e+122 64
1757586655215 2.787163832815726e+124 65
1757586655287 1.6244731689689856e+126 66
1757586655374 9.468094575675453e+127 67
1757586655472 5.518393076989412e+129 68
1757586655558 3.2163453701023205e+131 69
1757586655643 1.8746177366224033e+133 70
1757586655728 1.0926039507839007e+135 71
1757586655801 6.368143061632875e+136 72
1757586655871 3.711614444037804e+138 73
1757586655938 2.1632808258013137e+140 74
1757586656006 1.26084861502709e+142 75
1757586656072 7.348741832567506e+143 76
1757586656141 4.283147546667801e+145 77
1757586656206 2.4963937126250815e+147 78
1757586656291 1.4550004408048869e+149 79
1757586656379 8.480338145525375e+150 80
1757586656465 4.942688197583601e+152 81
1757586656550 2.880801001009939e+154 82
1757586656637 1.6790487434503988e+156 83
1757586656724 9.786183363217441e+157 84
1757586656804 5.703788242723105e+159 85
1757586656876 3.324401261487325e+161 86
1757586656943 1.9375971331821832e+163 87
1757586657013 1.1293109210397048e+165 88
1757586657077 6.582086309577714e+166 89
1757586657146 3.836309326296438e+168 90
1757586657209 2.2359581073274085e+170 91
1757586657279 1.3032079096055748e+172 92
1757586657361 7.595629140335428e+173 93
1757586657446 4.4270435754932e+175 94
1757586657531 2.580262208332372e+177 95
1757586657618 1.503882433099053e+179 96
1757586657706 8.765242405521438e+180 97
1757586657793 5.108742062318571e+182 98
1757586657859 2.97758399047384e+184 99
1757586657926 1.735457831335942e+186 100
1757586657992 1.0114958617392265e+188 101
1757586658062 5.895411918640417e+189 102
1757586658125 3.4360873835594594e+191 103
1757586658190 2.002692376782943e+193 104
1757586658254 1.1672510935591288e+195 105
1757586658325 6.8032171651026e+196 106
1757586658411 3.965193440463635e+198 107
1757586658502 2.3110770446879894e+200 108
1757586658591 1.346990301148898e+202 109
1757586658678 7.850810839731901e+203 110
1757586658766 4.575773915274735e+205 111
1757586658840 2.666948338348151e+207 112
1757586658908 1.5544066580026651e+209 113
1757586658977 9.059718269381786e+210 114
1757586659042 5.280374649580883e+212 115
1757586659109 3.07761848778097e+214 116
1757586659176 1.7937620310867597e+216 117
1757586659255 1.0454779359245523e+218 118
1757586659331 6.093473356902588e+219 119
1757586659429 3.5515256970436206e+221 120
1757586659517 2.0699745511273948e+223 121
1757586659608 1.2064658988337973e+225 122
1757586659697 7.031777102071527e+226 123
1757586659784 4.098407527391629e+228 124
1757586659871 2.388719667412678e+230 125
1757586659941 1.3922435998246415e+232 126
1757586660024 8.114565587983703e+233 127
1757586660104 4.7295009788504506e+235 128
1757586660180 2.7565467635224864e+237 129
1757586660254 1.6066282877338976e+239 130
1757586660328 9.364087303377614e+240 131
1757586660417 5.457773381356086e+242 132
1757586660510 3.1810137301362787e+244 133
1757586660600 1.8540250106173013e+246 134
1757586660695 1.0806016671443972e+248 135
1757586660786 6.298188839677321e+249 136
1757586660872 3.670842260040246e+251 137
1757586660958 2.1395171280364023e+253 138
1757586661037 1.246998159248325e+255 139
1757586661122 7.268015706870535e+256 140
1757586661202 4.236097056242529e+258 141
1757586661285 2.4689707608836737e+260 142
1757586661365 1.4390172220240776e+262 143
1757586661457 8.387181404046853e+263 144
1757586661549 4.8883926354574376e+265 145
1757586661644 2.849155324918148e+267 146
1757586661738 1.6606043480690668e+269 147
1757586661839 9.678681877075679e+270 148
1757586661933 5.641131976232605e+272 149
1757586662021 3.2878826246626065e+274 150
1757586662109 1.9163125768203996e+276 151
1757586662199 1.1169054103495784e+278 152
1757586662288 6.509781915317869e+279 153
1757586662372 3.794167365680138e+281 154
1757586662461 2.2113960476799236e+283 155
1757586662553 1.2888921358422369e+285 156
1757586662645 7.51219095095538e+286 157
1757586662734 4.3784123833403104e+288 158
1757586662825 2.551917958921123e+290 159
1757586662913 1.4873622443247119e+292 160
1757586663003 8.668955983122265e+293 161
1757586663079 5.05262239404437e+295 162
1757586663148 2.9448751506526854e+297 163
1757586663231 1.7163937806145742e+299 164
1757586663302 1.0003845526284712e+301 165
1757586663388 5.830650660941746e+302 166
1757586663483 3.398341871694844e+304 167
