1757542888275 1350881055245.8557 0
1757542888339 2925115639347.614 1
1757542888406 577464928799.28 2
1757542888475 162573691341.07816 3
1757542888539 299589605047.51044 4
1757542888603 204838636595.66257 5
1757542888669 324373001694.92194 6
1757542888731 535573130005.9095 7
1757542888795 244681178559.65167 8
1757542888863 653890741950.8094 9
1757542888923 126417913083.94867 10
1757542888992 339954545473.64795 11
1757542889061 93667367519.59213 12
1757542889126 257582610148.74142 13
1757542889191 166261154652.6646 14
1757542889254 595069865814.3967 15
1757542889323 238820041221.20526 16
1757542889386 94501664157.73645 17
1757542889458 127633091451.94923 18
1757542889523 104328916636.62282 19
1757542889592 338978866439.7294 20
1757542889665 325556187712.66 21
1757542889745 181541267479.0564 22
1757542889817 294108808795.3851 23
1757542889884 268991817835.5279 24
1757542889952 86156873509.39421 25
1757542890015 916281522111.4619 26
1757542890079 292606919276.0994 27
1757542890143 198135639351.8878 28
1757542890217 294478188633.9093 29
1757542890279 262839335499.0881 30
1757542890341 341418445076.3589 31
1757542890410 158710433340.00555 32
1757542890478 66183082499.983505 33
1757542890554 425487083709.23785 34
1757542890631 103200615002.23027 35
1757542890691 240493102709.0559 36
1757542890758 217807254965.4885 37
1757542890828 157692999140.76913 38
1757542890893 261106853199.3059 39
1757542890959 68795598706.72867 40
1757542891028 143869718906.10245 41
1757542891091 125762875994.95317 42
1757542891160 588536048443.1383 43
1757542891222 383429816802.3465 44
1757542891286 244217227834.72745 45
1757542891352 258697625478.20575 46
1757542891414 284002946511.0836 47
1757542891481 482375059799.1984 48
1757542891549 200949718915.32614 49
1757542891614 261023835475.47235 50
1757542891683 90126157972.22568 51
1757542891749 366985076729.0084 52
1757542891813 705168462377.346 53
1757542891880 434273604973.2016 54
1757542891949 144953006810.9561 55
1757542892017 285586766926.3986 56
1757542892086 256006494196.57584 57
1757542892147 398245409671.2463 58
1757542892218 351320575659.90295 59
1757542892286 556944554385.4713 60
1757542892355 271793556298.99786 61
1757542892420 193950155871.10547 62
1757542892490 82272030427.24356 63
1757542892555 188222666510.40347 64
1757542892619 269146645941.6883 65
1757542892688 293590128851.2739 66
1757542892765 133016203501.24501 67
1757542892832 323812563922.78094 68
1757542892900 216778346357.55142 69
1757542892971 451946833218.4137 70
