1757554986921 119450531484.76227 0
1757554986982 479211300162.643 1
1757554987043 274827127254.0613 2
1757554987104 108763680882.22565 3
1757554987167 98657497045.41182 4
1757554987231 356100925212.997 5
1757554987290 339151557378.76385 6
1757554987351 202992987171.80795 7
1757554987412 112388387648.29102 8
1757554987474 290322149233.5313 9
1757554987534 187214102327.76602 10
1757554987594 422646953036.4367 11
1757554987654 95039104354.5759 12
1757554987719 84363733536.05415 13
1757554987780 131640416714.62848 14
1757554987840 325031892186.48846 15
1757554987900 552048758249.9161 16
1757554987960 208137105959.2566 17
1757554988021 170799198489.77643 18
1757554988085 179124806911.19876 19
1757554988164 113346680164.76237 20
1757554988228 116964411371.51253 21
1757554988288 455277954683.00287 22
1757554988348 278063994032.9442 23
1757554988408 228217120214.7255 24
1757554988468 194671843640.17993 25
1757554988528 106233417052.59639 26
1757554988592 194056257959.08673 27
1757554988652 146881290990.94437 28
1757554988712 325261155238.1215 29
1757554988772 445291362595.8324 30
1757554988836 267749650990.40558 31
1757554988896 463671705863.8136 32
1757554988955 109753450418.71855 33
1757554989015 177645668218.4216 34
1757554989075 550998142030.7395 35
1757554989135 134034014473.24323 36
1757554989198 155293662721.93384 37
1757554989259 154825843174.7816 38
1757554989321 109943159641.47879 39
1757554989382 442611510380.81287 40
1757554989443 240373238266.50143 41
1757554989505 357456507734.2429 42
1757554989564 133688490612.7998 43
1757554989625 290016812543.77496 44
1757554989687 78283777476.9481 45
1757554989748 139487589343.23215 46
1757554989808 134633558262.37212 47
1757554989870 140359129021.82587 48
1757554989932 89662239125.49359 49
1757554989992 204259294038.39203 50
1757554990053 82554354297.55583 51
1757554990114 95133925034.71182 52
1757554990175 119197055565.12614 53
1757554990236 132235178335.2959 54
1757554990296 168977830082.55258 55
1757554990358 163869353356.23087 56
1757554990418 257603668053.2166 57
1757554990479 205360595040.949 58
1757554990541 96657227276.29176 59
1757554990603 63205122851.35503 60
1757554990667 93318605844.29906 61
1757554990730 99447683818.22899 62
1757554990792 373301103842.1475 63
1757554990853 440916434650.24506 64
1757554990914 152825185554.13138 65
1757554990976 91526998475.95625 66
1757554991049 566562754078.1161 67
1757554991110 137284936677.31044 68
1757554991172 80847149667.45657 69
1757554991232 125958494050.59424 70
1757554991295 151463393084.6405 71
1757554991356 129819995477.44962 72
1757554991417 514370328948.2378 73
1757554991477 524773003973.7297 74
1757554991539 130219966705.40578 75
1757554991601 96750806765.65591 76
1757554991662 95875537061.30757 77
1757554991722 280843456119.1073 78
1757554991783 246071711716.48526 79
1757554991843 299297480098.74603 80
1757554991904 245605874344.6749 81
1757554991965 265485944964.21906 82
1757554992028 390400822634.92035 83
1757554992092 166092194273.799 84
1757554992155 217347552042.54706 85
1757554992220 186366994509.1091 86
1757554992282 227919612822.84625 87
1757554992346 377071483917.6153 88
1757554992408 196401913056.422 89
1757554992472 341352104719.5518 90
1757554992538 149248982694.72824 91
1757554992601 80513517846.98643 92
1757554992661 64385408653.04229 93
1757554992724 204534162903.73666 94
1757554992785 66817400908.485374 95
1757554992847 75865296992.52953 96
1757554992908 189804774287.10556 97
1757554992971 156180889816.07742 98
1757554993035 137854551023.9981 99
1757554993096 939249341340.0277 100
1757554993161 203363502087.14832 101
1757554993222 457569024989.4571 102
1757554993284 233441191013.29742 103
1757554993345 167946820880.40463 104
1757554993409 143573336957.6771 105
1757554993469 123991465757.90425 106
1757554993531 346530911675.65924 107
1757554993592 163489605963.15222 108
1757554993655 99186238583.66882 109
1757554993717 109009979900.79594 110
1757554993779 326281471479.4974 111
1757554993851 395466028167.38806 112
1757554993914 497281618856.075 113
1757554993976 151265550783.08676 114
1757554994038 351418536896.09607 115
1757554994100 271571865375.19745 116
1757554994161 104015528996.384 117
1757554994224 229391987347.3789 118
1757554994288 97703845378.71198 119
1757554994350 410324650961.984 120
1757554994413 68390234085.05822 121
1757554994475 420855728285.99243 122
1757554994538 288790517326.4151 123
1757554994600 340332230179.87726 124
1757554994661 102218589174.65947 125
1757554994722 189448369346.15857 126
1757554994785 165046037833.16647 127
1757554994849 348394189004.0456 128
1757554994911 268971731854.11786 129
1757554994973 104056024099.87463 130
1757554995036 133391359192.042 131
1757554995099 235832807415.4275 132
1757554995160 315615670155.83673 133
1757554995222 161816787114.99155 134
1757554995283 320931227800.2167 135
1757554995347 95735354775.63786 136
1757554995410 89664527540.02611 137
1757554995472 74974300685.86974 138
1757554995533 90823133232.19612 139
1757554995597 214223375313.55597 140
1757554995661 135197724385.88 141
1757554995723 188538266790.62296 142
1757554995785 314389037740.0174 143
1757554995852 444489017676.61365 144
1757554995917 196611365357.35437 145
1757554995981 116853782705.41878 146
1757554996044 333228375898.68475 147
1757554996105 348261210588.4952 148
1757554996167 212912980357.6961 149
1757554996230 350804567328.1369 150
1757554996291 508201090995.54144 151
1757554996353 67785562952.37998 152
1757554996415 188071795487.33768 153
1757554996480 121838329691.99562 154
1757554996542 330307426801.93396 155
1757554996604 348471619884.28235 156
1757554996666 247498467383.6466 157
1757554996729 87199502536.63509 158
1757554996802 185998383094.33643 159
1757554996864 151789063641.6462 160
1757554996925 292194466894.75995 161
1757554996990 120304531580.27734 162
1757554997053 152419049087.77298 163
1757554997115 197647309964.79254 164
1757554997177 191620388285.2655 165
1757554997239 367031193005.8066 166
1757554997302 150709893230.63324 167
1757554997363 133212494639.89606 168
1757554997425 110285659682.45927 169
1757554997487 544867817016.4282 170
1757554997549 354998353284.5897 171
1757554997614 84880572429.68365 172
1757554997676 152486536142.88757 173
1757554997738 318347666087.5108 174
1757554997802 152090059189.1592 175
1757554997864 200100068676.49292 176
1757554997927 187411958407.80148 177
1757554997988 177100727332.60043 178
1757554998050 72216858626.21942 179
1757554998113 163623406459.8237 180
1757554998175 260251385023.6506 181
1757554998236 299072698161.8463 182
1757554998298 144927604947.81317 183
1757554998361 106873261936.14943 184
1757554998424 140561727750.12878 185
1757554998487 286909426871.10596 186
1757554998549 82577282743.95366 187
1757554998613 94064663335.3019 188
1757554998677 310506005116.5307 189
1757554998738 481438516285.4871 190
1757554998800 463124424484.13007 191
1757554998862 412667447930.1897 192
1757554998923 106420978382.49132 193
1757554998987 69801226024.81735 194
1757554999049 197228839496.9016 195
1757554999111 85255674536.2256 196
1757554999175 277145711196.4805 197
1757554999238 149547869557.89786 198
1757554999302 107191857159.12296 199
1757554999364 350420390927.7993 200
1757554999426 100094782755.9501 201
1757554999487 121323404219.60498 202
1757554999549 320474298777.1873 203
1757554999612 97210833490.154 204
1757554999683 252115489912.76056 205
1757554999749 149434814755.24942 206
1757554999811 458544428131.812 207
1757554999874 148114011928.52286 208
1757554999937 271168872318.99292 209
1757555000000 325159167661.2604 210
1757555000063 148257929772.4587 211
1757555000125 104817351560.86804 212
1757555000188 223879979519.4412 213
1757555000250 84190793703.52853 214
1757555000313 453778364482.266 215
1757555000376 275122931324.52075 216
1757555000440 298113002447.50867 217
1757555000507 113455070536.71799 218
1757555000570 576775039958.0648 219
1757555000636 315259702869.6754 220
1757555000702 704860503212.4105 221
1757555000769 103488883487.99234 222
1757555000835 161100914203.817 223
1757555000899 312998566709.8159 224
1757555000962 399825637958.9731 225
1757555001027 397130906842.2374 226
1757555001091 176139125404.9773 227
1757555001153 117334249246.7183 228
1757555001218 128439317547.51352 229
1757555001282 334946435115.75836 230
1757555001345 319265891570.3675 231
1757555001408 282112157251.7453 232
1757555001473 326752846894.4993 233
1757555001536 107299958893.99985 234
1757555001604 110797733814.03326 235
1757555001669 204926347248.4127 236
1757555001733 74965107389.10329 237
1757555001796 147647397865.75824 238
1757555001858 347770685401.62994 239
1757555001923 171093002807.0728 240
1757555001988 377756351379.0473 241
1757555002051 842832838776.1014 242
1757555002114 103501827011.64653 243
1757555002179 85912525665.33899 244
1757555002243 141779502105.27914 245
1757555002307 393963634005.59894 246
1757555002375 112566115125.3793 247
1757555002440 180724383132.90015 248
1757555002508 104459565104.6843 249
1757555002572 107134554273.66454 250
1757555002648 170823383690.9992 251
1757555002718 210125055949.56152 252
1757555002782 120282918582.82549 253
1757555002846 295284864404.7401 254
1757555002909 296520896246.11536 255
1757555002976 245519992169.12576 256
1757555003042 182142964749.6318 257
1757555003105 175279991467.6617 258
1757555003171 138607587652.7843 259
1757555003235 72475192881.40344 260
1757555003300 221836117300.5175 261
1757555003363 502648469974.0106 262
1757555003427 205156670977.39703 263
1757555003492 160074403676.99347 264
1757555003557 349513780882.1026 265
1757555003626 149767052828.58414 266
1757555003695 205828436049.63422 267
1757555003765 600955575679.4883 268
1757555003832 66931202763.21562 269
1757555003902 207398891040.2381 270
1757555003972 187272999689.40607 271
1757555004038 119634078878.93196 272
1757555004106 193712907054.61157 273
1757555004174 386874324029.3127 274
1757555004242 376751476184.14105 275
1757555004311 107579832203.2711 276
1757555004380 149169011506.51593 277
1757555004448 127443983280.98698 278
1757555004517 271831200645.52194 279
1757555004588 97951134472.2676 280
1757555004660 256863585483.20792 281
1757555004728 137558428148.44388 282
1757555004796 68133991132.28261 283
1757555004862 342851660866.66516 284
1757555004930 472344228808.91986 285
1757555004996 59849650814.07782 286
1757555005060 201365590675.34573 287
1757555005123 164541163319.6724 288
1757555005190 304638553654.8267 289
1757555005255 170754758796.34 290
1757555005320 69934016216.09291 291
1757555005384 487465172160.73584 292
1757555005449 225180579080.39395 293
1757555005514 86102885166.67392 294
1757555005579 133616678263.91895 295
1757555005655 146843311135.37616 296
1757555005722 187957822357.49536 297
1757555005786 128391010106.49951 298
1757555005851 75436848002.79799 299
1757555005915 252536901498.37286 300
1757555005984 324919894507.52875 301
1757555006050 102143501160.62418 302
1757555006117 364636105146.8315 303
1757555006185 171903544263.75073 304
1757555006251 69771286836.45042 305
1757555006315 138592132068.8956 306
1757555006380 175531496368.9424 307
1757555006445 133801872419.95238 308
1757555006509 120648265047.71907 309
1757555006575 139672914473.66254 310
1757555006638 132338126587.65007 311
1757555006703 152461202993.75958 312
1757555006767 260959128436.36176 313
1757555006831 842743236253.1246 314
1757555006894 149919251560.99173 315
1757555006960 138406849828.88943 316
1757555007023 366113136405.84076 317
1757555007088 236598641731.98123 318
1757555007152 324447937414.06305 319
1757555007217 663724221202.3795 320
1757555007281 510181329445.5284 321
1757555007347 548571716141.94904 322
1757555007412 376872931814.88916 323
1757555007478 146641765272.83173 324
1757555007543 134000694908.58372 325
1757555007610 140776100053.09497 326
1757555007676 1021297214231.0682 327
1757555007741 420646042952.46136 328
1757555007808 393033435857.64374 329
1757555007873 118930418411.40343 330
1757555007937 432051154384.9207 331
1757555008004 304297756872.8821 332
1757555008069 102097871097.70412 333
1757555008134 152454492096.71262 334
1757555008199 89968440582.3429 335
1757555008264 59616664656.21056 336
1757555008332 201567744204.04404 337
1757555008397 264089564053.53058 338
1757555008463 171298489336.71637 339
1757555008532 80398420671.7317 340
1757555008599 242640143838.26364 341
1757555008676 117063103484.60167 342
1757555008742 656875700280.458 343
1757555008808 165946874335.0635 344
1757555008872 416879525401.05664 345
1757555008938 164450154025.85614 346
1757555009005 558064440394.3864 347
1757555009070 336051942618.68494 348
1757555009135 300776757688.2409 349
1757555009201 617533131732.7332 350
1757555009267 74803128274.44527 351
1757555009333 102763513150.24712 352
1757555009399 135570552819.01045 353
1757555009465 294830823612.1216 354
1757555009532 190118850629.26224 355
1757555009599 233553834918.13605 356
1757555009666 89358779717.84126 357
1757555009732 66354918647.63555 358
1757555009797 125373675590.6926 359
1757555009863 117699216623.608 360
1757555009927 87342081815.85713 361
1757555009992 313617329027.1355 362
1757555010057 188087096705.62042 363
1757555010122 421044735222.497 364
1757555010188 68032910103.246445 365
1757555010255 280130226851.1742 366
1757555010321 108742583508.90372 367
1757555010387 358528426594.11426 368
1757555010453 215656530810.15125 369
1757555010519 968954002411.6188 370
1757555010584 206948872043.57864 371
1757555010650 174611957299.41174 372
1757555010717 170875108206.9623 373
1757555010783 199335062894.4881 374
1757555010849 211790481630.61676 375
1757555010913 132478315537.39047 376
1757555010979 267817870274.42102 377
1757555011044 308654559458.9267 378
1757555011109 149189525922.5598 379
1757555011176 366690196396.5244 380
1757555011245 114631303645.69844 381
1757555011313 88603636709.0048 382
1757555011380 72256959406.10364 383
1757555011450 183283711392.01022 384
1757555011515 416564742392.74744 385
1757555011580 79182692130.60875 386
1757555011646 157082157324.05478 387
1757555011722 128570705427.38362 388
1757555011790 224611277271.633 389
1757555011856 233909649555.85678 390
1757555011923 148501653383.71313 391
1757555011989 166987244593.749 392
1757555012055 300347684563.49884 393
1757555012122 214470184673.81128 394
1757555012189 235255524517.4832 395
1757555012256 524857446907.132 396
1757555012321 283316596994.65393 397
1757555012388 77058534233.09596 398
1757555012455 479060147529.0963 399
1757555012525 370494361946.1023 400
1757555012593 262575525257.49564 401
1757555012662 152159131137.28027 402
1757555012731 104317005530.36348 403
1757555012800 186482085493.98135 404
1757555012871 94679454509.51195 405
1757555012939 465320813340.7873 406
1757555013005 127927511321.44739 407
1757555013072 399308245683.6752 408
1757555013139 299595443957.76025 409
1757555013206 126101667264.42616 410
1757555013271 325331973642.86475 411
1757555013339 193614440113.98364 412
1757555013405 122155810493.17601 413
1757555013473 516040796991.1217 414
1757555013540 101000455980.45328 415
1757555013605 172167249896.3797 416
1757555013673 324764818812.21216 417
1757555013741 111739418468.71935 418
1757555013807 223609683337.67587 419
1757555013874 664098870700.6605 420
1757555013943 506080131412.76514 421
1757555014012 85364954043.52145 422
1757555014078 143287751176.69763 423
1757555014144 71391842331.5724 424
1757555014210 281979420070.9926 425
1757555014278 144394963625.55267 426
1757555014345 180735440926.42957 427
1757555014411 123122523473.7172 428
1757555014478 160384399275.38284 429
1757555014545 207595991898.5956 430
1757555014613 184921269585.38858 431
1757555014680 205540701473.314 432
1757555014749 452077609685.60565 433
1757555014828 90748639913.16254 434
1757555014895 328349706559.92773 435
1757555014961 400598625040.6725 436
1757555015027 673212743040.0443 437
1757555015094 118156809594.03622 438
1757555015160 249596209936.17938 439
1757555015228 205628822291.05368 440
1757555015302 355487425770.16205 441
1757555015375 106148035607.09483 442
1757555015446 90743945585.25133 443
1757555015524 139052033574.6419 444
1757555015594 149390482755.39633 445
1757555015665 189446169358.77722 446
1757555015735 266045414681.45584 447
1757555015807 513890645289.1959 448
1757555015877 207419659250.36932 449
1757555015948 319581944439.01166 450
1757555016019 76896230844.17664 451
1757555016095 150203762822.95352 452
1757555016172 416534483142.2964 453
1757555016245 226094439468.12497 454
1757555016318 159595144950.0421 455
1757555016390 350564628184.73724 456
1757555016460 115647406645.22281 457
1757555016530 185412814490.7107 458
1757555016600 92392352206.37814 459
1757555016670 111911742158.58438 460
1757555016740 335141259762.4786 461
1757555016809 310981201077.7491 462
1757555016888 144255688667.5516 463
1757555016957 423497831899.1 464
1757555017024 257560002875.37186 465
1757555017091 200746032819.96005 466
1757555017159 273495310349.5895 467
1757555017226 123590815465.72986 468
1757555017295 128069149273.06229 469
1757555017364 138250288817.19626 470
1757555017430 111850627331.1947 471
1757555017498 325052886452.9906 472
1757555017566 87214732778.30774 473
1757555017634 111420793082.13731 474
1757555017701 295207245447.5898 475
1757555017768 121316061086.6474 476
1757555017834 114474380797.74443 477
1757555017901 137835428846.06705 478
1757555017976 339546382434.367 479
1757555018049 144155090676.9553 480
1757555018118 450301160320.9391 481
1757555018185 296203885904.6148 482
1757555018254 160989772436.5215 483
1757555018327 302179227193.0659 484
1757555018399 385782192019.58527 485
1757555018467 576419418520.3011 486
1757555018534 380819017258.8125 487
1757555018602 483264030481.98737 488
1757555018706 262422609348.5139 489
1757555018775 368246794244.5742 490
1757555018841 148392296610.47922 491
1757555018911 104487359988.09813 492
1757555018978 151982465518.58997 493
1757555019045 108095759040.18675 494
1757555019113 493536925743.0872 495
1757555019179 286418276161.9567 496
