1757586488977 1019580869521.8273 0
1757586489062 4124047012736.0225 1
1757586489151 1.300601679493025e+16 2
1757586489239 5.2676370344223465e+19 3
1757586489329 2.133522536775676e+23 4
1757586489428 8.641290982851525e+26 5
1757586489516 3.4999353680720534e+30 6
1757586489601 1.4175598999027615e+34 7
1757586489687 5.741466222901284e+37 8
1757586489777 2.3254350233085467e+41 9
1757586489868 9.418583751412235e+44 10
1757586489939 3.814758055727283e+48 11
1757586490039 1.5450708310104657e+52 12
1757586490118 6.257916853351397e+55 13
1757586490197 2.534610229994966e+59 14
1757586490275 1.0265794782100134e+63 15
1757586490348 4.157899359082268e+66 16
1757586490432 1.6840514979318536e+70 17
1757586490520 6.820822734662072e+73 18
1757586490619 2.76260095577942e+77 19
1757586490710 1.11892132925391e+81 20
1757586490799 4.531906565948861e+84 21
1757586490886 1.8355336148775657e+88 22
1757586490985 7.434362563121552e+91 23
1757586491084 3.011099675427625e+95 24
1757586491180 1.2195694221769825e+99 25
1757586491270 4.939556095225821e+102 26
1757586491360 2.000641699783591e+106 27
1757586491451 8.10309091292949e+109 28
1757586491541 3.281951103503584e+113 29
1757586491633 1.3292709117457383e+117 30
1757586491719 5.383874107469374e+120 31
1757586491808 2.1806014220992414e+124 32
1757586491896 8.831972046791188e+127 33
1757586491965 3.57716588849179e+131 34
1757586492042 1.4488401600453798e+135 35
1757586492109 5.8681589694051385e+138 36
1757586492186 2.3767487014669302e+142 37
1757586492265 9.626416767808492e+145 38
1757586492340 3.8989355387193376e+149 39
1757586492405 1.5791647818453415e+153 40
1757586492492 6.396005739145302e+156 41
1757586492577 2.5905396248373374e+160 42
1757586492665 1.049232258623512e+164 43
1757586492751 4.2496486908796885e+167 44
1757586492838 1.7212122337515389e+171 45
1757586492922 6.971332853875751e+174 46
1757586493000 2.8235612556390178e+178 47
1757586493086 1.1436117499271954e+182 48
1757586493166 4.631908841926491e+185 49
1757586493242 1.8760369960594213e+189 50
1757586493310 7.598411218127171e+192 51
1757586493384 3.0775434152436134e+196 52
1757586493466 1.24648077088986e+200 53
1757586493561 5.048553675968828e+203 54
1757586493649 2.0447884006219047e+207 55
1757586493734 8.281895908565373e+210 56
1757586493821 3.354371524185626e+214 57
1757586493907 1.358602963197161e+218 58
1757586493983 5.502676129640212e+221 59
1757586494056 2.22871916284184e+225 60
1757586494127 9.026860730659082e+228 61
1757586494196 3.6561005984627696e+232 62
1757586494271 1.4808106588683233e+236 63
1757586494348 5.997647352318498e+239 64
1757586494420 2.4291946811257912e+243 65
1757586494497 9.838835883754832e+246 66
1757586494583 3.98497050481764e+250 67
1757586494671 1.61401105902035e+254 68
1757586494759 6.537141731640504e+257 69
1757586494847 2.6477031728329027e+261 70
1757586494935 1.0723849014162592e+265 71
1757586495014 4.3434225882469794e+268 72
1757586495089 1.7591929684182745e+272 73
1757586495160 7.125164170086786e+275 74
1757586495239 2.885866721962578e+279 75
1757586495308 1.168846996100804e+283 76
1757586495378 4.7341177951723474e+286 77
1757586495448 1.917434135804943e+290 78
1757586495530 7.766079815122558e+293 79
1757586495617 3.145453320592679e+297 80
1757586495703 1.2739859527018474e+301 81
1757586495791 inf 82
1757586495878 inf 83
