1757531056250 1053301890264.5526 0
1757531056298 3133564224234.8765 1
1757531056346 6796186575576669.0 2
1757531056393 2.0613465220601504e+19 3
1757531056449 6.252554957298136e+22 4
1757531056499 1.8965488600082898e+26 5
1757531056546 5.752684467449721e+29 6
1757531056594 1.7449262331096964e+33 7
1757531056641 5.292776922187454e+36 8
1757531056688 1.605425319219156e+40 9
1757531056735 4.86963741998163e+43 10
1757531056783 1.4770770286355645e+47 11
1757531056833 4.4803264809212426e+50 12
1757531056880 1.358989747080874e+54 13
1757531056927 4.122139626510404e+57 14
1757531056975 1.2503431418041559e+61 15
1757531057023 3.792588592104885e+64 16
1757531057070 1.150382462866108e+68 17
1757531057118 3.4893840413505523e+71 18
1757531057167 1.0584133000164686e+75 19
1757531057214 3.210419662543549e+78 20
1757531057261 9.737967587412099e+81 21
1757531057310 2.9537575364324325e+85 22
1757531057359 8.95945021968388e+88 23
1757531057408 2.7176146738146336e+92 24
1757531057458 8.243172666004543e+95 25
1757531057505 2.500350629406377e+99 26
1757531057553 7.584159065059448e+102 27
1757531057600 2.3004561059414018e+106 28
1757531057647 6.9778313587118835e+109 29
1757531057694 2.1165424693333962e+113 30
1757531057750 6.419977488992898e+116 31
1757531057802 1.9473321020653375e+120 32
1757531057850 5.906722137633339e+123 33
1757531057898 1.7916495277926234e+127 34
1757531057946 5.434499804870946e+130 35
1757531057993 1.6484132455039379e+134 36
1757531058040 5.00003004051512e+137 37
1757531058091 1.5166282165131907e+141 38
1757531058139 4.6002946552037326e+144 39
1757531058186 1.39537895209086e+148 40
1757531058234 4.23251675354251e+151 41
1757531058282 1.2838231537157053e+155 42
1757531058329 3.8941414434734017e+158 43
1757531058377 1.1811858617666863e+162 44
1757531058424 3.582818087863424e+165 45
1757531058474 1.0867540720070759e+169 46
1757531058522 3.296383975018551e+172 47
1757531058570 9.998717824623308e+175 48
1757531058618 3.0328492946844036e+179 49
1757531058665 9.199354362832234e+182 50
1757531058713 2.7903833151645843e+186 51
1757531058762 8.463897289365563e+189 52
1757531058810 2.567301665531365e+193 53
1757531058859 7.787237505967148e+196 54
1757531058909 2.3620546345803285e+200 55
1757531058964 7.164674369398822e+203 56
1757531059011 2.173216405243769e+207 57
1757531059059 6.591883036851723e+210 58
1757531059107 1.999475149676105e+214 59
1757531059155 6.064884421980997e+217 60
1757531059204 1.8396239162035233e+221 61
1757531059252 5.5800175528531936e+224 62
1757531059300 1.6925522448309493e+228 63
1757531059348 5.1339141397816564e+231 64
1757531059396 1.557238453060723e+235 65
1757531059445 4.723475176376999e+238 66
1757531059494 1.4327425384338168e+242 67
1757531059542 4.345849411263939e+245 68
1757531059590 1.3181996484887329e+249 69
1757531059638 3.9984135409110804e+252 70
1757531059686 1.2128140727749349e+256 71
1757531059733 3.678753985976547e+259 72
1757531059781 1.1158537151844028e+263 73
1757531059834 3.3846501245728296e+266 74
1757531059883 1.0266450082014317e+270 75
1757531059931 3.114058865974927e+273 76
1757531059978 9.44568233740868e+276 77
1757531060026 2.865100457608132e+280 78
1757531060075 8.690532180694044e+283 79
1757531060124 2.6360454267187972e+287 80
1757531060172 7.995753709032537e+290 81
1757531060220 2.425302566014072e+294 82
1757531060269 7.356520411665056e+297 83
1757531060317 2.231407879808862e+301 84
1757531060366 inf 85
1757531060419 inf 86
