1757579275793 11121791440.251823 0
1757579276257 124502993.88590556 1
1757579276728 24597927.393055808 2
1757579277221 2395896473862.3306 3
1757579277734 274017675326.4007 4
1757579278241 9161524906.109573 5
1757579278706 125763168517.04109 6
1757579279182 162894334274.76907 7
1757579279648 1176031935.2555757 8
1757579280132 81186415321.06136 9
1757579280591 76975880947.13747 10
1757579281053 110562990868.00363 11
1757579281532 33886573863.453934 12
1757579282001 7407868207.772968 13
1757579282482 50790941464.08033 14
1757579282985 12347793538.31779 15
1757579283492 93165268136.3823 16
1757579283965 13857221876.3315 17
1757579284507 1506534499.4554503 18
1757579284982 140362795345.61954 19
1757579285456 915393798.6422831 20
1757579285943 140273220875.88168 21
1757579286440 26952042816.075073 22
1757579286908 13111101389.928497 23
1757579287395 7753339025.758094 24
1757579287885 147909941513.5397 25
1757579288387 126644504371.51526 26
1757579288867 602338282.8852385 27
1757579289386 965708157115.931 28
1757579289879 95042185.46716619 29
1757579290364 5687768268669.679 30
1757579290831 1686867129.5884047 31
1757579291321 901441614.9859205 32
1757579291841 62205711583.83161 33
1757579292321 48153867441.07232 34
1757579292810 393320632904.2591 35
1757579293300 34518253706.061966 36
1757579293778 43221004182.81753 37
1757579294254 9890771825.667706 38
1757579294725 113386695648.42169 39
1757579295191 7799703549644.233 40
1757579295654 159804202645.96185 41
1757579296117 45407425940.06168 42
1757579296603 1552382997441.678 43
1757579297076 127377172702.69107 44
1757579297562 686662566.8552843 45
1757579298104 1367452078583.1196 46
1757579298595 39628923350.599106 47
1757579299073 81396210959.08354 48
1757579299540 26046646456.162937 49
1757579300014 108049602263.29753 50
1757579300510 3430590040.0975175 51
1757579301067 1248118245.097233 52
1757579301667 7481521747.831707 53
1757579302242 1235109758342.3503 54
1757579302789 116722170488.27414 55
1757579303409 69780896610.56738 56
1757579303979 5459052139.305224 57
1757579304483 498927243694.42883 58
1757579304958 64689247808.22185 59
1757579305430 33769431344.63138 60
1757579305902 6540783886.348604 61
1757579306387 133922334975.47758 62
1757579306859 272749500035.26215 63
1757579307338 49439024475.89624 64
1757579307814 58110433417.00308 65
1757579308289 58568372141.8684 66
1757579308757 39694950831.59744 67
1757579309245 210392370.07869625 68
1757579309721 25022423.99060285 69
1757579310206 520500834285.7866 70
1757579310730 81709865284.68275 71
1757579311203 3344290101525.992 72
1757579311694 225019607418.10657 73
1757579312183 214661142770.28256 74
1757579312679 417968890.14284146 75
1757579313147 95762027009.59364 76
1757579313619 99616879726.81235 77
1757579314122 316604178744.5875 78
1757579314630 28542479831.31895 79
1757579315122 2373411708.822885 80
1757579315591 7620518628.303131 81
1757579316058 107307873508.62816 82
1757579316520 478252731906.86255 83
1757579316985 3192519811.999362 84
1757579317494 268799518.41435575 85
1757579317967 55707927050.65179 86
1757579318446 89856967900.99887 87
1757579318995 32733803861.782944 88
1757579319465 48964321052.96335 89
1757579319934 1163784603171.2222 90
1757579320485 199145508380.96652 91
1757579320997 772473816.2513139 92
1757579321466 89944350216.11172 93
1757579322001 99286940745.06725 94
1757579322542 257982391435.8531 95
1757579323065 12126072063.691427 96
1757579323589 9506987121.645859 97
1757579324075 52182838493.7524 98
1757579324542 339710228130.81 99
1757579325012 1658817268786.7236 100
1757579325493 140148191852.9095 101
1757579325976 16197095675.601727 102
1757579326437 28867135209.097187 103
1757579326918 33046456569.823067 104
1757579327441 1651418573.830562 105
1757579327932 279177024289.23035 106
1757579328413 98134647095.31448 107
1757579328896 339328136189.92053 108
1757579329369 14899413423.059563 109
1757579329828 137753573614.5687 110
1757579330294 85659276687.30603 111
1757579330778 1322992636402.45 112
1757579331244 248936989074.49847 113
1757579331722 298528658.78211147 114
1757579332240 105304907635.10106 115
1757579332746 756501118118.5161 116
1757579333215 393846212.8618428 117
1757579333712 476790823830.2725 118
1757579334172 742745069982.7885 119
1757579334668 4880153194.388974 120
1757579335130 1152471235001.1128 121
1757579335621 6070506030.480266 122
1757579336086 182891212198.5054 123
1757579336587 33538673083.357117 124
1757579337096 496485558772.73486 125
1757579337583 263032873872.00583 126
1757579338086 5363761926518.057 127
1757579338618 64509500057.917755 128
1757579339164 68604917902.21801 129
1757579339716 99725346231.3037 130
1757579340271 185872334903.80255 131
1757579340779 2542683014523.0312 132
1757579341330 268565261931.6508 133
1757579341838 916896431669.7316 134
1757579342375 23789905653.651695 135
1757579342904 66887225454.7053 136
1757579343426 135781115566.07204 137
1757579343987 4849712783.192023 138
1757579344569 2983285201553.203 139
1757579345183 13264592793.126932 140
1757579345679 5166153176.000173 141
1757579346176 124113697726.36475 142
1757579346647 4381499356.425946 143
1757579347117 25919187345.355556 144
1757579347586 9211834746.549292 145
1757579348056 58266237694.67624 146
1757579348533 278303319842.55164 147
1757579349009 31147369270.620495 148
1757579349502 36865891834.78885 149
1757579349999 12533009798.367882 150
1757579350484 22716101334.09881 151
1757579351029 66196563841.48832 152
1757579351540 728288781927.0114 153
1757579352034 112386295653.0195 154
1757579352534 792913310.5594555 155
1757579352997 27480290098.564556 156
1757579353464 25434355068.975067 157
1757579353954 10186007053.274057 158
1757579354435 708056878328.1113 159
1757579354898 11539877170.262163 160
1757579355387 17268780768.534714 161
1757579355870 64344908447.84842 162
1757579356398 4326461440390.428 163
1757579356863 14504321587.672565 164
1757579357365 183307052489.17014 165
1757579357847 3118939930.523881 166
1757579358309 47214978996.33131 167
1757579358774 7068487682.698938 168
1757579359249 263774492579.07877 169
1757579359740 28013537373.247746 170
1757579360217 5199293270.186255 171
1757579360689 11443024617.838139 172
1757579361170 19623719126.197323 173
1757579361658 8676184240.90324 174
1757579362187 19123144198.770805 175
1757579362665 1774113692702.6511 176
1757579363130 1098444468.7695963 177
1757579363619 144476599.175763 178
1757579364118 188801094239.53687 179
1757579364605 220978846137.27878 180
1757579365094 386629677305.22906 181
1757579365571 3149367237.5137095 182
1757579366065 169105363598.67645 183
1757579366572 36492792674.08302 184
1757579367094 64324355010.44924 185
1757579367588 222624069020.79022 186
1757579368056 28214018.15028174 187
1757579368532 5950562972.016787 188
1757579369007 22130462841.129875 189
1757579369496 246581352799.79474 190
1757579369970 308807169463.9025 191
1757579370459 238366332932.38678 192
1757579370948 13433407296.077156 193
1757579371439 481339970765.86115 194
1757579371967 113795960993.49489 195
1757579372454 25715365700.801876 196
1757579372936 172155832479.95007 197
1757579373498 89761060978.34196 198
1757579373975 987842052488.5804 199
1757579374492 521487012164.9258 200
1757579374988 1282003604.0220072 201
1757579375499 203221983335.07645 202
1757579375990 15481859339.293299 203
1757579376495 227206784414.96414 204
1757579377002 836710071915.2214 205
1757579377513 26220700815.008472 206
1757579378013 50426986876.61016 207
1757579378497 7003558140252.152 208
1757579378975 680014066.2940304 209
1757579379458 5133012268800.55 210
1757579379959 606220571.4085615 211
1757579380425 6759389569.259462 212
1757579380904 89389251419.1708 213
1757579381429 8635223144.256002 214
1757579381922 390763184698.24646 215
1757579382396 98757589799.92412 216
1757579382896 151483819741.40863 217
1757579383370 5277421660.481078 218
1757579383840 1446202457.6865802 219
1757579384357 5188238389.027694 220
1757579384848 56200961158.935814 221
1757579385334 5522545616.697933 222
1757579385844 69934158385.12206 223
1757579386343 67142621433.21347 224
1757579386835 127845213848.3575 225
1757579387381 304394462688.13403 226
1757579387879 1127837478219.1719 227
1757579388363 306608565957.5101 228
1757579388858 2298578976.1306705 229
1757579389332 96110970894.49907 230
1757579389828 69946094996.52226 231
1757579390304 42461340506.22216 232
1757579390778 277794510353.5591 233
1757579391273 29308485029.36913 234
1757579391779 3400527316.3968043 235
1757579392290 5700772304.783442 236
1757579392760 7421.86971850398 237
1757579393268 29393177931.580105 238
1757579393748 972609999.1893637 239
1757579394236 147374722974.6334 240
1757579394731 162546840128.94412 241
1757579395204 44656348638.762634 242
1757579395675 772319375346.015 243
1757579396144 9074793265.054663 244
1757579396708 430195995.5127497 245
1757579397219 68028086664.026985 246
1757579397719 106265048286.82658 247
1757579398194 108275506845.12926 248
1757579398677 19829281347.144882 249
1757579399150 806500210455.8523 250
1757579399637 45176780818.85798 251
1757579400155 11349063099.40611 252
1757579400662 12449778436.315054 253
1757579401137 117060941951.39635 254
1757579401665 745234369817.1754 255
1757579402181 2191503529.0682187 256
1757579402665 300616121554.03467 257
1757579403145 205349855804.08298 258
1757579403612 75185914796.10023 259
1757579404091 7431032234.943383 260
1757579404573 277922054171.87683 261
1757579405063 435946419.58101845 262
1757579405539 7149000441741.943 263
1757579406022 254988164.15089172 264
1757579406547 27833269465.012962 265
1757579407023 520950251286.3242 266
1757579407523 3873766297.8875623 267
1757579408018 24771454600.85325 268
1757579408530 15750915384.28524 269
1757579409055 171801473372.36502 270
1757579409648 1545960330.8551552 271
1757579410190 76600314942.16583 272
1757579410740 333198764576.7888 273
1757579411269 18758173605.998505 274
1757579411759 813271452129.3135 275
1757579412318 579024628314.7405 276
1757579412834 101231677702.68176 277
1757579413335 67734594328.26037 278
1757579413834 172694280330.56445 279
1757579414347 1310075389747.7295 280
1757579414832 8048926107.985879 281
1757579415316 14892592658.51533 282
1757579415795 43884098167.05208 283
1757579416301 1218222705873.6943 284
1757579416814 608773100729.9684 285
1757579417309 64893439622.62243 286
1757579417815 17840441551.881252 287
1757579418291 391227561536.67145 288
1757579418765 2742467165440.141 289
1757579419330 148535044500.54782 290
1757579419805 51127777864.30112 291
1757579420266 962460822.7602873 292
1757579420736 81211185277.62704 293
1757579421264 928202264710.3983 294
1757579421762 5372519548.183544 295
1757579422244 250873011701.59598 296
1757579422737 12930334831.006598 297
1757579423220 5823346229048.2 298
1757579423704 45691259141.895515 299
1757579424187 311409800357.30585 300
1757579424696 88380943081.4081 301
1757579425228 319435301606.64417 302
1757579425779 681950057016.7092 303
1757579426266 371696905294.7393 304
1757579426748 162340239603.7901 305
1757579427229 44012695395.35693 306
1757579427697 12649779803.857052 307
1757579428202 57815953069.24344 308
1757579428718 152989262673.00034 309
1757579429214 489962095424.3928 310
1757579429689 2619256981.4574704 311
1757579430170 379383416555.88824 312
1757579430652 184914824734.35297 313
1757579431119 1345218866.3854718 314
1757579431605 434684097102.91125 315
1757579432081 103554595643.1393 316
1757579432553 29024228970.43369 317
1757579433040 35505599058.293625 318
1757579433560 629191256904.7916 319
1757579434045 2931444078813.0635 320
1757579434557 13189197160.143818 321
1757579435050 182579879315.57553 322
1757579435556 128392360588.04478 323
1757579436041 77485994918.47212 324
1757579436518 198040128702.21262 325
1757579437009 286814679339.0523 326
1757579437500 45900858421.40398 327
1757579437989 66777845099.4869 328
1757579438501 27918370567.237896 329
1757579439032 960899894.3034929 330
1757579439500 43342771810.19429 331
1757579439983 13100106494.188152 332
1757579440454 996616494.9328345 333
1757579440941 249848374154.26038 334
1757579441413 3850685899.527804 335
1757579441913 17386794971.472656 336
1757579442420 60781210529.317726 337
1757579442915 20120092405.229748 338
1757579443479 116544560847.83849 339
1757579443981 589734401455.8439 340
1757579444501 2076293605.647624 341
1757579444995 17287429067.003544 342
1757579445512 83045343327.69533 343
1757579446027 2272662556238.226 344
1757579446552 14771465848.810755 345
1757579447088 100643311962.9289 346
1757579447571 955616211.9526367 347
1757579448061 2474701574.9645715 348
1757579448569 2446711121.2761846 349
1757579449087 18264589477.115883 350
1757579449588 3794480458.094063 351
1757579450088 79384746855.62683 352
1757579450569 4370485026488.7017 353
1757579451047 92482697344.38033 354
1757579451531 58278425022.987526 355
1757579452022 27226026154.80791 356
1757579452496 28552787.150383223 357
1757579452967 474603504302.21796 358
1757579453482 10549947064.357286 359
1757579454015 9475234048.181707 360
1757579454495 3930269014.758016 361
1757579454988 79868632220.40656 362
1757579455471 30023159815.845467 363
1757579455957 53004228.54372114 364
1757579456447 26100374015.911507 365
1757579456931 476062518132.70746 366
1757579457404 320579536450.98096 367
1757579457885 563230022743.2043 368
1757579458379 10829974551.733583 369
1757579458886 167361620382.26373 370
1757579459366 104703340959.36041 371
1757579459860 966490717834.5717 372
1757579460350 183076581453.96918 373
1757579460819 4458673654.548024 374
1757579461357 67559813421.48316 375
1757579461832 26308549809.263054 376
1757579462336 17838459876.009083 377
1757579462828 336572441158.5147 378
1757579463350 1906714410231.4011 379
1757579463828 14285763591.185379 380
1757579464319 209217097165.1907 381
1757579464793 91795958217.265 382
1757579465268 245856649411.00992 383
1757579465737 117507850215.7876 384
1757579466233 64924556524.65496 385
1757579466702 257394101922.63763 386
1757579467181 23055901524.786915 387
1757579467657 11745461490.58169 388
1757579468154 6903551942109.957 389
1757579468635 51987528258.98185 390
1757579469176 394255584156.91394 391
1757579469683 2281735458664.6426 392
1757579470157 154849629814.28033 393
1757579470637 50445190036.72334 394
1757579471131 7709188589.246513 395
1757579471620 34705789490.78531 396
1757579472117 587942290.3371141 397
1757579472599 12662111732.02272 398
1757579473094 44756819330.959 399
1757579473591 1446349636882.7258 400
1757579474074 110170857318.4205 401
1757579474639 18922238188.78872 402
1757579475115 85769920289.88028 403
1757579475611 615159729763.869 404
1757579476159 93155104137.80891 405
1757579476695 192160813160.24402 406
1757579477204 109741702541.64163 407
1757579477715 85616877169.23291 408
1757579478223 44050816967.289406 409
1757579478715 75678107122.01007 410
1757579479203 84836625153.7139 411
1757579479702 45098555723.30797 412
1757579480214 16385395465.482813 413
1757579480723 234142781.76872358 414
1757579481213 1896297437.1884227 415
1757579481733 745748612253.0383 416
1757579482241 43608355746.66622 417
1757579482766 136334058700.86092 418
1757579483247 204483745763.72812 419
1757579483731 5710528314.441897 420
1757579484215 4405081947608.687 421
1757579484742 1286006328726.1846 422
1757579485218 589897149.8243206 423
1757579485753 3857727459529.095 424
1757579486248 497301319751.65497 425
1757579486752 1190975778540.6501 426
1757579487235 4409251030416.567 427
1757579487730 127586849188.86687 428
1757579488207 101810437778.6253 429
1757579488683 6667891384.872081 430
1757579489178 5975195136.150428 431
1757579489676 39376216996.03852 432
1757579490199 7821102072.962532 433
1757579490667 6289021302.686162 434
1757579491141 432991712560.49133 435
1757579491608 125941601182.94981 436
1757579492090 1435086335366.7305 437
1757579492574 870264692502.7853 438
1757579493042 3508287004.3074007 439
1757579493536 98173225764.20627 440
1757579494005 39777281563.0011 441
1757579494488 13558509973.225601 442
1757579495007 22730061598.279087 443
1757579495485 257354336980.9043 444
1757579495967 69248471271.09537 445
1757579496479 60370887274.881065 446
1757579496967 202133205342.16486 447
1757579497446 40748688637.784294 448
1757579497924 161434048793.20035 449
1757579498412 63483968445.099815 450
1757579498894 25295792696.958744 451
1757579499435 135242398234.93571 452
1757579499939 58667750103.856544 453
1757579500420 636541688904.5275 454
1757579500917 6071269202.215254 455
1757579501399 3260963097.3485923 456
1757579501892 391502043224.6715 457
1757579502365 3292337722.5939584 458
1757579502886 32861814100.581924 459
1757579503400 509048237695.63385 460
1757579503889 90419050716.65782 461
1757579504411 203396989967.4542 462
1757579504936 1366067441435.6619 463
1757579505434 214437083533.9075 464
1757579505949 29113449089.820908 465
1757579506439 744287160437.7126 466
1757579506939 174400228288.08762 467
1757579507428 180478252273.7648 468
1757579507923 8599023310546.822 469
1757579508401 6250421107.883292 470
1757579508889 122735823011.89795 471
1757579509399 87510832136.33199 472
1757579509928 31046368048.70598 473
1757579510446 85247549749.30687 474
1757579510949 91291554595.55931 475
1757579511451 16981445434.227978 476
1757579511956 746432316936.8412 477
1757579512491 150816651540.19772 478
1757579512999 646349936.8263015 479
1757579513524 15365098811.721199 480
1757579514020 33262066173.444912 481
1757579514521 695179651546.4941 482
1757579515037 95946866483.09839 483
1757579515530 269709322207.54742 484
1757579516022 141819007131.2384 485
1757579516518 1812573183700.864 486
1757579517013 148241475891.63623 487
1757579517497 187159937270.53568 488
1757579518002 36581727851.252716 489
1757579518542 521863063.01116234 490
1757579519088 77101413144.4147 491
1757579519614 56129161269.19602 492
1757579520200 19345221751.23817 493
1757579520749 13054543716.443937 494
1757579521445 30625824391.381924 495
1757579521945 65270805688.62829 496
1757579522424 309335078397.6838 497
1757579522950 44279332151.20939 498
1757579523426 35075902557.98659 499
