1757573941951 1281070765425.334 0
1757573942633 98595739869.79874 1
1757573943319 1338420365221.4314 2
1757573944006 10813664124.835142 3
1757573944631 2363551178.4775753 4
1757573945220 95909607563.16005 5
1757573945754 333910246869.99756 6
1757573946227 49422753762.355194 7
1757573946719 46469885051.79202 8
1757573947268 41688511329.23987 9
1757573947946 170194667354.28476 10
1757573948625 395755982998.98474 11
1757573949226 237679507619.0667 12
1757573949698 35952667475.99893 13
1757573950171 816412741.5166607 14
1757573950654 66233219867.0331 15
1757573951133 11410954828.069569 16
1757573951611 41635702823.10591 17
1757573952106 209280800820.72662 18
1757573952583 30754214208.035366 19
1757573953063 29852781094.254726 20
1757573953558 171660649258.9333 21
1757573954035 22133377679.573975 22
1757573954511 134164475.77156198 23
1757573954993 1937460291.867606 24
1757573955479 915376891.8925074 25
1757573955958 2200412407.8313804 26
1757573956437 38784855945.88981 27
1757573956912 1019460985.816359 28
1757573957399 451488375556.0036 29
1757573957874 3077319052882.7695 30
1757573958348 638790150675.6703 31
1757573958833 1202592403.611669 32
1757573959306 19238153929.453396 33
1757573959784 29023063649.969902 34
1757573960270 55853814.327282034 35
1757573960749 23164650329.83571 36
1757573961231 156744960140.3879 37
1757573961701 255049747557.4372 38
1757573962164 2271841027461.2646 39
1757573962642 737151760475.2305 40
1757573963124 118387602362.663 41
1757573963597 185244427.88922617 42
1757573964072 469826589190.9436 43
1757573964555 98543843.40000394 44
1757573965029 65143386608.32864 45
1757573965510 9518632996.725653 46
1757573965987 7488912784906.696 47
1757573966458 2272863629502.6606 48
1757573966946 10060932237.34823 49
1757573967420 3560877168193.0215 50
1757573967896 85970682700.35344 51
1757573968367 831142750241.8922 52
1757573968841 776388889.8999482 53
1757573969313 38832224265.727486 54
1757573969795 113333203852.6626 55
1757573970275 70171791657.91678 56
1757573970754 190791862224.7824 57
1757573971239 76587440609.75372 58
1757573971712 464977669611.70306 59
1757573972219 307251573.30041295 60
1757573972729 18749953910.371387 61
1757573973280 24921867547.457485 62
1757573973812 85873537515.1472 63
1757573974321 29957442777.484623 64
1757573974838 758608236.3370761 65
1757573975371 4728745603.331687 66
1757573975910 17942786701.92064 67
1757573976442 35731038191.400276 68
1757573976964 969361898555.998 69
1757573977499 593915397.2338425 70
1757573978173 5686192042.18365 71
1757573978859 38334760913.73333 72
1757573979564 63198786822.034546 73
1757573980215 18861225772.11021 74
1757573980823 25982080065.225655 75
1757573981417 285850533.0783017 76
1757573982082 369639793947.5921 77
1757573982744 11778231524.249218 78
1757573983428 150997687856.19092 79
1757573984051 42899934994.479866 80
1757573984720 7995501017.996415 81
1757573985402 23232918686.37421 82
1757573986085 18443709351.14495 83
1757573986751 1649641353.9689074 84
1757573987427 123897255410.73764 85
1757573988106 114131037262.34663 86
1757573988790 1361219796800.1636 87
1757573989377 30685218931.04973 88
1757573990022 130067646266.82765 89
1757573990615 11502801459868.836 90
1757573991266 8544142930.804466 91
1757573991860 269019378897.0327 92
1757573992413 2398536264.642573 93
1757573993098 40334926400.29289 94
1757573993764 67411667009.09966 95
1757573994437 5801157246.421844 96
1757573995120 372709809187.8031 97
1757573995794 1147459768.4563372 98
1757573996476 280952482475.19867 99
1757573997158 144058228900.4857 100
1757573997842 169145685938.47244 101
1757573998517 9787682315.000616 102
1757573999202 5787703185025.342 103
1757573999763 434456206.52126884 104
1757574000453 61435661557.921814 105
1757574001144 13801213947.61326 106
1757574001825 555177339096.5654 107
1757574002487 304972987395.9494 108
1757574003157 153870450801.8315 109
1757574003774 382377898867.6183 110
1757574004378 236349495940.47272 111
1757574004986 17320844113.59071 112
1757574005550 3647519821.652309 113
1757574006127 243994917853.3864 114
1757574006757 5576138089.222016 115
1757574007434 619818695491.9268 116
1757574008096 1477457502945.3755 117
1757574008762 3534808847.949553 118
1757574009432 468494641.1585933 119
1757574010101 78669307793.23055 120
1757574010791 199360882960.30615 121
1757574011489 2740493667.363841 122
1757574012168 8148562540.1584835 123
1757574012838 1013804551341.5557 124
1757574013526 99066555078.54846 125
1757574014202 4043601544.6316123 126
1757574014867 1765589471407.5637 127
1757574015542 8895439832.23155 128
1757574016214 13764190396.240246 129
1757574016890 578866779695.5957 130
1757574017568 228308164762.87192 131
1757574018252 623162895504.6461 132
1757574018936 9311776753.618416 133
1757574019603 10018193593.599726 134
1757574020283 4333137575.063597 135
1757574020960 6930628969.305976 136
1757574021640 30608766818.89164 137
1757574022329 342031202565.87695 138
1757574023012 147952740390.67456 139
1757574023703 272732414069.70993 140
1757574024373 63948723478.72449 141
1757574025053 105393553436.79366 142
1757574025738 361357157652.9118 143
1757574026419 69929704861.44525 144
1757574027101 884937945020.4807 145
1757574027784 96203864437.33083 146
1757574028444 249515989810.9818 147
1757574029021 2378794847165.05 148
1757574029591 485016262177.7905 149
1757574030202 9741593572.838224 150
1757574030885 255687334249.36044 151
1757574031552 876856839.6999248 152
1757574032240 718518393362.7281 153
1757574032929 199813552496.01764 154
1757574033593 117013277430.36632 155
1757574034275 3888319315789.447 156
1757574034952 14943591931.171083 157
1757574035603 192745563990.1205 158
1757574036166 109688263643.59923 159
1757574036841 1570615567756.7798 160
1757574037516 27155022554.78369 161
1757574038205 69941976176.66785 162
1757574038886 377158296711.98 163
1757574039558 1674851081.99758 164
1757574040228 187037877510.69388 165
1757574040907 172913406394.7274 166
1757574041582 279968983121.64935 167
1757574042262 6548085284528.49 168
1757574042951 12316661923.267347 169
1757574043652 9126895117.158606 170
1757574044326 14530979943.753744 171
1757574044993 167285776606.43555 172
1757574045664 84887976941.92401 173
1757574046345 179363711988.92438 174
1757574047012 476585856045.623 175
1757574047700 5789254429.776345 176
1757574048383 5258982826.081237 177
1757574049065 40033113847.43803 178
1757574049726 168723658939.82303 179
1757574050279 3786363365.8079796 180
1757574050961 208334124924.0402 181
1757574051637 79477612725.55276 182
1757574052310 157534221.6249864 183
1757574052902 61849205873.03181 184
1757574053518 46756451403.88281 185
1757574054195 2951749446.0562286 186
1757574054755 7468134211.568811 187
1757574055388 95355070912.17189 188
1757574056061 18628906303316.383 189
1757574056753 855657865870.1804 190
1757574057435 3951112345.916351 191
1757574058116 370715311049.10754 192
1757574058798 20405244134.061466 193
1757574059487 1198518691017.6228 194
1757574060172 16462183167.79723 195
1757574060852 83456830604.5574 196
1757574061451 33566931315.75325 197
1757574062101 338153891.6569255 198
1757574062695 9859237244.237988 199
1757574063367 28240917302.49551 200
1757574064053 265565696155.58167 201
1757574064745 1241108918147.846 202
1757574065367 54704184.22763581 203
1757574065956 254439103554.07587 204
1757574066632 9486239861.950947 205
1757574067308 242624211631.6778 206
1757574067982 299262166826.20703 207
1757574068654 12227270642.884142 208
1757574069329 1073798038546.6436 209
1757574069997 199319123.85786813 210
1757574070665 105077360136.56425 211
1757574071329 34802806135.06893 212
1757574072001 6001730163.711139 213
1757574072673 238714567246.86896 214
1757574073342 11084675629.589615 215
1757574074026 217556694583.57242 216
1757574074701 3586229150026.1777 217
1757574075364 726117041146.8395 218
1757574076039 5855074204.896281 219
1757574076598 156532990304.07602 220
1757574077246 20059798681.80068 221
1757574077916 32238016249.595425 222
1757574078596 77130625228.95111 223
1757574079282 30211009597.537125 224
1757574079969 727868092259.4575 225
1757574080656 234415606143.40274 226
1757574081335 5957892437.691229 227
1757574082020 23709086364.735893 228
1757574082699 125347828945.97612 229
1757574083380 73663535056.6998 230
1757574084067 118603418643.76027 231
1757574084693 315359201890.9439 232
1757574085330 89587061311.47176 233
1757574085892 6897653799.451823 234
1757574086573 1233532667556.856 235
1757574087254 1399409148.7937553 236
1757574087937 13177754825.753338 237
1757574088619 1010570612271.2502 238
1757574089259 208293135530.5274 239
1757574089895 3154964488.8611507 240
1757574090581 171927253971.06995 241
1757574091270 186011771538.13156 242
1757574091952 84092515177.13925 243
1757574092620 6726556773.592402 244
1757574093304 304848267.52790314 245
1757574093981 6611223545.148718 246
1757574094658 284877864626.76544 247
1757574095347 162160824414.36044 248
1757574096035 212312310643.04163 249
1757574096713 45269881817.00523 250
1757574097395 2974520743.651504 251
1757574098068 182699047686.11035 252
1757574098735 33237529892.55491 253
1757574099408 583591270851.2362 254
1757574100068 454745.59145885473 255
1757574100750 91454760543.73045 256
1757574101430 71433139779.53358 257
1757574102110 213012827061.14786 258
1757574102789 3456696867.9334016 259
1757574103473 152436431406.3943 260
1757574104160 18814885991.35835 261
1757574104841 3038886095.3959084 262
1757574105538 742011890.9581935 263
1757574106240 49757703388.573875 264
1757574106939 1161041971.9913235 265
1757574107627 232561893003.6591 266
1757574108306 1913062335864.6973 267
1757574108877 351210619762.45605 268
1757574109560 63328981322.535835 269
1757574110245 72671934887.17343 270
1757574110923 382846559721.6331 271
1757574111599 2736019916.0704694 272
1757574112279 830636183.9880683 273
1757574112953 73073156665.49669 274
1757574113614 482274630505.88965 275
1757574114216 76884964429.81422 276
1757574114896 17908761755.972443 277
1757574115574 681179612038.6923 278
1757574116246 2432021022.4379764 279
1757574116869 835521032453.6495 280
1757574117549 14717265080.515766 281
1757574118206 1186568041.0317812 282
1757574118873 23405339286.18536 283
1757574119541 1250908997.6370971 284
1757574120217 319741464184.8064 285
1757574120899 5977933969.9152975 286
1757574121582 32808421718.82336 287
1757574122262 33686338266.672726 288
1757574122950 118261597429.6691 289
1757574123534 102233572274.89342 290
1757574124194 65900186.942405105 291
1757574124745 41046007113.82057 292
1757574125369 4082696659.8278666 293
1757574126044 108088140.35306448 294
1757574126732 869889364275.5482 295
1757574127408 191348953763.91348 296
1757574128075 1184613874.5638528 297
1757574128737 279067185509.17236 298
1757574129398 43222642.81476836 299
1757574130070 38180494344.11113 300
1757574130735 5611685605.161924 301
1757574131416 60644746277.23937 302
1757574132091 4581337061.096589 303
1757574132768 1950336907.2653048 304
1757574133442 4923840659.719989 305
1757574134109 68229915088.52029 306
1757574134785 3072063299.337327 307
1757574135457 6230293971.957441 308
1757574136056 242763044.28625828 309
1757574136742 27460711247.88981 310
1757574137437 15130901640.572672 311
1757574138128 381406049080.041 312
1757574138807 2379558248.425433 313
1757574139488 130066219552.60669 314
1757574140168 275940850.92728126 315
1757574140848 9544875562.029625 316
1757574141535 222393365969.77112 317
1757574142215 180502273140.91965 318
1757574142898 83746500662.50299 319
1757574143580 15036726386.375647 320
1757574144264 1830862714423.07 321
1757574144947 31323282325.112816 322
1757574145633 60129859533.1214 323
1757574146313 22747562291.988834 324
1757574146998 1141827809228.1934 325
1757574147687 6223049745.360601 326
1757574148386 151441858049.49106 327
1757574149074 4266904712.3531256 328
1757574149757 275967376385.7188 329
1757574150441 11171548965336.166 330
1757574151118 259021355966.00833 331
1757574151801 45983455382.66355 332
1757574152481 51685389.80326708 333
1757574153163 148461824036.07742 334
1757574153844 101328797883.56201 335
1757574154532 451375847209.31506 336
1757574155201 23748171211.92045 337
1757574155711 28627867003.92976 338
1757574156337 107540997.19538157 339
1757574156944 74400147273.38237 340
1757574157622 137358279481.35085 341
1757574158299 14578353306.422436 342
1757574158996 1077051150.9013627 343
1757574159681 942477343.1469071 344
1757574160360 48019567110.61002 345
1757574161049 1109289207752.567 346
1757574161611 53821247436.24267 347
1757574162245 2423268257.462343 348
1757574162769 5597925703.071266 349
1757574163434 216142812356.35577 350
1757574164110 207255657458.86206 351
1757574164790 38533906029.708046 352
1757574165470 70770702767.35416 353
1757574166154 23780958590972.133 354
1757574166833 10399272498.453403 355
1757574167390 179596568567.75742 356
1757574168073 559842535120.7623 357
1757574168751 10435187444.230543 358
1757574169444 4141960237.3129206 359
1757574170147 11584368752.439663 360
1757574170842 24454971868.153378 361
1757574171526 80638759833.44792 362
1757574172219 17790969201.911926 363
1757574172899 66823452854.44037 364
1757574173575 810875066335.3981 365
1757574174262 60059328354.9806 366
1757574174948 186533184449.6656 367
1757574175636 360983534.6049921 368
1757574176290 443440924690.28937 369
1757574176962 49351002350.4997 370
1757574177569 1175466927761.357 371
1757574178203 31367892732.712116 372
1757574178718 10119005111.962017 373
1757574179336 130102497670.50276 374
1757574179853 112302622493.15971 375
1757574180456 167951520456.15878 376
1757574181144 96627384009.18875 377
1757574181771 56128318067.79614 378
1757574182334 14316781588.208225 379
1757574183015 252812585366.42908 380
1757574183705 39514645645.49886 381
1757574184385 104802579337.18161 382
1757574185066 39340586767.61535 383
1757574185754 204238313973.251 384
1757574186419 136885615824.19373 385
1757574187098 6995557262.063603 386
1757574187779 13671743569.78698 387
1757574188461 420439598798.5347 388
1757574189134 33764993904.13438 389
1757574189823 20150445782.71169 390
1757574190520 586367313419.3231 391
1757574191201 142081396703.95935 392
1757574191887 4167033542.233894 393
1757574192553 22238788689.93125 394
1757574193233 4643280940.131331 395
1757574193921 559383468311.6731 396
1757574194607 39475348239.27089 397
1757574195290 31211416081.118534 398
1757574195967 353249326031.4994 399
1757574196655 31161887137.309917 400
1757574197341 138071416000.3313 401
1757574198017 9084313205.063232 402
1757574198702 47030052096.7377 403
1757574199381 2873111341.5525684 404
1757574200058 111288576714.59653 405
1757574200755 8937678840.545458 406
1757574201445 58918496817.78587 407
1757574202135 55513274158.66243 408
1757574202815 2795536524.3692045 409
1757574203499 118174323590.15813 410
1757574204178 563968575530.5217 411
1757574204865 6007786425.701717 412
1757574205552 186132934629.39432 413
1757574206232 13123845778.48046 414
1757574206915 126250891417.20805 415
1757574207579 321898405002.54987 416
1757574208267 9635649583.157507 417
1757574208952 257785884477.85867 418
1757574209653 8162342225.089854 419
1757574210340 3096922755537.43 420
1757574211022 41911248592.945885 421
1757574211713 434686421718.9324 422
1757574212389 35295097848878.516 423
1757574213069 167573741303.91415 424
1757574213745 229930839946.49292 425
1757574214374 11654283654.455423 426
1757574215020 585455270225.951 427
1757574215577 227893875264.01614 428
1757574216195 52642222785.96374 429
1757574216863 1028078286.1920261 430
1757574217447 619564953939.911 431
1757574218130 343786166106.2277 432
1757574218811 687038305.0261534 433
1757574219488 2847298616445.6963 434
1757574220119 182217464007.02148 435
1757574220741 48483264.919300444 436
1757574221237 18972365258.56653 437
1757574221891 14972917517.074432 438
1757574222600 146488913583.9132 439
1757574223291 18600565031.508553 440
1757574223802 8790559584.22968 441
1757574224438 77116776220.42053 442
1757574224974 659034765414.0887 443
1757574225654 9945854529.677135 444
1757574226334 10312675044.094206 445
1757574227016 627385661.3879905 446
1757574227709 10405161432.552248 447
1757574228383 57159500989.519066 448
1757574229069 462775032343.8616 449
1757574229811 24374134787.41853 450
1757574230488 20148227050.18103 451
1757574231173 109046546583.19093 452
1757574231845 29677096783.65115 453
1757574232520 528622882.7285476 454
1757574233206 150911610.84789443 455
1757574233863 30725128853.53221 456
1757574234499 11374550366.82902 457
1757574235181 8398661764.1263075 458
1757574235849 653454352.3406236 459
1757574236512 24325432690.867905 460
1757574237182 13802131895.198011 461
1757574237860 9186242495.810495 462
1757574238538 149903341594.55682 463
1757574239225 17052279554.064455 464
1757574239898 406335129438.1394 465
1757574240582 3722107552727.18 466
1757574241261 376378535379.1864 467
1757574241944 560297234697.1628 468
1757574242622 131524908835.74995 469
1757574243314 3611866235.6634493 470
1757574244002 157315013247.52478 471
1757574244702 116474235308119.48 472
1757574245390 21900498796.491917 473
1757574246055 154061565307.9571 474
1757574246733 44701036435.19808 475
1757574247428 20117147860.013798 476
1757574248143 77370902755219.22 477
1757574248784 63454528.072669715 478
1757574249454 9444048510.362448 479
1757574250136 3219793588423.1846 480
1757574250820 1532289228195.6816 481
1757574251500 39371265626.59343 482
1757574252176 46287686888.84947 483
1757574252864 201799002733.2961 484
1757574253547 63052546763.9852 485
1757574254236 92813523.99535628 486
1757574254930 163196738591.36407 487
1757574255619 169074010149.60785 488
1757574256304 12491763905.34916 489
1757574256987 19901987874.07984 490
1757574257675 302534649156.30884 491
1757574258351 1578321113169.5776 492
1757574259014 486511698020.61237 493
1757574259699 164383562151.6275 494
1757574260372 5542155639.23755 495
1757574261047 100732928444.77283 496
1757574261741 696309626126.6958 497
1757574262460 1053555410274.8387 498
1757574263140 12799042965.036978 499
