1757542413816 1427037057966.3179 0
1757542413887 631390805460.7444 1
1757542413952 1521877599442.3926 2
1757542414017 1085429387308.2284 3
1757542414081 956894694637.151 4
1757542414152 1223405770835.1753 5
1757542414219 883883839772.395 6
1757542414283 296052932517.62164 7
1757542414352 271214508711.6389 8
1757542414416 748354235773.2987 9
1757542414478 381642207743.4438 10
1757542414540 1257204882430.0242 11
1757542414602 1068998506464.6625 12
1757542414662 1933422384213.5322 13
1757542414727 197339561627.2499 14
1757542414794 146046435544.29636 15
1757542414861 527776422641.07263 16
1757542414927 196438675500.0815 17
1757542414999 896175664919.5255 18
1757542415079 929876480367.1328 19
1757542415149 570239017437.4725 20
1757542415213 231571715539.81033 21
1757542415279 950259568430.6396 22
1757542415342 632806513950.1257 23
1757542415406 1034682594655.4862 24
1757542415481 424704329149.5966 25
1757542415548 579266811425.4736 26
1757542415608 377646561601.97736 27
1757542415680 377384215273.6007 28
1757542415742 676182874942.7731 29
1757542415809 125294694470.81352 30
1757542415874 965126001912.3617 31
1757542415934 606313930095.0109 32
1757542416002 209925684636.18198 33
1757542416067 522534350945.9454 34
1757542416141 311526940168.817 35
1757542416203 108335462835.43614 36
1757542416273 597996676350.0001 37
1757542416336 304409556911.91473 38
1757542416401 632163179421.7921 39
1757542416465 407708748567.2671 40
1757542416531 824955265857.0958 41
1757542416599 632881252882.2948 42
1757542416662 1089107858329.2786 43
1757542416722 723668489878.0524 44
1757542416790 377420554775.3985 45
1757542416853 660878544313.766 46
1757542416916 110903590680.0102 47
1757542416980 90854070830.81235 48
1757542417045 296835524553.9192 49
1757542417108 616951956621.8232 50
1757542417177 87549474074.64981 51
1757542417241 145430571561.1094 52
1757542417306 504848909253.99896 53
1757542417376 710038081859.9019 54
1757542417436 349184390313.3757 55
1757542417502 83980718382.42027 56
1757542417579 94901058562.12788 57
1757542417643 521241856214.2155 58
1757542417709 122785619734.61563 59
1757542417771 479302532757.8555 60
1757542417840 142494406426.51712 61
1757542417913 209724580121.64584 62
1757542417977 71929562951.26636 63
1757542418046 351642981041.6295 64
1757542418116 139065006923.92096 65
1757542418185 288255907563.28143 66
1757542418250 95374999910.34352 67
1757542418308 395927899834.1711 68
1757542418378 469507438481.23566 69
1757542418444 277190914560.5865 70
1757542418511 396031966515.1051 71
1757542418580 209808254654.79135 72
1757542418646 108585323422.99403 73
1757542418713 406410400201.78827 74
1757542418779 932948193701.4797 75
1757542418848 331328319357.67285 76
1757542418913 123786859991.51964 77
1757542418980 122175037694.37553 78
1757542419047 111071968302.41988 79
1757542419114 100937537716.83069 80
1757542419180 139377473735.60342 81
1757542419243 323156556136.6479 82
1757542419308 283991778557.37506 83
1757542419372 138453263855.30573 84
1757542419440 147639150357.9101 85
1757542419513 168026218632.47113 86
1757542419583 153232049432.895 87
1757542419656 295549271864.87085 88
1757542419718 414801121667.8628 89
1757542419789 256390256611.9414 90
1757542419853 621712614670.205 91
1757542419920 388108062320.63086 92
1757542419983 179117623721.25858 93
1757542420054 440691348770.03644 94
1757542420119 303257874565.0454 95
1757542420196 57350494384.05738 96
1757542420270 176058286010.016 97
1757542420335 99120992007.14778 98
1757542420400 251694371609.4054 99
1757542420466 59281065598.74188 100
1757542420535 145150586370.10556 101
1757542420602 236986680214.07788 102
1757542420672 480955319520.76025 103
1757542420741 256266990170.46408 104
1757542420812 65572195370.501755 105
1757542420883 204186959086.4948 106
1757542420954 252290119804.87497 107
1757542421012 366912868080.8366 108
1757542421080 94152254985.25313 109
1757542421149 94393118676.24716 110
1757542421211 839691245611.8467 111
1757542421279 112260090028.355 112
1757542421344 237980349281.79202 113
1757542421410 310749576317.76025 114
1757542421477 531037765107.8557 115
1757542421544 297942984810.3255 116
1757542421612 93520134726.35947 117
1757542421683 381575042304.1757 118
1757542421756 343406622540.6116 119
1757542421821 156314775686.16904 120
1757542421888 79608573709.01561 121
1757542421956 213697108678.0476 122
1757542422023 279223594920.5175 123
1757542422091 323032914509.96716 124
1757542422168 75259814310.55988 125
1757542422241 89475449031.5916 126
1757542422317 45718787124.262245 127
1757542422386 162132668694.83514 128
1757542422453 225472341493.8443 129
1757542422522 219379284616.07217 130
1757542422592 221565454822.00064 131
1757542422659 454192991053.8873 132
1757542422735 102080021819.39915 133
1757542422826 247359573136.61362 134
1757542422892 351100731331.0391 135
1757542422978 557081909877.8959 136
1757542423061 303351649102.7914 137
1757542423149 112153017007.14963 138
1757542423232 243578501499.99597 139
1757542423320 296381140879.5489 140
1757542423412 92144930232.70494 141
1757542423496 115362483078.28842 142
1757542423582 435428301487.5594 143
1757542423660 488399722973.93097 144
1757542423737 84080859614.78406 145
1757542423822 289411077739.58435 146
1757542423903 303725576596.7087 147
1757542423986 162468650166.01062 148
1757542424081 361100561086.88715 149
1757542424171 151920581837.34882 150
1757542424253 126651473102.37245 151
1757542424338 300702770116.8617 152
1757542424426 513249160556.55444 153
1757542424493 336035409616.86237 154
1757542424560 60728418528.687935 155
1757542424631 197767137695.52884 156
1757542424697 133818113646.2683 157
1757542424764 313605442587.41235 158
1757542424831 379182173291.148 159
1757542424898 414195078389.1076 160
1757542424970 655101295563.8406 161
1757542425038 125819373343.12941 162
1757542425102 378301550642.0044 163
1757542425178 304710233545.6206 164
1757542425256 536533716419.8091 165
1757542425324 213838501572.39627 166
1757542425394 214203945249.39542 167
1757542425468 73082762303.82454 168
1757542425529 92142756633.37257 169
1757542425604 70495792114.43352 170
1757542425676 105786974771.74794 171
1757542425745 308343091526.5816 172
1757542425817 455098466193.71313 173
1757542425900 146138908669.38757 174
1757542425973 531214778347.1278 175
1757542426053 328700227146.3547 176
1757542426121 211623019998.7757 177
1757542426195 98937706325.4757 178
1757542426272 93223460845.70413 179
1757542426351 312631964260.06903 180
1757542426429 214051520407.43893 181
1757542426501 98530000425.17226 182
1757542426569 290398122267.5143 183
1757542426643 514194255848.16815 184
1757542426715 136140282780.59999 185
1757542426787 313717295939.533 186
1757542426855 686241787564.8168 187
1757542426930 220668398824.13452 188
1757542427004 897331834383.7104 189
1757542427072 264737521764.08563 190
1757542427141 217455020625.4518 191
1757542427228 577622074012.5328 192
1757542427291 110823204327.22145 193
1757542427360 181320668783.86606 194
1757542427437 112533165783.54575 195
1757542427510 320022276195.4511 196
1757542427586 496798254509.7528 197
1757542427655 399942067730.9497 198
1757542427721 447146565254.57294 199
1757542427792 280554269007.2509 200
1757542427867 176414931199.18457 201
1757542427940 59228343977.55507 202
1757542428031 453061904071.7606 203
1757542428110 142900491055.15268 204
1757542428179 86034034290.77788 205
1757542428251 351167021192.42993 206
1757542428314 101641046855.41309 207
1757542428378 297775305964.1646 208
1757542428440 150105747570.04483 209
1757542428514 120947645782.03885 210
1757542428592 842428733045.6484 211
1757542428665 88650762599.7903 212
1757542428734 124447249348.31126 213
1757542428805 334656690880.3574 214
1757542428871 355049996636.91437 215
1757542428939 459825335391.25287 216
1757542429016 59171424044.45871 217
1757542429095 300834921848.40405 218
1757542429166 491626101681.85443 219
1757542429235 185307335516.25623 220
1757542429312 258997348262.30536 221
1757542429378 533238991410.89124 222
1757542429452 334453451126.47107 223
1757542429515 147290972662.50677 224
1757542429582 138215029044.02542 225
1757542429654 342842837253.90857 226
1757542429718 168289734848.04608 227
1757542429789 187838045867.85333 228
1757542429857 321932093405.0691 229
1757542429928 135944752279.99695 230
1757542429997 109567731313.70882 231
1757542430069 134628403305.85196 232
1757542430140 347429736853.1087 233
1757542430226 153647068738.69485 234
1757542430317 420571349388.2916 235
1757542430383 444343105346.5632 236
1757542430458 75309644449.82158 237
1757542430523 110584356214.56152 238
1757542430608 496495714912.32166 239
1757542430671 445339104023.67993 240
1757542430742 193253033908.88214 241
1757542430807 152629193470.47446 242
1757542430868 237929259542.38834 243
1757542430949 94941353443.15254 244
1757542431023 104455243101.39194 245
1757542431103 83774780780.33536 246
1757542431169 179021109498.84354 247
1757542431233 143541939647.23087 248
1757542431308 155095144205.624 249
1757542431374 447744263009.013 250
1757542431445 412253767238.1372 251
1757542431516 349710186877.0037 252
1757542431589 309217380687.26874 253
1757542431655 658481207629.2968 254
1757542431724 311866172242.1235 255
1757542431799 276478399034.3907 256
1757542431868 308321878016.09375 257
1757542431937 63333239146.2548 258
1757542432009 104080938124.02736 259
1757542432084 197763186535.53876 260
1757542432159 74091286275.49698 261
1757542432236 276806083104.359 262
1757542432311 90191665146.78883 263
1757542432381 334490388502.223 264
1757542432447 72658407112.0084 265
1757542432524 260981405661.40643 266
1757542432590 77094622495.45827 267
1757542432670 366681187935.6751 268
1757542432743 71134045057.63527 269
1757542432824 146453635228.34415 270
1757542432895 263143899441.19684 271
1757542432964 84612649229.21594 272
1757542433031 158464404059.45154 273
1757542433104 105726477882.52855 274
1757542433176 330444996808.25854 275
1757542433240 113430318143.80489 276
1757542433326 264469714533.22995 277
1757542433401 278877556801.20636 278
1757542433474 111428288676.45775 279
1757542433556 208849503078.74585 280
1757542433627 87291207330.74347 281
1757542433726 283096494311.62146 282
1757542433800 203186604840.59665 283
1757542433862 122747246250.9679 284
1757542433932 168097148132.92407 285
1757542434003 325112176624.02045 286
1757542434080 461778610138.82025 287
1757542434149 486737640293.4023 288
1757542434220 281946542983.4792 289
1757542434295 158513286353.7383 290
1757542434360 119093536486.00563 291
1757542434429 82016462977.5381 292
1757542434495 98578233975.33617 293
1757542434571 444189393236.105 294
1757542434637 188257972437.49106 295
1757542434709 77499599690.34468 296
1757542434777 239691995249.78476 297
