1757581244803 13891135154182.98 0
1757581244868 3.408090740215934e+18 1
1757581244937 5.376197624870481e+24 2
1757581245009 9.284566230486564e+30 3
1757581245073 5.2408083668293945e+34 4
1757581245135 8.899580362601504e+39 5
1757581245200 5.39422716873962e+45 6
1757581245265 1.046993208821428e+51 7
1757581245330 6.45950493767492e+56 8
1757581245393 1.9093427207122874e+61 9
1757581245456 2.9069787175478713e+66 10
1757581245520 7.005837439146011e+69 11
1757581245585 8.604834239761504e+75 12
1757581245649 1.6456214098835323e+80 13
1757581245713 6.290101104823485e+85 14
1757581245778 1.0953934579404872e+92 15
1757581245848 7.512710306352346e+94 16
1757581245913 8.608220178650545e+99 17
1757581245980 1.498242201617815e+107 18
1757581246058 2.1550239422328637e+112 19
1757581246122 8.12969955567107e+115 20
1757581246185 1.8635636245434838e+121 21
1757581246251 1.9454063944299478e+127 22
1757581246315 2.916385541728546e+131 23
1757581246379 7.47670863349523e+138 24
1757581246443 2.1830123009696075e+142 25
1757581246506 3.282603397641858e+147 26
1757581246569 1.841246035116206e+153 27
1757581246633 2.4557424411449576e+159 28
1757581246698 3.2022322519228604e+163 29
1757581246765 8.33360394735546e+168 30
1757581246834 5.764054357518962e+174 31
1757581246898 1.6696035863090301e+180 32
1757581246963 1.1582772683025708e+186 33
1757581247027 6.148639803404997e+189 34
1757581247091 1.3325969495812328e+195 35
1757581247156 2.9655136699447153e+200 36
1757581247221 7.178801576318692e+205 37
1757581247285 8.45765945023469e+211 38
1757581247349 1.46156643177467e+217 39
1757581247419 2.523820720130045e+222 40
1757581247483 1.43418542582611e+228 41
1757581247546 1.8653995340980328e+233 42
1757581247612 1.3999987316285866e+238 43
1757581247675 3.333925432471018e+243 44
1757581247739 5.417307432403011e+248 45
1757581247803 4.165161105805247e+253 46
1757581247866 3.486986882710581e+260 47
1757581247930 1.055026357150479e+265 48
1757581247993 4.442296758614193e+270 49
1757581248059 5.341695112938661e+275 50
1757581248125 8.92714830602113e+281 51
1757581248188 1.4510450177921584e+286 52
1757581248253 2.0091927984876563e+291 53
1757581248317 5.511460141038636e+296 54
1757581248382 6.01131173345816e+301 55
1757581248447 3.491986370511066e+306 56
1757581248511 inf 57
