1757570904757 1053300496920.496 0
1757570904818 1051192393554.776 1
1757570904881 1049091115310.7886 2
1757570904944 1046996634685.1797 3
1757570905007 1044908924483.9982 4
1757570905069 1042827957640.9642 5
1757570905126 1040753707216.8081 6
1757570905194 1038686146398.6161 7
1757570905252 1036625248499.1775 8
1757570905315 1034570986956.3358 9
1757570905380 1032523335332.3442 10
1757570905441 1030482267313.2231 11
1757570905518 1028447756708.1224 12
1757570905575 1026419777448.6868 13
1757570905645 1024398303588.4237 14
1757570905703 1022383309302.077 15
1757570905768 1020374768885.0009 16
1757570905843 1018372656752.5392 17
1757570905965 1016376947439.4089 18
1757570906044 1014387615599.0835 19
1757570906127 1012404636003.1844 20
1757570906234 1010427983540.8713 21
1757570906295 1008457633218.2382 22
1757570906362 1006493560157.7128 23
1757570906422 1004535739597.4583 24
1757570906486 1002584146890.7782 25
1757570906548 1000638757505.5254 26
1757570906612 998699547023.514 27
1757570906671 996766491139.9332 28
1757570906731 994839565662.7672 29
1757570906791 992918746512.2141 30
1757570906850 991004009720.1124 31
1757570906919 989095331429.3668 32
1757570906982 987192687893.3801 33
1757570907041 985296055475.4858 34
1757570907115 983405410648.3855 35
1757570907176 981520729993.5878 36
1757570907238 979641990200.8523 37
1757570907302 977769168067.6338 38
1757570907369 975902240498.5326 39
1757570907428 974041184504.7456 40
1757570907491 972185977203.52 41
1757570907555 970336595817.6134 42
1757570907620 968493017674.7516 43
1757570907678 966655220207.094 44
1757570907736 964823180950.6991 45
1757570907800 962996877544.9943 46
1757570907873 961176287732.2473 47
1757570907936 959361389357.0419 48
1757570907996 957552160365.7551 49
1757570908065 955748578806.0382 50
1757570908133 953950622826.2998 51
1757570908194 952158270675.1927 52
1757570908256 950371500701.1017 53
1757570908320 948590291351.637 54
1757570908380 946814621173.1267 55
1757570908440 945044468810.1155 56
1757570908501 943279813004.8641 57
1757570908559 941520632596.8516 58
1757570908621 939766906522.2811 59
1757570908678 938018613813.5874 60
1757570908741 936275733598.9476 61
1757570908802 934538245101.7948 62
1757570908868 932806127640.3326 63
1757570908932 931079360627.0553 64
1757570908992 929357923568.2677 65
1757570909079 927641796063.6094 66
1757570909153 925930957805.5802 67
1757570909237 924225388579.0697 68
1757570909309 922525068260.8881 69
1757570909375 920829976819.2998 70
1757570909450 919140094313.5598 71
1757570909514 917455400893.4531 72
1757570909577 915775876798.8351 73
1757570909641 914101502359.1754 74
1757570909701 912432257993.1045 75
1757570909766 910768124207.9623 76
1757570909832 909109081599.3484 77
1757570909894 907455110850.6761 78
1757570909960 905806192732.7294 79
1757570910021 904162308103.2183 80
1757570910115 902523437906.3423 81
1757570910185 900889563172.3513 82
1757570910271 899260665017.1132 83
1757570910353 897636724641.6781 84
1757570910415 896017723331.852 85
1757570910484 894403642457.7667 86
1757570910549 892794463473.4543 87
1757570910614 891190167916.4258 88
1757570910678 889590737407.2477 89
1757570910753 887996153649.1263 90
1757570910822 886406398427.4885 91
1757570910902 884821453609.5691 92
1757570910972 883241301143.9988 93
1757570911031 881665923060.394 94
1757570911088 880095301468.9492 95
1757570911160 878529418560.0331 96
1757570911225 876968256603.7825 97
1757570911293 875411797949.704 98
1757570911359 873860025026.2733 99
1757570911421 872312920340.5403 100
1757570911482 870770466477.732 101
1757570911543 869232646100.8624 102
1757570911616 867699441950.3398 103
1757570911688 866170836843.5809 104
1757570911748 864646813674.622 105
1757570911814 863127355413.7366 106
1757570911875 861612445107.0527 107
1757570911940 860102065876.1726 108
1757570912002 858596200917.7947 109
1757570912060 857094833503.3376 110
1757570912131 855597946978.5665 111
1757570912193 854105524763.2201 112
1757570912255 852617550350.6414 113
1757570912331 851134007307.4089 114
1757570912402 849654879272.9719 115
1757570912470 848180149959.2844 116
1757570912538 846709803150.444 117
1757570912609 845243822702.3315 118
1757570912673 843782192542.252 119
1757570912736 842324896668.5796 120
1757570912800 840871919150.4012 121
1757570912865 839423244127.1649 122
1757570912927 837978855808.3298 123
1757570912987 836538738473.0148 124
1757570913050 835102876469.6538 125
1757570913109 833671254215.6497 126
1757570913188 832243856197.0303 127
1757570913252 830820666968.1084 128
1757570913318 829401671151.1401 129
1757570913384 827986853435.9882 130
1757570913445 826576198579.7854 131
1757570913509 825169691406.6006 132
1757570913571 823767316807.106 133
1757570913634 822369059738.2458 134
1757570913698 820974905222.908 135
1757570913761 819584838349.5962 136
1757570913821 818198844272.1055 137
1757570913887 816816908209.1967 138
1757570913948 815439015444.2758 139
1757570914007 814065151325.0732 140
1757570914072 812695301263.3246 141
1757570914139 811329450734.4543 142
1757570914205 809967585277.2599 143
1757570914267 808609690493.5985 144
1757570914327 807255752048.0751 145
1757570914414 805905755667.7314 146
1757570914504 804559687141.7389 147
1757570914667 803217532321.0895 148
1757570914754 801879277118.2917 149
1757570914821 800544907507.0673 150
1757570914886 799214409522.0469 151
1757570914949 797887769258.4716 152
1757570915022 796564972871.8931 153
1757570915089 795246006577.8761 154
1757570915159 793930856651.7032 155
1757570915223 792619509428.08 156
1757570915292 791311951300.8423 157
1757570915356 790008168722.6654 158
1757570915415 788708148204.7747 159
1757570915484 787411876316.6566 160
1757570915544 786119339685.7737 161
1757570915607 784830524997.2771 162
1757570915681 783545418993.7261 163
1757570915751 782264008474.803 164
1757570915826 780986280297.0354 165
1757570915895 779712221373.5149 166
1757570915961 778441818673.621 167
1757570916036 777175059222.7438 168
1757570916106 775911930102.0104 169
1757570916176 774652418448.0115 170
1757570916243 773396511452.529 171
1757570916305 772144196362.2661 172
1757570916368 770895460478.5785 173
1757570916434 769650291157.2067 174
1757570916500 768408675808.01 175
1757570916566 767170601894.7018 176
1757570916628 765936056934.5867 177
1757570916691 764705028498.298 178
1757570916761 763477504209.5371 179
1757570916822 762253471744.8158 180
1757570916897 761032918833.1965 181
1757570916965 759815833256.0374 182
1757570917029 758602202846.7366 183
1757570917094 757392015490.4783 184
1757570917156 756185259123.9813 185
1757570917221 754981921735.2471 186
1757570917286 753781991363.3104 187
1757570917352 752585456097.9912 188
1757570917420 751392304079.6462 189
1757570917488 750202523498.9255 190
1757570917550 749016102596.5251 191
1757570917617 747833029662.9465 192
1757570917693 746653293038.2526 193
1757570917763 745476881111.8281 194
1757570917825 744303782322.14 195
1757570917895 743133985156.4989 196
1757570917958 741967478150.8228 197
1757570918027 740804249889.4012 198
1757570918087 739644289004.6604 199
1757570918149 738487584176.9303 200
1757570918219 737334124134.2129 201
1757570918290 736183897651.9514 202
1757570918356 735036893552.8002 203
1757570918415 733893100706.397 204
1757570918486 732752508029.1356 205
1757570918553 731615104483.9397 206
1757570918614 730480879080.0386 207
1757570918683 729349820872.7432 208
1757570918745 728221918963.2234 209
1757570918809 727097162498.2877 210
1757570918875 725975540670.162 211
1757570918937 724857042716.2717 212
1757570918998 723741657919.023 213
1757570919062 722629375605.5868 214
1757570919134 721520185147.683 215
1757570919205 720414075961.366 216
1757570919284 719311037506.8119 217
1757570919348 718211059288.1055 218
1757570919411 717114130853.0299 219
1757570919471 716020241792.8566 220
1757570919539 714929381742.1359 221
1757570919598 713841540378.49 222
1757570919659 712756707422.406 223
1757570919751 711674872637.0299 224
1757570919830 710596025827.9626 225
1757570919900 709520156843.0566 226
1757570919961 708447255572.2126 227
1757570920023 707377311947.1794 228
1757570920089 706310315941.3527 229
1757570920154 705246257569.576 230
1757570920224 704185126887.9432 231
1757570920286 703126913993.6003 232
1757570920350 702071609024.5497 233
1757570920414 701019202159.4551 234
1757570920473 699969683617.4474 235
1757570920538 698923043657.9319 236
1757570920603 697879272580.3954 237
1757570920664 696838360724.2155 238
1757570920730 695800298468.4712 239
1757570920796 694765076231.7527 240
1757570920864 693732684471.9733 241
1757570920929 692703113686.1835 242
1757570920994 691676354410.3834 243
1757570921060 690652397219.3383 244
1757570921127 689631232726.3938 245
1757570921196 688612851583.2931 246
1757570921269 687597244479.9949 247
1757570921353 686584402144.4906 248
1757570921428 685574315342.6259 249
1757570921492 684566974877.9191 250
1757570921562 683562371591.3842 251
1757570921629 682560496361.352 252
1757570921695 681561340103.2952 253
1757570921760 680564893769.6495 254
1757570921827 679571148349.642 255
1757570921894 678580094874.9039 256
1757570921953 677591724402.0212 257
1757570922023 676606028029.549 258
1757570922083 675622996892.1412 259
1757570922145 674642622160.3806 260
1757570922213 673664895040.6096 261
1757570922280 672689806774.7605 262
1757570922344 671717348640.1887 263
1757570922412 670747511949.5057 264
1757570922483 669780288050.4124 265
1757570922550 668815668325.534 266
1757570922616 667853644192.2566 267
1757570922682 666894207102.5623 268
1757570922745 665937348542.8671 269
1757570922846 664983060033.86 270
1757570922909 664031333130.3401 271
1757570922968 663082159421.0582 272
1757570923038 662135530528.556 273
1757570923109 661191438109.0094 274
1757570923189 660249873852.0686 275
1757570923263 659310829480.7029 276
1757570923332 658374296751.044 277
1757570923395 657440267452.2303 278
1757570923545 656508733406.254 279
1757570923612 655579686467.8049 280
1757570923679 654653118524.1199 281
1757570923744 653729021494.8292 282
1757570923811 652807387331.8066 283
1757570923878 651888208019.0168 284
1757570923941 650971475572.3679 285
1757570924004 650057182039.561 286
1757570924067 649145319499.942 287
1757570924127 648235880064.3552 288
1757570924199 647328855874.9949 289
1757570924268 646424239105.2611 290
1757570924331 645522021959.6129 291
1757570924392 644622196673.4257 292
1757570924459 643724755512.8452 293
1757570924523 642829690774.6466 294
1757570924587 641936994786.0911 295
1757570924662 641046659904.7843 296
1757570924744 640158678518.5365 297
1757570924816 639273043045.2213 298
1757570924880 638389745932.637 299
1757570924946 637508779658.3679 300
1757570925009 636630136729.6459 301
1757570925081 635753809683.2139 302
1757570925144 634879791085.1888 303
1757570925211 634008073530.926 304
1757570925282 633138649644.8839 305
1757570925351 632271512080.4894 306
1757570925417 631406653520.0048 307
1757570925482 630544066674.3943 308
1757570925565 629683744283.1912 309
1757570925657 628825679114.3666 310
1757570925731 627969863964.1986 311
1757570925798 627116291657.1414 312
1757570925875 626264955045.6958 313
1757570925950 625415847010.2803 314
1757570926031 624568960459.1024 315
1757570926119 623724288328.0309 316
1757570926236 622881823580.469 317
1757570926314 622041559207.228 318
1757570926387 621203488226.4006 319
1757570926452 620367603683.2374 320
1757570926516 619533898650.0203 321
1757570926589 618702366225.9402 322
1757570926656 617872999536.9733 323
1757570926727 617045791735.758 324
1757570926794 616220736001.4738 325
1757570926861 615397825539.7185 326
1757570926930 614577053582.3892 327
1757570926994 613758413387.5609 328
1757570927062 612941898239.3671 329
1757570927130 612127501447.8812 330
1757570927196 611315216348.9979 331
1757570927269 610505036304.3156 332
1757570927340 609696954701.0192 333
1757570927406 608890964951.7637 334
1757570927476 608087060494.5576 335
1757570927545 607285234792.6489 336
1757570927612 606485481334.4088 337
1757570927676 605687793633.2178 338
1757570927747 604892165227.3531 339
1757570927816 604098589679.8749 340
1757570927893 603307060578.5133 341
1757570927961 602517571535.5569 342
1757570928029 601730116187.7421 343
1757570928106 600944688196.1416 344
1757570928171 600161281246.0537 345
1757570928238 599379889046.894 346
1757570928312 598600505332.085 347
1757570928381 597823123858.9482 348
1757570928447 597047738408.5961 349
1757570928513 596274342785.8241 350
1757570928586 595502930819.0048 351
1757570928650 594733496359.9799 352
1757570928722 593966033283.9562 353
1757570928793 593200535489.3986 354
1757570928858 592436996897.9268 355
1757570928931 591675411454.2096 356
1757570929002 590915773125.8623 357
1757570929069 590158075903.3433 358
1757570929136 589402313799.8507 359
1757570929203 588648480851.221 360
1757570929266 587896571115.8262 361
1757570929338 587146578674.4746 362
1757570929399 586398497630.3085 363
1757570929465 585652322108.7043 364
1757570929536 584908046257.1737 365
1757570929603 584165664245.2637 366
1757570929672 583425170264.4581 367
1757570929741 582686558528.08 368
1757570929806 581949823271.1931 369
1757570929870 581214958750.5057 370
1757570929944 580481959244.273 371
1757570930009 579750819052.2013 372
1757570930083 579021532495.3528 373
1757570930152 578294093916.0492 374
1757570930228 577568497677.7783 375
1757570930300 576844738165.0985 376
1757570930363 576122809783.5458 377
1757570930432 575402706959.5403 378
1757570930498 574684424140.293 379
1757570930566 573967955793.7135 380
1757570930631 573253296408.3187 381
1757570930700 572540440493.1404 382
1757570930765 571829382577.6343 383
1757570930831 571120117211.5905 384
1757570930900 570412638965.0419 385
1757570930966 569706942428.1759 386
1757570931030 569003022211.2441 387
1757570931099 568300872944.474 388
1757570931162 567600489277.9805 389
1757570931230 566901865881.6785 390
1757570931297 566204997445.1946 391
1757570931379 565509878677.7803 392
1757570931445 564816504308.2263 393
1757570931508 564124869084.7749 394
1757570931579 563434967775.0355 395
1757570931660 562746795165.8984 396
1757570931735 562060346063.4503 397
1757570931820 561375615292.8899 398
1757570931908 560692597698.444 399
1757570931973 560011288143.283 400
1757570932059 559331681509.4387 401
1757570932138 558653772697.7212 402
1757570932204 557977556627.6361 403
1757570932286 557303028237.3031 404
1757570932355 556630182483.3739 405
1757570932430 555959014340.9512 406
1757570932495 555289518803.5082 407
1757570932559 554621690882.808 408
1757570932634 553955525608.8234 409
1757570932700 553291018029.6577 410
1757570932770 552628163211.4655 411
1757570932840 551966956238.3733 412
1757570932913 551307392212.402 413
1757570933056 550649466253.3883 414
1757570933127 549993173498.9072 415
1757570933191 549338509104.1946 416
1757570933260 548685468242.0706 417
1757570933331 548034046102.86316 418
1757570933397 547384237894.33167 419
1757570933470 546736038841.5912 420
1757570933538 546089444187.03766 421
1757570933609 545444449190.2719 422
1757570933681 544801049128.02594 423
1757570933745 544159239294.0885 424
1757570933815 543519014999.2304 425
1757570933890 542880371571.132 426
1757570933962 542243304354.3098 427
1757570934032 541607808710.04297 428
1757570934095 540973880016.30164 429
1757570934160 540341513667.67474 430
1757570934229 539710705075.29755 431
1757570934305 539081449666.7812 432
1757570934378 538453742886.14124 433
1757570934455 537827580193.7265 434
1757570934522 537202957066.1499 435
1757570934591 536579868996.2172 436
1757570934662 535958311492.85803 437
1757570934729 535338280081.0564 438
1757570934798 534719770301.78174 439
1757570934880 534102777711.9202 440
1757570934946 533487297884.20654 441
1757570935015 532873326407.1558 442
1757570935089 532260858884.996 443
1757570935167 531649890937.60065 444
1757570935245 531040418200.42175 445
1757570935313 530432436324.4234 446
1757570935382 529825940976.0149 447
1757570935451 529220927836.9853 448
1757570935523 528617392604.43787 449
1757570935589 528015330990.7237 450
1757570935660 527414738723.3777 451
1757570935786 526815611545.0535 452
1757570935854 526217945213.459 453
1757570935921 525621735501.2923 454
1757570936012 525026978196.1778 455
1757570936099 524433669100.6029 456
1757570936173 523841804031.85504 457
1757570936250 523251378821.958 458
1757570936322 522662389317.6102 459
1757570936405 522074831380.12225 460
1757570936480 521488700885.35455 461
1757570936548 520903993723.6562 462
1757570936626 520320705799.8033 463
1757570936711 519738833032.9378 464
1757570936789 519158371356.50745 465
1757570936858 518579316718.2044 466
1757570936929 518001665079.9055 467
1757570936995 517425412417.61224 468
1757570937067 516850554721.3915 469
1757570937140 516277087995.3159 470
1757570937213 515705008257.40497 471
1757570937281 515134311539.566 472
1757570937351 514564993887.5363 473
1757570937420 513997051360.82434 474
1757570937487 513430480032.6524 475
1757570937556 512865275989.89856 476
1757570937624 512301435333.0396 477
1757570937696 511738954176.0938 478
1757570937771 511177828646.56433 479
1757570937838 510618054885.3827 480
1757570937906 510059629046.852 481
1757570937977 509502547298.5919 482
1757570938048 508946805821.4823 483
1757570938121 508392400809.6079 484
1757570938188 507839328470.20355 485
1757570938253 507287585023.5984 486
1757570938327 506737166703.16223 487
1757570938395 506188069755.2508 488
1757570938476 505640290439.15125 489
1757570938543 505093825027.02905 490
1757570938613 504548669803.8735 491
1757570938684 504004821067.44543 492
1757570938755 503462275128.22296 493
1757570938833 502921028309.34985 494
1757570938904 502381076946.582 495
1757570938995 501842417388.2352 496
1757570939081 501305045995.13416 497
1757570939154 500768959140.5591 498
1757570939225 500234153210.195 499
