1757540136308 23406912058.02354 0
1757540136782 61759244348.0451 1
1757540137253 30200206270.663654 2
1757540137731 10007957572.142529 3
1757540138226 16442775892.261633 4
1757540138720 89177832.5459142 5
1757540139197 214995189814.46738 6
1757540139680 47786416.89869655 7
1757540140155 7001057104069.557 8
1757540140652 13954936310.580513 9
1757540141158 136880087876.86943 10
1757540141638 957308382853.6835 11
1757540142121 19126914484.909836 12
1757540142604 138670001316.02975 13
1757540143089 8693178960.396559 14
1757540143563 95655626357.65906 15
1757540144050 1545573712.3609514 16
1757540144544 264297452010.86453 17
1757540145163 24022515176.8996 18
1757540145638 3632511257.5271964 19
1757540146125 355949177563.4419 20
1757540146604 14484375903.516087 21
1757540147086 38508439658.716675 22
1757540147568 126692584823.53094 23
1757540148056 101827227960.45406 24
1757540148586 45252130.38925555 25
1757540149117 12509368.244609354 26
1757540149608 828164822.2498665 27
1757540150102 32096206519.193775 28
1757540150589 422648169826.0845 29
1757540151097 399783648066.7508 30
1757540151590 1461043947879.4634 31
1757540152084 21541345847.912487 32
1757540152572 12621556551.355648 33
1757540153066 36240033571.4042 34
1757540153545 160646689234.92673 35
1757540154038 9866576715.650902 36
1757540154544 15880235175.555346 37
1757540155032 8935672193.412354 38
1757540155516 11097302018.279408 39
1757540156001 517869777.18620694 40
1757540156481 596408247955.0614 41
1757540156962 2230993607.7341614 42
1757540157447 68896223584.93323 43
1757540157929 13624385727.651691 44
1757540158415 3755446358607.442 45
1757540158909 52483897795.45289 46
1757540159399 2254655205.848954 47
1757540159877 1026248690.1440511 48
1757540160361 613861742181.2373 49
1757540160854 90637342410.30055 50
1757540161339 64504618604.31349 51
1757540161822 2706631590.7543607 52
1757540162315 54055650088.45751 53
1757540162816 34101003353.045315 54
1757540163290 5762622968.740558 55
1757540163774 2933894550443.144 56
1757540164271 10352713366.955563 57
1757540164753 99739948303.10866 58
1757540165250 113170557078.1098 59
1757540165733 16095267216.248964 60
1757540166223 26238363389.535206 61
1757540166720 6041873597.445379 62
1757540167216 129295589617.5354 63
1757540167701 2780814988.9806223 64
1757540168184 188692277134.3785 65
1757540168679 22539333612.434174 66
1757540169174 32300203616.751545 67
1757540169664 1280705490.7129202 68
1757540170143 3583811982.2798724 69
1757540170629 76570579674.91174 70
1757540171116 13043115321.326454 71
1757540171608 350230465437.6953 72
1757540172097 442036357355.2837 73
1757540172602 97746601.15574014 74
1757540173082 27372272659.265934 75
1757540173578 71242955033.2278 76
1757540174076 769716122.8385204 77
1757540174585 474028979768.9375 78
1757540175078 222525286272.0968 79
1757540175561 92122917803.53036 80
1757540176046 1218484885.1256073 81
1757540176539 65318902905.91542 82
1757540177019 35063526562.05702 83
1757540177512 8619099472.183027 84
1757540177997 121960272713.13072 85
1757540178485 86894152852.05388 86
1757540178977 306290808981.2268 87
1757540179492 548580562295.47565 88
1757540180023 2426413789.112128 89
1757540180529 15512280334.407587 90
1757540181017 206285201757.37482 91
1757540181522 1669142573.9452102 92
1757540182014 3029519251.9768157 93
1757540182499 44590520205.04568 94
1757540182990 18131584137.356884 95
1757540183471 60219039055.96651 96
1757540183965 5497991.567394205 97
1757540184462 50655273726.92516 98
1757540184946 191215272063.70895 99
1757540185429 4861792129.795286 100
1757540185931 2433414952.1196365 101
1757540186420 540742430137.94214 102
1757540186883 21021649849.940773 103
1757540187382 51594476966.29235 104
1757540187867 2531028066.65004 105
1757540188350 10003399473.72215 106
1757540188844 107029.01924310127 107
1757540189359 12573961206.845314 108
1757540189844 644540753330.2019 109
1757540190346 22332881018.925655 110
1757540190816 69516900438.19109 111
1757540191312 14709352316.362722 112
1757540191805 1639943103.748909 113
1757540192294 555092560133.9944 114
1757540192779 5451294183.740927 115
1757540193279 185558896939.3711 116
1757540193806 298233240340.01904 117
1757540194348 14207417265.888077 118
1757540194861 439406223.45561475 119
1757540195353 153815163823.69772 120
1757540195851 2997093814.1161113 121
1757540196348 129549937443.05711 122
1757540196829 5230875820.073984 123
1757540197319 213587891884.13425 124
1757540197810 112744927070.04706 125
1757540198318 25090887339.626804 126
1757540198827 127856242383.29588 127
1757540199321 74695653460.3669 128
1757540199809 54366116696.8481 129
1757540200288 5722602399.510518 130
1757540200789 57458400.27602034 131
1757540201287 30483101826.064487 132
1757540201768 7466153872.042998 133
1757540202263 8037020646271.417 134
1757540202753 6700066414.809142 135
1757540203251 102143049700.3571 136
1757540203735 908857123500.815 137
1757540204221 23697101668.32925 138
1757540204716 99284214208.68513 139
1757540205201 714801269.4903964 140
1757540205692 139568155691.59436 141
1757540206175 13201691449.76754 142
1757540206664 14338637430.99334 143
1757540207145 69385684373.11333 144
1757540207626 2164389674.3117566 145
1757540208101 4793544342.072261 146
1757540208605 8366156498.663817 147
1757540209094 9709139064.69083 148
1757540209589 381761018914.31793 149
1757540210078 12947591106.691633 150
1757540210637 3245726222876.2524 151
1757540211142 44670806049.77881 152
1757540211625 3149992055.311868 153
1757540212111 36590365669.82254 154
1757540212593 25428968053.5293 155
1757540213107 20390727527.17319 156
1757540213597 387036895732.502 157
1757540214085 286815253515.8143 158
1757540214638 168618430591.30972 159
1757540215154 302994712622.9467 160
1757540215633 60744165375.32203 161
1757540216113 6912234350.89238 162
1757540216600 11825454312.54 163
1757540217071 144429947828.18 164
1757540217554 82082580879.9551 165
1757540218046 3596208054.393324 166
1757540218552 14811970986.102959 167
1757540219038 7335491132.232896 168
1757540219534 144287605751.51715 169
1757540220089 245129410794.65546 170
1757540220591 48974501379.576515 171
1757540221072 14821615379.499887 172
1757540221559 79904038010.17659 173
1757540222042 17081959640.595839 174
1757540222532 200931060056.7436 175
1757540223017 9251105846.847054 176
1757540223512 41488644067.74341 177
1757540223981 46612713386.231094 178
1757540224502 281724152753.65393 179
1757540225023 33533014601.63892 180
1757540225532 11752003862.113438 181
1757540226043 136345265325.51253 182
1757540226543 96491395340.19456 183
1757540227029 13603637734.874613 184
1757540227522 949852831.7243335 185
1757540228014 182088533705.9082 186
1757540228518 58918207562.2301 187
1757540229007 27834239389.43008 188
1757540229506 8446217958.874975 189
1757540230018 142434770161.64752 190
1757540230508 8728232311654.292 191
1757540230987 634142399454.7335 192
1757540231469 14347168091.137402 193
1757540231942 28529227853.896236 194
1757540232427 29420483003.69849 195
1757540232898 1498038349.872325 196
1757540233384 4319022.104345624 197
1757540233866 647164016.7767841 198
1757540234361 816564098751.7023 199
1757540234857 162585818120.51343 200
1757540235364 127809331086.90117 201
1757540235851 298711677851.9397 202
1757540236336 47283440258.95082 203
1757540236814 1137002267.633067 204
1757540237295 43492263993.44871 205
1757540237775 497796495118.90656 206
1757540238268 45443790198.23687 207
1757540238762 42032586858.041275 208
1757540239261 1206183852.3214169 209
1757540239761 25108323814.56963 210
1757540240263 6629740813.144103 211
1757540240750 983527225247.5758 212
1757540241279 10894287030.031551 213
1757540241767 19250943639.81231 214
1757540242305 86074691165.43533 215
1757540242798 10159203718.265484 216
1757540243298 4529367583.929845 217
1757540243778 154230366591.98087 218
1757540244250 3027383931.619854 219
1757540244743 11139530304.364897 220
1757540245250 338328473570.53784 221
1757540245741 46171667725.653175 222
1757540246220 97258547501.06493 223
1757540246707 2554330648710.1 224
1757540247182 62086086322.087456 225
1757540247656 263051968066.06293 226
1757540248130 1388555370.163162 227
1757540248633 46287759762.95256 228
1757540249117 2910577721.5992575 229
1757540249608 661693564.3170438 230
1757540250102 1071572746918.0673 231
1757540250590 65013135603.13598 232
1757540251100 4424191514.464912 233
1757540251603 14209435342.774265 234
1757540252089 2687290865.279158 235
1757540252573 133642540971.13458 236
1757540253056 30516623345.53025 237
1757540253567 136058227456.11678 238
1757540254051 46988576108.39429 239
1757540254537 164946795742.58127 240
1757540255023 1430090209.0710392 241
1757540255505 13780754862.988081 242
1757540255993 96189100248856.19 243
1757540256488 227215402058.92285 244
1757540256970 67747829334.13217 245
1757540257452 360997352678.55585 246
1757540257919 41243584589.084915 247
1757540258475 217368417094.8708 248
1757540259043 3059545489.6795645 249
1757540259565 7507709760.573992 250
1757540260079 223129178.066936 251
1757540260601 180418150074.34576 252
1757540261092 43447171357.83517 253
1757540261585 45544150580.18742 254
1757540262076 12683514939.508913 255
1757540262559 1167027258.4822628 256
1757540263041 23241211576.588177 257
1757540263521 467271011625.6108 258
1757540263994 185529094363.605 259
1757540264492 669211597089.3679 260
1757540265046 3256306945844.342 261
1757540265539 5440941683.866995 262
1757540266045 119494200.33020592 263
1757540266533 78684162327.32387 264
1757540267034 15466645646.313538 265
1757540267540 242548881883.71262 266
1757540268028 187606663054.94153 267
1757540268534 50308752993.44951 268
1757540269036 177752894393.25934 269
1757540269519 137153267933.85753 270
1757540270014 23243341556.46882 271
1757540270488 5558072416.085133 272
1757540270970 29386644734.09642 273
1757540271466 592264669644.1028 274
1757540271958 191754399937.76242 275
1757540272447 2305513257.351221 276
1757540272954 1922111736057.435 277
1757540273449 2799465895773.2563 278
1757540273926 2965027864.0976167 279
1757540274412 121925946763.86736 280
1757540274892 42687317425.85394 281
1757540275390 13685663181.962183 282
1757540275876 132969167.66368324 283
1757540276370 6205010942.402477 284
1757540276869 674578666.4684373 285
1757540277359 86299191263.77069 286
1757540277852 588922257499.9612 287
1757540278354 49109905095.34339 288
1757540278886 59893428595.80553 289
1757540279368 61974450754.88106 290
1757540279848 6545336519.531739 291
1757540280322 26712448099.92093 292
1757540280807 122419801239.8649 293
1757540281297 71752613132.25722 294
1757540281785 109505619769.92964 295
1757540282259 2224474486.571395 296
1757540282748 977807190.4175574 297
1757540283230 30330403560.600563 298
1757540283717 1900615467.9968498 299
1757540284195 22487010095.285564 300
1757540284688 1164597157.57202 301
1757540285180 51460508052.16866 302
1757540285661 20416398125.897175 303
1757540286154 73103760059.01875 304
1757540286662 7192059879.585282 305
1757540287161 175544306938.90274 306
1757540287661 33016747608.355072 307
1757540288155 45140022872.14656 308
1757540288678 359578284301.0958 309
1757540289170 37200701341.53459 310
1757540289667 13045645586220.977 311
1757540290167 149904599113.80988 312
1757540290666 246397801430.60333 313
1757540291154 3640019434913.0776 314
1757540291648 224981670063.00208 315
1757540292152 36946839283.53338 316
1757540292659 9460483073.98618 317
1757540293153 38393187596.137436 318
1757540293644 40987435042.21989 319
1757540294144 5356474189.190763 320
1757540294646 3932603473.5124598 321
1757540295130 38347251.525292315 322
1757540295612 471287460581.50916 323
1757540296094 35041128217.1654 324
1757540296579 8939498723.561163 325
1757540297069 1591967.8159831555 326
1757540297560 56430754447.45899 327
1757540298054 38088879511.14752 328
1757540298565 29512612240.95759 329
1757540299061 212649400522.11722 330
1757540299563 60899445.29267774 331
1757540300053 19374120036.18707 332
1757540300545 8373885022675.387 333
1757540301036 969146533.6723448 334
1757540301535 310257360.05180144 335
1757540302026 128663426907.81032 336
1757540302522 3864423274.087344 337
1757540303029 320217552785.1926 338
1757540303534 33109592103.45238 339
1757540304050 27757382758.144115 340
1757540304555 3289949160.574738 341
1757540305053 39121849437.457245 342
1757540305544 17480985955.284798 343
1757540306077 142012629846.72186 344
1757540306566 10468729390.804476 345
1757540307057 327885284429.56683 346
1757540307573 229792166.22261003 347
1757540308077 952416934573.7426 348
1757540308573 48181032924.252106 349
1757540309062 19012643295.58508 350
1757540309575 8314646292.185325 351
1757540310069 9821820043.883799 352
1757540310553 167476725989.0429 353
1757540311048 300603429904.221 354
1757540311537 150897981157.07513 355
1757540312028 53205911955.572365 356
1757540312515 293887657327.7209 357
1757540313002 62259006526.303764 358
1757540313487 55128060183.29736 359
1757540313974 3458653124.9968715 360
1757540314480 3111517673.790012 361
1757540314960 22950359693.19353 362
1757540315450 1922166071806.2742 363
1757540315929 10066860074.036587 364
1757540316414 3275907617959.449 365
1757540316914 11416581026.727201 366
1757540317406 84847636177.83829 367
1757540317914 100441951517.53261 368
1757540318418 12540066109.837986 369
1757540318921 21414067826.970566 370
1757540319415 47811854806.0497 371
1757540319893 8220740482.054915 372
1757540320387 4708925783.063434 373
1757540320982 241570200177.0217 374
1757540321508 3070964481.0379534 375
1757540322032 74003355178.04382 376
1757540322524 661821597023.4401 377
1757540323027 75874186671.1466 378
1757540323567 3874519018150.236 379
1757540324093 292898777632.9249 380
1757540324586 20177003255.415478 381
1757540325068 5314640356.833636 382
1757540325564 1501807494.1435835 383
1757540326062 78510903995.7708 384
1757540326540 61940199534.38865 385
1757540327020 109118817411.25064 386
1757540327500 14452826582.195835 387
1757540327998 1251472723.469267 388
1757540328497 39319771247.61832 389
1757540329021 9055753638.700033 390
1757540329519 6127840369.471005 391
1757540330008 45717410876.17625 392
1757540330502 62549858707.9658 393
1757540330987 280496710283.25494 394
1757540331485 43846371018.002045 395
1757540331972 41449104171.45082 396
1757540332474 23669319052.90339 397
1757540332965 1772639178.363137 398
1757540333446 25257670395.220547 399
1757540333941 49616080.08427354 400
1757540365886 221985920611.20126 401
1757540366408 67907010136.833855 402
1757540366892 59583396253.44684 403
1757540367391 53497751872.842415 404
1757540367908 200530758743.51837 405
1757540368407 1657483663.0885952 406
1757540368930 13521683880.982433 407
1757540369427 20931351097.197487 408
1757540369944 380712265.31411904 409
1757540370456 29266931956.30717 410
1757540370958 4483969263790.036 411
1757540371482 1835743887832.274 412
1757540371961 52417984556.19193 413
1757540372463 989000167.3261377 414
1757540372959 81462704012.58148 415
1757540373449 4927044208.909289 416
1757540373931 464980559.8218601 417
1757540374433 3845087899.415628 418
1757540374914 1424332066.7165766 419
1757540375397 173154288715.30807 420
1757540375879 3643775366.6693335 421
1757540376355 534957216522.65216 422
1757540376852 23143839815.034496 423
1757540377351 72014585.94722462 424
1757540377845 16374936045.359562 425
1757540378329 35289062679.868286 426
1757540378832 80781464623.78922 427
1757540379311 38564076219.49433 428
1757540379817 540334662880.0749 429
1757540380342 57719686328.95907 430
1757540380829 30945387513.307537 431
1757540381323 64442789774.79778 432
1757540381841 75053109663.3977 433
1757540382311 88152998515.50671 434
1757540382796 17479077085.347336 435
1757540383275 78362612169.74283 436
1757540383752 22092186.438349478 437
1757540384333 392647.4183073677 438
1757540384856 532618108332.0774 439
1757540385401 79108482915.23738 440
1757540385881 31959729801.52273 441
1757540386361 354841003083.20447 442
1757540386885 1187715488.1659315 443
1757540387423 21973613246.35583 444
1757540387938 331586342735.72156 445
1757540388426 10447077543.334969 446
1757540388932 45598637408.530846 447
1757540389412 4594678154.3689575 448
1757540389896 1033127813064.0267 449
1757540390404 205525839297.5459 450
1757540390893 5027464962.902528 451
1757540391382 63414097076.8465 452
1757540391871 2900650810884.9746 453
1757540392346 111741356776.47873 454
1757540392828 13873572884.620335 455
1757540393306 47901907391.103165 456
1757540393782 19196329188.61514 457
1757540394257 21226289081.372925 458
1757540394742 14514061118.767385 459
1757540395220 396760665890.6592 460
1757540395691 89074956613.99348 461
1757540396172 1789147703.5406914 462
1757540396669 343908662203.0221 463
1757540397210 1728248705.9501119 464
1757540397760 1471938973.2671683 465
1757540398246 52577136219.40505 466
1757540398757 5229744531.976283 467
1757540399237 977787573479.9999 468
1757540399714 675871312.0410056 469
1757540400210 20305121333.56299 470
1757540400698 388644296.86021644 471
1757540401231 381002909246.18176 472
1757540401773 1475029210.6025853 473
1757540402262 5965656429.644256 474
1757540402746 31394383734.284824 475
1757540403235 135885728.98920426 476
1757540403728 1785713450923.612 477
1757540404203 20923446528.44494 478
1757540404695 85360605718.57668 479
1757540405168 205901024.41944855 480
1757540405644 665069857745.8468 481
1757540406129 43711260707.1682 482
1757540406610 45903089447.068405 483
1757540407113 367630168877.7942 484
1757540407587 44370538787.12214 485
1757540408085 94047466212.62079 486
1757540408578 507054882026.35065 487
1757540409090 1471440450.3135436 488
1757540409597 199427441082.20013 489
1757540410094 178315863728.34915 490
1757540410578 5332888858.29623 491
1757540411094 385619272517.6472 492
1757540411604 56381079822.83559 493
1757540412095 56038606852.89483 494
1757540412610 3335074020.9973297 495
1757540413108 60931066190.56385 496
1757540413599 658888769.6396745 497
1757540414082 308290652896.40686 498
1757540414567 33787234707.587975 499
