1757556003275 1064044748402.8925 0
1757556003339 1061374447330.4106 1
1757556003398 1057384429550.1691 2
1757556003460 1052754384958.3691 3
1757556003518 1047825087905.1761 4
1757556003577 1042766981071.3097 5
1757556003636 1037665123756.1068 6
1757556003693 1032561831985.8577 7
1757556003750 1027478040461.2263 8
1757556003835 1022423994032.529 9
1757556003894 1017404595998.1202 10
1757556003954 1012422082807.913 11
1757556004012 1007477361464.8732 12
1757556004073 1002570678150.9335 13
1757556004135 997701952436.6339 14
1757556004193 992870944278.3612 15
1757556004254 988077337411.1473 16
1757556004312 983320780942.4269 17
1757556004401 978600910049.713 18
1757556004484 973917356233.6447 19
1757556004554 969269752352.0262 20
1757556004614 964657735047.5592 21
1757556004674 960080945875.4973 22
1757556004734 955539031784.2336 23
1757556004793 951031645275.2056 24
1757556004852 946558444405.222 25
1757556004911 942119092712.6494 26
1757556004979 937713259108.0844 27
1757556005038 933340617749.7384 28
1757556005099 929000847913.549 29
1757556005159 924693633862.9418 30
1757556005219 920418664720.6261 31
1757556005281 916175634343.5286 32
1757556005342 911964241201.3452 33
1757556005402 907784188258.8754 34
1757556005466 903635182862.148 35
1757556005525 899516936628.2771 36
1757556005582 895429165338.9482 37
1757556005641 891371588837.4224 38
1757556005699 887343930928.9396 39
1757556005757 883345919284.4058 40
1757556005816 879377285347.2418 41
1757556005876 875437764243.287 42
1757556005935 871527094693.6454 43
1757556005995 867645018930.3667 44
1757556006054 863791282614.8646 45
1757556006114 859965634758.9706 46
1757556006176 856167827648.5299 47
1757556006242 852397616769.4463 48
1757556006300 848654760736.0939 49
1757556006358 844939021222.0027 50
1757556006419 841250162892.7429 51
1757556006479 837587953340.927 52
1757556006541 833952163023.2533 53
1757556006604 830342565199.5225 54
1757556006664 826758935873.5474 55
1757556006725 823201053735.9009 56
1757556006783 819668700108.4266 57
1757556006845 816161658890.4558 58
1757556006907 812679716507.3885 59
1757556006968 809222661858.3849 60
1757556007027 805790286268.5248 61
1757556007088 802382383441.1809 62
1757556007159 798998749411.8533 63
1757556007225 795639182503.3986 64
1757556007292 792303483282.5905 65
1757556007353 788991454517.9669 66
1757556007437 785702901138.9109 67
1757556007501 782437630195.9247 68
1757556007565 779195450822.0544 69
1757556007627 775976174195.4215 70
1757556007687 772779613502.8273 71
1757556007749 769605583904.3905 72
1757556007811 766453902499.1818 73
1757556007873 763324388291.8223 74
1757556007933 760216862160.0105 75
1757556007994 757131146822.9501 76
1757556008058 754067066810.6409 77
1757556008119 751024448434.0106 78
1757556008181 748003119755.8534 79
1757556008249 745002910562.5497 80
1757556008313 742023652336.5414 81
1757556008377 739065178229.5353 82
1757556008443 736127323036.4104 83
1757556008504 733209923169.8073 84
1757556008566 730312816635.3726 85
1757556008624 727435843007.6411 86
1757556008686 724578843406.5306 87
1757556008746 721741660474.4314 88
1757556008808 718924138353.8683 89
1757556008870 716126122665.7186 90
1757556008930 713347460487.9666 91
1757556008991 710588000334.9751 92
1757556009052 707847592137.2611 93
1757556009113 705126087221.7544 94
1757556009175 702423338292.5271 95
1757556009270 699739199411.976 96
1757556009338 697073525982.4453 97
1757556009402 694426174728.2743 98
1757556009463 691797003678.2556 99
1757556009525 689185872148.4926 100
1757556009589 686592640725.6415 101
1757556009647 684017171250.5287 102
1757556009713 681459326802.126 103
1757556009776 678918971682.0616 104
1757556009840 676395971398.8363 105
1757556009903 673890192653.1276 106
1757556009963 671401503323.0801 107
1757556010025 668929772449.9175 108
1757556010087 666474870223.8561 109
1757556010145 664036667970.312 110
1757556010208 661615038136.3892 111
1757556010270 659209854277.6412 112
1757556010345 656820991045.0977 113
1757556010414 654448324172.5454 114
1757556010484 652091730464.0586 115
1757556010578 649751087781.7711 116
1757556010644 647426275033.8804 117
1757556010705 645117172162.8806 118
1757556010764 642823660134.0142 119
1757556010826 640545620923.9375 120
1757556010886 638282937509.5961 121
1757556010946 636035493858.433 122
1757556011006 633803174914.863 123
1757556011065 631585866591.661 124
1757556011125 629383455759.4768 125
1757556011184 627195830236.5956 126
1757556011257 625022878778.9061 127
1757556011333 622864491070.0553 128
1757556011407 620720557711.7753 129
1757556011476 618590970214.3776 130
1757556011548 616475620987.404 131
1757556011624 614374403330.4303 132
1757556011693 612287211424.0205 133
1757556011753 610213940320.8239 134
1757556011817 608154485936.812 135
1757556011878 606108745042.6558 136
1757556011970 604076615255.2317 137
1757556012031 602057995029.2598 138
1757556012092 600052783649.0688 139
1757556012154 598060881220.4825 140
1757556012218 596082188662.8285 141
1757556012280 594116607701.0619 142
1757556012342 592164040858.0052 143
1757556012407 590224391446.6981 144
1757556012471 588297563562.8575 145
1757556012533 586383462077.4426 146
1757556012593 584481992629.3239 147
1757556012657 582593061618.0532 148
1757556012718 580716576196.7341 149
1757556012777 578852444264.9855 150
1757556012841 577000574462.0028 151
1757556012904 575160876159.71 152
1757556012966 573333259456.0011 153
1757556013031 571517635168.0709 154
1757556013092 569713914825.8312 155
1757556013153 567922010665.4114 156
1757556013215 566141835622.7412 157
1757556013278 564373303327.2145 158
1757556013366 562616328095.4318 159
1757556013430 560870824925.0204 160
1757556013495 559136709488.5292 161
1757556013559 557413898127.3989 162
1757556013645 555702307846.0034 163
1757556013713 554001856305.7642 164
1757556013779 552312461819.332 165
1757556013842 550634043344.8391 166
1757556013904 548966520480.21704 167
1757556013966 547309813457.5806 168
1757556014030 545663843137.6763 169
1757556014095 544028531004.39374 170
1757556014157 542403799159.3394 171
1757556014223 540789570316.4709 172
1757556014285 539185767796.79083 173
1757556014349 537592315523.1 174
1757556014411 536009138014.8078 175
1757556014478 534436160382.79865 176
1757556014540 532873308324.355 177
1757556014602 531320508118.1344 178
1757556014691 529777686619.2002 179
1757556014756 528244771254.10486 180
1757556014822 526721690016.0256 181
1757556014882 525208371459.9507 182
1757556014947 523704744697.9162 183
1757556015010 522210739394.2913 184
1757556015072 520726285761.11334 185
1757556015136 519251314553.46924 186
1757556015199 517785757064.9252 187
1757556015265 516329545123.0017 188
1757556015333 514882611084.6946 189
1757556015394 513444887832.04095 190
1757556015461 512016308767.72876 191
1757556015527 510596807810.7504 192
1757556015589 509186319392.09906 193
1757556015653 507784778450.5067 194
1757556015715 506392120428.22516 195
1757556015779 505008281266.84625 196
1757556015844 503633197403.1634 197
1757556015911 502266805765.0734 198
1757556015977 500909043767.517 199
1757556016044 499559849308.4577 200
1757556016106 498219160764.8999 201
1757556016169 496886916988.9438 202
1757556016230 495563057303.8782 203
1757556016294 494247521500.3091 204
1757556016359 492940249832.32513 205
1757556016423 491641183013.69934 206
1757556016487 490350262214.12415 207
1757556016550 489067429055.4835 208
1757556016610 487792625608.1579 209
1757556016674 486525794387.3637 210
1757556016737 485266878349.5262 211
1757556016827 484015820888.68524 212
1757556016894 482772565832.93445 213
1757556016957 481537057440.8915 214
1757556017019 480309240398.2013 215
1757556017083 479089059814.0698 216
1757556017144 477876461217.8303 217
1757556017206 476671390555.53876 218
1757556017270 475473794186.6005 219
1757556017335 474283618880.42725 220
1757556017426 473100811813.12317 221
1757556017493 471925320564.2006 222
1757556017558 470757093113.3248 223
1757556017620 469596077837.0869 224
1757556017683 468442223505.80634 225
1757556017746 467295479280.36017 226
1757556017809 466155794709.041 227
1757556017873 465023119724.44183 228
1757556017935 463897404640.36774 229
1757556017999 462778600148.77576 230
1757556018065 461666657316.7398 231
1757556018135 460561527583.4429 232
1757556018198 459463162757.1946 233
1757556018263 458371515012.47473 234
1757556018328 457286536887.00256 235
1757556018390 456208181278.8309 236
1757556018453 455136401443.4647 237
1757556018519 454071150991.0058 238
1757556018583 453012383883.32056 239
1757556018648 451960054431.2319 240
1757556018710 450914117291.73627 241
1757556018771 449874527465.24316 242
1757556018836 448841240292.83887 243
1757556018900 447814211453.57275 244
1757556018964 446793396961.7667 245
1757556019025 445778753164.34827 246
1757556019088 444770236738.20435 247
1757556019152 443767804687.5594 248
1757556019215 442771414341.3743 249
1757556019278 441781023350.76733 250
1757556019341 440796589686.45703 251
1757556019404 439818071636.2265 252
1757556019467 438845427802.409 253
1757556019533 437878617099.3943 254
1757556019601 436917598751.15594 255
1757556019664 435962332288.7999 256
1757556019727 435012777548.132 257
1757556019790 434068894667.2477 258
1757556019856 433130644084.1401 259
1757556019920 432197986534.3293 260
1757556020010 431270883048.5101 261
1757556020080 430349294950.2205 262
1757556020169 429433183853.5286 263
1757556020230 428522511660.73914 264
1757556020298 427617240560.1186 265
1757556020367 426717333023.6399 266
1757556020430 425822751804.74475 267
1757556020496 424933459936.12494 268
1757556020570 424049420727.5224 269
1757556020644 423170597763.5464 270
1757556020713 422296954901.5094 271
1757556020776 421428456269.2808 272
1757556020840 420565066263.1578 273
1757556020903 419706749545.75385 274
1757556020966 418853471043.9054 275
1757556021030 418005195946.5939 276
1757556021095 417161889702.8873 277
1757556021159 416323518019.8962 278
1757556021225 415490046860.74756 279
1757556021289 414661442442.57574 280
1757556021352 413837671234.5291 281
1757556021420 413018699955.7927 282
1757556021503 412204495575.24164 283
1757556021580 411395025305.47876 284
1757556021648 410590256603.7041 285
1757556021718 409790157169.60443 286
1757556021796 408994694943.3574 287
1757556021863 408203838103.6995 288
1757556021928 407417555066.0352 289
1757556021993 406635814480.5726 290
1757556022059 405858585230.4805 291
1757556022123 405085836430.06476 292
1757556022190 404317537422.95874 293
1757556022256 403553657780.3312 294
1757556022320 402794167299.1079 295
1757556022384 402039036000.2086 296
1757556022447 401288234126.7979 297
1757556022522 400541732142.55054 298
1757556022600 399799500729.9307 299
1757556022683 399061510788.4856 300
1757556022764 398327733433.15204 301
1757556022846 397598139992.5778 302
1757556022949 396872702007.45593 303
1757556023028 396151391228.8727 304
1757556023109 395434179616.6681 305
1757556023187 394721039337.8115 306
1757556023266 394011942764.7885 307
1757556023372 393306862474.0017 308
1757556023454 392605771244.18445 309
1757556023534 391908642054.827 310
1757556023615 391215448084.6155 311
1757556023703 390526162709.88354 312
1757556023784 389840759503.0769 313
1757556023870 389159212231.2292 314
1757556023953 388481494854.4512 315
1757556024037 387807581524.4312 316
1757556024122 387137446582.9487 317
1757556024203 386471064560.3991 318
1757556024315 385808410174.32996 319
1757556024402 385149458327.9903 320
1757556024485 384494184108.89087 321
1757556024569 383842562787.3755 322
1757556024650 383194569815.20447 323
1757556024740 382550180824.1498 324
1757556024823 381909371624.60046 325
1757556024897 381272118204.18 326
1757556024967 380638396726.3745 327
1757556025037 380008183529.1724 328
1757556025112 379381455123.71405 329
1757556025187 378758188192.95276 330
1757556025273 378138359590.327 331
1757556025336 377521946338.4429 332
1757556025402 376908925627.7659 333
1757556025467 376299274815.3262 334
1757556025533 375692971423.4306 335
1757556025628 375089993138.38794 336
1757556025690 374490317809.2429 337
1757556025760 373893923446.52026 338
1757556025823 373300788220.98 339
1757556025888 372710890462.3811 340
1757556025955 372124208658.256 341
1757556026020 371540721452.6952 342
1757556026085 370960407647.4991 343
1757556026151 370383246195.10504 344
1757556026218 369809216201.4986 345
1757556026285 369238296924.7453 346
1757556026352 368670467773.67816 347
1757556026417 368105708306.66644 348
1757556026481 367543998230.4299 349
1757556026545 366985317398.8803 350
1757556026612 366429645811.98175 351
1757556026676 365876963614.6228 352
1757556026743 365327251095.5021 353
1757556026812 364780488686.02203 354
1757556026906 364236656959.19305 355
1757556026979 363695736628.5466 356
1757556027046 363157708547.05634 357
1757556027112 362622553706.0687 358
1757556027177 362090253234.24225 359
1757556027244 361560788396.4941 360
1757556027309 361034140592.9563 361
1757556027376 360510291357.9398 362
1757556027440 359989222358.9067 363
1757556027506 359470915395.45074 364
1757556027572 358955352398.2857 365
1757556027638 358442515428.2423 366
1757556027703 357932386675.2726 367
1757556027769 357424948457.46265 368
1757556027840 356920183220.05273 369
1757556027905 356418073534.4658 370
1757556027973 355918602097.3428 371
1757556028041 355421751729.5867 372
1757556028106 354927505375.4134 373
1757556028170 354435846101.4103 374
1757556028237 353946757095.60266 375
1757556028304 353460221666.52686 376
1757556028368 352976223242.31134 377
1757556028433 352494745369.7651 378
1757556028498 352015771713.47266 379
1757556028567 351539286054.8965 380
1757556028637 351065272291.48773 381
1757556028710 350593714435.8015 382
1757556028785 350124596614.6218 383
1757556028857 349657903068.09143 384
1757556028924 349193618148.8501 385
1757556028993 348731726321.17834 386
1757556029061 348272212160.1492 387
1757556029136 347815060350.7855 388
1757556029200 347360255687.22504 389
1757556029271 346907783071.8912 390
1757556029335 346457627514.67096 391
1757556029400 346009774132.0993 392
1757556029465 345564208146.54926 393
1757556029533 345120914885.42944 394
1757556029599 344679879780.38745 395
1757556029693 344241088366.51953 396
1757556029760 343804526281.58636 397
1757556029828 343370179265.2353 398
1757556029893 342938033158.2289 399
1757556029960 342508073901.6787 400
1757556030025 342080287536.2864 401
1757556030092 341654660201.5895 402
1757556030159 341231178135.2145 403
1757556030248 340809827672.1342 404
1757556030320 340390595243.9328 405
1757556030386 339973467378.075 406
1757556030453 339558430697.18207 407
1757556030518 339145471918.31335 408
1757556030586 338734577852.2527 409
1757556030652 338325735402.8018 410
1757556030719 337918931566.078 411
1757556030784 337514153429.81854 412
1757556030853 337111388172.68884 413
1757556030922 336710623063.5984 414
1757556030988 336311845461.0195 415
1757556031078 335915042812.3141 416
1757556031144 335520202653.0632 417
1757556031210 335127312606.40405 418
1757556031280 334736360382.37 419
1757556031351 334347333777.2383 420
1757556031419 333960220672.88055 421
1757556031485 333575009036.12 422
1757556031551 333191686918.0927 423
1757556031620 332810242453.6145 424
1757556031704 332430663860.5528 425
1757556031782 332052939439.2028 426
1757556031853 331677057571.6693 427
1757556031931 331303006721.2529 428
1757556032010 330930775431.8411 429
1757556032075 330560352327.3043 430
1757556032140 330191726110.8967 431
1757556032208 329824885564.6614 432
1757556032273 329459819548.8401 433
1757556032340 329096517001.2886 434
1757556032426 328734966936.89526 435
1757556032493 328375158447.00543 436
1757556032562 328017080698.8491 437
1757556032629 327660722934.97424 438
1757556032699 327306074472.68365 439
1757556032766 326953124703.4769 440
1757556032831 326601863092.49585 441
1757556032898 326252279177.97565 442
1757556032967 325904362570.6987 443
1757556033034 325558102953.45404 444
1757556033101 325213490080.5001 445
1757556033168 324870513777.03235 446
1757556033239 324529163938.6546 447
1757556033314 324189430530.8547 448
1757556033388 323851303588.4837 449
1757556033469 323514773215.2409 450
1757556033549 323179829583.1602 451
1757556033630 322846462932.10297 452
1757556033717 322514663569.25305 453
1757556033794 322184421868.617 454
1757556033862 321855728270.5274 455
1757556033931 321528573281.1506 456
1757556034000 321202947471.99744 457
1757556034067 320878841479.4393 458
1757556034132 320556246004.22595 459
1757556034202 320235151811.0091 460
1757556034274 319915549727.868 461
1757556034348 319597430645.84045 462
1757556034423 319280785518.4551 463
1757556034501 318965605361.27045 464
1757556034568 318651881251.41437 465
1757556034638 318339604327.12933 466
1757556034708 318028765787.3206 467
1757556034773 317719356891.1071 468
1757556034837 317411368957.3772 469
1757556034903 317104793364.34674 470
1757556034973 316799621549.12134 471
1757556035039 316495845007.2612 472
1757556035108 316193455292.3506 473
1757556035209 315892444015.56915 474
1757556035278 315592802845.26764 475
1757556035347 315294523506.54706 476
1757556035415 314997597780.83954 477
1757556035483 314702017505.49445 478
1757556035551 314407774573.3666 479
1757556035620 314114860932.40765 480
1757556035695 313823268585.2607 481
1757556035765 313532989588.8589 482
1757556035836 313244016054.0258 483
1757556035903 312956340145.07996 484
1757556035970 312669954079.4414 485
1757556036041 312384850127.2428 486
1757556036109 312101020610.94196 487
1757556036176 311818457904.9382 488
1757556036245 311537154435.19196 489
1757556036314 311257102678.8464 490
1757556036381 310978295163.8526 491
1757556036450 310700724468.59796 492
1757556036542 310424383221.5363 493
1757556036642 310149264100.82214 494
1757556036713 309875359833.947 495
1757556036780 309602663197.37854 496
1757556036848 309331167016.2029 497
1757556036916 309060864163.7697 498
1757556036985 308791747561.3392 499
