1757582587176 832641051708.8268 0
1757582587243 1025641600297.8966 1
1757582587308 1191038229218.873 2
1757582587375 603240548925.6531 3
1757582587442 663236014286.1257 4
1757582587507 180221810496.95667 5
1757582587573 207705379752.91296 6
1757582587639 265211157400.65778 7
1757582587704 846098671535.4457 8
1757582587770 415928668216.29694 9
1757582587837 156503892010.3433 10
1757582587903 110966664494.82281 11
1757582587980 624666416260.4238 12
1757582588047 855392070954.7686 13
1757582588112 140746591061.00073 14
1757582588177 308376884204.90234 15
1757582588242 162343685451.56842 16
1757582588309 628114347143.8123 17
1757582588382 84835968094.7263 18
1757582588447 59237730146.22102 19
1757582588514 297078191438.3504 20
1757582588584 103407143129.44101 21
1757582588650 80428983150.67754 22
1757582588715 253590869793.39496 23
1757582588781 505588048904.7507 24
1757582588846 212544977599.49805 25
1757582588912 302771499405.18536 26
1757582588981 98747358683.0709 27
1757582589050 334022189615.90466 28
1757582589115 277529370999.81195 29
1757582589182 340379238380.5517 30
1757582589247 226367617564.20715 31
1757582589313 110670605870.52356 32
1757582589379 208984294057.46582 33
1757582589444 538025051118.92053 34
1757582589510 76985748715.71284 35
1757582589575 278927995299.5823 36
1757582589643 270025588546.8978 37
1757582589709 181984786045.11487 38
1757582589775 305079774437.87286 39
1757582589839 569548008602.4781 40
1757582589904 335836510640.88446 41
1757582589971 296863498557.3047 42
1757582590037 116579351286.69687 43
1757582590103 105846816879.25682 44
1757582590169 372081786187.20197 45
1757582590236 138340973039.70264 46
1757582590301 291673328501.98474 47
1757582590368 125327169875.0408 48
1757582590435 93571833451.02046 49
1757582590500 515340600362.2263 50
1757582590566 303069721593.8109 51
1757582590638 109870539430.87732 52
1757582590708 219019106802.13974 53
1757582590773 397968585408.60626 54
1757582590839 274425387157.99814 55
1757582590904 103351230461.68597 56
1757582590970 96969016333.98778 57
1757582591036 163886663255.5349 58
1757582591101 416388365121.0848 59
1757582591169 111118538235.91624 60
1757582591238 333570476366.97577 61
1757582591305 83827330349.81102 62
1757582591370 133160317749.6233 63
1757582591438 94724632515.70808 64
1757582591503 305025199651.16034 65
1757582591568 139605069930.41122 66
1757582591636 182322511565.08005 67
1757582591702 197335941023.32544 68
1757582591770 103689176480.9566 69
1757582591836 300364264073.0576 70
1757582591902 175592641899.3447 71
1757582591970 356814094310.5443 72
1757582592037 361248239012.5202 73
1757582592102 112674189971.56712 74
1757582592167 291379351843.6092 75
1757582592233 194760517968.61328 76
1757582592299 72015869826.32375 77
1757582592364 143937500678.37268 78
1757582592433 256703824796.908 79
1757582592499 217200455929.78046 80
1757582592565 98929411476.77762 81
1757582592631 80786957835.5019 82
1757582592697 334447694271.4405 83
1757582592762 270673377772.21603 84
1757582592833 96118137581.48935 85
1757582592903 189136640321.7739 86
1757582592971 76694302412.66774 87
1757582593038 177198897207.03973 88
1757582593104 179355906689.66415 89
1757582593171 350194987811.8572 90
1757582593239 441523719938.9373 91
1757582593305 385272157012.8377 92
