1757562808239 9185637411.732264 0
1757562808928 5981276615.137967 1
1757562809607 15884844070.649454 2
1757562810303 56536675520.850105 3
1757562810985 206862820.23329735 4
1757562811678 305173975958.74554 5
1757562812363 12561321357.262228 6
1757562813042 870860524.4150325 7
1757562813732 76050956181.78091 8
1757562814413 783202611.5306644 9
1757562815089 1434307866.4768705 10
1757562815788 19655937549.58029 11
1757562816464 5736836399.391302 12
1757562817139 50555507059.01545 13
1757562817790 56589468879.87173 14
1757562818423 4346514378.182818 15
1757562818983 1587149842.2802167 16
1757562819612 1392184336995.6025 17
1757562820181 23141757167.495087 18
1757562820845 8350437960.824212 19
1757562821453 264555007.15585756 20
1757562822174 1299457043.0555384 21
1757562822753 134816514117.90154 22
1757562823340 3513591725.7475743 23
1757562823980 118546457.46935298 24
1757562824572 37145188707.68909 25
1757562825137 4593771059.842006 26
1757562825682 16810450944546.11 27
1757562826371 121624509617.10873 28
1757562827067 101487734070.93895 29
1757562827746 69114523224.13255 30
1757562828427 788438505.3499799 31
1757562829113 177602954854.02032 32
1757562829790 39533343873.35172 33
1757562830478 1059476510.5198164 34
1757562831182 39607879947.29237 35
1757562831872 111028775865.54333 36
1757562832552 639686110228.6342 37
1757562833239 40632500291.93686 38
1757562833911 436080643202.32886 39
1757562834588 1150027493.9570203 40
1757562835277 201103370431.51486 41
1757562835954 3266461555.9887166 42
1757562836653 53402939877.55331 43
1757562837339 137232106580.29556 44
1757562838005 961475475097.1592 45
1757562838696 234461137872.19052 46
1757562839398 70376026653.98369 47
1757562840068 586742165771.7217 48
1757562840747 468439808604.434 49
1757562841241 16053976536.06181 50
1757562841885 598482846.6746166 51
1757562842430 1654561788.6973445 52
1757562842982 701993803605.4368 53
1757562843675 451059922415.3401 54
1757562844355 42665578817.29877 55
1757562845042 210195562586.8672 56
1757562845726 131197531546.36497 57
1757562846401 193427112032.4967 58
1757562847090 5042739527.939011 59
1757562847778 43116535050.953735 60
1757562848469 133214016151.79826 61
1757562849149 734722187038.0886 62
1757562849819 339843553685.2614 63
1757562850481 5085976711.689363 64
1757562851163 11008593137.908926 65
1757562851853 87171231738.25998 66
1757562852506 4014177792.9789596 67
1757562853161 68688214528.73411 68
1757562853814 10201348941.484877 69
1757562854438 57628171558.7909 70
1757562855001 4084633983926.255 71
1757562855675 267052154900.04196 72
1757562856230 8604384632.591078 73
1757562856785 170604197398.9323 74
1757562857325 5688967893.832305 75
1757562857929 529817642969.29987 76
1757562858613 19727423322.938545 77
1757562859109 43334102656.962685 78
1757562859798 147070381048.8392 79
1757562860501 11062078030.090113 80
1757562861167 192254780778.70645 81
1757562861791 19147719484.34763 82
1757562862495 338726318.86388075 83
1757562863188 19954658658.998127 84
1757562863901 589955967.0227664 85
1757562864595 4101559518.173529 86
1757562865266 144177373373.02448 87
1757562865918 426338210828.1992 88
1757562866572 102238109696.28888 89
1757562867104 47336763310.52968 90
1757562867670 583948508716.134 91
1757562868336 1849499964126.5364 92
1757562869028 59736538800.55645 93
1757562869723 414284865551.05927 94
1757562870415 71118372486.53632 95
1757562871110 238034980.42294902 96
1757562871792 183059694274.07645 97
1757562872479 11196532551.065657 98
1757562873177 31923686329.53036 99
1757562873859 12651711.817107815 100
1757562874537 8891813098.672998 101
1757562875224 318085032053.8725 102
1757562875906 7092844659.660234 103
1757562876580 725008221911.4341 104
1757562877268 42563345070.98023 105
1757562877825 14944208105.342064 106
1757562878429 144603505892.40552 107
1757562878974 247163555409.6115 108
1757562879575 38217363079.09492 109
1757562880258 246296762326.9303 110
1757562880943 239367909892.4379 111
1757562881631 16015897929.943447 112
1757562882317 1738792030.9467888 113
1757562883000 1331658509587.4155 114
1757562883692 5481205474.210581 115
1757562884376 128376325532.0561 116
1757562884965 788343624.082203 117
1757562885615 4692689872.47085 118
1757562886111 2513317760.9538226 119
1757562886794 248941.23407076037 120
1757562887370 1808058353.7813535 121
1757562887968 58550302980.30401 122
1757562888554 6176055859.818281 123
1757562889197 45991396851.8161 124
1757562889811 5278543294.446217 125
1757562890439 16444187187.860943 126
1757562891085 57222442474.5881 127
1757562891660 1028256873.3701459 128
1757562892334 46779395456.02324 129
1757562893023 61179507356.20189 130
1757562893647 92796916759.95697 131
1757562894309 69394116018.27992 132
1757562894850 116653304355.85115 133
1757562895495 8398110025.687162 134
1757562896153 8778337137.007751 135
1757562896826 25714795600.278828 136
1757562897506 3640430884006.625 137
1757562898181 150230744858.04697 138
1757562898854 4495794616.932421 139
1757562899533 85643800274.18298 140
1757562900227 47280399787.96285 141
1757562900925 78237470939.43813 142
1757562901615 31093796818.653294 143
1757562902291 158288465909.12317 144
1757562902973 38360870811.15634 145
1757562903656 341059682992.3602 146
1757562904353 55540885884.76399 147
1757562904932 53024125370.2038 148
1757562905628 21997161638.453003 149
1757562906312 1475510963.397825 150
1757562906990 23916974456.52493 151
1757562907688 100360732302.60489 152
1757562908380 18408716142.62594 153
1757562909015 49703330211.84649 154
1757562909547 237223084891.93784 155
1757562910171 35097331524.06594 156
1757562910770 179214407664.79602 157
1757562911395 76746967026.14635 158
1757562912024 11182484.316683618 159
1757562912626 35418479393.89257 160
1757562913317 528482063461.0248 161
1757562914012 2437872134.1378484 162
1757562914606 332357607.33362895 163
1757562915246 87359007361.03046 164
1757562915856 242037241006.44754 165
1757562916475 3713636400.038873 166
1757562917099 2831013608.1290765 167
1757562917761 16935250156.724312 168
1757562918305 64237326781.00486 169
1757562918998 399735792.9904394 170
1757562919580 35370695571.13658 171
1757562920218 53473325197.53866 172
1757562920737 23206279238.103504 173
1757562921428 88655970621.75223 174
1757562954535 2599342625.255384 175
1757562955203 112770191853.77731 176
1757562955895 196940795985.59415 177
1757562956581 105790126427.34604 178
1757562957327 1842367828.084826 179
1757562957989 80646414247.43283 180
1757562958669 12825173022.374779 181
1757562959358 58155581645.83254 182
1757562960046 6982462023.500499 183
1757562960730 16864062079.522684 184
1757562961415 22689198129.89868 185
1757562962101 18752551.937914286 186
1757562962790 48846313823.04471 187
1757562963469 34653771809.95972 188
1757562964158 20692569015.36123 189
1757562964842 169350153227.5857 190
1757562965530 26249215376.69969 191
1757562966227 1965465944.9023986 192
1757562966927 22421158798.823547 193
1757562967626 3674749773.4481597 194
1757562968321 77281601151.78812 195
1757562969013 46344891316.56665 196
1757562969692 27999565736.08793 197
1757562970374 1358472927.9354565 198
1757562971054 261029989422.55878 199
1757562971746 51091730531.65627 200
1757562972440 21702062634.977234 201
1757562973128 2829849211.935448 202
1757562973817 405684954.6090808 203
1757562974512 6510905454.49562 204
1757562975206 6705945030896.735 205
1757562975896 2993322082.922285 206
1757562976596 6104343868.922093 207
1757562977280 11292626637.89974 208
1757562977976 29369785225.800865 209
1757562978618 1261262841.5338418 210
1757562979189 18200754752.404003 211
1757562979865 66953825713.463264 212
1757562980551 6144038693.391783 213
1757562981145 301375930990.81824 214
1757562981760 105326509364.16566 215
1757562982274 172624001543.62137 216
1757562982934 906172199369.4073 217
1757562983528 30433058511.99046 218
1757562984136 32148328830.854435 219
1757562984705 116244057408.39429 220
1757562985397 210790288673.15652 221
1757562985934 71297788293.38168 222
1757562986603 2136473100.905616 223
1757562987352 3429608345.7896843 224
1757562988062 52673208.227931015 225
1757562988741 290693728318.5958 226
1757562989439 100494640.65754297 227
1757562990116 192020594321.7962 228
1757562990770 9797170069.619473 229
1757562991446 87712275613.04532 230
1757562992029 92002532773.6645 231
1757562992656 107426701385.79637 232
1757562993249 270932693839.28284 233
1757562993948 89249582121.04764 234
1757562994567 17345805041.510353 235
1757562995226 270927079536.34232 236
1757562995848 19131861733.925667 237
1757562996536 64830691798.531815 238
1757562997225 2522892413832.8384 239
1757562997924 11003845317.547098 240
1757562998625 16638814815.479618 241
1757562999318 34427887589.98506 242
1757563000008 13463355273.452278 243
1757563000701 130970820172.67882 244
1757563001410 460027783480.13995 245
1757563002094 767399080640.4955 246
1757563002669 58093355784.48663 247
1757563003295 8824336614.428946 248
1757563003897 40974762904.41046 249
1757563004480 5737772.547875523 250
1757563005168 454012984401.3316 251
1757563005863 562499506103.7363 252
1757563006563 9205206529.880676 253
1757563007254 373922931275.5169 254
1757563007961 315833880.20138395 255
1757563008649 57255020045.90647 256
1757563009259 4260950359.0181274 257
1757563009904 73987598130.12048 258
1757563010592 43901241089.6234 259
1757563011285 15659369682.276089 260
1757563011969 154584100705.26443 261
1757563012656 34773719360.0812 262
1757563013344 390576568.03867865 263
1757563014039 54065221137.54011 264
1757563014740 236303430459.6736 265
1757563015437 2510398922.180311 266
1757563016140 47169996610.05421 267
1757563016836 46113262894.42067 268
1757563017534 862705019.6079714 269
1757563018134 995374734.859664 270
1757563018841 2156640311.9222403 271
1757563019438 70890910.52972655 272
1757563020075 257086906376.0041 273
1757563020762 69298566106.05797 274
1757563021366 21213913832.558674 275
1757563021965 13768911969.769884 276
1757563022673 81227167610.09145 277
1757563023367 5649364863.843206 278
1757563024033 2715897496.0967274 279
1757563024704 1628612197.7806854 280
1757563025271 35697056481.85453 281
1757563025877 97622494541.21115 282
1757563026497 14276028771.03613 283
1757563027197 89364333555.15245 284
1757563027906 901295107.3434707 285
1757563028595 148731755209.2888 286
1757563029289 327748276530.0952 287
1757563029994 64144009226.686485 288
1757563030675 39611095008.27432 289
1757563031236 141319561418.89783 290
1757563031903 438105698330.849 291
1757563032586 571156367364.2411 292
1757563033288 2594317650.173198 293
1757563033990 86101589346.38794 294
1757563034697 891346683.0566301 295
1757563035393 21346807.61522455 296
1757563035921 44015589368.70839 297
1757563036616 11961621140.58733 298
1757563037315 11309361961.711628 299
1757563038010 10848442164.811138 300
1757563038709 28522631335.57654 301
1757563039406 736020161441.903 302
1757563039994 75199624041.71515 303
1757563040637 35485299312.717865 304
1757563041197 201818079004.04623 305
1757563041752 864293139.144604 306
1757563042386 81882799153.17146 307
1757563043111 4058985897.821374 308
1757563043824 2870115124.8226347 309
1757563044504 14566173167.844652 310
1757563045117 655068263.8762864 311
1757563045695 19111668435.747547 312
1757563046348 47965314177.60339 313
1757563046979 53976139910.36374 314
1757563047668 64789858832.03153 315
1757563048359 40247345.505309485 316
1757563048969 17342841684.094276 317
1757563049629 17869111598.983387 318
1757563050341 34478351889.293335 319
1757563051043 31158899919.14424 320
1757563051751 979441753.0605829 321
1757563052442 142916044462.95483 322
1757563053053 7137847760.669266 323
1757563053627 1257549347.2905624 324
1757563054161 27871587389.998474 325
1757563054829 77044875952.03821 326
1757563055533 338143005398.8726 327
1757563056209 740415108.467029 328
1757563056868 111294244.53515644 329
1757563057406 259256472840.91464 330
1757563058029 402807028249.7809 331
1757563058630 9986557588.34104 332
1757563059276 427192798001.3864 333
1757563059976 54956320326.03325 334
1757563060547 5852779.773615509 335
1757563061273 781796507649.6008 336
1757563061970 74102229333.65193 337
1757563062678 174460057243.96735 338
1757563063387 2632312302506.139 339
1757563064081 114759435.96149936 340
1757563064773 111869678177.4677 341
1757563065468 13009064247.776968 342
1757563066165 14781089543.938894 343
1757563066859 10007517938.037985 344
1757563067549 33333042362.97102 345
1757563068247 44389430.46150692 346
1757563068944 22762182801.524803 347
1757563069647 470258068801.97906 348
1757563070340 17675136237.12157 349
1757563071043 18686929353.928226 350
1757563071737 22224922471.15279 351
1757563072454 1995755351.3394637 352
1757563073160 63538232439.41446 353
1757563073852 268976387442.14685 354
1757563074547 12427799165.963848 355
1757563075246 9787457228.855734 356
1757563075937 102190491412.82051 357
1757563076630 359181573088.6879 358
1757563077319 2148179683.2611294 359
1757563077895 152262811963.5859 360
1757563078510 74726617937.98573 361
1757563079206 475389621.9155788 362
1757563079803 3064002518.4255047 363
1757563080511 95695392578.27812 364
1757563081187 716798265986.6248 365
1757563081867 21508585338.581818 366
1757563082542 19894442977.913 367
1757563083211 162469016195.73303 368
1757563083912 113233287350.49382 369
1757563084613 16735525656.881744 370
1757563085311 28535146407.020702 371
1757563085997 15807488113.439604 372
1757563086696 66040864.4325425 373
1757563087400 3969144951.126421 374
1757563088114 19087428299.099297 375
1757563088816 264346782651.48224 376
1757563089323 143712626106.9372 377
1757563090017 20884818594.747692 378
1757563090709 3154148927.68232 379
1757563091408 242543640.40690118 380
1757563092088 460008261.7861119 381
1757563092769 474537317037.48694 382
1757563093436 3078938131.894612 383
1757563094084 71374855636.91417 384
1757563094654 15270163381.651552 385
1757563095286 71949159599.87341 386
1757563095820 84811654803.32664 387
1757563096470 26241042415.99467 388
1757563097160 9888108726.672108 389
1757563097852 4161137930.7419934 390
1757563098549 82716721450.58298 391
1757563099254 279462074313.4567 392
1757563099948 315975062018.55023 393
1757563100634 263020226988.45636 394
1757563101327 41660862290.42614 395
1757563102011 6196026714.841065 396
1757563102702 36190099787.66169 397
1757563103411 75955214.0494043 398
1757563104111 146741041023.1254 399
1757563104820 103407658453.67609 400
1757563105512 276207358960.9473 401
1757563106203 3426004306.254097 402
1757563106892 34966745560.31711 403
1757563107586 1077191205409.5446 404
1757563108281 12044115032.141321 405
1757563108986 124969186101.45422 406
1757563109675 78568403537.68326 407
1757563110375 387367667830.76575 408
1757563111054 17756765106368.98 409
1757563111740 29992574100.554512 410
1757563112436 32346267874.764442 411
1757563113132 40931540654.49733 412
1757563113824 140950762817.77545 413
1757563114521 11266248419.592934 414
1757563115230 87289643973.63138 415
1757563115930 427587361370.2554 416
1757563116534 20482447688.209953 417
1757563117145 19608902330.957573 418
1757563117690 17430287296.09906 419
1757563118189 54235217870.417694 420
1757563118849 216139975330.5609 421
1757563119347 336676385364.62994 422
1757563120041 7241698126.603914 423
1757563120735 16728136952.359535 424
1757563121437 59264294240.50688 425
1757563122134 37083258.69168568 426
1757563122831 26115603034.42763 427
1757563123522 15942056475.214825 428
1757563124229 29594723173.237305 429
1757563124924 30583158058.89875 430
1757563125622 6647293400.310808 431
1757563126320 27194793.65945626 432
1757563126999 190335220315.7723 433
1757563127642 47259488582.93567 434
1757563128277 4314387221.616785 435
1757563128957 408422912050.3856 436
1757563129642 61146052847.44822 437
1757563130134 2622009.7922262214 438
1757563130758 19502789292.91693 439
1757563131451 109038856465.29099 440
1757563132122 99250867725.50041 441
1757563132743 5192234721.391063 442
1757563133341 568008657693.8844 443
1757563134042 4897177270.109688 444
1757563134736 411510665959.9604 445
1757563135412 19056983286.89976 446
1757563136117 4597027906.880398 447
1757563136829 55950248726.36072 448
1757563137528 200850061196.2671 449
1757563138222 81877952402.34029 450
1757563138901 37058908514.626724 451
1757563139574 4671222866434.546 452
1757563140245 67162617375.46158 453
1757563140791 270929926422.1339 454
1757563141494 58100419365.76577 455
1757563142188 8627306799953.652 456
1757563142886 57000351354.7129 457
1757563143573 51356421277.45911 458
1757563144257 32778924233.823505 459
1757563144939 100065824894.23965 460
1757563145619 116180063783.37158 461
1757563146316 11377332999.703758 462
1757563147020 376267173316.97015 463
1757563147730 7236884317.611507 464
1757563148449 2543034.8946982855 465
1757563149159 81752665385.67046 466
1757563149868 145094929993.05594 467
1757563150572 2249347303.158612 468
1757563151225 18923133545.36542 469
1757563151903 33707127177.93842 470
1757563152487 221732162.81435183 471
1757563153194 18434929140.16052 472
1757563153788 6503435803.037367 473
1757563154453 39623854216.01378 474
1757563155161 96799229864.4422 475
1757563155859 71104297382.59605 476
1757563156561 55358723487.04937 477
1757563157255 19147166165.850872 478
1757563157965 564023880963.2986 479
1757563158620 38649390540.38929 480
1757563159252 40506986.9493461 481
1757563159925 78801212888.92787 482
1757563160558 500797428179.0225 483
1757563161215 12627209935.317812 484
1757563161878 326035867803.7115 485
1757563162590 385878515.790161 486
1757563163176 264774998507.87915 487
1757563163708 17778768406.788822 488
1757563164238 88389766.34468345 489
1757563164745 96759053591.42989 490
1757563165248 7723540319.053164 491
1757563165747 5987935.208932987 492
1757563166241 275454106.98527384 493
1757563166734 3937788349.728542 494
1757563167241 4972310709753.276 495
1757563167731 38764923048.78217 496
1757563168231 3546499912.2446675 497
1757563168736 43885396.22540697 498
1757563169236 107472648627.39816 499
