1757542642825 426113476569.4249 0
1757542642895 210555845145.7552 1
1757542642976 90646062559.27226 2
1757542643048 103149080889.34673 3
1757542643123 72730357354.08885 4
1757542643192 229690534960.3698 5
1757542643257 193860986085.64127 6
1757542643336 102071005737.70427 7
1757542643414 279698202315.3219 8
1757542643477 715990151589.4003 9
1757542643537 206347134089.68488 10
1757542643607 99602102746.81737 11
1757542643670 162090325380.49097 12
1757542643734 244004060415.97116 13
1757542643807 278523060641.77423 14
1757542643874 178916593870.85638 15
1757542643940 204095785920.7663 16
1757542644008 929093726251.4934 17
1757542644072 248554634763.66898 18
1757542644135 79014439472.59938 19
1757542644206 90800588166.46336 20
1757542644271 540151453229.3488 21
1757542644330 94826435468.92441 22
1757542644404 417673444607.6133 23
1757542644473 100296133383.51257 24
1757542644536 101251979080.91196 25
1757542644607 314096260000.3893 26
1757542644680 324451807588.12866 27
1757542644744 467435613057.87067 28
1757542644809 83763282400.26164 29
1757542644884 316734851002.3437 30
1757542644957 154023609251.2961 31
1757542645033 162342407057.45395 32
1757542645101 330799778237.6142 33
1757542645175 90765298593.64192 34
1757542645256 113587358748.836 35
1757542645328 141554127639.7624 36
1757542645415 785138697012.4597 37
1757542645498 63823266530.77711 38
1757542645564 248177992637.49542 39
1757542645651 154740673058.22284 40
1757542645737 91787057564.1283 41
1757542645830 86691981027.07494 42
1757542645909 81346675061.96385 43
1757542645982 313476135428.80096 44
1757542646053 114390995067.5586 45
1757542646124 128294985870.29854 46
1757542646203 166153515404.89944 47
1757542646274 104453337688.93723 48
1757542646345 97504817351.9986 49
1757542646412 523884446593.5067 50
1757542646478 288065011545.8674 51
1757542646544 125088571870.7894 52
1757542646612 317071270322.03033 53
1757542646679 141690134578.96417 54
1757542646739 50450944792.32149 55
1757542646809 177675730007.2473 56
1757542646874 310097901010.28064 57
1757542646942 236831169554.76822 58
1757542647022 72189832740.88142 59
1757542647093 449959070980.1033 60
1757542647161 743638384670.516 61
1757542647243 180176950609.79443 62
1757542647326 230318737167.32132 63
1757542647426 360492366014.40826 64
1757542647507 509420652572.8527 65
1757542647571 374553749572.59247 66
1757542647635 413831868323.3754 67
1757542647702 145257259367.28848 68
1757542647766 241393286957.31845 69
1757542647830 231382876161.70273 70
1757542647901 122876602907.44667 71
1757542647966 439097817182.14233 72
1757542648032 767486911945.3254 73
1757542648101 604833186754.0214 74
1757542648171 555092894287.8751 75
1757542648235 285470140625.7478 76
1757542648302 140893007018.7815 77
1757542648372 162827708515.87787 78
1757542648436 204005620656.32724 79
1757542648501 215276707519.02264 80
1757542648564 281425177039.22455 81
1757542648632 126521692192.5894 82
1757542648703 133836236402.14346 83
1757542648771 157838142535.151 84
1757542648837 215347980980.79126 85
1757542648899 102334851652.7004 86
1757542648962 79747335383.51305 87
1757542649021 183632248506.84753 88
1757542649087 77498631572.8841 89
1757542649152 292121250423.9115 90
1757542649217 206881096696.7455 91
1757542649288 394212362303.2127 92
1757542649352 249751557205.1492 93
1757542649420 768962182873.6082 94
1757542649488 119283243640.57828 95
1757542649560 120618976183.87447 96
1757542649636 97930145084.91107 97
1757542649727 145427172535.9129 98
1757542649812 102932293945.0413 99
1757542649877 133986731051.79378 100
1757542649943 538651925166.8648 101
1757542650008 101847058922.6772 102
1757542650079 224037041711.648 103
1757542650148 94729885897.74635 104
1757542650216 341562676334.42456 105
1757542650284 171382095694.3333 106
1757542650356 190737876801.25305 107
1757542650443 294104417469.2289 108
1757542650510 258716605752.89706 109
1757542650577 122801670952.96657 110
1757542650642 113906018196.72841 111
1757542650707 114937649435.18895 112
1757542650774 270293331195.76724 113
1757542650838 298132943051.36084 114
1757542650910 298644548083.91876 115
1757542650975 296891099328.0909 116
1757542651037 275003189003.2817 117
1757542651102 173641548059.7235 118
1757542651171 308542275223.6457 119
1757542651236 169134616192.12717 120
1757542651304 364449049215.648 121
1757542651372 239272105642.86047 122
1757542651448 871671177143.1759 123
1757542651516 1076859158944.5448 124
1757542651584 121903513996.23474 125
1757542651654 189238502656.13852 126
1757542651720 189804431545.80804 127
1757542651790 526004859130.45544 128
1757542651853 100823916204.09744 129
1757542651921 257567149473.23218 130
1757542651988 375312851748.67365 131
1757542652054 47006021670.782845 132
1757542652114 213142519143.725 133
1757542652180 1341490736573.1345 134
1757542652250 287798727871.2676 135
1757542652318 127614881608.7571 136
1757542652383 226545814911.38263 137
1757542652452 324242212510.30255 138
1757542652519 92350932861.92468 139
1757542652588 74460490605.68086 140
1757542652654 309846573575.5824 141
1757542652722 327212004810.8819 142
1757542652783 338051691346.8798 143
1757542652854 91522173728.12439 144
1757542652921 116819075734.45764 145
1757542653001 350173717346.13934 146
1757542653076 89140639389.41335 147
1757542653144 132696784300.55252 148
1757542653211 386146041099.26495 149
1757542653280 125032159006.92354 150
1757542653350 168833884454.74228 151
1757542653410 487331911494.0783 152
1757542653480 443722022250.933 153
1757542653542 429603675156.098 154
1757542653608 254648267071.97537 155
1757542653674 327851059386.6232 156
1757542653747 172853639820.4505 157
1757542653816 157285367395.76337 158
1757542653881 328320836242.4342 159
1757542653952 126074298695.8744 160
1757542654021 213430461850.40125 161
1757542654091 111756524520.23024 162
1757542654159 79397062008.54033 163
1757542654228 279973503904.0189 164
1757542654300 205846234636.3398 165
1757542654365 83962821177.49883 166
1757542654431 262280443064.56442 167
1757542654503 86517757197.96918 168
1757542654569 104847611606.2241 169
1757542654634 507642217137.33984 170
1757542654701 103996872256.61615 171
1757542654771 145789163208.72128 172
1757542654837 261211763576.99152 173
1757542654905 69954183586.6812 174
1757542654968 204791602186.78616 175
1757542655040 241758990678.08173 176
1757542655111 106127847922.82852 177
1757542655176 135267753160.81346 178
1757542655240 499041068047.89307 179
1757542655308 373728699119.2018 180
1757542655377 99139183558.33891 181
1757542655442 345023312887.2105 182
1757542655511 87217916171.27864 183
1757542655589 192412735168.50412 184
1757542655654 151611919507.06622 185
1757542655722 284531389647.5585 186
1757542655791 139115462754.6745 187
1757542655866 422365791242.86835 188
1757542655938 319835935037.4557 189
1757542656000 174741111480.96753 190
1757542656067 118552340152.8918 191
1757542656134 183501165621.95023 192
1757542656202 372695700119.7155 193
1757542656277 96465671973.97441 194
1757542656350 584529431259.5989 195
1757542656417 78372612121.55974 196
1757542656486 97278310207.97902 197
1757542656554 244039661422.00607 198
1757542656625 366677360307.57306 199
1757542656692 276524965496.1985 200
1757542656758 454835844780.599 201
1757542656828 298970004182.9459 202
1757542656898 173822305531.21698 203
1757542656962 68355362769.9159 204
1757542657028 119015051764.4175 205
1757542657101 284120615060.36584 206
1757542657168 252911447298.49142 207
1757542657238 467170934842.77966 208
1757542657310 407461595215.41125 209
1757542657381 139691111574.62292 210
1757542657446 281195258863.6179 211
1757542657517 331441477675.6476 212
1757542657586 379665173619.20294 213
1757542657650 407707364173.15155 214
1757542657719 517864966986.28845 215
1757542657784 240119385959.09058 216
1757542657855 450603637240.0703 217
1757542657933 91962270866.74207 218
1757542657998 454553033437.6523 219
1757542658071 251405117770.2759 220
1757542658142 202250773008.43045 221
1757542658211 124549102078.55365 222
1757542658279 161091861056.64624 223
1757542658356 409964085046.7975 224
1757542658424 310355754038.5699 225
1757542658493 94222642974.62964 226
1757542658555 135111870221.45296 227
1757542658620 349545711451.51196 228
1757542658689 161739234819.9033 229
1757542658753 74807388289.37642 230
1757542658822 74577212436.72153 231
1757542658889 63850002558.103905 232
1757542658962 250188385866.51257 233
1757542659030 142433393160.8675 234
1757542659099 243841212601.64908 235
1757542659170 74730949837.8713 236
1757542659252 115072732491.88461 237
1757542659322 36359084300.234436 238
1757542659395 82602617426.35591 239
1757542659461 173986955102.6784 240
1757542659532 919590780015.1182 241
1757542659600 107863921324.27158 242
1757542659668 121637192858.2282 243
1757542659734 500613215047.3986 244
1757542659805 440180144935.23376 245
1757542659880 181603823893.43045 246
1757542659948 419568088833.18713 247
1757542660026 152699916804.83472 248
1757542660095 96904926857.55798 249
1757542660159 339364996668.5656 250
1757542660225 294242160138.7648 251
1757542660293 281173719037.8495 252
1757542660376 977784327019.4944 253
1757542660456 295836727247.5914 254
1757542660527 445107023182.27545 255
1757542660595 352417341264.07794 256
1757542660664 310701623311.41315 257
1757542660732 443078768847.199 258
1757542660797 552597251244.2445 259
1757542660868 236165521351.11807 260
1757542660936 62680033686.12904 261
1757542661007 286364611241.1788 262
1757542661073 159114931878.61655 263
1757542661151 269382457394.28125 264
1757542661217 329453616075.95355 265
1757542661290 293211984958.4943 266
1757542661361 148878996443.3018 267
1757542661427 135122111751.5381 268
1757542661495 49879749425.56448 269
1757542661562 69600293940.98045 270
1757542661630 113598252803.10632 271
1757542661701 73063687253.11221 272
1757542661770 63486090424.29864 273
1757542661835 525939607507.8767 274
1757542661902 122865311828.78165 275
1757542661977 129820231132.53482 276
1757542662046 268968285295.61142 277
1757542662119 257124651985.5545 278
1757542662189 87242081548.04045 279
1757542662267 313986727280.39014 280
1757542662339 194421393247.6468 281
1757542662414 294813673706.93195 282
1757542662488 213517979084.76898 283
1757542662558 342657031938.2935 284
1757542662626 341260102539.1147 285
1757542662698 55644464205.72108 286
1757542662805 90870673716.04295 287
1757542662876 288662380411.3052 288
1757542662953 432416763912.2596 289
1757542663044 199795244291.52042 290
1757542663114 201916468431.69998 291
1757542663191 495818520995.25323 292
1757542663261 357837065580.92236 293
1757542663334 465059565153.9138 294
1757542663404 335594144543.4785 295
1757542663469 54395431098.83791 296
1757542663539 62388866376.20646 297
1757542663612 106135275328.33568 298
1757542663685 391738761549.1281 299
1757542663756 327922649062.79065 300
