1757543806802 1053298536582.9983 0
1757543806857 1050543359176.1624 1
1757543806916 1046437794640.933 2
1757543806974 1041690058630.78 3
1757543807032 1036653219332.7651 4
1757543807090 1031501376583.9852 5
1757543807148 1026319220230.1143 6
1757543807214 1021147131711.6045 7
1757543807274 1016003741452.6614 8
1757543807329 1010897140237.0698 9
1757543807396 1005830411840.5385 10
1757543807450 1000804337401.582 11
1757543807503 995818698846.857 12
1757543807564 990872893281.3353 13
1757543807622 985966211939.8281 14
1757543807680 981097958392.4647 15
1757543807742 976267491661.7672 16
1757543807799 971474235777.6449 17
1757543807857 966717675544.571 18
1757543807915 961997347662.2867 19
1757543807983 957312831209.9292 20
1757543808058 952663739077.3895 21
1757543808114 948049710819.7382 22
1757543808170 943470406935.4768 23
1757543808231 938925504391.0669 24
1757543808290 934414693169.483 25
1757543808347 929937673631.5363 26
1757543808408 925494154509.2148 27
1757543808465 921083851384.3304 28
1757543808523 916706485536.8257 29
1757543808581 912361783073.2286 30
1757543808640 908049474266.6943 31
1757543808699 903769293056.5167 32
1757543808754 899520976667.6631 33
1757543808814 895304265320.5627 34
1757543808872 891118902008.7339 35
1757543808931 886964632327.3876 36
1757543808986 882841204340.3384 37
1757543809046 878748368475.7013 38
1757543809106 874685877443.2352 39
1757543809167 870653486167.9647 40
1757543809229 866650951736.0573 41
1757543809288 862678033349.9318 42
1757543809347 858734492290.3353 43
1757543809406 854820091883.6824 44
1757543809464 850934597473.3815 45
1757543809523 847077776394.191 46
1757543809582 843249397948.883 47
1757543809639 839449233386.6761 48
1757543809698 835677055883.0304 49
1757543809756 831932640520.5006 50
1757543809808 828215764270.4183 51
1757543809864 824526205975.2303 52
1757543809918 820863746331.3639 53
1757543809977 817228167872.5209 54
1757543810038 813619254953.3289 55
1757543810107 810036793733.2913 56
1757543810168 806480572160.996 57
1757543810226 802950379958.551 58
1757543810285 799446008606.2213 59
1757543810344 795967251327.2499 60
1757543810404 792513903072.8488 61
1757543810461 789085760507.3478 62
1757543810520 785682621993.4949 63
1757543810580 782304287577.8981 64
1757543810637 778950558976.607 65
1757543810704 775621239560.8286 66
1757543810761 772316134342.7726 67
1757543810818 769035049961.6252 68
1757543810880 765777794669.6471 69
1757543810938 762544178318.3972 70
1757543810996 759334012345.074 71
1757543811055 756147109758.9805 72
1757543811112 752983285128.1046 73
1757543811176 749842354565.819 74
1757543811240 746724135717.6934 75
1757543811320 743628447748.4248 76
1757543811380 740555111328.8795 77
1757543811438 737503948623.2463 78
1757543811497 734474783276.3038 79
1757543811553 731467440400.7944 80
1757543811619 728481746564.9106 81
1757543811684 725517529779.8871 82
1757543811747 722574619487.7018 83
1757543811807 719652846548.8826 84
1757543811863 716752043230.4177 85
1757543811920 713872043193.7747 86
1757543811978 711012681483.0172 87
1757543812040 708173794513.0299 88
1757543812100 705355220057.8401 89
1757543812163 702556797239.0448 90
1757543812223 699778366514.3337 91
1757543812278 697019769666.1134 92
1757543812337 694280849790.2297 93
1757543812399 691561451284.7856 94
1757543812456 688861419839.0581 95
1757543812516 686180602422.5085 96
1757543812575 683518847273.8889 97
1757543812639 680876003890.4424 98
1757543812695 678251923017.1948 99
1757543812758 675646456636.3423 100
1757543812817 673059457956.7257 101
1757543812880 670490781403.4011 102
1757543812935 667940282607.2947 103
1757543812998 665407818394.9518 104
1757543813055 662893246778.3702 105
1757543813118 660396426944.9247 106
1757543813175 657917219247.3755 107
1757543813235 655455485193.9642 108
1757543813295 653011087438.5957 109
1757543813351 650583889771.1033 110
1757543813405 648173757107.598 111
1757543813468 645780555480.9022 112
1757543813527 643404152031.0643 113
1757543813604 641044414995.9559 114
1757543813662 638701213701.9496 115
1757543813720 636374418554.6771 116
1757543813777 634063901029.8679 117
1757543813848 631769533664.2649 118
1757543813923 629491190046.6199 119
1757543813981 627228744808.767 120
1757543814042 624982073616.7701 121
1757543814100 622751053162.1511 122
1757543814162 620535561153.1887 123
1757543814229 618335476306.296 124
1757543814290 616150678337.4703 125
1757543814348 613981047953.8171 126
1757543814407 611826466845.1476 127
1757543814464 609686817675.6467 128
1757543814521 607561984075.6147 129
1757543814584 605451850633.2798 130
1757543814647 603356302886.6799 131
1757543814708 601275227315.6149 132
1757543814767 599208511333.6687 133
1757543814828 597156043280.2992 134
1757543814886 595117712412.9967 135
1757543814944 593093408899.5095 136
1757543815006 591083023810.1366 137
1757543815064 589086449110.0865 138
1757543815123 587103577651.9025 139
1757543815182 585134303167.9512 140
1757543815243 583178520262.9781 141
1757543815310 581236124406.7253 142
1757543815372 579307011926.6138 143
1757543815430 577391080000.4877 144
1757543815497 575488226649.422 145
1757543815557 573598350730.5913 146
1757543815618 571721351930.2 147
1757543815681 569857130756.4734 148
1757543815738 568005588532.7095 149
1757543815799 566166627390.3889 150
1757543815853 564340150262.3462 151
1757543815915 562526060875.9982 152
1757543815974 560724263746.6309 153
1757543816032 558934664170.7451 154
1757543816095 557157168219.4573 155
1757543816158 555391682731.9586 156
1757543816215 553638115309.0299 157
1757543816277 551896374306.612 158
1757543816344 550166368829.4315 159
1757543816402 548448008724.6808 160
1757543816461 546741204575.7534 161
1757543816532 545045867696.03217 162
1757543816592 543361910122.7308 163
1757543816653 541689244610.78925 164
1757543816715 540027784626.82007 165
1757543816771 538377444343.10803 166
1757543816835 536738138631.66046 167
1757543816893 535109783058.30853 168
1757543816954 533492293876.8603 169
1757543817011 531885588023.30225 170
1757543817070 530289583110.0518 171
1757543817130 528704197420.25916 172
1757543817184 527129349902.15686 173
1757543817245 525564960163.45905 174
1757543817304 524010948465.8086 175
1757543817365 522467235719.2707 176
1757543817420 520933743476.87573 177
1757543817484 519410393929.20654 178
1757543817542 517897109899.03424 179
1757543817600 516393814835.99866 180
1757543817660 514900432811.3349 181
1757543817718 513416888512.64484 182
1757543817780 511943107238.71423 183
1757543817839 510479014894.3729 184
1757543817898 509024537985.4002 185
1757543817959 507579603613.47345 186
1757543818018 506144139471.1597 187
1757543818084 504718073836.95087 188
1757543818144 503301335570.3408 189
1757543818208 501893854106.945 190
1757543818274 500495559453.66187 191
1757543818331 499106382183.8752 192
1757543818402 497726253432.6985 193
1757543818465 496355104892.2591 194
1757543818521 494992868807.0235 195
1757543818589 493639477969.16205 196
1757543818654 492294865713.9536 197
1757543818717 490958965915.2297 198
1757543818776 489631712980.85706 199
1757543818840 488313041848.26 200
1757543818900 487002887979.9795 201
1757543818960 485701187359.27216 202
1757543819021 484407876485.7447 203
1757543819084 483122892371.0274 204
1757543819144 481846172534.4847 205
1757543819202 480577654998.9605 206
1757543819261 479317278286.56256 207
1757543819324 478064981414.4805 208
1757543819388 476820703890.8415 209
1757543819462 475584385710.59985 210
1757543819525 474355967351.46313 211
1757543819584 473135389769.8517 212
1757543819640 471922594396.894 213
1757543819712 470717523134.45544 214
1757543819774 469520118351.2012 215
1757543819834 468330322878.693 216
1757543819898 467148080007.51917 217
1757543819952 465973333483.4573 218
1757543820020 464806027503.67017 219
1757543820083 463646106712.9342 220
1757543820146 462493516199.89984 221
1757543820209 461348201493.38385 222
1757543820268 460210108558.69366 223
1757543820331 459079183793.9829 224
1757543820395 457955374026.6372 225
1757543820455 456838626509.6929 226
1757543820527 455728888918.2842 227
1757543820587 454626109346.12146 228
1757543820650 453530236302.0004 229
1757543820718 452441218706.3391 230
1757543820777 451359005887.7469 231
1757543820840 450283547579.6204 232
1757543820906 449214793916.77026 233
1757543820966 448152695432.07574 234
1757543821030 447097203053.16754 235
1757543821085 446048268099.14056 236
1757543821148 445005842277.2922 237
1757543821206 443969877679.8909 238
1757543821285 442940326780.97095 239
1757543821355 441917142433.1542 240
1757543821419 440900277864.50006 241
1757543821479 439889686675.3819 242
1757543821538 438885322835.38916 243
1757543821599 437887140680.2577 244
1757543821661 436895094908.82434 245
1757543821723 435909140580.0088 246
1757543821782 434929233109.8202 247
1757543821847 433955328268.39044 248
1757543821908 432987382177.0313 249
1757543821972 432025351305.3177 250
1757543822030 431069192468.19543 251
1757543822093 430118862823.11334 252
1757543822156 429174319867.1802 253
1757543822212 428235521434.3457 254
1757543822275 427302425692.60547 255
1757543822340 426374991141.2294 256
1757543822402 425453176608.0145 257
1757543822464 424536941246.5602 258
1757543822527 423626244533.56744 259
1757543822606 422721046266.16016 260
1757543822668 421821306559.2304 261
1757543822732 420926985842.805 262
1757543822794 420038044859.4354 263
1757543822853 419154444661.6097 264
1757543822916 418276146609.1855 265
1757543822979 417403112366.8465 266
1757543823041 416535303901.57916 267
1757543823104 415672683480.1713 268
1757543823167 414815213666.73224 269
1757543823230 413962857320.23346 270
1757543823294 413115577592.0705 271
1757543823351 412273337923.6456 272
1757543823411 411436102043.971 273
1757543823470 410603833967.2916 274
1757543823532 409776497990.72943 275
1757543823595 408954058691.9466 276
1757543823654 408136480926.8288 277
1757543823719 407323729827.189 278
1757543823787 406515770798.48926 279
1757543823857 405712569517.58295 280
1757543823929 404914091930.47595 281
1757543823993 404120304250.1063 282
1757543824052 403331172954.14343 283
1757543824120 402546664782.8054 284
1757543824183 401766746736.69543 285
1757543824248 400991386074.6555 286
1757543824315 400220550311.6398 287
1757543824380 399454207216.60455 288
1757543824442 398692324810.4171 289
1757543824504 397934871363.78174 290
1757543824573 397181815395.18353 291
1757543824639 396433125668.8496 292
1757543824708 395688771192.72766 293
1757543824774 394948721216.48126 294
1757543824837 394212945229.5027 295
1757543824902 393481412958.9421 296
1757543824965 392754094367.7538 297
1757543825033 392030959652.7587 298
1757543825099 391311979242.7233 299
1757543825157 390597123796.4549 300
1757543825219 389886364200.91296 301
1757543825280 389179671569.33673 302
1757543825349 388477017239.3881 303
1757543825411 387778372771.3105 304
1757543825480 387083709946.10345 305
1757543825547 386393000763.7124 306
1757543825632 385706217441.23425 307
1757543825700 385023332411.13696 308
1757543825772 384344318319.49567 309
1757543825835 383669148024.24255 310
1757543825895 382997794593.4322 311
1757543825958 382330231303.52124 312
1757543826025 381666431637.6624 313
1757543826092 381006369284.01404 314
1757543826156 380350018134.06165 315
1757543826214 379697352280.95636 316
1757543826278 379048346017.8652 317
1757543826347 378402973836.337 318
1757543826411 377761210424.6802 319
1757543826476 377123030666.3564 320
1757543826537 376488409638.38586 321
1757543826603 375857322609.76746 322
1757543826664 375229745039.91113 323
1757543826727 374605652577.0843 324
1757543826790 373985021056.8709 325
1757543826855 373367826500.64386 326
1757543826925 372754045114.0499 327
1757543826988 372143653285.5074 328
1757543827046 371536627584.7169 329
1757543827121 370932944761.18414 330
1757543827184 370332581742.75574 331
1757543827248 369735515634.16675 332
1757543827310 369141723715.6009 333
1757543827375 368551183441.26245 334
1757543827433 367963872437.961 335
1757543827500 367379768503.7067 336
1757543827564 366798849606.3193 337
1757543827628 366221093882.0466 338
1757543827690 365646479634.1965 339
1757543827753 365074985331.7796 340
1757543827813 364506589608.1634 341
1757543827877 363941271259.7374 342
1757543827939 363379009244.5903 343
1757543828003 362819782681.19775 344
1757543828066 362263570847.121 345
1757543828127 361710353177.7169 346
1757543828192 361160109264.85846 347
1757543828256 360612818855.6663 348
1757543828320 360068461851.25055 349
1757543828386 359527018305.46375 350
1757543828449 358988468423.6636 351
1757543828517 358452792561.4866 352
1757543828581 357919971223.6317 353
1757543828657 357389985062.65485 354
1757543828723 356862814877.7719 355
1757543828793 356338441613.6738 356
1757543828857 355816846359.3505 357
1757543828929 355298010346.9242 358
1757543828994 354781914950.494 359
1757543829058 354268541684.9884 360
1757543829121 353757872205.02936 361
1757543829183 353249888303.8036 362
1757543829249 352744571911.9457 363
1757543829316 352241905096.4287 364
1757543829380 351741870059.46545 365
1757543829443 351244449137.41736 366
1757543829507 350749624799.7151 367
1757543829572 350257379647.7844 368
1757543829635 349767696413.98553 369
1757543829702 349280557960.5569 370
1757543829770 348795947278.57117 371
1757543829837 348313847486.8986 372
1757543829899 347834241831.1787 373
1757543829977 347357113682.8013 374
1757543830046 346882446537.89557 375
1757543830120 346410224016.3279 376
1757543830204 345940429860.7081 377
1757543830280 345473047935.4037 378
1757543830351 345008062225.56213 379
1757543830426 344545456836.1421 380
1757543830495 344085215990.95233 381
1757543830570 343627324031.69836 382
1757543830658 343171765417.0372 383
1757543830741 342718524721.6408 384
1757543830821 342267586635.2657 385
1757543830904 341818935961.8321 386
1757543830992 341372557618.5095 387
1757543831074 340928436634.8106 388
1757543831146 340486558151.69196 389
1757543831224 340046907420.66345 390
1757543831307 339609469802.9039 391
1757543831387 339174230768.3847 392
1757543831455 338741175895.0007 393
1757543831532 338310290867.70795 394
1757543831603 337881561477.6693 395
1757543831672 337454973621.40656 396
1757543831735 337030513299.95984 397
1757543831807 336608166618.0539 398
1757543831872 336187919783.272 399
1757543831949 335769759105.235 400
1757543832012 335353670994.78986 401
1757543832101 334939641963.2021 402
1757543832167 334527658621.3572 403
1757543832238 334117707678.9671 404
1757543832313 333709775943.78455 405
1757543832381 333303850320.823 406
1757543832454 332899917811.5833 407
1757543832525 332497965513.2871 408
1757543832593 332097980618.1164 409
1757543832677 331699950412.4591 410
1757543832751 331303862276.1615 411
1757543832832 330909703681.7863 412
1757543832896 330517462193.8777 413
1757543832965 330127125468.2307 414
1757543833032 329738681251.1694 415
1757543833108 329352117378.8285 416
1757543833181 328967421776.442 417
1757543833247 328584582457.6382 418
1757543833319 328203587523.73956 419
1757543833382 327824425163.06915 420
1757543833454 327447083650.262 421
1757543833523 327071551345.58344 422
1757543833589 326697816694.25183 423
1757543833660 326325868225.7672 424
1757543833730 325955694553.2464 425
1757543833797 325587284372.76227 426
1757543833884 325220626462.6894 427
1757543833963 324855709683.0547 428
1757543834038 324492522974.89343 429
1757543834116 324131055359.6112 430
1757543834197 323771295938.3502 431
1757543834273 323413233891.36145 432
1757543834342 323056858477.3816 433
1757543834411 322702159033.01587 434
1757543834488 322349124972.12494 435
1757543834559 321997745785.2177 436
1757543834632 321648011038.8483 437
1757543834699 321299910375.0194 438
1757543834774 320953433510.58905 439
1757543834842 320608570236.6827 440
1757543834908 320265310418.111 441
1757543834984 319923643992.7914 442
1757543835058 319583560971.17456 443
1757543835134 319245051435.6766 444
1757543835216 318908105540.1142 445
1757543835297 318572713509.146 446
1757543835379 318238865637.71783 447
1757543835457 317906552290.5127 448
1757543835534 317575763901.4052 449
1757543835609 317246490972.9202 450
1757543835680 316918724075.6967 451
1757543835757 316592453847.95544 452
1757543835836 316267670994.9708 453
1757543835910 315944366288.548 454
1757543835974 315622530566.50305 455
1757543836041 315302154732.14905 456
1757543836102 314983229753.7841 457
1757543836168 314665746664.1859 458
1757543836238 314349696560.10913 459
1757543836301 314035070601.78705 460
1757543836374 313721860012.4376 461
1757543836440 313410056077.7734 462
1757543836508 313099650145.5153 463
1757543836577 312790633624.91125 464
1757543836642 312482997986.2572 465
1757543836712 312176734760.4235 466
1757543836774 311871835538.38434 467
1757543836843 311568291970.7517 468
1757543836911 311266095767.31244 469
1757543836978 310965238696.5695 470
1757543837046 310665712585.2869 471
1757543837105 310367509318.03827 472
1757543837168 310070620836.75946 473
1757543837246 309775039140.3045 474
1757543837318 309480756284.00494 475
1757543837385 309187764379.2335 476
1757543837452 308896055592.97064 477
1757543837521 308605622147.375 478
1757543837587 308316456319.3572 479
1757543837651 308028550440.1573 480
1757543837716 307741896894.92554 481
1757543837784 307456488122.3066 482
1757543837856 307172316614.0271 483
1757543837922 306889374914.4868 484
1757543837987 306607655620.3526 485
1757543838050 306327151380.15643 486
1757543838117 306047854893.8961 487
1757543838185 305769758912.6394 488
1757543838252 305492856238.1315 489
1757543838316 305217139722.4056 490
1757543838396 304942602267.3963 491
1757543838461 304669236824.5574 492
1757543838527 304397036394.4808 493
1757543838594 304125994026.5203 494
1757543838663 303856102818.4178 495
1757543838728 303587355915.932 496
1757543838799 303319746512.47125 497
1757543838872 303053267848.728 498
1757543838935 302787913212.31805 499
