1757533282955 56212677049.63261 0
1757533283457 61967267563989.83 1
1757533283973 36471363680860.016 2
1757533284451 2.214871855160904e+16 3
1757533284928 1.1951264829338021e+17 4
1757533285417 6.318671858400849e+20 5
1757533285896 1.6003629348999226e+23 6
1757533286367 9.06542076849046e+24 7
1757533286866 4.5321421961160556e+27 8
1757533287359 4.893600786217773e+30 9
1757533287843 7.147427012936123e+29 10
1757533288331 7.745206020954683e+32 11
1757533288788 5.274195086264637e+34 12
1757533289267 7.121357215213485e+35 13
1757533289728 1.7221024625751442e+37 14
1757533290212 1.9232571324655846e+41 15
1757533290702 2.0522884430136055e+42 16
1757533291172 1.3742608597899557e+47 17
1757533291676 6.834651562171277e+49 18
1757533292168 3.1815438286592477e+50 19
1757533292645 2.992985089233247e+51 20
1757533293152 1.822183356890913e+51 21
1757533293638 2.625942109441627e+55 22
1757533294118 8.899680373264742e+55 23
1757533294606 3.4472950896739674e+59 24
1757533295097 1.5853044600274842e+60 25
1757533295588 1.8431858735181215e+63 26
1757533296073 5.655737229826563e+63 27
1757533296549 1.0827963729712199e+66 28
1757533297024 3.390820114779197e+66 29
1757533297525 4.572601854052376e+71 30
1757533298012 7.18293772841964e+68 31
1757533298506 1.8223269899282157e+71 32
1757533298977 3.276924005507837e+76 33
1757533299449 1.6902531198256695e+79 34
1757533299915 5.227440433355068e+80 35
1757533300386 1.2089389211262072e+82 36
1757533300861 6.442020453536498e+82 37
1757533301350 4.5291321927816493e+80 38
1757533301829 4.419120259219782e+83 39
1757533302288 2.314606231414886e+85 40
1757533302748 1.257550189956939e+88 41
1757533303238 1.836220181967876e+85 42
1757533303712 3.5290391397390984e+87 43
1757533304202 1.9501720700342522e+90 44
1757533304696 1.9983510684463892e+92 45
1757533305184 1.6900632838507385e+94 46
1757533305656 5.326810089419313e+94 47
1757533306132 1.8719749787845205e+93 48
1757533306611 1.6363941424588496e+96 49
1757533307097 1.651109620462514e+96 50
1757533307571 9.08681939192649e+102 51
1757533308062 1.4722681149101863e+102 52
1757533308529 3.260962380713284e+105 53
1757533309012 8.84081598270744e+106 54
1757533309489 1.1026148846346746e+109 55
1757533309970 2.8823467336183998e+109 56
1757533310448 5.2307356662857805e+112 57
1757533310937 2.1377536874358534e+111 58
1757533311402 1.0932913889101478e+113 59
1757533311893 5.207692053545526e+111 60
1757533312365 3.886103669802025e+112 61
1757533312832 4.012234881410172e+114 62
1757533313323 3.3822788437813286e+114 63
1757533313838 9.206107976352131e+113 64
1757533314334 1.913558804068574e+116 65
1757533314818 5.513054970421421e+119 66
1757533315331 2.2501737730269877e+121 67
1757533315835 2.637670443875106e+120 68
1757533316325 3.0459538381995827e+127 69
1757533316783 3.225297732952079e+129 70
1757533317277 6.847450285086814e+130 71
1757533317765 2.9177337859797804e+131 72
1757533318256 8.081399477003842e+134 73
1757533318747 1.700829648091487e+136 74
1757533319254 9.444355175295278e+138 75
1757533319784 6.739565172474291e+138 76
1757533320247 4.820877297951918e+142 77
1757533320733 5.072477654188107e+145 78
1757533321210 4.963090964984089e+144 79
1757533321685 3.1491378122576466e+145 80
1757533322155 2.064907301182062e+148 81
1757533322621 1.5493422903119173e+148 82
1757533323129 7.233249811974783e+151 83
1757533323611 3.222956278250068e+150 84
1757533324097 5.2121156461799345e+154 85
1757533324588 4.5044946282707014e+157 86
1757533325067 2.4571133442203616e+159 87
1757533325528 2.3135199782269577e+164 88
1757533326022 1.1277242404864945e+164 89
1757533326500 7.977841901512113e+165 90
1757533326975 1.534676868854392e+168 91
1757533327464 1.8345105202673432e+171 92
1757533327940 8.920530245681192e+170 93
1757533328487 2.2793188232737717e+169 94
1757533328977 1.7173069423225954e+173 95
1757533329475 2.027246612808537e+174 96
1757533329952 1.5952222974078427e+176 97
1757533330443 4.532446546785995e+178 98
1757533330911 6.184419152743256e+179 99
1757533331375 6.102800774631833e+182 100
1757533331855 4.603736668462333e+183 101
1757533332339 2.3334257582377133e+185 102
1757533332809 8.931560424270498e+186 103
1757533333305 1.2230646804985889e+188 104
1757533333791 1.8969458956001027e+192 105
1757533334276 8.864396794063249e+193 106
1757533334740 8.436427242041296e+191 107
1757533335212 2.531872726593932e+195 108
1757533335707 5.7458613819513826e+197 109
1757533336179 8.745674772869621e+198 110
1757533336647 1.7266698510458171e+202 111
1757533337121 4.8587734582546886e+203 112
1757533337600 8.970548449840908e+206 113
1757533338093 5.509804843019425e+206 114
1757533338594 1.2636005498512808e+207 115
1757533339114 1.9347159723674615e+212 116
1757533339616 2.388498067877239e+211 117
1757533340115 3.597377100785617e+215 118
1757533340584 2.5133043765775322e+216 119
1757533341057 2.874445162123582e+218 120
1757533341532 7.564653618064384e+219 121
1757533342002 4.4894649595216854e+215 122
1757533342498 2.8006769279838145e+222 123
1757533343006 1.3378068106473832e+222 124
1757533343504 3.7035387363129785e+228 125
1757533343976 4.540773324650364e+230 126
1757533344447 1.7304446068487746e+234 127
1757533344912 5.218378451582632e+235 128
1757533345388 1.1215550879336255e+237 129
1757533345861 1.2051736053241268e+240 130
1757533346341 1.1903067621743612e+242 131
1757533346819 1.5084754794651737e+241 132
1757533347289 8.5519955137836e+242 133
1757533347753 3.900960181695217e+244 134
1757533348223 1.415928640642171e+246 135
1757533348697 7.593043074352467e+247 136
1757533349191 1.1921057798733825e+249 137
1757533349666 8.147003657510567e+251 138
1757533350154 1.3233637878444727e+252 139
1757533350634 2.127278811677631e+255 140
1757533351126 1.6551922855843403e+254 141
1757533351615 3.81337338782422e+256 142
1757533352108 4.236449854685185e+257 143
1757533352594 9.807580624994963e+258 144
1757533353089 1.3330909394060801e+258 145
1757533353565 6.9259316609450164e+261 146
1757533354051 1.3128795785030342e+264 147
1757533354546 5.030155445311358e+266 148
1757533355035 6.372924366305545e+268 149
1757533355550 6.1239749676168e+267 150
1757533356050 1.3437949695707449e+271 151
1757533356535 2.959320991687184e+274 152
1757533357014 1.89157038211832e+275 153
1757533357503 1.289675560385863e+278 154
1757533357982 2.6396550581158864e+277 155
1757533358449 2.710479346197692e+279 156
1757533358917 6.717157905911407e+281 157
1757533359404 4.938080371516021e+284 158
1757533359904 6.063826044216606e+280 159
1757533360380 3.699859015621937e+287 160
1757533360865 4.340678107101039e+286 161
1757533361349 4.048843173282088e+289 162
1757533361820 1.7465253133693985e+289 163
1757533362306 1.501372858108214e+289 164
1757533362817 2.425645585910966e+293 165
1757533363327 1.6295784484935837e+295 166
1757533363788 7.084342801659331e+296 167
1757533364271 2.4306598924568915e+297 168
1757533364767 3.1155807003485853e+300 169
1757533365253 4.61804238006824e+301 170
1757533365756 5.001642813327162e+304 171
1757533366249 2.018461608149017e+304 172
