1757553768089 17729312869.965546 0
1757553768591 9320840802.802654 1
1757553769083 11759580616.792904 2
1757553769578 21329074167.32276 3
1757553770072 12903467241.36747 4
1757553770549 250328850812.21198 5
1757553771037 1791872371.0456882 6
1757553771515 13483076473.633272 7
1757553771998 7735408107.605987 8
1757553772481 742264629.0678328 9
1757553772986 216300695.3745581 10
1757553773474 76711184843.59367 11
1757553773975 8906364629.756014 12
1757553774456 203140438215.02237 13
1757553774953 84290977998.07101 14
1757553775527 571390265444.6245 15
1757553776014 156506154309.51462 16
1757553776509 148752120491.88864 17
1757553777009 120465776205.76924 18
1757553777501 26625570915.196945 19
1757553777996 118099075755.20363 20
1757553778501 11205102551.028736 21
1757553778979 71116880750.25642 22
1757553779459 162804851967.46356 23
1757553779938 27486058708.544445 24
1757553780412 35817674623.88595 25
1757553780885 13452500804.511852 26
1757553781361 322067778.63591456 27
1757553781865 23707055107.38553 28
1757553782344 28422657842.514175 29
1757553782840 546011268638.0758 30
1757553783319 16604650272.070063 31
1757553783799 54848624347.1278 32
1757553784282 51732424292.13579 33
1757553784761 636186941965.8011 34
1757553785254 129233366543.17429 35
1757553785762 119937613293.2564 36
1757553786259 1274042145.5533836 37
1757553786738 31704328241.980812 38
1757553787225 277194860439.5513 39
1757553787721 147926540711.81082 40
1757553788221 12999084304.600739 41
1757553788730 10939847311.302717 42
1757553789235 2253675438.4928684 43
1757553789729 129474945670.3004 44
1757553790212 345200108.3192922 45
1757553790700 4808204581.563589 46
1757553791175 530070292014.0559 47
1757553791660 57444859509.55013 48
1757553792153 129464422817.88132 49
1757553792645 22937979460.52823 50
1757553793126 3739741462.8279076 51
1757553793640 13115143571.20766 52
1757553794260 64430522109.77354 53
1757553794802 119794975600.99265 54
1757553795327 154098480.6227158 55
1757553795810 5441108627.559097 56
1757553796325 18355243428.00674 57
1757553796815 10490402534.111452 58
1757553797310 39362731230.83075 59
1757553797790 265978865.59668934 60
1757553798279 12362133219.702106 61
1757553798766 6782153365.025022 62
1757553799295 126778592515.15334 63
1757553799800 50907785010.82213 64
1757553800294 95978532036.78233 65
1757553800782 107363394261.67778 66
1757553801279 260555209194.4624 67
1757553801766 24180765814.97509 68
1757553802249 33779079554.370144 69
1757553802736 653927507446.8083 70
1757553803218 122559055677.41907 71
1757553803732 4009646508.798059 72
1757553804215 5632003800.937568 73
1757553804703 631390356614.388 74
1757553805203 601329966068.0381 75
1757553805703 41612990536.31956 76
1757553806181 30090000963.902706 77
1757553806658 37289214414.36773 78
1757553807135 217679242425.97687 79
1757553807619 9724998379.721777 80
1757553808109 22681624728.323006 81
1757553808600 517070766150.04535 82
1757553809095 392409036.2400996 83
1757553809589 82728171587.28894 84
1757553810087 109822824352.80853 85
1757553810637 11700273768.012424 86
1757553811148 2223201307.9209976 87
1757553811640 26999794404.4008 88
1757553812143 1774900674.735165 89
1757553812645 49399292694.677315 90
1757553813139 483070316.86559594 91
1757553813628 33093721964.13346 92
1757553814116 109245603705.23343 93
1757553814610 227299854386.82242 94
1757553815087 16285197184.807188 95
1757553815579 208679340769.97058 96
1757553816105 602301978122.9598 97
1757553816592 31841648932.84377 98
1757553817091 1445433642149.977 99
1757553817571 90122122225.38 100
1757553818056 211924333389.97662 101
1757553818534 68879159374.24556 102
1757553819041 5959865980.9122925 103
1757553819544 2362031998.5148325 104
1757553820053 11250843256.046423 105
1757553820550 13862310577.589123 106
1757553821052 9762023692.666386 107
1757553821532 17445315648.846226 108
1757553822005 1969100681901.4146 109
1757553822484 169383961086.2699 110
1757553822968 9436263126.796072 111
1757553823457 17102754119.046879 112
1757553823930 4422214076.884314 113
1757553824429 63210191720.92447 114
1757553824913 28653643232.856647 115
1757553825440 499196155.9861965 116
1757553825969 94382271683.28362 117
1757553826492 524085072197.9717 118
1757553827014 13012818641.35932 119
1757553827513 1520077370514.087 120
1757553828001 5691118533.342996 121
1757553828502 715892291.0159472 122
1757553828979 121573203864.61061 123
1757553829474 2153670112.2500186 124
1757553829969 451636173.740968 125
1757553830445 18994682010.908695 126
1757553830933 11070386245.528 127
1757553831447 2112619519136.4402 128
1757553831948 21118289233.455944 129
1757553832444 225929653341.46722 130
1757553832918 59048140598.45907 131
1757553833395 1980383931.7962053 132
1757553833866 195016131237.2255 133
1757553834363 96669597283.1045 134
1757553834846 6205284760.645758 135
1757553835329 250134759701.59293 136
1757553835802 12406566285.425978 137
1757553836287 34041438741.406746 138
1757553836750 27695829675.669968 139
1757553837227 3971645666.6398616 140
1757553837723 9867666.270256674 141
1757553838222 35109773096.763245 142
1757553838721 1588436064.7079902 143
1757553839213 224476591945.94266 144
1757553839730 3234663754.4202356 145
1757553840257 228074461122.85663 146
1757553840732 66598157651.75458 147
1757553841202 6734863014395.602 148
1757553841719 57917053439.8576 149
1757553842224 350366279663.0685 150
1757553842698 1344619339.4458187 151
1757553843203 119866523730.22392 152
1757553843686 6558246039.285528 153
1757553844183 18432447865.045414 154
1757553844783 132167500.32159606 155
1757553845263 4943173577.124309 156
1757553845751 143311331039.23352 157
1757553846235 173556955733.86462 158
1757553846708 24752985211.026356 159
1757553847194 847338755.7362196 160
1757553847681 63469163513.95464 161
1757553848174 28683450767.725845 162
1757553848649 2462874809.7532563 163
1757553849123 1520826510.918363 164
1757553849615 3310123811.280556 165
1757553850106 5686708577.694991 166
1757553850582 54091390124.51509 167
1757553851065 39974472538.72324 168
1757553851549 12153894385.7562 169
1757553852038 44571734292.70846 170
1757553852526 49071173721.64159 171
1757553853011 417660990052.68774 172
1757553853506 26825660769.09911 173
1757553854003 27904667772.877277 174
1757553854485 814897290750.9398 175
1757553854955 31434280036.78622 176
1757553855448 102858522.63318844 177
1757553855929 247713537419.22058 178
1757553856410 94453703745.17194 179
1757553856896 48997222314.708145 180
1757553857387 125885044956.38185 181
1757553857940 72553210380.23016 182
1757553858483 207936318462.1042 183
1757553858983 311552914372.6515 184
1757553859486 22791661342.82775 185
1757553859978 15899911337.516136 186
1757553860470 190622048345.8176 187
1757553860942 6173923501.705774 188
1757553861430 1242314913.321372 189
1757553861902 187571106856.4961 190
1757553862379 29922587653.39935 191
1757553862879 814242656.0835402 192
1757553863380 27849011019.808662 193
1757553863859 193334206058.57544 194
1757553864337 113929356978.76273 195
1757553864833 100113642167.62448 196
1757553865311 3898392854067.896 197
1757553865802 37318913578.35875 198
1757553866300 268761337023.8888 199
1757553866785 17257014072.526745 200
1757553867289 26845888038.72146 201
1757553867765 42336918536.67549 202
1757553868277 44085506654.83348 203
1757553868758 4474244911.576724 204
1757553869253 550059554594.0472 205
1757553869736 218529199827.3677 206
1757553870216 158716288280.0904 207
1757553870681 6848388796.089738 208
1757553871167 1716749323.1695268 209
1757553871650 21814495374.812695 210
1757553872148 602360794584.6196 211
1757553872636 203206294703.7537 212
1757553873135 27571241206.00821 213
1757553873638 268117395689.9344 214
1757553874130 16483888082.847672 215
1757553874621 105133169.67824309 216
1757553875102 204292818888.6481 217
1757553875583 82486353990.93582 218
1757553876074 743576919958.4072 219
1757553876560 115284557.01251498 220
1757553877052 3798294376393.279 221
1757553877553 13747830545.636574 222
1757553878074 104254141.66824698 223
1757553878565 15451955841.395033 224
1757553879046 66416366119.96826 225
1757553879545 117427545267.27466 226
1757553880029 113655665460.45161 227
1757553880523 86925979532.40431 228
1757553881019 652233585559.5393 229
1757553881548 28672427970.62987 230
1757553882082 9439580400.822536 231
1757553882571 7093643542.477243 232
1757553883054 19136321066.1955 233
1757553883530 8466159173.393954 234
1757553884024 173328641874.3946 235
1757553884525 769992111833.2878 236
1757553885002 274863793825.33832 237
1757553885481 28685606519.25584 238
1757553885959 110434518371.48679 239
1757553886449 280374310431.3596 240
1757553886955 109787935596.56174 241
1757553887441 646173010082.2533 242
1757553887925 440594702051.88635 243
1757553888412 73664672317.88907 244
1757553888926 15218363491.866276 245
1757553889491 12358816547.573849 246
1757553890047 3883507289.717597 247
1757553890598 215743850304.72446 248
1757553891142 43924485544.87867 249
1757553891656 1509708800410.9429 250
1757553892144 163402837.20701748 251
1757553892647 237678432261.23474 252
1757553893149 35618144929.11339 253
1757553893659 63483394749.46442 254
1757553894133 220429925553.5202 255
1757553894620 13947107896.967834 256
1757553895123 714783419.3827273 257
1757553895613 101983195910.52887 258
1757553896094 97204682147.43666 259
1757553896581 5562101174.955988 260
1757553897069 632760950464.5249 261
1757553897555 363748385097.2793 262
1757553898036 11706212.444581244 263
1757553898532 107244749.4223549 264
1757553899021 12034908977.60809 265
1757553899505 22403283766.31454 266
1757553900013 5724862131.959296 267
1757553900514 1085273127.3918262 268
1757553901004 2378349296.320659 269
1757553901501 46557069376.65019 270
1757553901988 17955739863.782997 271
1757553902471 108305791461.0613 272
1757553902941 169379822007.80374 273
1757553903424 24511050369.69788 274
1757553903906 106612804.03048022 275
1757553904403 323549008.2417317 276
1757553904882 17689050398.300236 277
1757553905388 460779139430.1083 278
1757553905871 6573444214.360668 279
1757553906346 14833953503.228994 280
1757553906828 30965152597.47794 281
1757553907303 123340993662.92273 282
1757553907795 28337278084.149742 283
1757553908273 286327524135.88605 284
1757553908757 75928306138.30449 285
1757553909240 5641722130.864468 286
1757553909716 2105117867.030001 287
1757553910192 18895441699.492645 288
1757553910695 47043858558.74295 289
1757553911200 228409871931.8563 290
1757553911696 3064620899.5052876 291
1757553912173 630239097739.6478 292
1757553912655 38883075.74937253 293
1757553913136 8154973581666.188 294
1757553913625 197100728366.56064 295
1757553914103 135543931845.95679 296
1757553914597 96705650666.08948 297
1757553915114 141975430317.84933 298
1757553915631 28887650116.55024 299
1757553916131 178566148317.9626 300
1757553916624 84837188016.55537 301
1757553917112 247003573138.0996 302
1757553917613 539472166773.71716 303
1757553918094 557513237713.9608 304
1757553918574 658119553.1267167 305
1757553919046 84430995858.41791 306
1757553919527 3039637177.61706 307
1757553920003 97608735360.13795 308
1757553920475 702627948662.7122 309
1757553921002 81695073880.13966 310
1757553953888 79540282866.17497 311
1757553954443 15625107022.118195 312
1757553955003 191749915348.47702 313
1757553955539 47855209331.52353 314
1757553956119 178095601735.66144 315
1757553956703 149080303394.50372 316
1757553957217 34147.09732373299 317
1757553957704 331882435865.27655 318
1757553958190 43910599035.06862 319
1757553958675 15496644073.00923 320
1757553959223 85457787888.51636 321
1757553959763 4429428023.904214 322
1757553960260 6004419903.89802 323
1757553960769 3835969515.3759093 324
1757553961265 79081890003.89568 325
1757553961773 1042008957.3295978 326
1757553962289 50021616700.84755 327
1757553962771 68567437429.325455 328
1757553963256 2300189678.4223294 329
1757553963726 322147045.7972749 330
1757553964224 156893426444.5188 331
1757553964711 23590155650.78872 332
1757553965191 46391996955.79445 333
1757553965674 11538302033.7193 334
1757553966147 18879672924.06548 335
1757553966646 2421201988.847923 336
1757553967128 62020451137.34031 337
1757553967599 69084035831.20364 338
1757553968083 6324752170.240242 339
1757553968563 206960219711.0511 340
1757553969036 1298854292831.4143 341
1757553969520 18595666410.714832 342
1757553970009 75478048757.28606 343
1757553970495 228480405393.29333 344
1757553970977 122212123291.35855 345
1757553971455 14266166653.295578 346
1757553971937 61771565499.67482 347
1757553972454 418216067984.72644 348
1757553972933 32789800458.680927 349
1757553973404 202980115629.55344 350
1757553973881 5726904729.071885 351
1757553974380 23895831601.525246 352
1757553974867 413242972800.50836 353
1757553975349 828861346.8672901 354
1757553975820 71487877.45246324 355
1757553976294 118905519541.00426 356
1757553976780 131999344.50294355 357
1757553977255 887937854934.7253 358
1757553977748 11926176374.600607 359
1757553978231 501396693421.7752 360
1757553978711 57664551942.48677 361
1757553979187 29236458833.818623 362
1757553979659 11539807638.852268 363
1757553980136 47833195126.15717 364
1757553980610 20074228533.4157 365
1757553981102 105649218299.03908 366
1757553981578 6573646669.888849 367
1757553982068 3624571800.684299 368
1757553982556 16230096801.95625 369
1757553983030 236164165455.44995 370
1757553983533 257669125085.69113 371
1757553984011 983577498734.4255 372
1757553984486 105659960217.38281 373
1757553984969 167321152725.28293 374
1757553985458 726795811559.0344 375
1757553985933 85330982825.95134 376
1757553986421 24130069692.499275 377
1757553986899 38449416762.643036 378
1757553987382 4631588368.986732 379
1757553987857 92916223777.16843 380
1757553988381 434002372364.0816 381
1757553988940 19095503769.93801 382
1757553989496 26504631805.86016 383
1757553989996 237613320102.638 384
1757553990481 2191299917.175742 385
1757553990958 13307896570.94513 386
1757553991435 48905975663.090836 387
1757553991919 318770260387.6869 388
1757553992399 694738170388.7543 389
1757553992888 26742600164.19975 390
1757553993373 3742287674.5349836 391
1757553993861 4325560412.42844 392
1757553994358 176438724998.16534 393
1757553994866 246619283823.00986 394
1757553995390 2436576287.4809647 395
1757553995923 8387371479.580599 396
1757553996425 162883946731.09937 397
1757553996905 538672760.3830999 398
1757553997385 2808262182.485465 399
1757553997881 87179572814.51266 400
1757553998355 50470768167.58004 401
1757553998845 5043439364.255776 402
1757553999350 2809263868.1828823 403
1757553999841 15432841954.326296 404
1757554000322 18206101352.325665 405
1757554000809 211400634420.80817 406
1757554001289 496904742610.75366 407
1757554001770 15575927700.527279 408
1757554002251 6330537652.299412 409
1757554002743 153901848949.71594 410
1757554003243 9683587564.744526 411
1757554003724 2120845371.4751468 412
1757554004206 263374032250.876 413
1757554004687 193538374818.94473 414
1757554005179 29317143070.984444 415
1757554005653 6583082644.229494 416
1757554006130 104927284.37431376 417
1757554006624 9484744361.15049 418
1757554007109 175763676257.16217 419
1757554007581 1368437053.1239326 420
1757554008074 137627715.42972943 421
1757554008556 67725709118.168495 422
1757554009045 331447660366.5191 423
1757554009549 58651387797.536964 424
1757554010043 344579399747.27454 425
1757554010536 32339345374.797752 426
1757554011058 699602311207.9708 427
1757554011544 87427807488.8678 428
1757554012021 42494923683.30126 429
1757554012500 8394372716.217002 430
1757554012988 2215568834.258292 431
1757554013468 621464337.3037422 432
1757554013949 13686315818.497517 433
1757554014462 72331120529.18439 434
1757554014939 52198275248.563416 435
1757554015423 67701615640.08157 436
1757554015898 4922124790.28428 437
1757554016375 687800793972.6976 438
1757554016846 19946278684.456707 439
1757554017335 13206530331.369473 440
1757554017806 2040782370.815344 441
1757554018314 180817131109.2748 442
1757554018798 15442085974.644053 443
1757554019294 50819816314.58723 444
1757554019765 570633292.9510863 445
1757554020324 314023052804.8178 446
1757554020865 5885492122.927026 447
1757554021433 22288125992.386806 448
1757554022066 14895061285.972544 449
1757554022553 56577095813.272064 450
1757554023038 2231322666.128407 451
1757554023535 2456208058.3534346 452
1757554024021 333192526046.50574 453
1757554024505 229965480.57619566 454
1757554024982 863645451900.9554 455
1757554025464 862408674.6515539 456
1757554025944 14262720307.885641 457
1757554026424 54951826685.09542 458
1757554026920 261559544855.47757 459
1757554027406 95693604976.56586 460
1757554027882 21978820957.881077 461
1757554028368 80855735141.8019 462
1757554030502 91269943557.7676 463
1757554031001 135331623076.88028 464
1757554031491 1889789711.9772542 465
1757554031990 316687000055.1962 466
1757554032468 54127596255.035286 467
1757554032962 35120673057.758 468
1757554033447 85119296892.7721 469
1757554033931 147033009309.3814 470
1757554034475 508889284941.47656 471
1757554034978 1287126697137.4753 472
1757554035467 23326083091.67363 473
1757554035966 2694915719.5290723 474
1757554036454 60505052998.216194 475
1757554036948 349919416.51139885 476
1757554037432 10359621161.33457 477
1757554037908 141137564701.78687 478
1757554038391 3433171381393.6587 479
1757554038867 200308764507.54404 480
1757554039355 15149603310.965729 481
1757554039829 153727545695.68756 482
1757554040312 7059086339.174138 483
1757554040796 21226420167.507492 484
1757554041275 168129240.25417465 485
1757554041766 7551284198383.5625 486
1757554042267 8477852813.071019 487
1757554042745 32032557283.7506 488
1757554043224 5271459998.134547 489
1757554043710 88988396253.48834 490
1757554044183 559321573068.4 491
1757554044675 39364560274.815155 492
1757554045174 49704914391.10068 493
1757554045670 8273717398106.099 494
1757554046158 2728517285.340152 495
1757554046657 5185532026.966098 496
1757554047147 3247232144.0269785 497
1757554047631 57771427.82756024 498
1757554048123 334750820228.654 499
