1757591411911 1019578719988.031 0
1757591411976 830198079005.2904 1
1757591412039 694946595153.4541 2
1757591412109 595468140816.3622 3
1757591412170 520547886162.28125 4
1757591412236 463071641712.70233 5
1757591412303 418348354314.6824 6
1757591412366 383167700837.22314 7
1757591412426 355258192486.3744 8
1757591412488 332966572274.0497 9
1757591412548 315061745323.0894 10
1757591412608 300610435641.4843 11
1757591412668 288895365868.6262 12
1757591412731 279359463898.651 13
1757591412793 271566593264.88693 14
1757591412855 265173156204.0901 15
1757591412915 259907103306.84857 16
1757591412976 255552147244.91824 17
1757591413042 251935730447.68564 18
1757591413103 248919759287.79904 19
1757591413166 246393411871.03812 20
1757591413229 244267520636.73996 21
1757591413291 242470163158.13455 22
1757591413354 240943187205.1669 23
1757591413415 239639462729.94427 24
1757591413476 238520702267.67072 25
1757591413537 237555727630.13818 26
1757591413599 236719088219.5779 27
1757591413659 235989957204.70135 28
1757591413727 235351247857.2812 29
1757591413788 234788904750.40903 30
1757591413850 234291334147.7815 31
1757591413912 233848945418.75934 32
1757591413973 233453781185.33557 33
1757591414035 233099218514.5736 34
1757591414099 232779727095.7025 35
1757591414164 232490673201.3226 36
1757591414226 232228160493.9224 37
1757591414289 231988900531.2699 38
1757591414354 231770107247.53326 39
1757591414417 231569410819.38586 40
1757591414480 231384787228.95047 41
1757591414542 231214500556.1264 42
1757591414604 231057055609.22787 43
1757591414665 230911158964.56845 44
1757591414740 230775687232.55392 45
1757591414804 230649659372.1853 46
1757591414866 230532215935.4544 47
1757591414928 230422600437.2068 48
1757591414991 230320144201.4562 49
1757591415052 230224253723.8654 50
1757591415117 230134400104.1535 51
1757591415179 230050110184.46942 52
1757591415241 229970959096.4653 53
1757591415304 229896563973.93616 54
1757591415365 229826578631.87634 55
1757591415428 229760689048.58563 56
1757591415491 229698609516.6051 57
1757591415552 229640079352.02902 58
1757591415615 229584860071.1477 59
1757591415679 229532732959.2412 60
1757591415741 229483496969.3335 61
1757591415805 229436966899.36057 62
1757591415866 229392971880.9081 63
1757591415928 229351353754.72043 64
1757591415990 229311966101.47995 65
1757591416052 229274673083.7368 66
1757591416115 229239348499.06168 67
1757591416179 229205874940.36993 68
1757591416241 229174143048.70474 69
1757591416304 229144050846.05963 70
1757591416369 229115503137.7282 71
1757591416431 229088410975.25717 72
1757591416494 229062691172.4054 73
1757591416555 229038265867.6246 74
1757591416618 229015062127.5066 75
1757591416682 228993011586.42703 76
1757591416744 228972050118.2753 77
1757591416807 228952117536.71844 78
1757591416870 228933157320.9183 79
1757591416932 228915116364.02325 80
1757591416994 228897944742.09772 81
1757591417055 228881595501.44238 82
1757591417118 228866024462.51035 83
1757591417180 228851190038.83643 84
1757591417243 228837053069.58228 85
1757591417305 228823576664.45917 86
1757591417367 228810726059.9282 87
1757591417430 228798468485.69766 88
1757591417492 228786773040.64023 89
1757591417555 228775610577.34576 90
1757591417617 228764953594.60358 91
1757591417679 228754776137.1788 92
1757591417742 228745053702.30887 93
1757591417808 228735763152.40143 94
1757591417872 228726882633.4611 95
1757591417946 228718391498.81848 96
1757591418014 228710270237.77023 97
1757591418078 228702500408.7743 98
1757591418141 228695064576.87485 99
1757591418204 228687946255.05826 100
1757591418266 228681129849.26712 101
1757591418329 228674600606.81927 102
1757591418394 228668344568.00208 103
1757591418461 228662348520.6265 104
1757591418531 228656599957.34543 105
1757591418596 228651087035.55325 106
1757591418661 228645798539.6978 107
1757591418724 228640723845.84955 108
1757591418787 228635852888.38168 109
1757591418851 228631176128.6278 110
1757591418914 228626684525.39142 111
1757591418977 228622369507.191 112
1757591419043 228618222946.13257 113
1757591419105 228614237133.30887 114
1757591419168 228610404755.63034 115
1757591419238 228606718874.0013 116
1757591419301 228603172902.75818 117
1757591419364 228599760590.2938 118
1757591419426 228596476000.79575 119
1757591419489 228593313497.03235 120
1757591419553 228590267724.12274 121
1757591419617 228587333594.2328 122
1757591419680 228584506272.1423 123
1757591419743 228581781161.6306 124
1757591419810 228579153892.63336 125
1757591419875 228576620309.1251 126
