1757557368941 1019578794230.9694 0
1757557369004 1017520252678.7803 1
1757557369069 1015468354256.5643 2
1757557369126 1013423072321.2751 3
1757557369185 1011384380703.2675 4
1757557369252 1009352253353.3466 5
1757557369307 1007326664342.1597 6
1757557369379 1005307587859.5953 7
1757557369455 1003294998214.1818 8
1757557369531 1001288869832.4917 9
1757557369605 999289177258.5477 10
1757557369685 997295895153.2325 11
1757557369759 995308998293.7013 12
1757557369834 993328461572.798 13
1757557369895 991354259998.4739 14
1757557369962 989386368693.2095 15
1757557370021 987424762893.4397 16
1757557370081 985469417948.9816 17
1757557370162 983520309322.4663 18
1757557370224 981577412588.7716 19
1757557370288 979640703434.4601 20
1757557370351 977710157657.2186 21
1757557370428 975785751165.3016 22
1757557370506 973867459976.9762 23
1757557370582 971955260219.9718 24
1757557370660 970049128130.9309 25
1757557370734 968149040054.8643 26
1757557370810 966254972444.6084 27
1757557370885 964366901860.2852 28
1757557370960 962484804968.7651 29
1757557371037 960608658543.1338 30
1757557371112 958738439462.1599 31
1757557371189 956874124709.7672 32
1757557371263 955015691374.5085 33
1757557371337 953163116649.0431 34
1757557371405 951316377829.6157 35
1757557371464 949475452315.54 36
1757557371531 947640317608.683 37
1757557371590 945810951312.9539 38
1757557371651 943987331133.7935 39
1757557371713 942169434877.6687 40
1757557371776 940357240451.5677 41
1757557371839 938550725862.4987 42
1757557371901 936749869216.9912 43
1757557371985 934954648720.6 44
1757557372062 933165042677.4111 45
1757557372140 931381029489.5518 46
1757557372213 929602587656.7008 47
1757557372289 927829695775.6036 48
1757557372363 926062332539.5887 49
1757557372439 924300476738.0869 50
1757557372514 922544107256.153 51
1757557372590 920793203073.9897 52
1757557372670 919047743266.4757 53
1757557372748 917307707002.6932 54
1757557372828 915573073545.4606 55
1757557372904 913843822250.8666 56
1757557372966 912119932567.8059 57
1757557373026 910401384037.5201 58
1757557373087 908688156293.1371 59
1757557373150 906980229059.2161 60
1757557373212 905277582151.293 61
1757557373275 903580195475.43 62
1757557373337 901888049027.7659 63
1757557373400 900201122894.0695 64
1757557373476 898519397249.2949 65
1757557373558 896842852357.1401 66
1757557373634 895171468569.6069 67
1757557373711 893505226326.5635 68
1757557373787 891844106155.3094 69
1757557373865 890188088670.1425 70
1757557373940 888537154571.9276 71
1757557374000 886891284647.6708 72
1757557374063 885250459770.0895 73
1757557374125 883614660897.1914 74
1757557374188 881983869071.8519 75
1757557374249 880358065421.3944 76
1757557374311 878737231157.1732 77
1757557374370 877121347574.1583 78
1757557374433 875510396050.5227 79
1757557374511 873904358047.2313 80
1757557374588 872303215107.632 81
1757557374660 870706948857.0502 82
1757557374737 869115541002.3833 83
1757557374812 867528973331.699 84
1757557374894 865947227713.8348 85
1757557374969 864370286098.0 86
1757557375032 862798130513.3799 87
1757557375095 861230743068.7413 88
1757557375159 859668105952.0415 89
1757557375219 858110201430.037 90
1757557375289 856557011847.8972 91
1757557375348 855008519628.8173 92
1757557375413 853464707273.6355 93
1757557375491 851925557360.4504 94
1757557375585 850391052544.2418 95
1757557375698 848861175556.4926 96
1757557375809 847335909204.812 97
1757557375918 845815236372.5638 98
1757557376019 844299140018.492 99
1757557376120 842787603176.3523 100
1757557376222 841280608954.5432 101
1757557376329 839778140535.7405 102
1757557376435 838280181176.5323 103
1757557376569 836786714207.0569 104
1757557376670 835297723030.6422 105
1757557376776 833813191123.4474 106
1757557376883 832333102034.1055 107
1757557376988 830857439383.3691 108
1757557377102 829386186863.7571 109
1757557377217 827919328239.2029 110
1757557377335 826456847344.7058 111
1757557377457 824998728085.983 112
1757557377562 823544954439.1238 113
1757557377651 822095510450.2451 114
1757557377742 820650380235.1503 115
1757557377843 819209547978.988 116
1757557377937 817772997935.9137 117
1757557378029 816340714428.7523 118
1757557378117 814912681848.6633 119
1757557378202 813488884654.8081 120
1757557378284 812069307374.0167 121
1757557378420 810653934600.4594 122
1757557378509 809242750995.3168 123
1757557378606 807835741286.4547 124
1757557378709 806432890268.0988 125
1757557378815 805034182800.5106 126
1757557378914 803639603809.6677 127
1757557379125 802249138286.9418 128
1757557379210 800862771288.782 129
1757557379275 799480487936.3976 130
1757557379335 798102273415.4438 131
1757557379398 796728112975.7074 132
1757557379461 795357991930.7958 133
1757557379535 793991895657.8274 134
1757557379613 792629809597.122 135
1757557379698 791271719251.8948 136
1757557379777 789917610187.9509 137
1757557379857 788567468033.3815 138
1757557379936 787221278478.2618 139
1757557380015 785879027274.3508 140
1757557380094 784540700234.7916 141
1757557380156 783206283233.8147 142
1757557380224 781875762206.4418 143
1757557380287 780549123148.1912 144
1757557380349 779226352114.7848 145
1757557380413 777907435221.8574 146
1757557380477 776592358644.6666 147
1757557380542 775281108617.8038 148
1757557380623 773973671434.9084 149
1757557380702 772670033448.3815 150
1757557380781 771370181069.1023 151
1757557380860 770074100766.146 152
1757557380938 768781779066.5024 153
1757557381016 767493202554.796 154
1757557381094 766208357873.0094 155
1757557381159 764927231720.2046 156
1757557381225 763649810852.249 157
1757557381290 762376082081.5419 158
1757557381350 761106032276.7405 159
1757557381417 759839648362.491 160
1757557381480 758576917319.157 161
1757557381545 757317826182.5526 162
1757557381611 756062362043.6754 163
1757557381693 754810512048.44 164
1757557381774 753562263397.4154 165
1757557381855 752317603345.5612 166
1757557381937 751076519201.9663 167
1757557382015 749838998329.5898 168
1757557382094 748605028145.001 169
1757557382162 747374596118.1226 170
1757557382226 746147689771.9746 171
1757557382290 744924296682.4203 172
1757557382355 743704404477.9114 173
1757557382417 742488000839.237 174
1757557382480 741275073499.2723 175
1757557382541 740065610242.7294 176
1757557382606 738859598905.9084 177
1757557382687 737657027376.4517 178
1757557382765 736457883593.0963 179
1757557382851 735262155545.4316 180
1757557382934 734069831273.6542 181
1757557383015 732880898868.327 182
1757557383097 731695346470.1388 183
1757557383169 730513162269.6642 184
1757557383232 729334334507.1251 185
1757557383297 728158851472.154 186
1757557383360 726986701503.5591 187
1757557383424 725817872989.0881 188
1757557383490 724652354365.1957 189
1757557383552 723490134116.8115 190
1757557383625 722331200777.1085 191
1757557383697 721175542927.2738 192
1757557383776 720023149196.2792 193
1757557383855 718874008260.6548 194
1757557383937 717728108844.2614 195
1757557384022 716585439718.0668 196
1757557384102 715445989699.92 197
1757557384181 714309747654.3304 198
1757557384258 713176702492.2445 199
1757557384337 712046843170.8257 200
1757557384416 710920158693.2349 201
1757557384493 709796638108.413 202
1757557384573 708676270510.8619 203
1757557384654 707559045040.4305 204
1757557384733 706444950882.0977 205
1757557384816 705333977265.7598 206
1757557384897 704226113466.0171 207
1757557384978 703121348801.9626 208
1757557385061 702019672636.9711 209
1757557385142 700921074378.489 210
1757557385212 699825543477.8278 211
1757557385275 698733069429.9539 212
1757557385338 697643641773.2843 213
1757557385402 696557250089.4803 214
1757557385465 695473884003.2441 215
1757557385530 694393533182.1143 216
1757557385599 693316187336.2643 217
1757557385664 692241836218.302 218
1757557385743 691170469623.0681 219
1757557385826 690102077387.4381 220
1757557385905 689036649390.1233 221
1757557385984 687974175551.4749 222
1757557386066 686914645833.2869 223
1757557386145 685858050238.6011 224
1757557386227 684804378811.5133 225
1757557386305 683753621636.98 226
1757557386384 682705768840.6268 227
1757557386465 681660810588.556 228
1757557386544 680618737087.1576 229
1757557386625 679579538582.9198 230
1757557386703 678543205362.24 231
1757557386763 677509727751.2386 232
1757557386830 676479096115.5718 233
1757557386896 675451300860.2468 234
1757557386959 674426332429.4369 235
1757557387023 673404181306.298 236
1757557387085 672384838012.7859 237
1757557387153 671368293109.4757 238
1757557387225 670354537195.379 239
1757557387311 669343560907.7667 240
1757557387398 668335354921.9872 241
1757557387490 667329909951.2905 242
1757557387576 666327216746.6506 243
1757557387660 665327266096.5887 244
1757557387737 664330048826.9987 245
1757557387817 663335555800.9716 246
1757557387897 662343777918.6237 247
1757557387982 661354706116.922 248
1757557388063 660368331369.5142 249
1757557388145 659384644686.556 250
1757557388225 658403637114.5427 251
1757557388304 657425299736.1392 252
1757557388388 656449623681.3574 253
1757557388467 655476600093.5312 254
1757557388548 654506220162.8254 255
1757557388630 653538475114.9062 256
1757557388710 652573356210.777 257
1757557388775 651610854746.6123 258
1757557388840 650650962053.5963 259
1757557388905 649693669497.7598 260
1757557388966 648738968479.8181 261
1757557389027 647786850435.0105 262
1757557389093 646837306832.9406 263
1757557389158 645890329177.4163 264
1757557389220 644945909006.2922 265
1757557389296 644004037891.3112 266
1757557389376 643064707437.9485 267
1757557389457 642127909285.2549 268
1757557389537 641193635105.7019 269
1757557389618 640261876605.027 270
1757557389698 639332625522.0804 271
1757557389772 638405873628.6716 272
1757557389836 637481612729.4175 273
1757557389897 636559834661.5911 274
1757557389958 635640531294.9708 275
1757557390026 634723694531.6903 276
1757557390087 633809316306.09 277
1757557390155 632897388584.5684 278
1757557390225 631987903365.4343 279
1757557390296 631080852678.7603 280
1757557390377 630176228586.2362 281
1757557390459 629274023181.0242 282
1757557390537 628374228587.6134 283
1757557390616 627476836961.6772 284
1757557390698 626581840489.9287 285
1757557390779 625689231389.9789 286
1757557390843 624799001910.1948 287
1757557390910 623911144329.5583 288
1757557390983 623025650957.5259 289
1757557391051 622142514133.889 290
1757557391110 621261726228.6354 291
1757557391178 620383279641.8097 292
1757557391249 619507166803.3774 293
1757557391323 618633380173.0869 294
1757557391404 617761912240.3339 295
1757557391485 616892755524.0254 296
1757557391566 616025902572.4453 297
1757557391648 615161345963.1201 298
1757557391730 614299078302.6853 299
1757557391806 613439092226.7526 300
1757557391867 612581380399.7782 301
1757557391929 611725935514.9302 302
1757557391995 610872750293.9595 303
1757557392055 610021817487.0675 304
1757557392119 609173129872.7788 305
1757557392177 608326680257.8103 306
1757557392237 607482461476.9445 307
1757557392297 606640466392.9009 308
1757557392384 605800687896.2094 309
1757557392469 604963118905.0841 310
1757557392550 604127752365.2974 311
1757557392634 603294581250.0555 312
1757557392715 602463598559.8727 313
1757557392799 601634797322.4487 314
1757557392884 600808170592.5453 315
1757557392966 599983711451.8629 316
1757557393051 599161413008.9198 317
1757557393133 598341268398.9298 318
1757557393217 597523270783.6819 319
1757557393300 596707413351.4202 320
1757557393366 595893689316.7236 321
1757557393429 595082091920.3881 322
1757557393495 594272614429.3071 323
1757557393559 593465250136.3547 324
1757557393628 592659992360.268 325
1757557393693 591856834445.5295 326
1757557393755 591055769762.2534 327
1757557393818 590256791706.0677 328
1757557393900 589459893698.001 329
1757557393982 588665069184.3667 330
1757557394066 587872311636.651 331
1757557394152 587081614551.3982 332
1757557394235 586292971450.0984 333
1757557394318 585506375879.0763 334
1757557394405 584721821409.3785 335
1757557394480 583939301636.6631 336
1757557394551 583158810181.0895 337
1757557394617 582380340687.2079 338
1757557394682 581603886823.8505 339
1757557394743 580829442284.0226 340
1757557394809 580057000784.7943 341
1757557394875 579286556067.1925 342
1757557394945 578518101896.0945 343
1757557395013 577751632060.1201 344
1757557395082 576987140371.5272 345
1757557395157 576224620666.1045 346
1757557395228 575464066803.0671 347
1757557395291 574705472664.9528 348
1757557395356 573948832157.5164 349
1757557395447 573194139209.6277 350
1757557395543 572441387773.1671 351
1757557395630 571690571822.9246 352
1757557395715 570941685356.4963 353
1757557395800 570194722394.1846 354
1757557395882 569449676978.8948 355
1757557395946 568706543176.0375 356
1757557396011 567965315073.4259 357
1757557396077 567225986781.1786 358
1757557396145 566488552431.6187 359
1757557396207 565753006179.176 360
1757557396282 565019342200.2899 361
1757557396346 564287554693.3099 362
1757557396422 563557637878.4004 363
1757557396504 562829585997.4426 364
1757557396588 562103393313.9396 365
1757557396669 561379054112.9194 366
1757557396755 560656562700.8413 367
1757557396836 559935913405.4999 368
1757557396920 559217100575.9313 369
1757557397004 558500118582.3195 370
1757557397087 557784961815.9026 371
1757557397172 557071624688.8801 372
1757557397253 556360101634.3213 373
1757557397335 555650387106.0717 374
1757557397419 554942475578.6628 375
1757557397507 554236361547.2207 376
1757557397595 553532039527.3752 377
1757557397684 552829504055.1697 378
1757557397769 552128749686.9719 379
1757557397864 551429770999.3842 380
1757557397948 550732562589.1545 381
1757557398011 550037119073.0884 382
1757557398075 549343435087.9605 383
1757557398137 548651505290.4278 384
1757557398200 547961324356.9416 385
1757557398267 547272886983.6614 386
1757557398331 546586187886.3684 387
1757557398400 545901221800.37946 388
1757557398481 545217983480.4623 389
1757557398562 544536467700.7493 390
1757557398641 543856669254.6547 391
1757557398723 543178582954.78796 392
1757557398805 542502203632.87256 393
1757557398889 541827526139.6606 394
1757557398975 541154545344.851 395
1757557399059 540483256137.00653 396
1757557399142 539813653423.4714 397
1757557399227 539145732130.28986 398
1757557399313 538479487202.125 399
1757557399398 537814913602.17706 400
1757557399468 537152006312.1036 401
1757557399528 536490760331.93884 402
1757557399587 535831170680.01434 403
1757557399657 535173232392.8788 404
1757557399725 534516940525.2197 405
1757557399796 533862290149.7847 406
1757557399863 533209276357.303 407
1757557399930 532557894256.4073 408
1757557400015 531908138973.55725 409
1757557400100 531260005652.9611 410
1757557400186 530613489456.5 411
1757557400271 529968585563.6508 412
1757557400358 529325289171.4106 413
1757557400445 528683595494.2209 414
1757557400514 528043499763.8923 415
1757557400589 527404997229.52954 416
1757557400664 526768083157.45734 417
1757557400733 526132752831.1456 418
1757557400804 525499001551.1362 419
1757557400873 524866824634.969 420
1757557400944 524236217417.1089 421
1757557401023 523607175248.87335 422
1757557401110 522979693498.3594 423
1757557401196 522353767550.3724 424
1757557401281 521729392806.35345 425
1757557401368 521106564684.3086 426
1757557401458 520485278618.7376 427
1757557401549 519865530060.5634 428
1757557401635 519247314477.0616 429
1757557401719 518630627351.79047 430
1757557401805 518015464184.52155 431
1757557401889 517401820491.1698 432
1757557401975 516789691803.72516 433
1757557402063 516179073670.1837 434
1757557402149 515569961654.4793 435
1757557402251 514962351336.4154 436
1757557402351 514356238311.59753 437
1757557402444 513751618191.366 438
1757557402529 513148486602.7292 439
1757557402599 512546839188.29584 440
1757557402663 511946671606.20984 441
1757557402734 511347979530.0833 442
1757557402804 510750758648.9314 443
1757557402865 510155004667.1065 444
1757557402950 509560713304.23334 445
1757557403028 508967880295.14386 446
1757557403111 508376501389.81354 447
1757557403195 507786572353.2959 448
1757557403279 507198088965.65985 449
1757557403367 506611047021.9255 450
1757557403453 506025442332.0007 451
1757557403535 505441270720.6188 452
1757557403600 504858528027.2755 453
1757557403666 504277210106.1663 454
1757557403741 503697312826.12476 455
1757557403823 503118832070.5608 456
1757557403891 502541763737.3988 457
1757557403961 501966103739.0171 458
1757557404036 501391848002.1862 459
1757557404121 500818992468.009 460
1757557404208 500247533091.86 461
1757557404308 499677465843.32526 462
1757557404399 499108786706.1433 463
1757557404487 498541491678.1447 464
1757557404575 497975576771.1935 465
1757557404663 497411038011.1283 466
1757557404747 496847871437.7034 467
1757557404835 496286073104.53094 468
1757557404919 495725639079.02203 469
1757557405008 495166565442.3301 470
1757557405104 494608848289.29205 471
1757557405191 494052483728.37256 472
1757557405279 493497467881.6055 473
1757557405369 492943796884.5386 474
1757557405465 492391466886.17645 475
1757557405561 491840474048.9241 476
1757557405636 491290814548.53174 477
1757557405708 490742484574.03864 478
1757557405776 490195480327.71826 479
1757557405847 489649798025.02234 480
1757557405920 489105433894.5272 481
1757557405990 488562384177.8781 482
1757557406059 488020645129.7356 483
1757557406149 487480213017.7212 484
1757557406237 486941084122.3635 485
1757557406333 486403254737.0451 486
1757557406429 485866721167.9487 487
1757557406521 485331479734.0045 488
1757557406594 484797526766.8372 489
1757557406659 484264858610.71344 490
1757557406724 483733471622.4895 491
1757557406798 483203362171.5595 492
1757557406876 482674526639.8034 493
1757557406948 482146961421.5353 494
1757557407013 481620662923.4524 495
1757557407090 481095627564.5836 496
1757557407174 480571851776.2392 497
1757557407264 480049332001.9597 498
1757557407351 479528064697.46576 499
