1757541890772 9854187820371.314 0
1757541890853 176807157553745.3 1
1757541890923 7.831736668656174e+16 2
1757541890983 4.5256594895534014e+19 3
1757541891050 3.306060781645848e+24 4
1757541891112 3.7673318985481494e+25 5
1757541891174 4.446719601126563e+29 6
1757541891239 2.3839380921567715e+31 7
1757541891298 2.3741988583531383e+34 8
1757541891366 1.5885898644914804e+37 9
1757541891429 2.2094254750099e+40 10
1757541891493 9.187118637354028e+42 11
1757541891555 8.442328154708665e+46 12
1757541891630 7.656948805300175e+49 13
1757541891694 1.7719773305513452e+52 14
1757541891757 8.583048954338729e+55 15
1757541891831 2.999578417284264e+58 16
1757541891893 4.639935078899348e+61 17
1757541891953 2.035615106657199e+64 18
1757541892085 2.0955336224123412e+67 19
1757541892151 1.7225634726821065e+70 20
1757541892220 3.2638601256923665e+73 21
1757541892284 1.0588729360736158e+76 22
1757541892354 6.019363247260542e+79 23
1757541892431 4.415227878111026e+81 24
1757541892497 1.5272504002233164e+85 25
1757541892571 3.8536331364299933e+87 26
1757541892632 7.906771839413623e+90 27
1757541892696 2.7276453025345197e+93 28
1757541892761 1.3082926585224878e+97 29
1757541892834 8.055357646624839e+99 30
1757541892897 7.127089717844767e+102 31
1757541892960 3.5304273441099406e+105 32
1757541893023 5.69154146791827e+108 33
1757541893091 2.796391020134252e+112 34
1757541893153 1.4437575674088677e+115 35
1757541893219 5.657429444062988e+117 36
1757541893281 3.064323677336175e+122 37
1757541893351 2.837872995096134e+123 38
1757541893413 2.8626531567735917e+126 39
1757541893477 1.6374078843841596e+129 40
1757541893545 6.987972229063371e+132 41
1757541893611 7.360459572724068e+135 42
1757541893675 2.3886386640994714e+139 43
1757541893746 6.748579988534381e+140 44
1757541893817 1.595075787006602e+146 45
1757541893880 8.091687477983541e+146 46
1757541893943 8.073509909732282e+149 47
1757541894011 3.3224834567796264e+153 48
1757541894075 1.904647875277411e+156 49
1757541894143 9.443467140069344e+160 50
1757541894209 7.051619557296011e+161 51
1757541894273 2.752218201974599e+164 52
1757541894343 4.7098937513012735e+167 53
1757541894404 5.503909987652387e+170 54
1757541894471 6.43246843267802e+173 55
1757541894535 1.3924254591591934e+177 56
1757541894611 8.157864477325307e+179 57
1757541894699 2.7275808906559073e+182 58
1757541894764 3.643038445285221e+185 59
1757541894838 4.439486559855139e+188 60
1757541894937 7.615534688721836e+191 61
1757541895007 1.3565412710653563e+194 62
1757541895076 2.752217598165751e+197 63
1757541895144 7.853725557741177e+199 64
1757541895212 5.223092981780653e+204 65
1757541895277 1.880520554355645e+206 66
1757541895343 2.3910490350125655e+210 67
1757541895407 1.6129910577091845e+212 68
1757541895473 1.5728572684636144e+215 69
1757541895538 8.841951847269407e+217 70
1757541895603 1.1229967447519616e+223 71
1757541895672 1.3326381415815459e+224 72
1757541895738 6.51833439551989e+226 73
1757541895804 2.8580919282112186e+230 74
1757541895877 6.85663664152403e+232 75
1757541895949 5.746355995060064e+237 76
1757541896020 8.381433941921382e+238 77
1757541896085 4.287312033649512e+241 78
1757541896151 5.354120961170321e+244 79
1757541896225 1.0904782941335091e+248 80
1757541896295 8.691476285140905e+250 81
1757541896362 2.244837066865932e+255 82
1757541896432 1.3100291765863842e+256 83
1757541896497 3.412548473739438e+259 84
1757541896565 2.1774317375516976e+262 85
1757541896633 1.4580047794817582e+265 86
1757541896706 2.55760716038499e+270 87
1757541896771 3.053165503583977e+271 88
1757541896837 1.4173770864435447e+275 89
1757541896899 5.673519358420863e+276 90
1757541896967 1.0737640369592674e+280 91
1757541897036 9.98423711504598e+282 92
1757541897101 4.506093411410114e+286 93
1757541897172 4.7991343234918095e+289 94
1757541897239 1.0534917355314609e+292 95
1757541897307 2.820047350258779e+295 96
1757541897375 1.0356433651462603e+298 97
1757541897446 5.396418990726899e+300 98
1757541897513 1.8458515795812814e+304 99
1757541897575 inf 100
