1757589392587 1019582193585.2811 0
1757589392676 804785628033.577 1
1757589392768 1121557940959.9104 2
1757589392839 14319200601475.71 3
1757589392908 336357572813094.44 4
1757589392973 8111769088387959.0 5
1757589393039 1.9580519510157088e+17 6
1757589393103 4.726587037386461e+18 7
1757589393174 1.140963338711603e+20 8
1757589393261 2.754201708449497e+21 9
1757589393351 6.648440672432139e+22 10
1757589393443 1.6048847563696407e+24 11
1757589393539 3.874073949273994e+25 12
1757589393628 9.351730026020954e+26 13
1757589393719 2.25743895508168e+28 14
1757589393810 5.4492918655058316e+29 15
1757589393900 1.3154190401748254e+31 16
1757589393991 3.175324966914474e+32 17
1757589394081 7.665001294317857e+33 18
1757589394170 1.8502750255192007e+35 19
1757589394264 4.4664280390897904e+36 20
1757589394353 1.0781629300092665e+38 21
1757589394444 2.6026061395652937e+39 22
1757589394533 6.282500101950948e+40 23
1757589394624 1.516549389897553e+42 24
1757589394713 3.660838861402368e+43 25
1757589394803 8.836996182537183e+44 26
1757589394891 2.1331859851449942e+46 27
1757589394980 5.149354320432149e+47 28
1757589395069 1.2430163193459616e+49 29
1757589395159 3.000550115632194e+50 30
1757589395249 7.243107637683806e+51 31
1757589395341 1.7484329949283328e+53 32
1757589395435 4.220588855879043e+54 33
1757589395523 1.0188191564699073e+56 34
1757589395615 2.4593546280732555e+57 35
1757589395705 5.936701472695564e+58 36
1757589395797 1.433076140122063e+60 37
1757589395886 3.459340566192674e+61 38
1757589395979 8.350594094663335e+62 39
1757589396072 2.015772092962019e+64 40
1757589396161 4.865925806837214e+65 41
1757589396256 1.1745987574841662e+67 42
1757589396351 2.8353951454515126e+68 43
1757589396441 6.844435667605729e+69 44
1757589396531 1.6521965089466784e+71 45
1757589396620 3.988281045719136e+72 46
1757589396712 9.627417570191631e+73 47
1757589396810 2.3239879037692554e+75 48
1757589396907 5.609936140703096e+76 49
1757589397000 1.3541973885373335e+78 50
1757589397091 3.26893305222454e+79 51
1757589397180 7.890964338269694e+80 52
1757589397273 1.9048208449992744e+82 53
1757589397364 4.598097641814173e+83 54
1757589397431 1.1099470052085166e+85 55
1757589397507 2.679330563074511e+86 56
1757589397588 6.4677072261450414e+87 57
1757589397659 1.5612570296338407e+89 58
1757589397726 3.7687598206790328e+90 59
1757589397791 9.097509453197329e+91 60
1757589397856 2.196071975637405e+93 61
1757589397942 5.301156483530787e+94 62
1757589398032 1.279660246778749e+96 63
1757589398122 3.0890058655563125e+97 64
1757589398221 7.456633322368958e+98 65
1757589398320 1.7999765272135427e+100 66
1757589398414 4.3450111577840226e+101 67
1757589398507 1.0488537864709567e+103 68
1757589398599 2.531856019342222e+104 69
1757589398689 6.111714507174496e+105 70
1757589398781 1.4753230014600725e+107 71
1757589398870 3.561321387119919e+108 72
1757589398942 8.596768307554235e+109 73
1757589399018 2.0751967402059222e+111 74
1757589399085 5.0093725415131746e+112 75
1757589399158 1.2092257458527073e+114 76
1757589399227 2.91898215258581e+115 77
1757589399295 7.046208564725979e+116 78
1757589399369 1.7009030046187665e+118 79
1757589399457 4.105854949574086e+119 80
1757589399547 9.911232340212439e+120 81
1757589399644 2.3924987050958305e+122 82
1757589399734 5.775316184104839e+123 83
1757589399827 1.3941189165679073e+125 84
1757589399918 3.365300689305424e+126 85
1757589399986 8.123588737552236e+127 86
1757589400052 1.9609746667393973e+129 87
1757589400123 4.73364884391276e+130 88
1757589400191 1.1426680699926844e+132 89
1757589400259 2.7583168106351224e+133 90
1757589400328 6.6583742275051305e+134 91
1757589400394 1.6072826436241153e+136 92
1757589400477 3.879862273021112e+137 93
1757589400569 9.365702614488604e+138 94
1757589400662 2.260811835331904e+140 95
1757589400753 5.4574337507468493e+141 96
1757589400846 1.3173844314831448e+143 97
1757589400936 3.1800692772068195e+144 98
1757589401003 7.676453710971388e+145 99
1757589401072 1.8530395548000523e+147 100
1757589401145 4.4731014097642063e+148 101
1757589401219 1.0797738326850508e+150 102
1757589401285 2.6064947403301153e+151 103
1757589401355 6.291886898642948e+152 104
1757589401425 1.5188152936882914e+154 105
1757589401508 3.666308586759548e+155 106
1757589401598 8.850199697887329e+156 107
1757589401699 2.1363732167922372e+158 108
1757589401793 5.157048063578419e+159 109
1757589401883 1.2448735324434798e+161 110
1757589401974 3.0050332916676007e+162 111
1757589402045 7.253929695417163e+163 112
1757589402115 1.7510453601948077e+165 113
1757589402183 4.226894913796705e+166 114
1757589402251 1.0203413925435222e+168 115
1757589402323 2.4630291941715558e+169 116
1757589402389 5.945571605419912e+170 117
1757589402461 1.4352173250250716e+172 118
1757589402550 3.4645092293134375e+173 119
1757589402641 8.36307086788291e+174 120
1757589402731 2.0187838943956836e+176 121
1757589402821 4.87319607433041e+177 122
1757589402912 1.1763537466687699e+179 123
1757589402999 2.8396315604678188e+180 124
1757589403067 6.85466206235952e+181 125
1757589403132 1.6546650855440569e+183 126
1757589403231 3.994240008348527e+184 127
1757589403320 9.641802068390402e+185 128
1757589403394 2.3274602160037564e+187 129
1757589403470 5.618318047452501e+188 130
1757589403567 1.35622071927521e+190 131
1757589403666 3.2738172240451453e+191 132
1757589403776 7.902754370381914e+192 133
1757589403874 1.9076668721726155e+194 134
1757589403967 4.604967742416334e+195 135
1757589404043 1.111605397044198e+197 136
1757589404116 2.683333799184024e+198 137
1757589404194 6.477370744141032e+199 138
1757589404262 1.5635897319153003e+201 139
1757589404334 3.7743907926875543e+202 140
1757589404401 9.111102206122881e+203 141
1757589404470 2.199353166377039e+205 142
1757589404554 5.309077037026347e+206 143
1757589404645 1.2815722102290346e+208 144
1757589404741 3.0936212049227773e+209 145
1757589404833 7.467774412678236e+210 146
1757589404925 1.802665904601074e+212 147
1757589405017 4.351503117306633e+213 148
1757589405103 1.050420897826863e+215 149
1757589405177 2.5356389110766223e+216 150
1757589405252 6.120846130029669e+217 151
1757589405330 1.4775273081604408e+219 152
1757589405405 3.566642421624241e+220 153
1757589405486 8.609612894104491e+221 154
1757589405576 2.07829732907662e+223 155
1757589405672 5.0168571353593686e+224 156
1757589405769 1.2110324718450483e+226 157
1757589405869 2.923343456456774e+227 158
1757589405967 7.056736432003847e+228 159
1757589406057 1.7034443544696386e+230 160
1757589406136 4.1119895814934074e+231 161
1757589406219 9.926040891177066e+232 162
1757589406300 2.3960733805540412e+234 163
1757589406382 5.783945188159372e+235 164
1757589406467 1.3962018947807195e+237 165
1757589406554 3.370328845750393e+238 166
1757589406652 8.135726337974334e+239 167
1757589406750 1.963904594350414e+241 168
1757589406854 4.740721474010386e+242 169
1757589406953 1.1443753509613258e+244 170
1757589407050 2.762438061521492e+245 171
1757589407137 6.668322624506188e+246 172
1757589407241 1.6096841136054252e+248 173
1757589407323 3.885659245207202e+249 174
1757589407403 9.379696079652789e+250 175
1757589407478 2.2641897550633656e+252 176
1757589407559 5.465587800925498e+253 177
1757589407652 1.3193527593180748e+255 178
1757589407749 3.184820676058785e+256 179
1757589407845 7.687923238887321e+257 180
1757589408016 1.855808214613986e+259 181
1757589408126 4.479784751242137e+260 182
1757589408231 1.0813871422395824e+262 183
1757589408332 2.610389151123487e+263 184
1757589408428 6.30128772031721e+264 185
1757589408533 1.5210845830067604e+266 186
1757589408643 3.671786484532058e+267 187
1757589408746 8.863422940847966e+268 188
1757589408843 2.139565210539796e+270 189
1757589408940 5.164753302085172e+271 190
1757589409039 1.2467335204366052e+273 191
1757589409127 3.0095231660972327e+274 192
1757589409202 7.264767922582266e+275 193
1757589409295 1.7536616286433718e+277 194
1757589409382 4.2332103937093004e+278 195
1757589409472 1.0218659030175265e+280 196
1757589409563 2.4667092505053748e+281 197
1757589409661 5.954454991169658e+282 198
1757589409756 1.4373617091110834e+284 199
1757589409853 3.4696856150270395e+285 200
1757589409949 8.375566282874442e+286 201
1757589410043 2.0218001958162006e+288 202
1757589410143 4.880477204461407e+289 203
1757589410237 1.1781113580143716e+291 204
1757589410331 2.843874305188227e+292 205
1757589410429 6.864903736554216e+293 206
1757589410524 1.657137350486266e+295 207
1757589410629 4.000207874371499e+296 208
1757589410722 9.656208058727457e+297 209
1757589410819 2.330937716282629e+299 210
1757589410917 5.626712477760043e+300 211
1757589411014 1.3582470731080575e+302 212
1757589411112 3.278708693395016e+303 213
1757589411212 inf 214
1757589411307 inf 215
1757589411401 inf 216
