1757591142535 1064045278577.1412 0
1757591142598 868233531044.9602 1
1757591142660 729419772043.958 2
1757591142725 627511706952.0286 3
1757591142787 550674894593.31 4
1757591142850 491584001955.81854 5
1757591142912 445474094784.19165 6
1757591142973 409101525323.2965 7
1757591143035 380171365344.7481 8
1757591143113 357009086894.66125 9
1757591143177 338363624879.7719 10
1757591143241 323283565128.6851 11
1757591143306 311035712927.87573 12
1757591143371 301049342197.72455 13
1757591143438 292876727427.08234 14
1757591143501 286164449213.29443 15
1757591143567 280632099383.40906 16
1757591143632 276056227618.6742 17
1757591143772 272258092950.20108 18
1757591143841 269094230214.93854 19
1757591143905 266449129827.1279 20
1757591143969 264229522285.5189 21
1757591144034 262359892292.11642 22
1757591144097 260778942008.7422 23
1757591144161 259436791484.4225 24
1757591144224 258292754666.13275 25
1757591144288 257313566921.43192 26
1757591144352 256471968220.48462 27
1757591144414 255745567526.93253 28
1757591144476 255115930292.78558 29
1757591144538 254567843512.7157 30
1757591144604 254088722496.96817 31
1757591144670 253668131056.02283 32
1757591144733 253297392665.7307 33
1757591144798 252969274782.99222 34
1757591144860 252677732099.35342 35
1757591144923 252417697373.76514 36
1757591144986 252184910744.73505 37
1757591145051 251975780215.6749 38
1757591145114 251787267435.30594 39
1757591145176 251616794034.98004 40
1757591145239 251462164696.98532 41
1757591145303 251321503859.4572 42
1757591145365 251193203551.37158 43
1757591145429 251075880324.36096 44
1757591145492 250968339629.7621 45
1757591145555 250869546297.58603 46
1757591145618 250778600023.47812 47
1757591145681 250694714971.73422 48
1757591145744 250617202766.27655 49
1757591145819 250545458274.53214 50
1757591145883 250478947697.31534 51
1757591145948 250417198565.8439 52
1757591146012 250359791318.73413 53
1757591146075 250306352190.31467 54
1757591146140 250256547189.34824 55
1757591146204 250210076986.2774 56
1757591146268 250166672559.03473 57
1757591146332 250126091473.6006 58
1757591146395 250088114696.9229 59
1757591146458 250052543857.40137 60
1757591146521 250019198882.58563 61
1757591146584 249987915955.62354 62
1757591146648 249958545741.7805 63
1757591146711 249930951844.42035 64
1757591146774 249905009456.50192 65
1757591146839 249880604179.15283 66
1757591146904 249857630983.44275 67
1757591146967 249835993295.26187 68
1757591147034 249815602186.35165 69
1757591147107 249796375657.1492 70
1757591147172 249778237999.28592 71
1757591147241 249761119227.40286 72
1757591147312 249744954571.46655 73
1757591147375 249729684022.048 74
1757591147441 249715251922.10208 75
1757591147510 249701606599.68802 76
1757591147575 249688700036.83704 77
1757591147640 249676487570.41928 78
1757591147705 249664927621.41226 79
1757591147769 249653981449.43933 80
1757591147837 249643612929.84637 81
1757591147901 249633788350.92535 82
1757591147967 249624476229.18747 83
1757591148032 249615647140.8389 84
1757591148095 249607273567.83066 85
1757591148158 249599329757.0425 86
1757591148222 249591791591.32312 87
1757591148285 249584636471.25168 88
1757591148349 249577843206.60956 89
1757591148411 249571391916.66006 90
1757591148474 249565263938.428 91
1757591148538 249559441742.2564 92
1757591148602 249553908853.9899 93
1757591148667 249548649783.2007 94
1757591148730 249543649956.93085 95
1757591148793 249538895658.4747 96
1757591148857 249534373970.77316 97
1757591148919 249530072724.0301 98
1757591148983 249525980447.19965 99
1757591149060 249522086323.02362 100
1757591149123 249518380146.32993 101
1757591149189 249514852285.3267 102
1757591149254 249511493645.65283 103
1757591149321 249508295636.96475 104
1757591149386 249505250141.86035 105
1757591149451 249502349486.95724 106
1757591149514 249499586415.95816 107
1757591149576 249496954064.55142 108
1757591149640 249494445937.00674 109
1757591149703 249492055884.33798 110
1757591149768 249489778083.91605 111
1757591149832 249487607020.42352 112
1757591149896 249485537468.05365 113
1757591149960 249483564473.86057 114
1757591150023 249481683342.17978 115
1757591150085 249479889620.04007 116
1757591150152 249478179083.4974 117
1757591150216 249476547724.82486 118
1757591150280 249474991740.4988 119
1757591150345 249473507519.92645 120
1757591150409 249472091634.86246 121
1757591150475 249470740829.4685 122
1757591150540 249469452010.97153 123
1757591150604 249468222240.8808 124
1757591150672 249467048726.7258 125
