1757529977446 583401587781.2057 0
1757529977472 222050101907.98907 1
1757529977500 523495952718.53864 2
1757529977543 387471745297.431 3
1757529977572 119760030766.25745 4
1757529977603 145862988993.34543 5
1757529977632 185507498381.9913 6
1757529977664 594414284287.559 7
1757529977698 325268948516.913 8
1757529977724 154175746766.2572 9
1757529977751 318684911644.8222 10
1757529977776 189536646816.8452 11
1757529977803 307002099003.985 12
1757529977829 577903295120.2424 13
1757529977855 414599881167.4393 14
1757529977887 424598645041.0875 15
1757529977919 238922887752.22516 16
1757529977946 268429660728.10254 17
1757529977977 163484522247.87207 18
1757529978005 224184502217.7423 19
1757529978031 211219800469.92847 20
1757529978067 170793330199.38406 21
1757529978096 692439229426.4719 22
1757529978122 205851764808.3257 23
1757529978153 184118578710.44467 24
1757529978180 282860936219.37354 25
1757529978207 783608893492.3616 26
1757529978234 234044700759.0463 27
1757529978268 120895330391.72948 28
1757529978296 285937786828.7799 29
1757529978322 287201207102.1615 30
1757529978348 318883562360.9619 31
1757529978375 306138219145.8688 32
1757529978402 233909240033.28452 33
1757529978429 100603044217.61235 34
1757529978455 279393721208.45325 35
1757529978485 184094288370.19376 36
1757529978518 214592162995.87708 37
1757529978548 497170630602.4508 38
1757529978577 382729335418.21484 39
1757529978603 310886009025.31287 40
1757529978630 191440103331.1783 41
1757529978658 1435044624546.4844 42
1757529978684 283022951362.3744 43
1757529978719 224442757122.65332 44
1757529978749 450527365612.4972 45
1757529978777 200244513993.53275 46
1757529978811 230468035096.57104 47
1757529978842 122471684949.5797 48
1757529978869 217236307310.16968 49
1757529978896 219003792900.7829 50
1757529978927 177172744465.13754 51
1757529978955 123710223632.23969 52
1757529978982 280811941661.8551 53
1757529979008 257675027798.19455 54
1757529979037 186331271239.37936 55
1757529979065 307445497934.86615 56
1757529979092 139473374025.5856 57
1757529979126 395422921036.5209 58
1757529979156 377694179939.2187 59
1757529979184 1005361794978.2471 60
1757529979212 290729104784.99115 61
1757529979240 563409092951.6627 62
1757529979275 472259121694.6311 63
1757529979303 141156904910.17523 64
1757529979331 123004169236.41824 65
1757529979364 345029541650.7311 66
1757529979396 201527342609.4195 67
1757529979431 175196635833.8042 68
1757529979457 498669204557.6418 69
1757529979484 76399285996.3922 70
1757529979515 429135668280.166 71
1757529979545 628704698707.4471 72
1757529979574 333833475399.67865 73
1757529979604 500040479056.7355 74
1757529979631 363771214884.21155 75
1757529979659 157263770882.1381 76
1757529979686 118473795971.44579 77
1757529979713 332647603265.46674 78
1757529979740 98331315541.66075 79
1757529979767 146720294340.92267 80
1757529979800 273700877902.72003 81
1757529979833 147987746022.5549 82
1757529979863 116844773558.78722 83
1757529979891 344669365599.06757 84
1757529979918 315356129812.22345 85
1757529979946 232843065429.9143 86
1757529979973 163659304845.87192 87
1757529980001 211646128604.68768 88
1757529980033 363396316837.33966 89
1757529980060 143606327197.0479 90
1757529980088 425100121943.4944 91
1757529980116 358764766994.09894 92
1757529980145 169530158134.946 93
1757529980173 270491438700.29807 94
1757529980210 201607970611.1517 95
1757529980238 301845086763.16943 96
1757529980266 225504068734.47736 97
1757529980293 380064631444.0985 98
1757529980321 290365041248.03314 99
1757529980349 225088240233.15692 100
1757529980384 314802171119.9547 101
1757529980420 297578733017.1579 102
1757529980451 238434749240.7995 103
1757529980480 94436230439.20244 104
1757529980508 261412272634.38596 105
1757529980543 199200518075.92776 106
1757529980571 149264232770.02814 107
1757529980604 391985881405.123 108
1757529980634 493662486577.89905 109
1757529980663 256111655189.38464 110
1757529980691 276177714994.029 111
1757529980721 182181610802.91513 112
1757529980751 328619468424.0746 113
1757529980782 581702831788.3909 114
1757529980811 181490544358.38638 115
1757529980840 580724269023.3561 116
1757529980867 230324954286.64658 117
1757529980898 603449928913.4406 118
1757529980926 464403903976.58594 119
1757529980955 167392684483.29675 120
1757529980984 138911902084.12286 121
1757529981012 367216275051.6369 122
1757529981039 142528239518.13965 123
1757529981067 204504004562.0004 124
1757529981101 690596177613.27 125
1757529981131 210445682218.04327 126
1757529981160 381646625714.58466 127
1757529981189 116766324893.87413 128
1757529981218 140312364895.70203 129
1757529981253 131199575530.99811 130
1757529981283 143198026470.47104 131
1757529981312 171849742660.85217 132
1757529981342 155708710903.82782 133
1757529981374 261013583223.78278 134
1757529981402 175257816652.18274 135
1757529981434 579964077119.8679 136
1757529981462 347506985071.0729 137
1757529981491 288801049022.1369 138
1757529981519 128432349627.38953 139
1757529981550 522092525059.5488 140
1757529981583 165304284918.44235 141
1757529981612 204733731108.17065 142
1757529981641 112614092558.42967 143
1757529981672 365304080924.19305 144
1757529981703 550284332088.2231 145
1757529981736 185465051630.62772 146
1757529981766 102001659495.49133 147
1757529981803 773573070157.4436 148
1757529981832 113564420204.2963 149
1757529981860 118825029091.72142 150
1757529981893 281581073088.4132 151
1757529981921 208924911866.30276 152
1757529981950 1123883421968.7776 153
1757529981983 546719180250.8949 154
1757529982012 352935474014.8674 155
1757529982040 149241392985.3321 156
1757529982069 290674074566.3032 157
1757529982098 112163584831.19969 158
1757529982126 214494447802.97156 159
1757529982155 231535454898.25403 160
1757529982183 314574151833.00525 161
1757529982211 281492267380.78674 162
1757529982239 106328680690.70433 163
1757529982268 427363324040.53577 164
1757529982302 204107085905.50455 165
1757529982331 99518423515.02995 166
1757529982365 390905764009.1026 167
1757529982397 595443328925.7844 168
1757529982427 459436955839.36505 169
1757529982459 147994801933.4603 170
1757529982488 475785118918.4505 171
1757529982516 117701774410.90146 172
1757529982545 139836121198.02127 173
1757529982574 350697878846.1407 174
1757529982603 250035749748.6675 175
1757529982634 158740784459.7724 176
1757529982665 373724925555.41815 177
1757529982695 145079956560.69766 178
1757529982724 194470571530.24057 179
1757529982753 170630900196.4668 180
1757529982781 718588574495.3906 181
1757529982810 282207514197.01215 182
1757529982839 410380069994.5734 183
1757529982875 319626648208.54193 184
1757529982905 677046947893.7719 185
1757529982944 1065909340528.2808 186
1757529982979 224489120554.4865 187
1757529983019 370239124875.4854 188
1757529983065 321695474009.7102 189
1757529983101 340610673248.4098 190
1757529983141 206675587009.20972 191
1757529983183 291007549754.32477 192
1757529983222 373030820247.395 193
1757529983268 239232358168.64203 194
1757529983299 163196989642.57315 195
1757529983334 345895940524.1847 196
1757529983367 140501141899.10986 197
1757529983399 307550493462.8805 198
1757529983429 293045096038.14417 199
1757529983459 446422105287.31946 200
1757529983490 174246555509.88663 201
1757529983520 146485140684.31213 202
1757529983549 822670810190.9645 203
1757529983582 451727728439.4078 204
1757529983616 167834118858.04718 205
1757529983646 388966777536.411 206
1757529983675 175308057544.45038 207
1757529983705 218873141109.24988 208
1757529983734 136560606260.71631 209
1757529983764 347468398607.15704 210
1757529983794 74012827515.36624 211
1757529983824 222887889737.8151 212
1757529983855 223052183768.56577 213
1757529983900 708297160019.7208 214
1757529983931 577567544999.2587 215
1757529983966 752460558210.7053 216
1757529984005 131950834930.18304 217
1757529984040 359843599955.0633 218
1757529984073 101759175830.38925 219
1757529984107 248139321948.7971 220
1757529984138 620203241173.4817 221
1757529984174 391428469796.57684 222
1757529984205 443645088508.47034 223
1757529984241 487910779357.57166 224
1757529984274 363603005869.3241 225
1757529984316 429714854862.08746 226
1757529984347 172209925520.4279 227
1757529984382 164813052015.54633 228
1757529984418 438406647361.258 229
1757529984458 215986691404.5574 230
1757529984489 188686737346.3043 231
1757529984524 225283051624.94226 232
1757529984555 243837358623.77048 233
1757529984586 355872721774.7243 234
1757529984617 321435919405.2297 235
1757529984648 795685577258.68 236
1757529984678 98476903708.40114 237
1757529984709 241318772131.52692 238
1757529984741 339115391965.4535 239
1757529984772 164218462031.8402 240
1757529984803 306389674370.17474 241
1757529984834 48181258863.837135 242
1757529984869 750878038062.5127 243
1757529984899 70439735888.61456 244
1757529984930 150772354772.46927 245
1757529984960 221625763676.3741 246
1757529984991 107977149777.85237 247
1757529985021 288322221642.8004 248
1757529985055 228435239183.3618 249
1757529985087 118829454661.16812 250
1757529985117 98683124136.17867 251
1757529985149 199185268057.40158 252
1757529985180 322460891282.6756 253
1757529985210 133611909121.92194 254
1757529985241 394424944847.67706 255
1757529985272 147014882278.34064 256
1757529985308 107762247479.01694 257
1757529985341 189195057754.21515 258
1757529985372 195792515769.06174 259
1757529985404 294204358984.7894 260
1757529985435 150397322709.86542 261
1757529985466 104886443729.56349 262
1757529985497 138535213805.23654 263
1757529985529 269410827332.44122 264
1757529985565 410826897228.24396 265
1757529985600 440487346858.01086 266
1757529985630 184079285079.1896 267
1757529985673 1670578670437.483 268
1757529985704 207162099132.79395 269
1757529985735 278835715256.8168 270
1757529985766 298386609493.5994 271
1757529985798 305854507670.84 272
1757529985829 110316114674.81483 273
1757529985860 113792139016.39389 274
1757529985896 456496809380.31836 275
1757529985928 379262609801.92114 276
1757529985959 611464186843.0344 277
1757529985991 115671511167.3834 278
1757529986022 152606481679.37036 279
1757529986053 57397344868.93102 280
1757529986086 823877662583.2552 281
1757529986118 159660625232.01764 282
1757529986154 640263790311.9435 283
1757529986186 120815507472.91582 284
1757529986217 451521142278.33264 285
1757529986250 113271709974.29216 286
1757529986282 221544097007.91388 287
1757529986314 403458122644.35693 288
1757529986351 388554795447.68896 289
1757529986382 91852251101.79228 290
1757529986413 172309546252.59274 291
1757529986452 371087544862.01025 292
1757529986484 576377030695.0001 293
1757529986515 349399186178.4898 294
1757529986547 138353999814.37784 295
1757529986578 193276646203.30988 296
1757529986609 100204703664.96611 297
1757529986639 397243403689.00653 298
1757529986674 174175131263.51178 299
1757529986706 398795492197.43317 300
1757529986737 397958981997.5879 301
1757529986769 248474274849.1424 302
1757529986801 57774133523.781746 303
1757529986834 146724909479.02768 304
1757529986865 477640955226.2999 305
1757529986901 885756605705.9753 306
1757529986934 284227493467.86237 307
1757529986965 472191709100.0371 308
1757529987000 276618249547.9428 309
1757529987037 249451239526.35992 310
1757529987073 283281238087.85504 311
1757529987104 168446651066.57947 312
1757529987136 96599117156.9737 313
1757529987170 124842823930.49199 314
1757529987202 628524434286.0542 315
1757529987234 397432558733.19666 316
1757529987266 122455753172.22668 317
1757529987297 125036649798.88379 318
1757529987334 402058632405.53754 319
1757529987371 948782159514.3073 320
1757529987404 120959237196.38959 321
1757529987439 110534763479.27647 322
1757529987471 358509812530.622 323
1757529987503 101602830579.36668 324
1757529987534 353497529210.7662 325
1757529987566 211996682337.46683 326
1757529987598 137888328754.46112 327
1757529987630 607355227716.7502 328
1757529987664 64241136510.588 329
1757529987697 99007765108.11243 330
1757529987730 411353871876.90344 331
1757529987762 143807913480.93594 332
1757529987795 106704634373.67903 333
1757529987828 319404025071.0266 334
1757529987860 217785573817.2346 335
1757529987891 1130203540363.7134 336
1757529987923 150657581819.4636 337
1757529987957 251333615667.894 338
1757529987991 281338176742.2118 339
1757529988024 123570049664.8816 340
1757529988058 367095635792.3575 341
1757529988092 993964766216.292 342
1757529988124 273194454625.16675 343
1757529988157 420257317050.4397 344
1757529988189 490716136303.46857 345
1757529988230 109925387472.96967 346
1757529988264 639880102429.5934 347
1757529988297 304624481127.9806 348
1757529988330 432462640603.9425 349
1757529988363 142259813359.67694 350
1757529988400 154813870741.5184 351
1757529988433 180807428388.55347 352
1757529988465 298056089724.91907 353
1757529988499 405145744025.86005 354
1757529988533 510060391367.74994 355
1757529988566 129844324430.44629 356
1757529988600 249432791629.87164 357
1757529988632 171279929723.16815 358
1757529988668 79115033265.09656 359
1757529988703 109792602202.26027 360
1757529988736 601116746710.2622 361
1757529988773 572498444167.0001 362
1757529988808 161697185720.65033 363
1757529988841 216768396011.995 364
1757529988875 175302358295.034 365
1757529988908 400975668472.9358 366
1757529988942 372841608790.1518 367
1757529988975 179608000808.86786 368
1757529989014 148180000944.50018 369
1757529989050 118263138078.72672 370
1757529989084 277885920408.3 371
1757529989118 260295703415.30948 372
1757529989151 120407637636.96658 373
1757529989184 207811008618.70358 374
1757529989220 270587613719.66312 375
1757529989256 486882280508.4568 376
1757529989291 173349041808.24432 377
1757529989326 324094348747.1204 378
1757529989371 166659290861.46884 379
1757529989405 543558607247.71185 380
1757529989442 249836262312.81387 381
1757529989480 428676166228.68494 382
1757529989526 258045513700.32327 383
1757529989565 315537756939.86414 384
1757529989600 78629289306.51987 385
1757529989638 1292994533555.974 386
1757529989674 307629772207.3494 387
1757529989707 123727890601.28311 388
1757529989741 590331586303.4535 389
1757529989780 179600986539.38077 390
1757529989818 163888105705.709 391
1757529989851 262016175947.89465 392
1757529989885 58564567783.3458 393
1757529989918 312875315150.89545 394
1757529989953 152739511501.9805 395
1757529989987 493817774572.6556 396
1757529990021 176411038188.33713 397
1757529990054 187596977323.16312 398
1757529990089 142267104226.90405 399
1757529990122 258382964522.42004 400
1757529990156 318091866556.3768 401
1757529990197 97903498202.82465 402
1757529990231 294373443003.9229 403
1757529990265 299449989852.5684 404
1757529990299 257760693343.25858 405
1757529990332 139205095074.61487 406
1757529990377 187626474649.8343 407
1757529990417 167963960775.21832 408
1757529990457 520160992365.25916 409
1757529990493 389922096390.2925 410
1757529990526 173511638763.9109 411
1757529990560 182550053667.33102 412
1757529990598 294138396138.9878 413
1757529990632 120821188436.53185 414
1757529990667 210460162181.5651 415
1757529990700 326583864045.7459 416
1757529990738 253269345426.3634 417
1757529990776 149229575288.17987 418
1757529990811 162082649697.26825 419
1757529990846 357379185849.34827 420
1757529990882 217887326252.85623 421
1757529990919 477648146567.5319 422
1757529990955 572647278810.0642 423
1757529990990 299845949048.01166 424
1757529991023 297265533583.17224 425
1757529991057 489129284731.44946 426
1757529991099 268279227171.1952 427
1757529991135 182222666338.0243 428
1757529991169 182282670302.9625 429
1757529991203 528220118549.2886 430
1757529991237 422097376895.9305 431
1757529991271 168617260286.27042 432
1757529991312 286165026241.6954 433
1757529991347 225704390365.12274 434
1757529991391 90255790412.05992 435
1757529991426 286207033647.59955 436
1757529991461 159449997756.89258 437
1757529991498 321321165339.494 438
1757529991533 263100562864.18304 439
1757529991572 163107526735.62268 440
1757529991608 1946690290009.5388 441
1757529991643 532446837905.8102 442
1757529991677 401806804199.7945 443
1757529991711 72855697763.73227 444
1757529991745 324308571428.0997 445
1757529991791 598966122244.4615 446
1757529991826 189657663326.91666 447
1757529991864 159546130669.04803 448
1757529991899 145849231920.0859 449
1757529991937 451124520748.48956 450
1757529991974 251525388014.14313 451
1757529992015 224036579093.0088 452
1757529992052 123324051904.56384 453
1757529992087 428704694063.9432 454
1757529992121 325548790410.4775 455
1757529992156 143311852589.9283 456
1757529992191 232532514456.2472 457
1757529992225 108230395705.86935 458
1757529992260 912603822399.6045 459
1757529992296 313065881331.77167 460
1757529992331 156145054885.30435 461
1757529992366 82074217062.05887 462
1757529992403 165457239333.6035 463
1757529992437 276467742167.42096 464
1757529992472 408480844216.9984 465
1757529992509 303240109638.6389 466
1757529992544 399870859940.38885 467
1757529992579 160717005610.9285 468
1757529992615 98948334572.94727 469
1757529992650 552300210852.7816 470
1757529992684 140377171366.1566 471
1757529992719 160201921338.22144 472
1757529992754 200764330405.03796 473
1757529992795 257002333627.0435 474
1757529992842 193276903199.1382 475
1757529992883 106511203149.60364 476
1757529992919 74938757292.88965 477
1757529992959 186116310266.96777 478
1757529992995 299896054066.46625 479
1757529993032 566965406128.4645 480
1757529993074 252314975905.7748 481
1757529993111 188147429791.8001 482
1757529993146 229748191019.83563 483
1757529993183 101789173588.95357 484
1757529993218 414435325781.14233 485
1757529993252 691540529318.0894 486
1757529993288 347754023891.0094 487
1757529993322 508997337979.2509 488
1757529993357 923700429249.6523 489
1757529993392 194852544028.20218 490
1757529993427 590381806150.5947 491
1757529993463 110779057689.38133 492
1757529993500 369735909836.0496 493
1757529993535 753659319839.2551 494
1757529993570 157404818385.74716 495
1757529993606 198293032218.60968 496
1757529993641 321207287419.7243 497
1757529993678 69839874306.08934 498
1757529993714 136739770612.07372 499
