1757531690356 1064044748402.8925 0
1757531690401 868232875186.7762 1
1757531690448 727727414563.0452 2
1757531690494 623842899872.1705 3
1757531690541 545214575257.6398 4
1757531690589 484635616045.02496 5
1757531690637 437338163852.4968 6
1757531690686 400040026141.2865 7
1757531690733 370401972405.3799 8
1757531690781 346708633291.1055 9
1757531690831 327673704843.4612 10
1757531690879 312316113605.4298 11
1757531690939 299878026482.11536 12
1757531690987 289768474445.828 13
1757531691034 281523295068.1394 14
1757531691084 274775894222.77783 15
1757531691131 269235449622.85873 16
1757531691179 264670398602.6703 17
1757531691231 260895777011.38882 18
1757531691278 257763422626.71704 19
1757531691326 255154342677.04193 20
1757531691376 252972735592.24066 21
1757531691423 251141288434.23886 22
1757531691472 249597464711.62994 23
1757531691519 248290565115.70215 24
1757531691569 247179393997.91605 25
1757531691617 246230402223.25665 26
1757531691670 245416205783.03745 27
1757531691727 244714401588.7361 28
1757531691778 244106618869.0471 29
1757531691825 243577757772.21204 30
1757531691871 243115377034.6029 31
1757531691918 242709200588.71368 32
1757531691965 242350719259.44586 33
1757531692012 242032868625.9743 34
1757531692059 241749768006.04138 35
1757531692107 241496508580.26843 36
1757531692153 241268981093.9225 37
1757531692201 241063735490.61493 38
1757531692249 240877866354.08755 39
1757531692296 240708919244.39743 40
1757531692342 240554813978.99756 41
1757531692400 240413781678.81473 42
1757531692451 240284313014.78952 43
1757531692499 240165115583.23645 44
1757531692547 240055078733.83798 45
1757531692594 239953244491.8903 46
1757531692644 239858783472.2365 47
1757531692692 239770974888.56506 48
1757531692741 239689189928.2882 49
1757531692789 239612877897.89578 50
1757531692836 239541554652.76193 51
1757531692886 239474792913.8629 52
1757531692935 239412214145.74026 53
1757531692983 239353481728.51547 54
1757531693030 239298295204.4004 55
1757531693079 239246385418.01135 56
1757531693127 239197510401.55115 57
1757531693178 239151451881.9037 58
1757531693225 239108012307.9738 59
1757531693274 239067012314.07523 60
1757531693321 239028288549.52185 61
1757531693368 238991691816.38968 62
1757531693415 238957085467.15314 63
1757531693463 238924344021.93115 64
1757531693510 238893351971.72037 65
1757531693558 238864002739.4883 66
1757531693606 238836197775.55762 67
1757531693654 238809845767.49347 68
1757531693704 238784861947.85455 69
1757531693752 238761167485.7867 70
1757531693801 238738688950.6234 71
1757531693848 238717357837.48392 72
1757531693898 238697110146.38815 73
1757531693946 238677886007.68585 74
1757531693996 238659629347.67508 75
1757531694044 238642287589.18692 76
1757531694093 238625811382.67618 77
1757531694141 238610154363.99973 78
1757531694189 238595272935.60645 79
1757531694242 238581126068.32382 80
1757531694293 238567675121.31406 81
1757531694345 238554883678.10657 82
1757531694393 238542717396.89157 83
1757531694441 238531143873.50433 84
1757531694490 238520132515.73105 85
1757531694537 238509654427.74524 86
1757531694587 238499682303.63324 87
1757531694635 238490190329.0966 88
1757531694685 238481154090.53098 89
1757531694734 238472550490.77655 90
1757531694790 238464357670.91827 91
1757531694843 238456554937.58548 92
1757531694892 238449122695.26315 93
1757531694942 238442042383.18076 94
1757531694993 238435296416.3922 95
1757531695041 238428868130.70068 96
1757531695089 238422741731.11908 97
1757531695139 238416902243.58728 98
1757531695191 238411335469.69614 99
1757531695239 238406027944.19165 100
1757531695288 238400966895.05405 101
1757531695337 238396140205.9673 102
1757531695386 238391536381.00882 103
1757531695437 238387144511.40567 104
1757531695491 238382954244.21756 105
1757531695542 238378955752.81656 106
1757531695593 238375139709.04602 107
1757531695645 238371497256.9506 108
1757531695694 238368019987.97632 109
1757531695743 238364699917.54953 110
1757531695793 238361529462.94867 111
1757531695843 238358501422.3903 112
1757531695892 238355608955.25568 113
1757531695940 238352845563.39117 114
1757531695993 238350205073.41718 115
1757531696044 238347681619.9883 116
1757531696092 238345269629.94974 117
1757531696141 238342963807.33685 118
1757531696189 238340759119.17276 119
1757531696237 238338650782.01633 120
1757531696286 238336634249.22003 121
1757531696335 238334705198.85846 122
1757531696385 238332859522.28882 123
1757531696435 238331093313.31085 124
1757531696484 238329402857.89175 125
1757531696533 238327784624.4263 126
1757531696582 238326235254.50296 127
1757531696633 238324751554.14883 128
1757531696683 238323330485.52747 129
1757531696734 238321969159.06573 130
1757531696784 238320664825.98727 131
1757531696834 238319414871.22943 132
1757531696883 238318216806.72534 133
1757531696931 238317068265.03076 134
1757531696981 238315966993.27744 135
1757531697030 238314910847.43668 136
1757531697083 238313897786.87573 137
1757531697132 238312925869.19345 138
1757531697181 238311993245.3182 139
1757531697230 238311098154.8568 140
1757531697290 238310238921.67993 141
1757531697338 238309413949.7322 142
1757531697390 238308621719.0554 143
1757531697440 238307860782.01355 144
1757531697490 238307129759.7097 145
1757531697540 238306427338.58426 146
1757531697591 238305752267.18567 147
1757531697641 238305103353.10458 148
1757531697694 238304479460.063 149
1757531697744 238303879505.1506 150
1757531697794 238303302456.20038 151
1757531697844 238302747329.2969 152
1757531697894 238302213186.40997 153
1757531697945 238301699133.1474 154
1757531697995 238301204316.62106 155
1757531698045 238300727923.4202 156
1757531698096 238300269177.68613 157
1757531698146 238299827339.28418 158
1757531698197 238299401702.0666 159
1757531698246 238298991592.22357 160
1757531698298 238298596366.71494 161
1757531698347 238298215411.7825 162
1757531698397 238297848141.53516 163
1757531698446 238297493996.60495 164
1757531698497 238297152442.8706 165
1757531698546 238296822970.2442 166
1757531698597 238296505091.51825 167
1757531698648 238296198341.2706 168
1757531698701 238295902274.82285 169
1757531698752 238295616467.25137 170
1757531698803 238295340512.4467 171
1757531698854 238295074022.21954 172
1757531698906 238294816625.4518 173
1757531698955 238294567967.28818 174
1757531699006 238294327708.3688 175
1757531699055 238294095524.09937 176
1757531699106 238293871103.95663 177
1757531699159 238293654150.82916 178
1757531699210 238293444380.38937 179
1757531699258 238293241520.49692 180
1757531699308 238293045310.6313 181
1757531699360 238292855501.35193 182
1757531699411 238292671853.78503 183
1757531699462 238292494139.13513 184
1757531699512 238292322138.22043 185
1757531699562 238292155641.03098 186
1757531699616 238291994446.30814 187
1757531699667 238291838361.14435 188
1757531699731 238291687200.6026 189
1757531699782 238291540787.35397 190
1757531699834 238291398951.3327 191
1757531699885 238291261529.4079 192
1757531699936 238291128365.07138 193
1757531699986 238290999308.13974 194
1757531700037 238290874214.47156 195
1757531700088 238290752945.69742 196
1757531700137 238290635368.9633 197
1757531700188 238290521356.6858 198
1757531700237 238290410786.31943 199
1757531700288 238290303540.13455 200
1757531700339 238290199505.0061 201
1757531700389 238290098572.2121 202
1757531700439 238290000637.2418 203
1757531700490 238289905599.61285 204
1757531700542 238289813362.697 205
1757531700594 238289723833.5539 206
1757531700644 238289636922.7729 207
1757531700695 238289552544.32175 208
1757531700747 238289470615.40317 209
1757531700798 238289391056.3171 210
1757531700850 238289313790.32996 211
1757531700900 238289238743.5496 212
1757531700950 238289165844.80658 213
1757531701000 238289095025.54004 214
1757531701053 238289026219.68948 215
1757531701104 238288959363.59113 216
1757531701154 238288894395.8793 217
1757531701205 238288831257.3918 218
1757531701257 238288769891.08035 219
1757531701308 238288710241.92398 220
1757531701359 238288652256.84753 221
1757531701408 238288595884.6426 222
1757531701459 238288541075.89334 223
1757531701510 238288487782.90414 224
1757531701561 238288435959.6316 225
1757531701611 238288385561.61926 226
1757531701667 238288336545.93478 227
1757531701727 238288288871.1104 228
