1757529910993 1019578695042.7883 0
1757529911012 830198119248.5414 1
1757529911031 626078482637.1324 2
1757529911052 476098684983.5781 3
1757529911074 380797710204.7912 4
1757529911095 322506883758.0449 5
1757529911118 286937429549.6109 6
1757529911139 265549560680.43692 7
1757529911159 253055395956.32687 8
1757529911177 245853652122.8466 9
1757529911198 241573672902.79602 10
1757529911218 238841029376.7689 11
1757529911236 236955279349.70935 12
1757529911256 235577270813.42505 13
1757529911280 234529200110.60892 14
1757529911302 233704026014.39188 15
1757529911322 233033261179.56708 16
1757529911346 232473875479.4361 17
1757529911371 231999264396.60065 18
1757529911389 231592278298.05963 19
1757529911407 231240844368.33963 20
1757529911429 230935774987.63797 21
1757529911447 230669791213.54846 22
1757529911468 230437026998.0593 23
1757529911488 230232694779.7827 24
1757529911508 230052836028.97986 25
1757529911528 229894139233.44586 26
1757529911554 229753810519.80713 27
1757529911574 229629478396.7735 28
1757529911595 229519119597.447 29
1757529911614 229420999208.38434 30
1757529911636 229333622637.98346 31
1757529911656 229255696880.24112 32
1757529911678 229186099309.0177 33
1757529911699 229123852292.65323 34
1757529911722 229068102295.45322 35
1757529911743 229018102494.82745 36
1757529911763 228973198205.1558 37
1757529911783 228932814571.61362 38
1757529911802 228896446115.6962 39
1757529911829 228863647803.30075 40
1757529911853 228834027375.6364 41
1757529911872 228807238736.69135 42
1757529911891 228782976231.58142 43
1757529911911 228760969681.02896 44
1757529911930 228740980061.18347 45
1757529911952 228722795736.89005 46
1757529911973 228706229171.59726 47
1757529911993 228691114049.2402 48
1757529912015 228677302753.2992 49
1757529912038 228664664156.31888 50
1757529912058 228653081679.85858 51
1757529912078 228642451590.43317 52
1757529912097 228632681501.69714 53
1757529912115 228623689057.1028 54
1757529912135 228615400770.65164 55
1757529912156 228607751006.2553 56
1757529912180 228600681078.7161 57
1757529912203 228594138461.48892 58
1757529912223 228588076088.2469 59
1757529912253 228582451736.89212 60
1757529912278 228577227486.05634 61
1757529912298 228572369235.3656 62
1757529912321 228567846281.81006 63
1757529912342 228563630945.4972 64
1757529912363 228559698238.8854 65
1757529912385 228556025574.3104 66
1757529912406 228552592505.24637 67
1757529912427 228549380497.29526 68
