1757530922359 1019575654055.7128 0
1757530922416 4125255595631.9463 1
1757530922471 1.3019242612295794e+16 2
1757530922522 5.2763059871922086e+19 3
1757530922573 2.1383772218451483e+23 4
1757530922623 8.666398744743663e+26 5
1757530922673 3.5123114125076126e+30 6
1757530922722 1.423466865739066e+34 7
1757530922772 5.769015556654103e+37 8
1757530922823 2.3380621842319602e+41 9
1757530922875 9.475680423552182e+44 10
1757530922925 3.8402964683672534e+48 11
1757530922978 1.5563923967188178e+52 12
1757530923028 6.30773512544472e+55 13
1757530923158 2.5563940364042573e+59 14
1757530923210 1.0360534073476177e+63 15
1757530923265 4.1989092745124186e+66 16
1757530923315 1.7017307187592582e+70 17
1757530923366 6.896761158301466e+73 18
1757530923419 2.7951140536110235e+77 19
1757530923469 1.1328016721718599e+81 20
1757530923519 4.591009897494296e+84 21
1757530923568 1.8606409574308013e+88 22
1757530923621 7.540791350413996e+91 23
1757530923686 3.0561261141427616e+95 24
1757530923739 1.2385844391560505e+99 25
1757530923788 5.019725481288987e+102 26
1757530923840 2.0343904792370194e+106 27
1757530923889 8.244962074992724e+109 28
1757530923938 3.3415118833805814e+113 29
1757530923990 1.3542453640435347e+117 30
1757530924042 5.48847518739925e+120 31
1757530924092 2.224364999319939e+124 32
1757530924141 9.014889347699033e+127 33
1757530924190 3.653547415828952e+131 34
1757530924239 1.4807068844519393e+135 35
1757530924289 6.000997463901583e+138 36
1757530924338 2.4320796330384083e+142 37
1757530924387 9.856713616396968e+145 38
1757530924436 3.9947213074717246e+149 39
1757530924485 1.6189775766460631e+153 40
1757530924535 6.561379860918651e+156 41
1757530924585 2.6591909795598555e+160 42
1757530924634 1.0777148733441035e+164 43
1757530924685 4.3677545432233e+167 44
1757530924735 1.770160199297593e+171 45
1757530924786 7.174091630306838e+174 46
1757530924838 2.9075103338365174e+178 47
1757530924890 1.1783535501071614e+182 48
1757530924941 4.775622197765246e+185 49
1757530924991 1.935460488383483e+189 50
1757530925052 7.844019369552666e+192 51
1757530925104 3.179018132336392e+196 52
1757530925157 1.2883900216962238e+200 53
1757530925209 5.221577162840631e+203 54
1757530925260 2.116196773365518e+207 55
1757530925308 8.57650599415132e+210 56
1757530925356 3.475879747738773e+214 57
1757530925403 1.4087018686840092e+218 58
1757530925452 5.70917609023958e+221 59
1757530925503 2.3138104913435584e+225 60
1757530925551 9.377393349285976e+228 61
1757530925601 3.8004627585628845e+232 62
1757530925650 1.540248621470397e+236 63
1757530925700 6.242307757380972e+239 64
1757530925758 2.5298776830366157e+243 65
1757530925814 1.0253068800651414e+247 66
1757530925862 4.1553558314609554e+250 67
1757530925910 1.6840794128836388e+254 68
1757530925958 6.825224081715682e+257 69
1757530926007 2.7661215622763734e+261 70
1757530926056 1.1210516176000678e+265 71
1757530926105 4.543389366769121e+268 72
1757530926153 1.841341345393324e+272 73
1757530926201 7.4625740313029e+275 74
1757530926248 3.0244262592594224e+279 75
1757530926299 1.2257371463691771e+283 76
1757530926347 4.967658071971458e+286 77
1757530926396 2.0132886396665198e+290 78
1757530926444 8.159440702008008e+293 79
1757530926501 3.306851847165481e+297 80
1757530926569 1.3401983712450562e+301 81
1757530926635 inf 82
1757530926688 inf 83
