1757583598230 1064041747210.9316 0
1757583598293 1037581098895.6744 1
1757583598359 1012166113349.1173 2
1757583598428 987739224105.0077 3
1757583598494 964248215873.4049 4
1757583598576 941645471579.3276 5
1757583598641 919887344106.5211 6
1757583598702 898933631159.0529 7
1757583598766 878747135430.394 8
1757583598831 859293295384.1106 9
1757583598890 840539874518.5596 10
1757583598958 822456699105.8885 11
1757583599020 805015436142.227 12
1757583599089 788189404686.397 13
1757583599153 771953414952.4596 14
1757583599225 756283630501.2797 15
1757583599293 741157449684.5227 16
1757583599360 726553403161.226 17
1757583599433 712451064857.1237 18
1757583599496 698830974190.7294 19
1757583599561 685674567764.6598 20
1757583599637 672964119029.7328 21
1757583599698 660682684684.4717 22
1757583599764 648814056783.249 23
1757583599828 637342719700.2002 24
1757583599892 626253811239.681 25
1757583599961 615533087302.7054 26
1757583600033 605166889616.8856 27
1757583600101 595142116118.4824 28
1757583600169 585446193642.2511 29
1757583600240 576067052630.2794 30
1757583600302 566993103616.9832 31
1757583600366 558213215285.5171 32
1757583600426 549716693922.44904 33
1757583600489 541493264123.7736 34
1757583600552 533533050627.1272 35
1757583600616 525826561163.19714 36
1757583600683 518364670234.4236 37
1757583600754 511138603741.6933 38
1757583600818 504139924390.259 39
1757583600880 497360517814.9422 40
1757583600951 490792579372.0861 41
1757583601023 484428601551.95526 42
1757583601087 478261361970.5467 43
1757583601153 472283911904.2248 44
1757583601222 466489565334.3846 45
1757583601287 460871888472.57245 46
1757583601352 455424689739.2563 47
1757583601417 450142010171.8213 48
1757583601500 445018114239.418 49
1757583601573 440047481044.07697 50
1757583601642 435224795889.06354 51
1757583601709 430544942196.81885 52
1757583601778 426002993760.0355 53
1757583601846 421594207310.4988 54
1757583601917 417314015391.27747 55
1757583601988 413158019518.713 56
1757583602052 409121983621.4323 57
1757583602120 405201827744.3198 58
1757583602185 401393622006.0244 59
1757583602255 397693580799.1737 60
1757583602327 394098057223.01044 61
1757583602396 390603537738.672 62
1757583602460 387206637037.8037 63
1757583602524 383904093115.6309 64
1757583602595 380692762540.0287 65
1757583602662 377569615908.50757 66
1757583602731 374531733485.3994 67
1757583602799 371576301011.86426 68
1757583602865 368700605681.66327 69
1757583602933 365902032275.9495 70
1757583603007 363178059450.61414 71
1757583603080 360526256170.0016 72
1757583603149 357944278281.0737 73
1757583603228 355429865222.34186 74
1757583603295 352980836862.1337 75
1757583603376 350595090460.9812 76
1757583603460 348270597753.1344 77
1757583603526 346005402142.4133 78
1757583603593 343797616007.8052 79
1757583603664 341645418114.40546 80
1757583603732 339547051125.47986 81
1757583603802 337500819211.59827 82
1757583603871 335505085752.9567 83
1757583603937 333558271131.1627 84
1757583604008 331658850606.9086 85
1757583604078 329805352280.1069 86
1757583604144 327996355129.1969 87
1757583604209 326230487126.4693 88
1757583604278 324506423426.3783 89
1757583604347 322822884623.9401 90
1757583604415 321178635080.42847 91
1757583604483 319572481313.6932 92
1757583604554 318003270450.53687 93
1757583604622 316469888738.68524 94
1757583604688 314971260115.9908 95
1757583604756 313506344834.59955 96
1757583604824 312074138137.90594 97
1757583604887 310673668988.20807 98
1757583604959 309303998843.0577 99
1757583605028 307964220478.382 100
1757583605112 306653456856.5321 101
1757583605180 305370860037.4836 102
1757583605245 304115610131.4918 103
1757583605312 302886914291.5677 104
1757583605379 301684005744.20734 105
1757583605447 300506142856.87274 106
1757583605517 299352608240.7786 107
1757583605584 298222707887.6017 108
1757583605653 297115770338.7805 109
1757583605722 296031145886.1301 110
1757583605789 294968205802.54614 111
1757583605863 293926341601.6204 112
1757583605933 292904964325.0405 113
1757583606002 291903503856.6873 114
1757583606070 290921408262.3901 115
1757583606137 289958143154.3401 116
1757583606203 289013191079.2022 117
1757583606271 288086050929.0045 118
1757583606342 287176237373.91956 119
1757583606409 286283280316.0899 120
1757583606480 285406724363.6809 121
1757583606551 284546128324.37885 122
1757583606621 283701064717.5814 123
1757583606690 282871119304.55914 124
1757583606760 282055890635.8945 125
1757583606827 281254989615.53217 126
1757583606893 280468039080.80206 127
1757583606967 279694673397.7998 128
1757583607037 278934538071.53577 129
1757583607105 278187289370.2859 130
1757583607177 277452593963.6002 131
1757583607248 276730128573.4469 132
1757583607314 276019579637.98914 133
1757583607381 275320642987.5136 134
1757583607452 274633023532.04706 135
1757583607521 273956434960.21616 136
1757583607591 273290599448.9232 137
1757583607659 272635247383.42694 138
1757583607728 271990117087.4354 139
1757583607797 271354954562.82968 140
1757583607868 270729513238.65643 141
1757583607935 270113553729.03845 142
1757583608005 269506843599.66757 143
1757583608079 268909157142.5568 144
1757583608149 268320275158.74112 145
1757583608221 267739984748.62976 146
1757583608287 267168079109.72192 147
1757583608361 266604357341.41205 148
1757583608423 266048624256.61868 149
1757583608493 265500690199.98386 150
1757583608559 264960370872.3971 151
1757583608629 264427487161.61032 152
1757583608708 263901864978.71738 153
1757583608780 263383335100.2801 154
1757583608846 262871733015.8944 155
1757583608917 262366898780.9932 156
1757583608982 261868676874.69495 157
1757583609052 261376916062.51205 158
1757583609117 260891469263.74023 159
1757583609185 260412193423.35812 160
1757583609259 259938949388.27164 161
1757583609330 259471601787.7451 162
1757583609405 259010018917.86633 163
1757583609471 258554072629.89896 164
1757583609544 258103638222.38165 165
1757583609614 257658594336.83752 166
1757583609686 257218822856.96463 167
1757583609753 256784208811.1806 168
1757583609822 256354640278.40195 169
1757583609887 255930008296.9412 170
1757583609954 255510206776.4105 171
1757583610025 255095132412.52408 172
1757583610092 254684684604.69583 173
1757583610165 254278765376.33334 174
1757583610239 253877279297.73175 175
1757583610308 253480133411.4757 176
1757583610377 253087237160.26074 177
1757583610448 252698502317.0488 178
1757583610516 252313842917.4751 179
1757583610584 251933175194.42847 180
1757583610654 251556417514.72772 181
1757583610726 251183490317.8219 182
1757583610794 250814316056.4432 183
1757583610861 250448819139.14444 184
1757583610929 250086925874.6568 185
1757583610997 249728564418.0033 186
1757583611064 249373664718.30872 187
1757583611134 249022158468.2469 188
1757583611202 248673979055.069 189
1757583611271 248329061513.1591 190
1757583611338 247987342478.0646 191
1757583611409 247648760141.9511 192
1757583611480 247313254210.4335 193
1757583611547 246980765860.73657 194
1757583611621 246651237701.1403 195
1757583611685 246324613731.6656 196
1757583611758 246000839305.96057 197
1757583611828 245679861094.3452 198
1757583611897 245361627047.97678 199
1757583611964 245046086364.09805 200
1757583612039 244733189452.33276 201
1757583612108 244422887901.99316 202
1757583612172 244115134450.3664 203
1757583612250 243809882951.94727 204
1757583612326 243507088348.58664 205
1757583612390 243206706640.5243 206
1757583612477 242908694858.2793 207
1757583612542 242613011035.36807 208
1757583612612 242319614181.82355 209
1757583612676 242028464258.49072 210
1757583612744 241739522152.07217 211
1757583612810 241452749650.8993 212
1757583612882 241168109421.40717 213
1757583612951 240885564985.28943 214
1757583613019 240605080697.31128 215
1757583613091 240326621723.7611 216
1757583613159 240050154021.5185 217
1757583613225 239775644317.7204 218
1757583613294 239503060090.0064 219
1757583613369 239232369547.3244 220
1757583613445 238963541611.27966 221
1757583613516 238696545898.00967 222
1757583613602 238431352700.56894 223
1757583613676 238167932971.80774 224
1757583613743 237906258307.7289 225
1757583613812 237646300931.30927 226
1757583613884 237388033676.76935 227
1757583613956 237131429974.2801 228
1757583614026 236876463835.0907 229
1757583614095 236623109837.06653 230
1757583614166 236371343110.6244 231
1757583614242 236121139325.05148 232
1757583614313 235872474675.199 233
1757583614384 235625325868.53702 234
1757583614454 235379670112.56067 235
1757583614544 235135485102.53705 236
1757583614623 234892749009.5827 237
1757583614695 234651440469.06137 238
1757583614764 234411538569.29337 239
1757583614835 234173022840.56638 240
1757583614912 233935873244.4396 241
1757583614987 233700070163.33203 242
1757583615058 233465594390.38724 243
1757583615129 233232427119.6055 244
1757583615205 233000549936.23663 245
1757583615273 232769944807.42526 246
1757583615345 232540594073.10138 247
1757583615418 232312480437.1092 248
1757583615487 232085586958.5674 249
1757583615562 231859897043.45413 250
1757583615628 231635394436.41013 251
1757583615703 231412063212.7543 252
1757583615771 231189887770.70496 253
1757583615836 230968852823.80173 254
1757583615909 230748943393.52148 255
1757583615998 230530144802.084 256
1757583616067 230312442665.44095 257
1757583616133 230095822886.4435 258
1757583616206 229880271648.1838 259
1757583616278 229665775407.5054 260
1757583616348 229452320888.67734 261
1757583616415 229239895077.2282 262
1757583616482 229028485213.93512 263
1757583616555 228818078788.96417 264
1757583616626 228608663536.15674 265
1757583616693 228400227427.45956 266
1757583616765 228192758667.49286 267
1757583616837 227986245688.2542 268
1757583616913 227780677143.95334 269
1757583616987 227576041905.97525 270
1757583617060 227372329057.96735 271
1757583617132 227169527891.04794 272
1757583617202 226967627899.13275 273
1757583617269 226766618774.37546 274
1757583617340 226566490402.72083 275
1757583617410 226367232859.56546 276
1757583617477 226168836405.5254 277
1757583617555 225971291482.3056 278
1757583617624 225774588708.6708 279
1757583617696 225578718876.51334 280
1757583617766 225383672947.01596 281
1757583617837 225189442046.90762 282
1757583617945 224996017464.8095 283
1757583618016 224803390647.66818 284
1757583618090 224611553197.27524 285
1757583618158 224420496866.86935 286
1757583618236 224230213557.8203 287
1757583618302 224040695316.39154 288
1757583618380 223851934330.57996 289
1757583618451 223663922927.03082 290
1757583618521 223476653568.02585 291
1757583618591 223290118848.5424 292
1757583618664 223104311493.38226 293
1757583618735 222919224354.3682 294
1757583618811 222734850407.60638 295
1757583618876 222551182750.8131 296
1757583618949 222368214600.7044 297
1757583619022 222185939290.4467 298
1757583619100 222004350267.16666 299
1757583619171 221823441089.5199 300
1757583619239 221643205425.31567 301
1757583619312 221463637049.19717 302
1757583619383 221284729840.37527 303
1757583619453 221106477780.41537 304
1757583619523 220928874951.07495 305
1757583619610 220751915532.19128 306
1757583619681 220575593799.61786 307
1757583619751 220399904123.20822 308
1757583619826 220224840964.84644 309
1757583619896 220050398876.52216 310
1757583619968 219876572498.45074 311
1757583620038 219703356557.23532 312
1757583620115 219530745864.07175 313
1757583620187 219358735312.99384 314
1757583620255 219187319879.15915 315
1757583620328 219016494617.17325 316
1757583620398 218846254659.45215 317
1757583620462 218676595214.6224 318
1757583620533 218507511565.95636 319
1757583620611 218338999069.84378 320
1757583620688 218171053154.2978 321
1757583620767 218003669317.4937 322
1757583620837 217836843126.34198 323
1757583620904 217670570215.0921 324
1757583620971 217504846283.96857 325
1757583621046 217339667097.83728 326
1757583621115 217175028484.90146 327
1757583621185 217010926335.42706 328
1757583621270 216847356600.49658 329
1757583621340 216684315290.79044 330
1757583621411 216521798475.3957 331
1757583621484 216359802280.64136 332
1757583621555 216198322888.959 333
1757583621663 216037356537.7693 334
1757583621731 215876899518.39282 335
1757583621804 215716948174.9851 336
1757583621880 215557498903.49493 337
1757583621954 215398548150.64603 338
1757583622023 215240092412.94073 339
1757583622093 215082128235.68607 340
1757583622165 214924652212.0405 341
1757583622237 214767660982.0826 342
1757583622302 214611151231.89902 343
1757583622379 214455119692.69327 344
1757583622451 214299563139.91345 345
1757583622520 214144478392.3993 346
1757583622592 213989862311.54785 347
1757583622666 213835711800.4968 348
1757583622736 213682023803.32635 349
1757583622805 213528795304.27765 350
1757583622877 213376023326.9888 351
1757583622948 213223704933.74686 352
1757583623022 213071837224.7566 353
1757583623092 212920417337.42432 354
1757583623163 212769442445.6579 355
1757583623249 212618909759.18146 356
1757583623319 212468816522.86453 357
1757583623395 212319160016.06653 358
1757583623471 212169937551.99435 359
1757583623554 212021146477.07416 360
1757583623632 211872784170.33655 361
1757583623705 211724848042.81512 362
1757583623795 211577335536.95743 363
1757583623871 211430244126.04858 364
1757583623943 211283571313.64755 365
1757583624010 211137314633.03497 366
1757583624090 210991471646.67288 367
1757583624164 210846039945.67593 368
1757583624237 210701017149.29352 369
1757583624310 210556400904.40344 370
1757583624381 210412188885.01572 371
1757583624457 210268378791.78705 372
1757583624533 210124968351.54565 373
1757583624606 209981955316.82578 374
1757583624676 209839337465.41238 375
1757583624758 209697112599.89496 376
1757583624829 209555278547.2311 377
1757583624903 209413833158.319 378
1757583624973 209272774307.57867 379
1757583625051 209132099892.54242 380
1757583625126 208991807833.45334 381
1757583625198 208851896072.87262 382
1757583625271 208712362575.2945 383
1757583625345 208573205326.76956 384
1757583625416 208434422334.53595 385
1757583625481 208296011626.65778 386
1757583625557 208157971251.67133 387
1757583625635 208020299278.2385 388
1757583625706 207882993794.8074 389
1757583625784 207746052909.27975 390
1757583625855 207609474748.68536 391
1757583625928 207473257458.86307 392
1757583626000 207337399204.14847 393
1757583626076 207201898167.06772 394
1757583626156 207066752548.03784 395
1757583626227 206931960565.07294 396
1757583626303 206797520453.49667 397
1757583626374 206663430465.6601 398
1757583626450 206529688870.66595 399
1757583626521 206396293954.09747 400
1757583626594 206263244017.754 401
1757583626664 206130537379.39078 402
1757583626733 205998172372.46466 403
1757583626801 205866147345.88458 404
1757583626878 205734460663.7673 405
1757583626961 205603110705.198 406
1757583627032 205472095863.99542 407
1757583627105 205341414548.482 408
1757583627179 205211065181.25827 409
1757583627251 205081046198.9823 410
1757583627323 204951356052.15295 411
1757583627397 204821993204.8977 412
1757583627470 204692956134.7644 413
1757583627545 204564243332.51788 414
1757583627619 204435853301.9394 415
1757583627692 204307784559.63135 416
1757583627768 204180035634.8246 417
1757583627853 204052605069.19067 418
1757583627926 203925491416.65656 419
1757583627997 203798693243.22424 420
1757583628065 203672209126.79285 421
1757583628137 203546037656.9846 422
1757583628215 203420177434.97433 423
1757583628301 203294627073.32202 424
1757583628371 203169385195.8088 425
1757583628444 203044450437.2758 426
1757583628513 202919821443.46646 427
1757583628588 202795496870.87173 428
1757583628659 202671475386.5781 429
1757583628733 202547755668.11884 430
1757583628808 202424336403.32782 431
1757583628882 202301216290.19623 432
1757583628952 202178394036.7321 433
1757583629030 202055868360.8221 434
1757583629106 201933637990.09668 435
1757583629188 201811701661.797 436
1757583629262 201690058122.64474 437
1757583629333 201568706128.7147 438
1757583629405 201447644445.3087 439
1757583629479 201326871846.83316 440
1757583629552 201206387116.6782 441
1757583629630 201086189047.0989 442
1757583629707 200966276439.09937 443
1757583629780 200846648102.31842 444
1757583629850 200727302854.9175 445
1757583629921 200608239523.47083 446
1757583629992 200489456942.85754 447
1757583630067 200370953956.1555 448
1757583630142 200252729414.53745 449
1757583630219 200134782177.1689 450
1757583630290 200017111111.1079 451
1757583630360 199899715091.20627 452
1757583630434 199782593000.0135 453
1757583630509 199665743727.6814 454
1757583630583 199549166171.87106 455
1757583630668 199432859237.66132 456
1757583630741 199316821837.4589 457
1757583630814 199201052890.91006 458
1757583630884 199085551324.81387 459
1757583630959 198970316073.03714 460
1757583631033 198855346076.43066 461
1757583631108 198740640282.747 462
1757583631179 198626197646.55994 463
1757583631252 198512017129.18475 464
1757583631323 198398097698.60077 465
1757583631394 198284438329.37442 466
1757583631468 198171038002.58417 467
1757583631545 198057895705.74634 468
1757583631614 197945010432.74274 469
1757583631685 197832381183.749 470
1757583631757 197720006965.16458 471
1757583631831 197607886789.54364 472
1757583631908 197496019675.5271 473
1757583631978 197384404647.7763 474
1757583632047 197273040736.90714 475
1757583632119 197161926979.42575 476
1757583632194 197051062417.6653 477
1757583632270 196940446099.72336 478
1757583632340 196830077079.4011 479
1757583632418 196719954416.14255 480
1757583632492 196610077174.97574 481
1757583632567 196500444426.4544 482
1757583632638 196391055246.60037 483
1757583632710 196281908716.84763 484
1757583632784 196173003923.98666 485
1757583632862 196064339960.1098 486
1757583632942 195955915922.55786 487
1757583633018 195847730913.8671 488
1757583633089 195739784041.71744 489
1757583633163 195632074418.88116 490
1757583633245 195524601163.17307 491
1757583633314 195417363397.40024 492
1757583633392 195310360249.31415 493
1757583633463 195203590851.562 494
1757583633538 195097054341.64023 495
1757583633623 194990749861.84744 496
1757583633697 194884676559.23898 497
1757583633788 194778833585.5821 498
1757583633866 194673220097.31107 499
