1757581471265 649082578944.2823 0
1757581471355 782672294314.6362 1
1757581471444 1176843001746.9753 2
1757581471519 365555537357.6675 3
1757581471589 1096942822815.1766 4
1757581471659 1324240008955.1455 5
1757581471732 5133870899898.514 6
1757581471809 27244378135756.25 7
1757581471876 94015577119222.52 8
1757581471963 2300103041422878.5 9
1757581472054 1.9587729867060612e+16 10
1757581472144 8.383166601255633e+17 11
1757581472241 4.4294463442749865e+18 12
1757581472421 1.845562863310439e+19 13
1757581472626 4.9613938274841887e+20 14
1757581472701 7.318843475733096e+21 15
1757581472768 9.099238069782242e+22 16
1757581472851 9.35370671869825e+22 17
1757581472928 3.2858999207409423e+25 18
1757581473020 9.373633185081345e+25 19
1757581473120 2.248516206023828e+28 20
1757581473209 1.247171138497343e+28 21
1757581473299 6.635404969749704e+28 22
1757581473392 1.3720933968767335e+29 23
1757581473489 4.5770829127951017e+30 24
1757581473582 1.5563414196768592e+31 25
1757581473675 1.9377324581823044e+32 26
1757581473770 1.9422858580397982e+33 27
1757581473863 1.8996548890632113e+35 28
1757581473949 1.1863527033579238e+35 29
1757581474021 5.690620459377333e+36 30
1757581474101 2.828987701434104e+37 31
1757581474183 1.543027437671639e+40 32
1757581474254 1.1712913282150374e+39 33
1757581474319 1.2088558821649926e+40 34
1757581474398 6.564063904580238e+40 35
1757581474479 2.5759829330342452e+42 36
1757581474575 2.1959508440740378e+43 37
1757581474670 6.275782616071266e+43 38
1757581474763 3.1672942769056474e+45 39
1757581474859 3.481074043264586e+46 40
1757581474952 1.2083127684411707e+48 41
1757581475029 2.7981195367099034e+48 42
1757581475102 5.812046791427768e+48 43
1757581475177 7.732071708484556e+49 44
1757581475254 1.0112411020193908e+51 45
1757581475324 1.2693782097373314e+52 46
1757581475403 9.748352242680823e+52 47
1757581475484 1.6785293084696105e+54 48
1757581475578 8.871404783268645e+54 49
1757581475670 1.7156285621756272e+56 50
1757581475765 3.213344640922979e+57 51
1757581475862 4.505100658153087e+57 52
1757581475956 5.489785668696934e+58 53
1757581476034 5.307621453872664e+63 54
1757581476117 6.55141869111597e+61 55
1757581476197 4.3212891022712875e+62 56
1757581476269 1.6676908687783475e+64 57
1757581476365 1.959101803804217e+64 58
1757581476460 3.385966292549904e+64 59
1757581476546 8.288630937546973e+65 60
1757581476644 3.6969694472939616e+66 61
1757581476739 2.9279271528098787e+67 62
1757581476834 5.840716005166863e+69 63
1757581476930 1.871337036182604e+70 64
1757581477020 3.996286461759649e+70 65
1757581477086 8.034129593639512e+71 66
1757581477162 2.327616838411943e+73 67
1757581477232 6.261480641941515e+73 68
1757581477304 6.498342580335877e+74 69
1757581477386 1.3638157398649564e+75 70
1757581477463 2.6398536620399e+78 71
1757581477552 3.1577539127056343e+77 72
1757581477642 9.412030546938537e+78 73
1757581477734 7.363151121585053e+79 74
1757581477826 5.145129753328097e+80 75
1757581477919 4.338809920707513e+81 76
1757581478012 7.375204935879044e+82 77
1757581478104 6.052810565677175e+83 78
1757581478195 1.7270476000957138e+85 79
1757581478288 1.318416787427666e+85 80
1757581478380 9.915776859256295e+86 81
1757581478471 3.5447330525764453e+87 82
1757581478550 4.1544349924714936e+88 83
1757581478648 5.393782868090165e+89 84
1757581478729 1.2641634600748977e+90 85
1757581478802 2.244567258035581e+95 86
1757581478884 1.3411048153564254e+93 87
1757581478963 4.10662562761209e+93 88
1757581479041 5.767982173405906e+94 89
1757581479133 1.207885442052506e+96 90
1757581479225 7.715529931106644e+96 91
1757581479318 4.612930066260443e+97 92
1757581479410 4.8776455225975737e+98 93
1757581479501 4.620738639713728e+99 94
1757581479576 4.474684749027466e+100 95
1757581479651 2.9350339684958193e+102 96
1757581479722 3.0965062460479515e+102 97
1757581479796 1.9853951924528505e+103 98
1757581479872 2.2464278351936656e+106 99
1757581479947 3.7297621871127897e+105 100
1757581480020 1.2650763793217835e+107 101
1757581480111 1.0148026540542193e+107 102
1757581480205 2.2235605515714393e+109 103
1757581480296 2.939482942154671e+109 104
1757581480389 2.0769870708839682e+110 105
1757581480484 5.107435371539309e+111 106
1757581480575 1.521524819127644e+112 107
1757581480645 6.573745353706089e+113 108
1757581480722 8.574614655064871e+113 109
1757581480795 2.978091188228095e+115 110
1757581480870 1.5020617197861802e+116 111
1757581480949 1.808635300936564e+117 112
1757581481021 7.951036715149177e+117 113
1757581481106 2.6712783411827517e+119 114
1757581481199 7.665609814623008e+119 115
1757581481293 6.701536890887141e+120 116
1757581481385 1.300638583587616e+122 117
1757581481476 3.23129948074638e+123 118
1757581481568 2.715650858013149e+124 119
1757581481644 6.331396546608683e+124 120
1757581481717 4.2686211702453986e+126 121
1757581481796 8.237880069952109e+126 122
1757581481870 3.268609035172423e+128 123
1757581481943 5.261468254239201e+128 124
1757581482020 7.559499299744758e+129 125
1757581482098 8.243977495723375e+130 126
1757581482191 1.4567615013638587e+132 127
1757581482288 4.060114918036178e+133 128
1757581482393 5.679667364014918e+133 129
1757581482487 9.484862119950127e+134 130
1757581482587 1.586901837435118e+136 131
1757581482686 2.5341604472624777e+137 132
1757581482780 9.182541295215076e+138 133
1757581482872 4.1047680863178504e+138 134
1757581482966 2.807267773130063e+140 135
1757581483059 3.525913135062807e+140 136
1757581483157 4.429945921012635e+141 137
1757581483252 5.704879837805938e+142 138
1757581483346 2.502385999956499e+144 139
1757581483440 6.460512855577158e+144 140
1757581483538 1.2892926309813772e+146 141
1757581483635 7.1656178024399745e+146 142
1757581483735 1.0924451748315048e+148 143
1757581483831 4.990439324380635e+148 144
1757581483933 3.9707028557848334e+153 145
1757581484030 8.136359763207361e+150 146
1757581484125 6.245023453690085e+151 147
1757581484206 2.397564371589217e+152 148
1757581484281 5.232148128931007e+153 149
1757581484355 5.514829619672071e+156 150
1757581484428 2.7454659674254015e+157 151
1757581484500 3.5527678426405705e+156 152
1757581484572 4.97381008423357e+157 153
1757581484654 8.045020565716921e+158 154
1757581484752 1.8641529167206556e+161 155
1757581484850 5.962239280900667e+160 156
1757581484945 6.420497261616365e+161 157
1757581485040 7.506867781748061e+162 158
1757581485134 3.8776023464673754e+163 159
1757581485209 3.870663877075806e+166 160
1757581485289 2.3619170637889987e+165 161
1757581485376 1.1534319699402536e+167 162
1757581485453 3.478750003407143e+169 163
1757581485526 1.3284131528479433e+168 164
1757581485599 3.9300676081125213e+169 165
1757581485684 1.9140985743803912e+170 166
1757581485776 2.8793893448892347e+172 167
1757581485871 3.563258504171005e+172 168
1757581485967 1.500668476578531e+174 169
1757581486062 3.260923290602828e+175 170
1757581486160 5.7864978086413e+175 171
1757581486238 6.441747700554093e+176 172
1757581486318 5.351318776670262e+177 173
1757581486398 1.6114594781913764e+178 174
1757581486473 2.4354544453830452e+179 175
1757581486549 1.0499275561130734e+180 176
1757581486627 3.673619733041281e+181 177
1757581486719 1.1379926194363715e+183 178
1757581486812 2.423118500771416e+183 179
1757581486908 2.3194329312560184e+184 180
1757581487001 9.464977356880725e+184 181
1757581487094 3.6370493502247233e+186 182
1757581487189 4.526140690201765e+187 183
1757581487285 1.6232100320381647e+188 184
1757581487382 1.0639732112661311e+190 185
1757581487477 1.0472504599897269e+191 186
1757581487576 2.2150973921401957e+191 187
1757581487670 1.1783353904516713e+194 188
1757581487750 2.3544049618385476e+193 189
1757581487832 1.1503610918290335e+195 190
1757581487911 1.9159056823828556e+195 191
1757581487989 1.8788612733336235e+196 192
1757581488065 6.766991198300839e+197 193
1757581488145 2.625317225767106e+198 194
1757581488226 1.4906856893349753e+199 195
1757581488302 1.7877537082534123e+200 196
1757581488384 4.8035833029094317e+201 197
1757581488472 9.044627576280777e+201 198
1757581488562 2.3644794841145053e+204 199
1757581488667 9.79210487318618e+205 200
1757581488767 2.759206343917826e+205 201
1757581488863 9.888812865593532e+207 202
1757581488960 1.7582478891019565e+207 203
1757581489055 9.453943772368878e+207 204
1757581489151 1.1150316393298725e+209 205
1757581489235 9.611697309588024e+210 206
1757581489310 2.331795502817216e+211 207
1757581489379 2.3438675607671752e+212 208
1757581489454 4.1493304130851805e+212 209
1757581489523 2.510687109894288e+214 210
1757581489593 2.35512034779258e+215 211
1757581489673 1.403383138659723e+216 212
1757581489763 1.1638289195487565e+217 213
1757581489858 4.525393838276593e+217 214
1757581489956 1.4346206755034745e+219 215
1757581490055 8.674239090018193e+220 216
1757581490154 2.6076261633425703e+221 217
1757581490245 3.670208254730388e+221 218
1757581490313 5.129574329280737e+222 219
1757581490381 5.42850185684791e+223 220
1757581490458 2.55818408873841e+224 221
1757581490530 2.700677475699226e+226 222
1757581490599 6.485772541742884e+226 223
1757581490672 6.699298603114319e+228 224
1757581490756 4.549350453294312e+229 225
1757581490851 5.240776248228695e+229 226
1757581490947 8.83333589851241e+230 227
1757581491043 6.264605531187785e+231 228
1757581491142 3.922268578439942e+232 229
1757581491239 2.41240589453902e+233 230
1757581491334 5.862817792133214e+234 231
1757581491429 1.9953243363534071e+235 232
1757581491526 1.2072469753622832e+237 233
1757581491621 8.503529916034752e+237 234
1757581491717 2.4886955729154573e+242 235
1757581491813 3.8760971294855253e+239 236
1757581491913 1.9498382703110353e+241 237
1757581492010 3.762461226965216e+243 238
1757581492106 7.189166181376115e+242 239
1757581492201 1.1074175956927187e+243 240
1757581492298 3.464887254849163e+244 241
1757581492394 1.8579675656491504e+245 242
1757581492492 4.934441940184907e+246 243
1757581492587 5.784812525412892e+247 244
1757581492685 6.643424578492889e+248 245
1757581492781 2.2370293556161474e+249 246
1757581492877 7.44698181003394e+250 247
1757581492976 2.0419033307598523e+252 248
1757581493072 2.1464513820098516e+252 249
1757581493170 1.2793959450004029e+255 250
1757581493269 5.138208947206672e+254 251
1757581493366 9.521736908607978e+254 252
1757581493462 4.9131656778145815e+256 253
1757581493561 7.05348527698269e+257 254
1757581493658 6.266793342186306e+258 255
1757581493758 2.3121903364962897e+259 256
1757581493861 2.594678391499182e+260 257
1757581493964 8.043915055177452e+261 258
1757581494070 9.748039758816385e+262 259
1757581494169 1.2937489195792213e+263 260
1757581494268 3.3880301251791205e+264 261
1757581494367 1.595776394919029e+266 262
1757581494462 4.062084905210389e+266 263
1757581494559 8.782532077440538e+266 264
1757581494657 1.348379269066254e+268 265
1757581494754 9.06640902704541e+268 266
1757581494851 6.853056987308014e+269 267
1757581494947 6.7455458353568275e+270 268
1757581495045 1.3087038633258892e+274 269
1757581495141 8.140732067755261e+272 270
1757581495240 7.040853750102568e+274 271
1757581495339 6.44220884207709e+274 272
1757581495437 9.276798076001296e+275 273
1757581495532 6.014513163626538e+276 274
1757581495628 2.065694117884314e+278 275
1757581495725 1.7704886590742963e+279 276
1757581495821 8.072496291903434e+279 277
1757581495919 2.575332266463971e+282 278
1757581496018 1.4752661193786962e+282 279
1757581496117 6.964840514345298e+282 280
1757581496217 2.9158896027390743e+284 281
1757581496320 2.242395473333021e+285 282
1757581496418 2.4452391692138748e+286 283
1757581496515 9.490787976458136e+286 284
1757581496609 1.081082829801605e+289 285
1757581496705 2.042734724643915e+289 286
1757581496801 2.85534751055525e+290 287
1757581496899 3.164304547614008e+291 288
1757581497000 1.556722003554718e+293 289
1757581497100 1.5481701024205243e+293 290
1757581497198 3.441267206254674e+293 291
1757581497299 1.6041853172590029e+296 292
1757581497397 9.459186977290858e+295 293
1757581497494 1.710488539606506e+297 294
1757581497592 4.0452419556618085e+297 295
1757581497689 1.1584902762921356e+300 296
1757581497787 3.7369784420871605e+299 297
1757581497884 8.308033925111384e+300 298
1757581497980 4.947630205924185e+301 299
1757581498080 9.080605941307172e+302 300
1757581498179 1.2914139423060197e+305 301
