1757568415140 120978244548468.66 0
1757568415211 2.3019825148689342e+19 1
1757568415284 1.9948356774900847e+25 2
1757568415355 7.436868788875504e+30 3
1757568415438 1.08724660008419e+35 4
1757568415502 9.17167001028393e+38 5
1757568415573 2.0115705944463885e+44 6
1757568415640 1.6340350919081958e+47 7
1757568415711 5.875326226440784e+51 8
1757568415780 4.670690435328071e+56 9
1757568415849 8.57025463173554e+62 10
1757568415928 1.500717317864597e+68 11
1757568416008 9.125604751867563e+73 12
1757568416077 9.527249407229464e+81 13
1757568416150 1.5391180745039792e+85 14
1757568416218 1.0389098628521232e+90 15
1757568416297 9.654687327919733e+98 16
1757568416384 2.322309861890855e+98 17
1757568416454 2.8934288277387444e+104 18
1757568416529 5.55721649594011e+107 19
1757568416606 9.122946352166615e+113 20
1757568416674 4.131013734631125e+121 21
1757568416750 3.382226635221546e+125 22
1757568416819 2.047961526319669e+128 23
1757568416894 8.633569776201851e+130 24
1757568416964 4.559694835788145e+137 25
1757568417037 4.172292807826356e+140 26
1757568417109 2.3741238721089783e+146 27
1757568417181 6.092681069854332e+153 28
1757568417252 1.2832993185029554e+160 29
1757568417315 3.640195560795463e+163 30
1757568417387 5.8954957457370796e+166 31
1757568417456 2.474918001519811e+173 32
1757568417529 1.6233825628434043e+178 33
1757568417609 7.042643466006848e+178 34
1757568417681 6.803342114079781e+186 35
1757568417747 7.586464456441639e+192 36
1757568417810 6.8991381122788226e+199 37
1757568417875 4.122671407427169e+208 38
1757568417950 1.3468271862189416e+211 39
1757568418017 4.38569545079791e+215 40
1757568418087 1.0450807484819567e+222 41
1757568418161 1.1129947900170119e+228 42
1757568418236 1.5285458785206104e+234 43
1757568418307 1.0784035925984541e+239 44
1757568418378 1.567274015245241e+243 45
1757568418454 4.263028526355635e+249 46
1757568418519 4.562520537048979e+253 47
1757568418589 4.130078804720281e+257 48
1757568418660 3.6619794233660073e+261 49
1757568418731 2.1639124813157942e+265 50
1757568418804 8.01369150929109e+269 51
1757568418876 6.210267361760366e+272 52
1757568418951 2.918028764475397e+277 53
1757568419027 2.696939737901357e+282 54
1757568419118 9.882394696048505e+288 55
1757568419185 4.864007361817618e+294 56
1757568419266 1.3780267196540334e+296 57
1757568419344 7.570867797610733e+301 58
1757568419418 1.7738427379772956e+306 59
1757568419494 inf 60
