1757541885412 56333208200869.51 0
1757541885475 3.531446952375337e+16 1
1757541885539 2.29676617741119e+20 2
1757541885603 2.3087992349430573e+25 3
1757541885669 1.1797996031686624e+31 4
1757541885741 1.1613357391005398e+34 5
1757541885801 2.6519851156605892e+38 6
1757541885868 5.324327490045563e+42 7
1757541885963 1.0803423327036643e+47 8
1757541886059 1.5599949753909677e+51 9
1757541886154 8.868120919390907e+55 10
1757541886249 8.417964403297112e+61 11
1757541886346 9.910260302050373e+63 12
1757541886440 1.1542495090578531e+69 13
1757541886539 5.2440402113977936e+73 14
1757541886664 7.310300414611682e+77 15
1757541886787 4.336513034562514e+81 16
1757541886920 1.8276895067843322e+87 17
1757541887031 1.8157198761443356e+91 18
1757541887136 8.981875014483281e+92 19
1757541887231 3.134728370390378e+98 20
1757541887326 1.4327164325222713e+102 21
1757541887423 6.694688172184261e+105 22
1757541887522 1.880980590816748e+111 23
1757541887637 1.9445851773495404e+116 24
1757541887722 5.7294920920619225e+119 25
1757541887803 5.670854289739207e+123 26
1757541887866 1.125884247866811e+128 27
1757541887924 5.24462845968358e+132 28
1757541887987 4.70445829549474e+137 29
1757541888054 5.015809814701896e+140 30
1757541888127 1.5608735351261162e+145 31
1757541888191 7.706740782249896e+149 32
1757541888254 5.455862336338674e+155 33
1757541888325 1.1691523962178373e+158 34
1757541888397 8.606545436503117e+162 35
1757541888462 4.931415064583173e+168 36
1757541888527 1.9977517784123728e+171 37
1757541888593 1.0036073159083363e+176 38
1757541888654 7.328846133617318e+180 39
1757541888725 5.294375583298162e+184 40
1757541888794 1.222568462209609e+189 41
1757541888851 7.363312312995453e+195 42
1757541888920 6.258396549341794e+197 43
1757541888982 5.292354039783821e+201 44
1757541889048 2.7242669738077797e+206 45
1757541889114 5.975002107776146e+212 46
1757541889179 4.711060349402958e+215 47
1757541889248 3.3566761757751935e+219 48
1757541889317 3.261791469261674e+225 49
1757541889382 6.263222733608578e+227 50
1757541889450 2.1931352171723162e+232 51
1757541889515 7.275627095506405e+238 52
1757541889579 5.024900425166374e+241 53
1757541889643 9.724075463118255e+245 54
1757541889712 3.297013363408284e+250 55
1757541889786 4.019476248761783e+254 56
1757541889863 1.8490133575896046e+258 57
1757541889933 6.548851539326055e+263 58
1757541889993 7.648716080904203e+268 59
1757541890055 3.403704515242498e+272 60
1757541890125 4.0814343230366276e+275 61
1757541890204 4.330017230464856e+280 62
1757541890269 1.1400139299318082e+285 63
1757541890335 5.472309168875539e+288 64
1757541890398 1.6838165962587533e+293 65
1757541890474 5.649600520601582e+297 66
1757541890537 1.2252299957010603e+302 67
1757541890597 inf 68
1757541890669 inf 69
