1757586282162 1064043960787.1274 0
1757586282248 1081905793881.55 1
1757586282334 16839053629807.94 2
1757586282435 968433418529085.9 3
1757586282526 5.672628501898112e+16 4
1757586282616 3.3237155450405637e+18 5
1757586282705 1.9474474268374706e+20 6
1757586282802 1.1410576526193468e+22 7
1757586282893 6.685739377410624e+23 8
1757586282980 3.917340267887722e+25 9
1757586283067 2.2952666733387464e+27 10
1757586283151 1.3448535846367653e+29 11
1757586283236 7.879830196329796e+30 12
1757586283330 4.616987650720127e+32 13
1757586283423 2.705207401148412e+34 14
1757586283515 1.5850480089732575e+36 15
1757586283605 9.287188811044724e+37 16
1757586283677 5.441593915370777e+39 17
1757586283749 3.1883646324262978e+41 18
1757586283818 1.8681417958425935e+43 19
1757586283881 1.0945905414582973e+45 20
1757586283946 6.413477050384029e+46 21
1757586284020 3.757815029262224e+48 22
1757586284100 2.2017968854045406e+50 23
1757586284197 1.290087321176352e+52 24
1757586284332 7.558941096213712e+53 25
1757586284421 4.42897078035991e+55 26
1757586284506 2.5950436606930907e+57 27
1757586284594 1.5205003453096058e+59 28
1757586284673 8.908988064844961e+60 29
1757586284735 5.219996732285424e+62 30
1757586284809 3.0585253551515127e+64 31
1757586284880 1.792065747904989e+66 32
1757586284952 1.050015700999535e+68 33
1757586285017 6.152302021476947e+69 34
1757586285084 3.6047861120017734e+71 35
1757586285158 2.1121334531235104e+73 36
1757586285244 1.2375512957483473e+75 37
1757586285330 7.251119513037968e+76 38
1757586285415 4.248610491782936e+78 39
1757586285502 2.4893661011147004e+80 40
1757586285589 1.4585812461189972e+82 41
1757586285673 8.54618872883906e+83 42
1757586285740 5.007423616838209e+85 43
1757586285813 2.9339735025808665e+87 44
1757586285880 1.7190877330410543e+89 45
1757586285943 1.0072560748393403e+91 46
1757586286011 5.901762782670766e+92 47
1757586286091 3.457988967549619e+94 48
1757586286177 2.0261213708565223e+96 49
1757586286264 1.1871546867167956e+98 50
1757586286351 6.955833300341106e+99 51
1757586286438 4.075594987199548e+101 52
1757586286522 2.3879920323667796e+103 53
1757586286608 1.3991836687790135e+105 54
1757586286691 8.198163613793861e+106 55
1757586286753 4.803507083325519e+108 56
1757586286822 2.814493755740086e+110 57
1757586286889 1.6490815905315339e+112 58
1757586286960 9.662377422880146e+113 59
1757586287028 5.66142621433859e+115 60
1757586287093 3.3171698203904584e+117 61
1757586287161 1.943611945244575e+119 62
1757586287246 1.138810370960369e+121 63
1757586287334 6.672571982179807e+122 64
1757586287422 3.9096251661129603e+124 65
1757586287507 2.2907462040612412e+126 66
1757586287593 1.3422049297473161e+128 67
1757586287680 7.864311071405965e+129 68
1757586287749 4.607894611106946e+131 69
1757586287813 2.6998795640560177e+133 70
1757586287878 1.581926297280528e+135 71
1757586287948 9.268897929166134e+136 72
1757586288025 5.430876834716728e+138 73
1757586288095 3.1820852294698043e+140 74
1757586288164 1.864462538145198e+142 75
1757586288248 1.0924347732590539e+144 76
1757586288334 6.400845870643183e+145 77
1757586288419 3.7504141082493995e+147 78
1757586288504 2.197460502504298e+149 79
1757586288590 1.2875465270474926e+151 80
1757586288678 7.54405395420217e+152 81
1757586288751 4.4202480351853037e+154 82
1757586288815 2.5899327882823797e+156 83
1757586288882 1.517505758596855e+158 84
1757586288948 8.891442039705725e+159 85
1757586289016 5.209716081640845e+161 86
1757586289091 3.052501667345458e+163 87
1757586289163 1.7885363200468505e+165 88
1757586289253 1.047947721813546e+167 89
1757586289342 6.14018521930512e+168 90
1757586289428 3.597686577544852e+170 91
1757586289514 2.1079736600700097e+172 92
1757586289604 1.2351139699838272e+174 93
1757586289701 7.236838617796322e+175 94
1757586289797 4.240242961604101e+177 95
1757586289888 2.484463357966667e+179 96
1757586289975 1.4557086074954309e+181 97
1757586290062 8.529357227753952e+182 98
1757586290151 4.997561623531647e+184 99
1757586290241 2.928195116476925e+186 100
1757586290333 1.7157020335249147e+188 101
1757586290422 1.005272309648264e+190 102
1757586290509 5.890139411150143e+191 103
1757586290595 3.451178546330721e+193 104
1757586290682 2.0221309764088737e+195 105
1757586290761 1.1848166157904886e+197 106
1757586290846 6.942133963776347e+198 107
1757586290926 4.067568206651406e+200 108
1757586290993 2.3832889428658013e+202 109
1757586291068 1.3964280121715426e+204 110
1757586291145 8.182017539310887e+205 111
1757586291221 4.7940466984392676e+207 112
1757586291309 2.8089506819551694e+209 113
1757586291400 1.6458337663304587e+211 114
1757586291489 9.643347616584253e+212 115
1757586291575 5.650276179569479e+214 116
1757586291661 3.310636738896132e+216 117
1757586291746 1.939784051009683e+218 118
1757586291816 1.1365675129329228e+220 119
1757586291884 6.659430521568301e+221 120
1757586291954 3.9019252589012537e+223 121
1757586292028 2.2862346377428848e+225 122
1757586292105 1.3395614913154874e+227 123
1757586292180 7.848822511004136e+228 124
1757586292246 4.598819480003747e+230 125
1757586292335 2.6945622200031444e+232 126
1757586292427 1.5788107337195036e+234 127
1757586292517 9.250643070713764e+235 128
1757586292609 5.4201808610802074e+237 129
1757586292705 3.175818193637579e+239 130
1757586292803 1.8607905266521707e+241 131
1757586292888 1.0902832507903958e+243 132
1757586292972 6.38823956768926e+244 133
1757586293043 3.743027763162084e+246 134
1757586293118 2.1931326599997767e+248 135
1757586293206 1.2850107369479904e+250 136
1757586293296 7.529196132037844e+251 137
1757586293398 4.41154246923526e+253 138
1757586293498 2.584831981604767e+255 139
1757586293598 1.5145170696464033e+257 140
1757586293696 8.873930571016318e+258 141
1757586293793 5.19945567847599e+260 142
1757586293899 3.0464898430391933e+262 143
1757586294001 1.7850138433070268e+264 144
1757586294103 1.0458838154599185e+266 145
1757586294199 6.128092280866697e+267 146
1757586294307 3.590601025440295e+269 147
1757586294408 2.1038220596230205e+271 148
1757586294498 1.2326814444703453e+273 149
1757586294590 7.22258584841429e+274 150
1757586294685 4.231891911062925e+276 151
1757586294776 2.479570270646447e+278 152
1757586294862 1.4528416264604988e+280 153
1757586294940 8.512558875881731e+281 154
1757586295028 4.9877190531698376e+283 155
1757586295120 2.922428110757312e+285 156
1757586295209 1.712323002057776e+287 157
1757586295285 1.0032924514322276e+289 158
1757586295378 5.878538931563834e+290 159
1757586295467 3.4443815380630342e+292 160
1757586295559 2.0181484409414996e+294 161
1757586295651 1.1824831496353431e+296 162
1757586295740 6.928461607706152e+297 163
1757586295829 4.0595572346431796e+299 164
1757586295906 2.378595115979856e+301 165
1757586295979 1.3936777827596056e+303 166
1757586296054 inf 167
