1757531680534 1019578794230.9694 0
1757531680582 830198148422.5051 1
1757531680627 694946653047.8723 2
1757531680675 595468196352.4213 3
1757531680723 520547943087.68475 4
1757531680770 463071698779.1526 5
1757531680818 418348411325.71844 6
1757531680865 383167757520.4367 7
1757531680912 355258248535.8574 8
1757531680958 332966627386.9633 9
1757531681006 315061797414.9515 10
1757531681054 300610484598.09827 11
1757531681101 288895411704.8137 12
1757531681149 279359506695.3152 13
1757531681198 271566633138.04532 14
1757531681245 265173193289.25534 15
1757531681294 259907137750.642 16
1757531681343 255552179200.05725 17
1757531681394 251935760069.57114 18
1757531681441 248919786731.9272 19
1757531681489 246393437290.91556 20
1757531681619 244267544182.17883 21
1757531681674 242470184973.87787 22
1757531681731 240943207429.8187 23
1757531681790 239639481495.1801 24
1757531681838 238520719697.70166 25
1757531681885 237555743841.3961 26
1757531681932 236719103320.5901 27
1757531681982 235989971296.11993 28
1757531682029 235351261032.0375 29
1757531682077 234788917093.96365 30
1757531682129 234291345738.445 31
1757531682177 233848956328.06253 32
1757531682224 233453791478.43106 33
1757531682272 233099228250.6547 34
1757531682319 232779736328.4265 35
1757531682368 232490681979.231 36
1757531682415 232228168860.8498 37
1757531682466 231988908526.73752 38
1757531682514 231770114907.12317 39
1757531682564 231569418175.09344 40
1757531682613 231384794309.51437 41
1757531682661 231214507387.3353 42
1757531682709 231057062214.20358 43
1757531682758 230911165364.02695 44
1757531682805 230775693068.51712 45
1757531682854 230649664695.33398 46
1757531682901 230532220792.86 47
1757531682952 230422604872.50693 48
1757531683001 230320148255.03918 49
1757531683049 230224257433.05774 50
1757531683098 230134403503.40744 51
1757531683146 230050113305.54633 52
1757531683194 229970961968.61398 53
1757531683242 229896566624.06384 54
1757531683291 229826581084.71188 55
1757531683340 229760691326.834 56
1757531683389 229698611641.09335 57
1757531683438 229640081341.84302 58
1757531683487 229584861943.76044 59
1757531683537 229532734730.63272 60
1757531683587 229483498654.1021 61
1757531683638 229436968510.8272 62
1757531683688 229392973355.25357 63
1757531683738 229351355112.37238 64
1757531683788 229311967360.75992 65
1757531683836 229274674261.06555 66
1757531683885 229239349609.14502 67
1757531683933 229205875996.3662 68
1757531683981 229174144062.37567 69
1757531684029 229144051827.906 70
1757531684077 229115504097.1124 71
1757531684125 229088411920.5127 72
1757531684174 229062692110.9361 73
1757531684227 229038266805.99384 74
1757531684279 229015063071.51703 75
1757531684340 228993012541.19318 76
1757531684388 228972051088.28885 77
1757531684435 228952118525.907 78
1757531684485 228933158332.69836 79
1757531684537 228915117401.3488 80
1757531684588 228897945807.5032 81
1757531684641 228881596597.0825 82
1757531684694 228866025590.19574 83
1757531684745 228851191200.06616 84
1757531684795 228837054265.57327 85
1757531684844 228823577896.17313 86
1757531684893 228810727328.0961 87
1757531684942 228798469790.84177 88
1757531684991 228786774383.09467 89
1757531685040 228775611957.27484 90
1757531685088 228764955012.01868 91
1757531685137 228754777591.95392 92
1757531685185 228745055194.1948 93
1757531685237 228735764681.03833 94
1757531685285 228726884198.3907 95
1757531685333 228718393099.49466 96
1757531685382 228710271873.56888 97
1757531685429 228702502079.00247 98
1757531685478 228695066280.779 99
1757531685527 228687947991.83203 100
1757531685576 228681131618.05786 101
1757531685626 228674602406.7349 102
1757531685675 228668346398.11652 103
1757531685725 228662350379.98532 104
1757531685774 228656601844.97043 105
1757531685822 228651088950.44714 106
1757531685871 228645800480.84818 107
1757531685921 228640725812.23257 108
1757531685970 228635854878.96564 109
1757531686018 228631178142.376 110
1757531686067 228626686561.26514 111
1757531686115 228622371564.1519 112
1757531686163 228618225023.14523 113
1757531686211 228614239229.34262 114
1757531686260 228610406869.66144 115
1757531686308 228606721005.01443 116
1757531686357 228603175049.74814 117
1757531686406 228599762752.26663 118
1757531686453 228596478176.77036 119
1757531686503 228593315686.0412 120
1757531686551 228590269925.2132 121
1757531686604 228587335806.46777 122
1757531686655 228584508494.60104 123
1757531686703 228581783393.4092 124
1757531686752 228579156132.84564 125
1757531686814 228576622556.9029 126
