1757531710369 1053299178560.2928 0
1757531710427 859255737479.1556 1
1757531710478 720343114630.1224 2
1757531710524 617951890591.0782 3
1757531710574 540712560710.0954 4
1757531710620 481396961753.4368 5
1757531710667 435221156708.8802 6
1757531710713 398896955021.67755 7
1757531710760 370087993478.955 8
1757531710807 347087893236.5315 9
1757531710855 328622860367.39923 10
1757531710903 313725862795.2476 11
1757531710950 301653289755.7576 12
1757531710999 291827741332.30457 13
1757531711045 283797510579.21704 14
1757531711092 277207136967.02563 15
1757531711138 271775562087.26276 16
1757531711185 267279665397.6338 17
1757531711237 263541703414.21582 18
1757531711285 260419637656.13528 19
1757531711332 257799633480.48413 20
1757531711383 255590209629.86722 21
1757531711429 253717654320.33716 22
1757531711476 252122419922.50867 23
1757531711522 250756277950.34918 24
1757531711570 249580067430.65216 25
1757531711618 248561908130.05316 26
1757531711670 247675779147.78815 27
1757531711739 246900385513.96777 28
1757531711791 246218252416.273 29
1757531711839 245614999779.24677 30
1757531711888 245078760071.0365 31
1757531711937 244599710106.10364 32
1757531711985 244169693770.7464 33
1757531712032 243781917416.72064 34
1757531712080 243430703448.37158 35
1757531712127 243111290601.6213 36
1757531712177 242819671756.7695 37
1757531712224 242552461978.72034 38
1757531712272 242306790944.3583 39
1757531712319 242080215080.05118 40
1757531712367 241870645657.06146 41
1757531712414 241676289829.2983 42
1757531712462 241495602185.72205 43
1757531712510 241327244859.71298 44
1757531712558 241170054614.13535 45
1757531712607 241023015622.80966 46
1757531712654 240885236911.777 47
1757531712705 240755933619.05432 48
1757531712758 240634411389.03452 49
1757531712805 240520053344.80865 50
1757531712852 240412309184.4788 51
1757531712900 240310686030.76788 52
1757531712947 240214740730.73584 53
1757531712995 240124073357.23105 54
1757531713044 240038321708.29202 55
1757531713092 239957156637.0235 56
1757531713142 239880278074.0864 57
1757531713190 239807411629.1286 58
1757531713237 239738305677.26678 59
1757531713285 239672728852.93274 60
1757531713337 239610467886.68866 61
1757531713384 239551325731.5375 62
1757531713432 239495119934.23227 63
1757531713479 239441681214.4945 64
1757531713527 239390852221.15753 65
1757531713575 239342486439.29922 66
1757531713622 239296447226.60855 67
1757531713670 239252606960.6971 68
1757531713717 239210846281.94498 69
1757531713766 239171053418.8669 70
