1757542472591 458631286064.76874 0
1757542472649 597599568361.4857 1
1757542472714 668444507518.997 2
1757542472788 137683648297.66797 3
1757542472856 962000862872.7021 4
1757542472915 229845809401.32843 5
1757542472982 271344833256.4451 6
1757542473042 111238269194.28151 7
1757542473103 252335819893.35416 8
1757542473168 90843077133.88727 9
1757542473236 96644117394.41548 10
1757542473295 161257357696.70673 11
1757542473355 582922221771.7363 12
1757542473417 120032680219.02951 13
1757542473480 79348656875.19804 14
1757542473539 185583821682.98087 15
1757542473607 92389466534.01828 16
1757542473667 90070265504.2287 17
1757542473733 340415968627.7244 18
1757542473804 294109957420.978 19
1757542473864 142444437036.21915 20
1757542473935 292918063100.9659 21
1757542474003 384812415564.6625 22
1757542474063 301447765067.21027 23
1757542474123 160942324769.04282 24
1757542474187 150293614188.4043 25
1757542474255 85084686695.31511 26
1757542474321 301650625067.8723 27
1757542474387 285816464419.4687 28
1757542474470 109291881145.9598 29
1757542474540 108448640558.55812 30
1757542474603 578098134404.5585 31
1757542474671 282399403509.8957 32
1757542474738 300296483957.26855 33
1757542474796 83452540206.19972 34
1757542474856 131640662395.7742 35
1757542474924 98653888678.90901 36
1757542474981 186147200540.14685 37
1757542475047 401583287594.8125 38
1757542475108 83874796961.46902 39
1757542475167 246826955090.35016 40
1757542475229 578314686171.8334 41
1757542475296 232213021225.82822 42
1757542475364 253061436840.73434 43
1757542475428 94216409153.08786 44
1757542475496 457621130336.50775 45
1757542475560 141648554783.857 46
1757542475625 256920760890.91473 47
1757542475693 522094697591.32635 48
1757542475757 332144125855.49316 49
1757542475818 183922297230.78555 50
1757542475889 252385399197.71417 51
1757542475949 316058955363.1564 52
1757542476021 266211491774.5228 53
1757542476085 585249436004.4064 54
1757542476153 107152499017.27206 55
1757542476219 216029844116.06653 56
1757542476292 304766320758.2286 57
1757542476358 616083756604.7657 58
1757542476424 136359495663.10753 59
1757542476490 106657356548.5728 60
1757542476554 170886179251.58856 61
1757542476617 240519464559.05283 62
1757542476681 500078326623.3282 63
1757542476741 122667264729.25015 64
1757542476804 72497081525.60782 65
1757542476873 78763363864.35008 66
1757542476938 70156898406.7894 67
1757542477005 142647141982.0125 68
1757542477076 376986180902.6125 69
1757542477142 269237936558.1438 70
1757542477202 250667304437.58334 71
1757542477284 84320343666.69994 72
1757542477348 103712415175.07481 73
1757542477413 260153171367.35995 74
1757542477474 286298854715.64294 75
1757542477534 259096670339.29068 76
1757542477600 189864360160.72906 77
1757542477663 212136040115.2164 78
1757542477727 266195240179.94827 79
1757542477787 74584525939.13803 80
1757542477855 84373257717.67384 81
1757542477925 571541792535.5382 82
1757542477986 417436780682.6562 83
1757542478055 656258419421.8224 84
1757542478128 269027006104.8998 85
1757542478194 117266691961.28813 86
1757542478256 185330384810.69138 87
1757542478323 514172502762.98596 88
1757542478390 212391998512.99884 89
1757542478456 117397668648.22739 90
1757542478522 284768688680.7407 91
1757542478583 224126519850.99457 92
1757542478648 275083782532.20233 93
1757542478719 465668752587.941 94
1757542478787 536570737049.09576 95
1757542478854 637004765347.8474 96
1757542478924 382041102702.94055 97
1757542478993 115838299537.30069 98
1757542479061 358900613880.8127 99
1757542479127 198606807534.04034 100
1757542479194 315860914036.0654 101
1757542479270 106321547910.77245 102
1757542479337 162499290689.38467 103
1757542479397 224666139219.93848 104
1757542479461 297801274627.8012 105
1757542479527 83135707697.23964 106
1757542479598 69529015121.56529 107
1757542479664 85326372700.13913 108
1757542479723 102996941990.48085 109
1757542479782 173125539468.77496 110
1757542479842 357374674506.8995 111
1757542479902 356866413445.9398 112
1757542479970 66561037744.02577 113
1757542480053 115478901927.15141 114
1757542480118 183305216698.45517 115
1757542480187 134874530147.43037 116
1757542480270 356802815716.99554 117
1757542480340 287798829514.1992 118
1757542480403 321525833874.4095 119
1757542480465 421551401317.95764 120
1757542480535 84890908761.71877 121
1757542480604 345831077640.90173 122
1757542480672 103171530686.34238 123
1757542480742 326541466844.2178 124
1757542480800 85643121766.4096 125
1757542480867 102161691023.25787 126
1757542480941 711071886833.1727 127
1757542481003 110334944541.03853 128
1757542481071 97999534631.23767 129
1757542481136 770079291646.1011 130
1757542481199 92391503131.62144 131
1757542481267 235722756489.2766 132
1757542481336 104893022083.41982 133
1757542481399 278461249024.99445 134
1757542481463 531201858780.6002 135
1757542481529 331194083650.15607 136
1757542481596 116434972344.96773 137
1757542481665 276881174458.5395 138
1757542481737 221908535366.8952 139
1757542481796 70106619192.43788 140
1757542481863 270108631667.66776 141
1757542481931 350188243043.32336 142
1757542481995 80576114730.09103 143
1757542482058 387489976541.4677 144
1757542482124 243481735189.0584 145
1757542482195 183327108857.59576 146
1757542482260 309115168706.15857 147
1757542482325 107087487973.72928 148
1757542482394 181025204116.1501 149
1757542482456 251530092550.85385 150
1757542482520 93247463219.12619 151
1757542482586 311756737038.2063 152
1757542482655 68449394436.28321 153
1757542482718 456388746216.9907 154
1757542482802 115477623817.36426 155
1757542482882 52799841119.89836 156
1757542482950 81766269118.04941 157
1757542483033 153684683401.87497 158
1757542483101 121992270433.1919 159
1757542483179 369967489494.29333 160
1757542483243 92773771796.48257 161
1757542483313 212691886462.3827 162
1757542483378 82725943772.10593 163
1757542483451 610369984128.8328 164
1757542483515 69809254220.8905 165
1757542483590 507178901185.26086 166
1757542483657 240616830660.73288 167
1757542483718 82925864184.86443 168
1757542483786 85328187601.24075 169
1757542483851 102296909755.02539 170
1757542483919 349375362990.994 171
1757542483987 318766336492.05554 172
1757542484049 180062266288.03348 173
1757542484115 283153749044.399 174
1757542484176 69328275692.62799 175
1757542484245 421267909543.9727 176
1757542484317 490245436555.29877 177
1757542484391 80450626736.09338 178
1757542484470 599699315653.432 179
1757542484539 731070891351.6365 180
1757542484613 205438794088.38196 181
1757542484683 429554298186.0594 182
1757542484748 611323123677.0674 183
1757542484817 109976758219.50232 184
1757542484885 85025712412.32133 185
1757542484951 95933727416.92953 186
1757542485024 503872262876.7799 187
1757542485091 398033278533.26715 188
1757542485160 861561106597.414 189
1757542485228 169577606032.5039 190
1757542485297 190923477571.972 191
1757542485365 70044162220.81119 192
1757542485437 341328541870.56647 193
1757542485502 174474196301.61142 194
1757542485570 134890364151.55284 195
1757542485637 104899810319.10579 196
1757542485703 513414947422.30896 197
1757542485769 483930754033.2407 198
1757542485835 204230957612.46683 199
1757542485898 128331494230.4726 200
1757542485961 103704761176.49307 201
1757542486029 178368033398.70032 202
1757542486091 388093939709.4382 203
1757542486158 95542694241.26556 204
1757542486223 128736794757.25403 205
1757542486291 229039963496.9626 206
1757542486356 65615009050.546585 207
1757542486426 99389804558.56674 208
1757542486498 379335077478.5875 209
1757542486570 347572056201.10046 210
1757542486638 189131908186.33148 211
1757542486709 231747762069.3789 212
1757542486776 378511608683.9662 213
1757542486839 453912957659.0429 214
1757542486928 593223776011.425 215
1757542487033 225160678316.54797 216
1757542487135 75404863060.0598 217
1757542487240 115393605140.49367 218
1757542487381 127255608505.45558 219
1757542487490 65973371480.71869 220
1757542487601 92889912964.56523 221
1757542487702 253147315534.8112 222
1757542487813 294732500223.9132 223
1757542487919 72887301744.87955 224
1757542488013 262247981570.449 225
1757542488139 468311114610.85095 226
1757542488212 476671287679.9894 227
1757542488282 421717972767.3991 228
1757542488347 135116722998.20512 229
1757542488419 517586497719.58014 230
1757542488488 498153014976.3001 231
1757542488556 94740177141.97435 232
1757542488637 100902077518.62848 233
1757542488706 327483864060.7907 234
1757542488779 801496398310.6323 235
1757542488850 64620242350.94113 236
1757542488922 106180689546.48418 237
1757542488991 485441945512.2884 238
1757542489056 109535531971.18173 239
1757542489121 117516709634.14828 240
1757542489199 473228078811.30096 241
1757542489272 142667066723.05325 242
1757542489341 65754335494.41944 243
1757542489434 471467840509.98236 244
1757542489514 345535637135.6685 245
1757542489593 287365373810.9853 246
1757542489666 66004145485.22498 247
1757542489748 377214232279.9705 248
1757542489829 360206668390.92725 249
1757542489895 231105598478.85623 250
1757542489965 94828796159.76624 251
1757542490044 691242512220.9656 252
1757542490119 93218682915.66158 253
1757542490202 78169130183.92838 254
1757542490296 193542831921.64597 255
1757542490386 434992405900.66754 256
1757542490464 85293120178.96758 257
1757542490542 357534211125.1115 258
1757542490624 366636196478.8696 259
1757542490706 147171768389.4717 260
1757542490787 56065321190.10064 261
1757542490868 246687549747.32587 262
1757542490951 389528897332.46655 263
1757542491025 154351015036.18393 264
1757542491100 341431198383.42926 265
1757542491176 317450404002.4576 266
1757542491245 50269345897.938675 267
1757542491328 139587001685.88916 268
1757542491406 75152160348.85419 269
1757542491471 173633956945.2365 270
1757542491543 345108247368.0418 271
1757542491631 93625751823.96982 272
1757542491710 282023778487.8311 273
1757542491788 362415124374.92725 274
1757542491856 379447455155.8699 275
1757542491929 359147269901.09357 276
1757542492009 53208405784.79957 277
1757542492083 483062144497.1954 278
1757542492154 302348214259.18085 279
1757542492231 402212136146.4141 280
1757542492309 403339429042.3561 281
1757542492379 593690967059.7634 282
1757542492449 107926244438.95663 283
1757542492535 73978716419.6199 284
1757542492606 343063415713.466 285
1757542492688 316422534695.9185 286
1757542492771 95245765076.93881 287
1757542492864 130470416980.22678 288
1757542492941 119347039055.16205 289
1757542493014 118815926733.1217 290
1757542493102 379942110838.6445 291
1757542493191 410217464143.11053 292
1757542493271 134282300962.13863 293
1757542493337 66052580078.27523 294
1757542493410 512790483184.19855 295
1757542493484 64320392904.550545 296
1757542493555 289539692603.777 297
1757542493628 300661875930.66833 298
1757542493693 431762861373.9564 299
1757542493759 136829083494.8468 300
1757542493838 143817038056.70358 301
1757542493907 501778893307.674 302
1757542493976 309645668453.7938 303
1757542494050 143525197251.8141 304
1757542494115 126552848909.12648 305
1757542494188 333864105046.3282 306
1757542494257 105633831992.72266 307
1757542494330 139192470780.2705 308
1757542494396 276592735863.3211 309
1757542494465 125642839022.37543 310
1757542494535 253638096792.47806 311
1757542494602 103048765444.0627 312
1757542494674 363064708080.0634 313
1757542494740 368624182348.05963 314
1757542494812 84913233214.42233 315
1757542494891 904829627082.8369 316
1757542494964 73025665040.93716 317
1757542495031 196548426850.98535 318
1757542495101 87331464011.28098 319
1757542495170 99013596716.75938 320
1757542495240 94169191259.97798 321
1757542495313 113689429151.10713 322
1757542495384 253744177142.61142 323
1757542495456 116373930621.37836 324
1757542495519 213502252892.66278 325
1757542495589 170256465836.00955 326
1757542495665 447085492962.8629 327
1757542495743 42700507379.674614 328
1757542495807 128866685801.00131 329
1757542495872 342936468097.6658 330
1757542495943 90079313439.22705 331
