1757530977375 1064038794814.819 0
1757530977437 1081835559596.0011 1
1757530977491 16764148849536.732 2
1757530977549 960253613864778.9 3
1757530977627 5.602427360837346e+16 4
1757530977678 3.26962417862479e+18 5
1757530977728 1.9081890681584078e+20 6
1757530977777 1.1136403932694603e+22 7
1757530977826 6.499329410555377e+23 8
1757530977875 3.793081053305896e+25 9
1757530977923 2.2136843617794e+27 10
1757530977975 1.2919308563840785e+29 11
1757530978026 7.539852413006453e+30 12
1757530978078 4.4003418703862815e+32 13
1757530978127 2.5680885401514457e+34 14
1757530978176 1.498765083331631e+36 15
1757530978230 8.74696000505342e+37 16
1757530978282 5.1048233095963266e+39 17
1757530978334 2.979231756763808e+41 18
1757530978390 1.7387128451291746e+43 19
1757530978441 1.0147321875694091e+45 20
1757530978494 5.922090098856435e+46 21
1757530978543 3.456197760216853e+48 22
1757530978606 2.01707551866437e+50 23
1757530978657 1.1771877451074646e+52 24
1757530978708 6.870198831964412e+53 25
1757530978758 4.0095245798210656e+55 26
1757530978809 2.340003215247929e+57 27
1757530978860 1.365651946599367e+59 28
1757530978908 7.970096908832828e+60 29
1757530978958 4.6514373515422295e+62 30
1757530979008 2.7146306604307847e+64 31
1757530979057 1.5842886973652452e+66 32
1757530979107 9.246085344814278e+67 33
1757530979161 5.396118418679889e+69 34
1757530979221 3.1492348277692863e+71 35
1757530979289 1.8379285313870693e+73 36
1757530979352 1.072635567440161e+75 37
1757530979410 6.260020674848385e+76 38
1757530979460 3.653417809279892e+78 39
1757530979509 2.1321753365433942e+80 40
1757530979558 1.2443612811588084e+82 41
1757530979609 7.262231072222509e+83 42
1757530979662 4.2383189629011985e+85 43
1757530979716 2.473530166231745e+87 44
1757530979765 1.4435797628289713e+89 45
1757530979814 8.424892326355009e+90 46
1757530979862 4.916861024123738e+92 47
1757530979912 2.8695348728577264e+94 48
1757530979962 1.674692521539e+96 49
1757530980012 9.773692134661528e+97 50
1757530980065 5.704035619348168e+99 51
1757530980118 3.328938736611781e+101 52
1757530980168 1.9428057346845305e+103 53
1757530980217 1.1338430717306639e+105 54
1757530980267 6.617234489069387e+106 55
1757530980319 3.8618917710096435e+108 56
1757530980370 2.253843063235537e+110 57
1757530980422 1.3153679219671366e+112 58
1757530980472 7.676633738891915e+113 59
1757530980523 4.4801689760658605e+115 60
1757530980575 2.6146765283868137e+117 61
1757530980626 1.525954352306647e+119 62
1757530980678 8.90563960797186e+120 63
1757530980728 5.197430493722886e+122 64
1757530980782 3.033278341164811e+124 65
1757530980831 1.770255033923328e+126 66
1757530980882 1.0331405603639631e+128 67
1757530980933 6.029523413378366e+129 68
1757530980988 3.5188970394958113e+131 69
1757530981055 2.0536675165897335e+133 70
1757530981109 1.1985432427713578e+135 71
1757530981166 6.994831895565574e+136 72
1757530981225 4.0822618242865795e+138 73
1757530981276 2.3824534814900166e+140 74
1757530981327 1.39042639492038e+142 75
1757530981378 8.114683349377237e+143 76
1757530981430 4.7358196090941384e+145 77
1757530981481 2.7638770860481978e+147 78
1757530981531 1.613029460014307e+149 79
1757530981587 9.413819637667736e+150 80
1757530981646 5.494010020731599e+152 81
1757530981704 3.2063654573455697e+154 82
1757530981767 1.871270603305134e+156 83
1757530981825 1.0920943720784874e+158 84
1757530981882 6.373584426640109e+159 85
1757530981941 3.7196948800492416e+161 86
1757530982008 2.1708553734430324e+163 87
1757530982062 1.2669353816311144e+165 88
1757530982123 7.393976037579198e+166 89
1757530982188 4.315206792465566e+168 90
1757530982242 2.518402760179556e+170 91
1757530982293 1.4697679085864107e+172 92
1757530982344 8.577729262639687e+173 93
1757530982397 5.0060583629091724e+175 94
1757530982449 2.9215914335282654e+177 95
1757530982500 1.7050733103130263e+179 96
1757530982551 9.950997802697016e+180 97
1757530982603 5.807513182591657e+182 98
1757530982656 3.3893293953732716e+184 99
1757530982708 1.97805039595535e+186 100
1757530982760 1.1544122487121711e+188 101
1757530982810 6.7372784975634805e+189 102
1757530982862 3.931950791787596e+191 103
1757530982912 2.294730288295231e+193 104
1757530982965 1.3392301620401313e+195 105
1757530983016 7.815896430470991e+196 106
1757530983069 4.5614442344092306e+198 107
1757530983120 2.6621096746507646e+200 108
1757530983170 1.5536368649231239e+202 109
1757530983224 9.067197835734573e+203 110
1757530983273 5.291717675379565e+205 111
1757530983326 3.088305390841397e+207 112
1757530983376 1.8023694331757652e+209 113
1757530983429 1.051882881557019e+211 114
1757530983481 6.138905687959463e+212 115
1757530983534 3.582733753578841e+214 116
1757530983587 2.0909233341390097e+216 117
1757530983640 1.22028615296344e+218 118
1757530983692 7.121725941843214e+219 119
1757530983748 4.156318603431886e+221 120
1757530983802 2.4256738428722705e+223 121
1757530983856 1.4156502793448936e+225 122
1757530983910 8.261892749093743e+226 123
1757530983961 4.8217326548415076e+228 124
1757530984012 2.814016896711125e+230 125
1757530984062 1.6422916121292085e+232 126
1757530984112 9.584596817532292e+233 127
1757530984163 5.593677485544058e+235 128
1757530984224 3.264532500214074e+237 129
1757530984287 1.905217537567307e+239 130
1757530984341 1.1119061811196585e+241 131
1757530984397 6.489208351455384e+242 132
1757530984450 3.78717429074769e+244 133
1757530984500 2.2102371093206714e+246 134
1757530984551 1.2899190014446703e+248 135
1757530984603 7.52811100343631e+249 136
1757530984654 4.393489452949159e+251 137
1757530984706 2.564089392991747e+253 138
1757530984760 1.496431136494385e+255 139
1757530984813 8.733338831284196e+256 140
1757530984864 5.096873840829936e+258 141
1757530984914 2.974592358226014e+260 142
1757530984966 1.7360052404545757e+262 143
1757530985018 1.0131519993156527e+264 144
1757530985069 5.9128679441573525e+265 145
1757530985119 3.450815607989638e+267 146
1757530985171 2.0139344346615416e+269 147
1757530985221 1.1753545734883193e+271 148
1757530985273 6.859500238159812e+272 149
1757530985325 4.0032807612827336e+274 150
1757530985376 2.3363592531860295e+276 151
1757530985427 1.3635252897423412e+278 152
1757530985480 7.957685502482538e+279 153
1757530985532 4.6441939165196403e+281 154
1757530985589 2.7104033110518585e+283 155
1757530985642 1.581821569170433e+285 156
1757530985693 9.231686909804471e+286 157
1757530985746 5.38771533159393e+288 158
1757530985799 3.144330692526395e+290 159
1757530985849 1.8350664234219198e+292 160
1757530985901 1.0709652093447042e+294 161
1757530985955 6.250272278907231e+295 162
1757530986008 3.647728536800892e+297 163
1757530986062 2.1288550137399667e+299 164
1757530986114 1.2424235037787235e+301 165
1757530986167 7.25092198754286e+302 166
1757530986222 4.231718855086652e+304 167
