1757555154453 604310681289.0342 0
1757555154520 804503572867.5361 1
1757555154589 1712974509265.3547 2
1757555154652 1151884542710.1782 3
1757555154714 932064736448.385 4
1757555154783 300056032858.956 5
1757555154855 967739840332.3052 6
1757555154923 1950094125660.263 7
1757555154988 654816008661.56 8
1757555155057 278656331520.0872 9
1757555155145 1953658226050.1934 10
1757555155211 913906894975.8313 11
1757555155293 1862260371025.9026 12
1757555155357 836201635686.8723 13
1757555155425 1305399782027.7502 14
1757555155513 982285329555.4404 15
1757555155583 773651125192.8649 16
1757555155654 684884048311.612 17
1757555155727 1073076781428.5538 18
1757555155791 223832779888.52 19
1757555155865 704639202664.6049 20
1757555155934 560770971437.329 21
1757555155995 365693653980.45123 22
1757555156065 263341565050.45462 23
1757555156134 590712601842.8253 24
1757555156203 444110749482.66235 25
1757555156272 222865560504.63162 26
1757555156342 279634572813.30615 27
1757555156406 186710252129.89008 28
1757555156471 910217372473.5685 29
1757555156541 455298612668.7602 30
1757555156612 172766037979.23633 31
1757555156678 537775560446.72595 32
1757555156738 380170743011.308 33
1757555156805 469202253846.7494 34
1757555156872 160481815050.6599 35
1757555156940 253470925455.7125 36
1757555157003 155680503600.10965 37
1757555157072 210039158881.5777 38
1757555157141 417863201534.73566 39
1757555157206 537030782848.34143 40
1757555157274 589617215973.0818 41
1757555157341 105010894316.38115 42
1757555157412 191833989472.84702 43
1757555157473 416558984278.20264 44
1757555157543 319646162680.65204 45
1757555157606 428368247282.57526 46
1757555157693 274360526558.46582 47
1757555157784 256001475903.83484 48
1757555157872 342255411922.61865 49
1757555157935 255882785580.31024 50
1757555158002 948510896011.5648 51
1757555158071 416942999802.53076 52
1757555158140 644351344563.3239 53
1757555158209 124278534848.06815 54
1757555158284 415346662022.123 55
1757555158353 139016406399.13104 56
1757555158422 68024951271.82494 57
1757555158488 603113652066.6581 58
1757555158556 365329481515.98364 59
1757555158624 127460740037.50517 60
1757555158691 756143981729.1044 61
1757555158755 422187238131.47845 62
1757555158825 392264301926.7477 63
1757555158893 192340699365.41995 64
1757555158963 233894928563.17896 65
1757555159033 168785986401.75644 66
1757555159102 229576452307.57007 67
1757555159171 94677334222.14636 68
1757555159240 83242249452.70642 69
1757555159310 556542164055.6433 70
1757555159377 257402313919.3996 71
1757555159441 81621960452.90016 72
1757555159514 1105137746309.6638 73
1757555159579 136905745865.17812 74
1757555159651 115476793346.99318 75
1757555159716 653837883405.1155 76
1757555159778 565785323524.1025 77
1757555159851 122110068118.08751 78
1757555159913 85971815002.69264 79
1757555159983 242607799869.21115 80
1757555160063 146753618157.8797 81
1757555160129 90503459765.55327 82
1757555160192 452871859833.5899 83
1757555160257 737404410311.8773 84
1757555160328 693849047408.6987 85
1757555160396 625437062974.865 86
1757555160464 243348889549.86816 87
1757555160531 121449794976.89154 88
1757555160609 334152422857.4067 89
1757555160670 281506776928.6055 90
1757555160739 387771445448.9536 91
1757555160806 305240104024.5021 92
1757555160879 104146966034.91585 93
1757555160962 271652915794.26816 94
1757555161033 77863602962.78316 95
1757555161096 129180789321.71771 96
1757555161169 333489596914.0042 97
1757555161237 161506677166.81696 98
1757555161308 547384765090.0249 99
1757555161373 113592475404.87901 100
1757555161442 451483069276.8716 101
1757555161512 663500739667.0073 102
1757555161579 73249535556.76076 103
1757555161655 404224936729.6155 104
1757555161720 373579222733.7738 105
1757555161789 318922828211.3566 106
1757555161860 403663228671.30774 107
1757555161929 168838949848.34656 108
1757555162000 370941903632.3359 109
1757555162070 106551241712.49716 110
1757555162142 99180727957.86826 111
1757555162208 81664015751.37834 112
1757555162282 272727143059.0456 113
1757555162346 109175530164.43517 114
1757555162414 311934491858.1408 115
1757555162479 335865099985.63275 116
1757555162549 194209186197.95618 117
1757555162616 617943547844.8099 118
1757555162692 347861894572.98914 119
1757555162760 98094286768.59395 120
1757555162835 424499006201.4514 121
1757555162906 231481107434.9422 122
1757555162977 105049066875.52654 123
1757555163039 132107228286.25629 124
1757555163111 151900329827.87863 125
1757555163179 173684203090.94897 126
1757555163254 213952169042.59036 127
1757555163322 406665820279.9397 128
1757555163390 63096439427.95744 129
1757555163455 268938633342.70813 130
1757555163524 411826316186.87897 131
1757555163608 344586323280.9222 132
1757555163685 95567016049.15167 133
1757555163763 132677253940.84993 134
1757555163835 108768807780.78598 135
1757555163918 223138742201.5189 136
1757555163987 69239357572.77715 137
1757555164067 310234551721.5698 138
1757555164157 287766540115.6855 139
1757555164236 307924228208.619 140
1757555164317 197090217733.48502 141
1757555164398 472869481907.9015 142
1757555164470 317599830611.9209 143
1757555164552 410169967232.9992 144
1757555164639 90142314467.3475 145
1757555164726 103102530149.81754 146
1757555164804 266452733702.0281 147
1757555164891 400339344511.18384 148
1757555164961 578238487015.424 149
1757555165035 315261412037.1459 150
1757555165121 509608169709.1493 151
1757555165190 207638855713.2599 152
1757555165263 181247286891.5633 153
1757555165344 120358507313.67207 154
1757555165415 456365214034.50543 155
1757555165493 340992217182.96454 156
1757555165564 111677526859.90099 157
1757555165640 71422942257.5545 158
1757555165717 116362840307.08647 159
1757555165785 399025564445.8297 160
1757555165851 258591887385.96313 161
1757555165925 317071103327.85065 162
1757555166001 241477512308.80215 163
1757555166068 459839376123.03815 164
1757555166140 434255228994.0677 165
1757555166214 226757640371.3032 166
1757555166283 378007593914.5273 167
1757555166353 138235272947.56116 168
1757555166428 180105077662.55905 169
1757555166498 410297181148.45703 170
1757555166565 201201041325.17255 171
1757555166636 203502361555.9988 172
1757555166712 81372392648.4099 173
1757555166777 146450750401.691 174
1757555166849 113852588747.94525 175
1757555166916 205383309516.55002 176
1757555166987 340372615846.24884 177
1757555167064 114868356999.63527 178
1757555167134 272505928198.37106 179
1757555167201 402122782112.4008 180
1757555167273 295690813078.18994 181
1757555167344 271065618699.98804 182
1757555167415 113792053863.28828 183
1757555167491 143270351463.6316 184
1757555167571 122568467765.94373 185
1757555167639 341027791387.7755 186
1757555167712 364445696192.6583 187
1757555167779 150848449434.53156 188
1757555167853 121715205448.03438 189
1757555167928 543959467428.485 190
1757555167997 375760743372.25635 191
1757555168072 759308153630.7006 192
1757555168140 61865767384.13694 193
1757555168206 519088149922.9427 194
1757555168281 389467045426.85596 195
1757555168348 402793317595.2583 196
1757555168420 321889550023.5912 197
1757555168499 526133621046.3331 198
1757555168568 121953057914.14052 199
1757555168638 673673745233.8411 200
1757555168708 373967146849.924 201
1757555168779 332073645396.0309 202
1757555168843 154468956183.99698 203
1757555168917 804673636774.5812 204
1757555168983 141536524103.26273 205
1757555169057 455243584911.2745 206
1757555169127 169378970806.25937 207
1757555169199 365601540159.9551 208
1757555169278 100370434206.14507 209
1757555169351 174564259484.86987 210
1757555169418 144461660936.43848 211
1757555169489 517292836532.42694 212
1757555169566 252275144263.1265 213
1757555169636 227580968142.48175 214
1757555169707 275570478175.8004 215
1757555169784 291988377044.21796 216
1757555169850 242797921360.72232 217
1757555169918 505807742873.652 218
1757555169984 274611516490.0183 219
1757555170052 122478263297.41656 220
1757555170125 428612763484.9147 221
1757555170193 445619231359.0803 222
1757555170266 91950513328.95395 223
1757555170339 212923626857.94354 224
1757555170409 70331681231.152 225
1757555170480 121550030733.30133 226
1757555170554 266406302513.39102 227
1757555170625 267199434538.14496 228
1757555170707 65234412496.88603 229
1757555170784 151180263235.27005 230
1757555170856 189158997685.2413 231
1757555170927 261769543224.85153 232
1757555170995 103052955152.54585 233
1757555171065 64935353801.17838 234
1757555171139 430570712624.0124 235
1757555171209 213161360694.61026 236
1757555171278 532026825972.28754 237
1757555171352 245681782566.28482 238
1757555171434 105557437514.18262 239
1757555171509 258942337494.86456 240
1757555171581 138977021392.37064 241
1757555171649 140959991150.9167 242
1757555171721 253731623943.4185 243
1757555171790 250046171154.34177 244
1757555171869 268272854129.44904 245
1757555171945 224520327081.20917 246
1757555172017 638784046439.6937 247
1757555172084 462670809633.63654 248
1757555172156 132812386872.50467 249
1757555172231 125130923914.74496 250
1757555172301 83862220151.28426 251
1757555172376 438841843081.56354 252
1757555172451 87441520739.66568 253
