1757584088915 1053300496920.496 0
1757584088977 1032371887450.653 1
1757584089044 1012107408332.2411 2
1757584089108 992481201549.4326 3
1757584089170 973468586809.4541 4
1757584089238 955046002557.0945 5
1757584089302 937190950093.2117 6
1757584089370 919881940629.9355 7
1757584089432 903098445124.383 8
1757584089499 886820846741.3257 9
1757584089562 871030395803.3959 10
1757584089621 855709167095.117 11
1757584089687 840840019394.3291 12
1757584089750 826406557111.4581 13
1757584089814 812393093923.5754 14
1757584089881 798784618296.3596 15
1757584089944 785566760792.8618 16
1757584090008 772725763073.4877 17
1757584090073 760248448496.7905 18
1757584090149 748122194235.5833 19
1757584090267 736334904827.5176 20
1757584090342 724874987083.6626 21
1757584090407 713731326282.7616 22
1757584090468 702893263582.7694 23
1757584090537 692350574584.9729 24
1757584090602 682093448989.504 25
1757584090664 672112471284.3647 26
1757584090730 662398602413.2162 27
1757584090795 652943162370.1396 28
1757584090858 643737813672.3801 29
1757584090922 634774545664.7286 30
1757584090989 626045659611.6938 31
1757584091054 617543754535.989 32
1757584091120 609261713764.0875 33
1757584091183 601192692141.7169 34
1757584091248 593330103884.1625 35
1757584091308 585667611028.1385 36
1757584091375 578199112453.7723 37
1757584091442 570918733446.9375 38
1757584091507 563820815773.7697 39
1757584091572 556899908240.7089 40
1757584091638 550150757714.8412 41
1757584091703 543568300580.66327 42
1757584091765 537147654610.67175 43
1757584091828 530884111228.38654 44
1757584091891 524773128143.55927 45
1757584091960 518810322340.40283 46
1757584092026 512991463400.69183 47
1757584092091 507312467144.559 48
1757584092160 501769389572.72144 49
1757584092238 496358421094.73615 50
1757584092307 491075881028.7038 51
1757584092382 485918212358.6112 52
1757584092448 480881976736.235 53
1757584092520 475963849715.22424 54
1757584092600 471160616205.62775 55
1757584092663 466469166137.75977 56
1757584092730 461886490324.87616 57
1757584092796 457409676514.69257 58
1757584092863 453035905620.29803 59
1757584092931 448762448121.5141 60
1757584092995 444586660628.2201 61
1757584093062 440505982597.60913 62
1757584093123 436517933197.75665 63
1757584093192 432620108310.2886 64
1757584093259 428810177665.30273 65
1757584093331 425085882102.063 66
1757584093395 421445030949.3149 67
1757584093460 417885499519.39575 68
1757584093520 414405226710.614 69
1757584093604 411002212712.65204 70
1757584093679 407674516810.0291 71
1757584093744 404420255278.90436 72
1757584093806 401237599372.7516 73
1757584093869 398124773392.66296 74
1757584093932 395080052838.2576 75
1757584093998 392101762635.3748 76
1757584094062 389188275436.93024 77
1757584094123 386338009993.49335 78
1757584094193 383549429590.32336 79
1757584094260 380821040547.7637 80
1757584094323 378151390782.0526 81
1757584094392 375539068423.75665 82
1757584094462 372982700491.17334 83
1757584094527 370480951616.1826 84
1757584094593 368032522820.1545 85
1757584094660 365636150337.6383 86
1757584094724 363290604485.67145 87
1757584094787 360994688576.6562 88
1757584094851 358747237872.8516 89
1757584094919 356547118580.6254 90
1757584094988 354393226882.7023 91
1757584095049 352284488006.73114 92
1757584095114 350219855328.5765 93
1757584095176 348198309508.81635 94
1757584095243 346218857661.00433 95
1757584095306 344280532550.32086 96
1757584095372 342382391821.30804 97
1757584095441 340523517253.4444 98
1757584095507 338703014043.37335 99
1757584095571 336920010112.66016 100
1757584095638 335173655440.0027 101
1757584095706 333463121416.872 102
1757584095772 331787600225.61053 103
1757584095839 330146304239.05804 104
1757584095902 328538465440.8207 105
1757584095966 326963334865.3401 106
1757584096029 325420182056.9578 107
1757584096096 323908294547.2094 108
1757584096159 322426977349.61487 109
1757584096231 320975552471.26935 110
1757584096292 319553358440.568 111
1757584096360 318159749850.4286 112
1757584096425 316794096916.40643 113
1757584096489 315455785049.1221 114
1757584096553 314144214440.44806 115
1757584096619 312858799662.9273 116
1757584096688 311598969281.91846 117
1757584096755 310364165479.98334 118
1757584096821 309153843693.0595 119
1757584096885 307967472257.9738 120
1757584096951 306804532070.8754 121
1757584097027 305664516256.1871 122
1757584097092 304546929845.68756 123
1757584097160 303451289467.35455 124
1757584097227 302377123043.6177 125
1757584097294 301323969498.68005 126
1757584097361 300291378474.5865 127
1757584097431 299278910055.7266 128
1757584097495 298286134501.476 129
1757584097568 297312631986.6896 130
1757584097640 296357992349.775 131
1757584097706 295421814848.0829 132
1757584097770 294503707920.363 133
1757584097837 293603288956.0455 134
1757584097902 292720184071.1148 135
1757584097968 291854027890.35596 136
1757584098036 291004463335.7577 137
1757584098100 290171141420.86945 138
1757584098166 289353721050.91455 139
1757584098231 288551868828.47174 140
1757584098297 287765258864.5413 141
1757584098371 286993572594.82355 142
1757584098437 286236498601.0404 143
1757584098504 285493732437.13873 144
1757584098570 284764976460.221 145
1757584098635 284049939666.0522 146
1757584098700 283348337529.0007 147
1757584098762 282659891846.27374 148
1757584098829 281984330586.315 149
1757584098894 281321387741.234 150
1757584098965 280670803183.1456 151
1757584099032 280032322524.2998 152
1757584099102 279405696980.88544 153
1757584099166 278790683240.39923 154
1757584099238 278187043332.47174 155
1757584099310 277594544503.0473 156
1757584099385 277012959091.819 157
1757584099452 276442064412.8223 158
1757584099521 275881642638.09503 159
1757584099589 275331480684.3134 160
1757584099659 274791370102.31888 161
1757584099726 274261106969.45166 162
1757584099797 273740491784.60986 163
1757584099866 273229329365.95755 164
1757584099937 272727428751.20557 165
1757584100007 272234603100.39194 166
1757584100068 271750669601.09293 167
1757584100133 271275449375.99466 168
1757584100200 270808767392.76132 169
1757584100274 270350452376.13498 170
1757584100347 269900336722.20578 171
1757584100415 269458256414.7928 172
1757584100497 269024050943.87747 173
1757584100566 268597563226.03433 174
1757584100629 268178639526.80396 175
1757584100699 267767129384.95578 176
1757584100763 267362885538.5908 177
1757584100835 266965763853.03363 178
1757584100901 266575623250.46655 179
1757584100968 266192325641.2598 180
1757584101031 265815735856.95206 181
1757584101094 265445721584.83862 182
1757584101157 265082153304.1244 183
1757584101231 264724904223.6006 184
1757584101309 264373850220.8062 185
1757584101378 264028869782.63437 186
1757584101443 263689843947.3473 187
1757584101510 263356656247.96307 188
1757584101578 263029192656.97812 189
1757584101649 262707341532.3931 190
1757584101716 262390993565.00613 191
1757584101780 262080041726.94394 192
1757584101849 261774381221.39725 193
1757584101921 261473909433.5309 194
1757584102000 261178525882.53903 195
1757584102066 260888132174.8165 196
1757584102137 260602631958.21786 197
1757584102201 260321930877.37772 198
1757584102272 260045936530.06512 199
1757584102339 259774558424.54672 200
1757584102424 259507707937.93347 201
1757584102497 259245298275.48657 202
1757584102580 258987244430.85916 203
1757584102644 258733463147.2499 204
1757584102720 258483872879.44757 205
1757584102807 258238393756.7435 206
1757584102870 257996947546.6906 207
1757584102936 257759457619.68994 208
1757584103004 257525848914.38254 209
1757584103072 257296047903.82877 210
1757584103140 257069982562.4548 211
1757584103214 256847582333.74872 212
1757584103283 256628778098.6874 213
1757584103350 256413502144.8772 214
1757584103423 256201688136.39078 215
1757584103492 255993271084.28384 216
1757584103555 255788187317.77527 217
1757584103625 255586374456.07492 218
1757584103687 255387771380.84357 219
1757584103759 255192318209.27048 220
1757584103828 254999956267.75293 221
1757584103896 254810628066.1643 222
1757584103963 254624277272.69705 223
1757584104043 254440848689.2658 224
1757584104111 254260288227.45886 225
1757584104185 254082542885.02356 226
1757584104252 253907560722.87527 227
1757584104323 253735290842.61505 228
1757584104393 253565683364.54642 229
1757584104463 253398689406.17792 230
1757584104538 253234261061.20135 231
1757584104603 253072351378.93414 232
1757584104676 252912914344.2144 233
1757584104746 252755904857.7396 234
1757584104809 252601278716.83728 235
1757584104885 252448992596.65872 236
1757584104950 252299004031.78525 237
1757584105015 252151271398.23758 238
1757584105079 252005753895.87973 239
1757584105149 251862411531.20782 240
1757584105218 251721205100.5145 241
1757584105283 251582096173.42145 242
1757584105352 251445047076.77097 243
1757584105430 251310020878.86813 244
1757584105495 251176981374.06607 245
1757584105567 251045893067.68655 246
1757584105637 250916721161.2677 247
1757584105707 250789431538.13168 248
1757584105770 250663990749.2658 249
1757584105838 250540365999.50854 250
1757584105903 250418525134.03442 251
1757584105970 250298436625.13165 252
1757584106037 250180069559.26404 253
1757584106102 250063393624.4129 254
1757584106174 249948379097.6908 255
1757584106245 249834996833.22272 256
1757584106319 249723218250.28687 257
1757584106394 249613015321.71082 258
1757584106464 249504360562.51663 259
1757584106533 249397227018.80893 260
1757584106600 249291588256.9015 261
1757584106669 249187418352.6762 262
1757584106740 249084691881.1696 263
1757584106807 248983383906.38153 264
1757584106872 248883469971.30185 265
1757584106943 248784926088.149 266
1757584107014 248687728728.8171 267
1757584107085 248591854815.5257 268
1757584107154 248497281711.66898 269
1757584107226 248403987212.8586 270
1757584107296 248311949538.15717 271
1757584107366 248221147321.49716 272
1757584107438 248131559603.28183 273
1757584107507 248043165822.16382 274
1757584107575 247955945806.9974 275
1757584107656 247869879768.9611 276
1757584107725 247784948293.84598 277
1757584107799 247701132334.5072 278
1757584107879 247618413203.47415 279
1757584107969 247536772565.7161 280
1757584108051 247456192431.56042 281
1757584108138 247376655149.75928 282
1757584108210 247298143400.70163 283
1757584108282 247220640189.7682 284
1757584108350 247144128840.82513 285
1757584108426 247068592989.8547 286
1757584108496 246994016578.718 287
1757584108567 246920383849.04913 288
1757584108639 246847679336.27643 289
1757584108707 246775887863.76852 290
1757584108777 246704994537.1023 291
1757584108844 246634984738.45062 292
1757584108916 246565844121.0863 293
1757584108986 246497558604.001 294
1757584109051 246430114366.63547 295
1757584109123 246363497843.71942 296
1757584109195 246297695720.21814 297
1757584109269 246232694926.38428 298
1757584109338 246168482632.91168 299
1757584109417 246105046246.18994 300
1757584109488 246042373403.65622 301
1757584109562 245980451969.24445 302
1757584109630 245919270028.92688 303
1757584109701 245858815886.34863 304
1757584109767 245799078058.55182 305
1757584109839 245740045271.78784 306
1757584109908 245681706457.41562 307
1757584109999 245624050747.88416 308
1757584110073 245567067472.79785 309
1757584110141 245510746155.0622 310
1757584110213 245455076507.10858 311
1757584110284 245400048427.19675 312
1757584110356 245345651995.7923 313
1757584110425 245291877472.019 314
1757584110502 245238715290.18292 315
1757584110571 245186156056.36798 316
1757584110638 245134190545.10077 317
1757584110707 245082809696.08328 318
1757584110784 245032004610.99237 319
1757584110859 244981766550.344 320
1757584110929 244932086930.42184 321
1757584110999 244882957320.26755 322
1757584111072 244834369438.73264 323
1757584111142 244786315151.59003 324
1757584111218 244738786468.7038 325
1757584111286 244691775541.2569 326
1757584111360 244645274659.03433 327
1757584111438 244599276247.76154 328
1757584111514 244553772866.49652 329
1757584111586 244508757205.07462 330
1757584111659 244464222081.60458 331
1757584111733 244420160440.01547 332
1757584111804 244376565347.6527 333
1757584111874 244333429992.9224 334
1757584111945 244290747682.9832 335
1757584112015 244248511841.48438 336
1757584112088 244206716006.3497 337
1757584112156 244165353827.60455 338
1757584112220 244124419065.24847 339
1757584112292 244083905587.16824 340
1757584112362 244043807367.09433 341
1757584112430 244004118482.5973 342
1757584112506 243964833113.1244 343
1757584112591 243925945538.07535 344
1757584112666 243887450134.91672 345
1757584112755 243849341377.33322 346
1757584112827 243811613833.4167 347
1757584112898 243774262163.89023 348
1757584112987 243737281120.3682 349
1757584113056 243700665543.65042 350
1757584113127 243664410362.05045 351
1757584113199 243628510589.75687 352
1757584113270 243592961325.22687 353
1757584113338 243557757749.61185 354
1757584113409 243522895125.21426 355
1757584113483 243488368793.97443 356
1757584113553 243454174175.98776 357
1757584113623 243420306768.05093 358
1757584113699 243386762142.23645 359
1757584113770 243353535944.49628 360
1757584113843 243320623893.29144 361
1757584113909 243288021778.2499 362
1757584113981 243255725458.85004 363
1757584114050 243223730863.13022 364
1757584114118 243192033986.42355 365
1757584114189 243160630890.1175 366
1757584114257 243129517700.4377 367
1757584114330 243098690607.25586 368
1757584114399 243068145862.92026 369
1757584114470 243037879781.10992 370
1757584114538 243007888735.71063 371
1757584114613 242978169159.71262 372
1757584114687 242948717544.13058 373
1757584114764 242919530436.94382 374
1757584114834 242890604442.05734 375
1757584114900 242861936218.2833 376
1757584114971 242833522478.34198 377
1757584115038 242805359987.88205 378
1757584115115 242777445564.52002 379
1757584115205 242749776076.89835 380
1757584115279 242722348443.7615 381
1757584115351 242695159633.04993 382
1757584115425 242668206661.01163 383
1757584115497 242641486591.33102 384
1757584115564 242614996534.27402 385
1757584115638 242588733645.85025 386
1757584115704 242562695126.9908 387
1757584115780 242536878222.74246 388
1757584115850 242511280221.4765 389
1757584115918 242485898454.11353 390
1757584115989 242460730293.3626 391
1757584116058 242435773152.97543 392
1757584116131 242411024487.01422 393
1757584116202 242386481789.13397 394
1757584116276 242362142591.87845 395
1757584116347 242338004465.98944 396
1757584116425 242314065019.72925 397
1757584116496 242290321898.21603 398
1757584116570 242266772782.77203 399
1757584116644 242243415390.28363 400
1757584116715 242220247472.57455 401
1757584116783 242197266815.7897 402
1757584116852 242174471239.79184 403
1757584116921 242151858597.56897 404
1757584116990 242129426774.6531 405
1757584117061 242107173688.55026 406
1757584117130 242085097288.181 407
1757584117208 242063195553.33142 408
1757584117282 242041466494.11487 409
1757584117361 242019908150.4435 410
1757584117444 241998518591.50992 411
1757584117514 241977295915.27823 412
1757584117584 241956238247.98544 413
1757584117657 241935343743.6514 414
1757584117728 241914610583.59818 415
1757584117803 241894036975.9787 416
1757584117874 241873621155.3141 417
1757584117950 241853361382.03943 418
1757584118023 241833255942.05807 419
1757584118097 241813303146.30478 420
1757584118166 241793501330.31613 421
1757584118243 241773848853.80988 422
1757584118315 241754344100.27115 423
1757584118384 241734985476.5474 424
1757584118458 241715771412.44968 425
1757584118529 241696700360.36273 426
1757584118603 241677770794.86084 427
1757584118674 241658981212.332 428
1757584118746 241640330130.60822 429
1757584118821 241621816088.60312 430
1757584118908 241603437645.9561 431
1757584118982 241585193382.68298 432
1757584119056 241567081898.83316 433
1757584119134 241549101814.15308 434
1757584119201 241531251767.75586 435
1757584119272 241513530417.79706 436
1757584119346 241495936441.15622 437
1757584119422 241478468533.12466 438
1757584119507 241461125407.09827 439
1757584119750 241443905794.27664 440
1757584119827 241426808443.36743 441
1757584119898 241409832120.296 442
1757584119971 241392975607.92032 443
1757584120040 241376237705.75146 444
1757584120113 241359617229.67892 445
1757584120188 241343113011.70056 446
1757584120271 241326723899.65814 447
1757584120357 241310448756.97745 448
1757584120433 241294286462.41254 449
1757584120509 241278235909.79565 450
1757584120583 241262296007.7907 451
1757584120654 241246465679.6517 452
1757584120735 241230743862.9856 453
1757584120810 241215129509.51892 454
1757584120879 241199621584.86932 455
1757584120953 241184219068.32068 456
1757584121025 241168920952.60223 457
1757584121097 241153726243.67224 458
1757584121162 241138633960.5048 459
1757584121236 241123643134.88104 460
1757584121305 241108752811.18365 461
1757584121375 241093962046.1955 462
1757584121449 241079269908.90137 463
1757584121527 241064675480.29346 464
1757584121595 241050177853.18073 465
1757584121668 241035776132.0008 466
1757584121738 241021469432.636 467
1757584121819 241007256882.2319 468
1757584121889 240993137619.02014 469
1757584121965 240979110792.14316 470
1757584122049 240965175561.48282 471
1757584122121 240951331097.49213 472
1757584122198 240937576581.02908 473
1757584122274 240923911203.19467 474
1757584122346 240910334165.17245 475
1757584122417 240896844678.07184 476
1757584122492 240883441962.77417 477
1757584122570 240870125249.78043 478
1757584122645 240856893779.06314 479
1757584122719 240843746799.91962 480
1757584122812 240830683570.82846 481
1757584122885 240817703359.3081 482
1757584122975 240804805441.77844 483
1757584123054 240791989103.42407 484
1757584123143 240779253638.06076 485
1757584123222 240766598348.00333 486
1757584123300 240754022543.9367 487
1757584123411 240741525544.7886 488
1757584123487 240729106677.60458 489
1757584123561 240716765277.42538 490
1757584123673 240704500687.16632 491
1757584123744 240692312257.49854 492
1757584123820 240680199346.73248 493
1757584123888 240668161320.70377 494
1757584123967 240656197552.66003 495
1757584124046 240644307423.15082 496
1757584124119 240632490319.91846 497
1757584124194 240620745637.7914 498
1757584124270 240609072778.57922 499
