1757554729388 701919929673.297 0
1757554729462 558851798986.4222 1
1757554729526 520590719437.5252 2
1757554729597 372959393156.8526 3
1757554729667 159470536840.66574 4
1757554729731 189502754357.93704 5
1757554729798 835752660150.0872 6
1757554729868 1798020205429.7568 7
1757554729940 1657858894227.6023 8
1757554730005 7133530947597.656 9
1757554730072 5485273386726.007 10
1757554730140 109280399031520.73 11
1757554730209 2.8065915335064228e+19 12
1757554730278 5369042448116362.0 13
1757554730345 1.782925548211962e+17 14
1757554730415 2.2909688099133812e+16 15
1757554730487 2.0294029863407976e+19 16
1757554730558 3.724564763263651e+19 17
1757554730628 1.252693656595531e+21 18
1757554730700 1.8339287473612675e+20 19
1757554730770 6.822271297076256e+20 20
1757554730836 5.986146453903556e+21 21
1757554730900 8.715736583679368e+21 22
1757554730971 3.298480547416588e+22 23
1757554731042 2.2518815122925862e+24 24
1757554731110 6.451775277189409e+23 25
1757554731178 1.0761754194001443e+24 26
1757554731250 2.182585462937032e+25 27
1757554731319 1.6223578566265807e+26 28
1757554731385 9.925241720417238e+26 29
1757554731455 3.777418014305099e+27 30
1757554731525 7.459837466128722e+28 31
1757554731590 5.220225107633634e+29 32
1757554731664 4.6554812019290354e+28 33
1757554731739 1.7220723208716954e+29 34
1757554731804 4.9607202622781775e+30 35
1757554731874 3.9502745616168905e+31 36
1757554731940 1.421865357904829e+33 37
1757554732012 3.356543632450608e+32 38
1757554732077 1.3347275640458847e+33 39
1757554732141 1.227952840435611e+33 40
1757554732208 1.5283988198974557e+39 41
1757554732283 4.9169544828646036e+35 42
1757554732347 2.4065141827391607e+37 43
1757554732413 1.7420551791103943e+38 44
1757554732480 1.204870276021841e+37 45
1757554732546 3.370004216935171e+37 46
1757554732617 1.0509240222995598e+38 47
1757554732696 7.429311923859045e+38 48
1757554732761 2.1905716653482967e+40 49
1757554732830 8.566231441299561e+39 50
1757554732902 9.785447050321984e+40 51
1757554732970 3.278503147546052e+41 52
1757554733035 2.841123321826323e+42 53
1757554733101 5.040476594724177e+42 54
1757554733173 2.5529803854655604e+43 55
1757554733239 1.0565689220982027e+44 56
1757554733307 6.990592127849403e+44 57
1757554733378 2.374373421064457e+46 58
1757554733440 4.423494040194437e+46 59
1757554733511 5.51423409903732e+46 60
1757554733579 3.4714111759495388e+47 61
1757554733648 1.077114258898299e+48 62
1757554733723 2.26275895432203e+51 63
1757554733790 5.792436867357461e+48 64
1757554733852 3.844122248910561e+50 65
1757554733926 2.0693698823802548e+51 66
1757554734020 1.65163747993529e+51 67
1757554734091 5.7682238798106966e+51 68
1757554734157 1.6563843703366738e+52 69
1757554734225 5.171194825611798e+52 70
1757554734293 2.2010485641663722e+55 71
1757554734367 4.4101918977338376e+54 72
1757554734433 3.0544805553713312e+54 73
1757554734501 5.06746626337278e+55 74
1757554734568 1.8278160462750027e+56 75
1757554734640 1.4322021038468503e+57 76
1757554734716 2.4635498070281105e+59 77
1757554734783 5.204455729632813e+62 78
1757554734857 1.3705976666512757e+58 79
1757554734925 1.3965768361803867e+59 80
1757554734994 4.772141781908976e+59 81
1757554735061 8.90121032400292e+59 82
1757554735130 3.9771062438493326e+59 83
1757554735200 4.920048306613828e+60 84
1757554735266 9.97669044412946e+60 85
1757554735337 3.5038358801223e+62 86
1757554735408 1.0921797098914344e+67 87
1757554735477 1.029796333999444e+63 88
1757554735547 1.4979662866026087e+63 89
1757554735616 4.3759193636252286e+63 90
1757554735686 8.747307434476605e+63 91
1757554735765 2.956875415378262e+64 92
1757554735838 5.174053550667058e+65 93
1757554735908 5.698508540453676e+65 94
1757554735978 7.134533254758384e+66 95
1757554736047 6.147896725615452e+67 96
1757554736128 7.495326790539883e+67 97
1757554736198 6.797500107621027e+68 98
1757554736273 3.121589015611162e+69 99
1757554736337 1.126557536624993e+71 100
1757554736407 7.710597259724108e+70 101
1757554736479 2.4629646492020586e+72 102
1757554736552 2.3461023638557297e+71 103
1757554736623 2.4145778625524583e+72 104
1757554736690 4.7299555228041577e+73 105
1757554736766 1.5060533881366795e+74 106
1757554736835 3.326013490218782e+75 107
1757554736913 1.156989176549672e+75 108
1757554736985 1.6747602155344267e+75 109
1757554737057 5.614644149526403e+75 110
1757554737121 2.3468302005640365e+77 111
1757554737186 1.3562609020563398e+78 112
1757554737256 2.832729536541058e+78 113
1757554737326 1.942514528583104e+78 114
1757554737398 3.9984815447721196e+78 115
1757554737467 3.187982326564034e+80 116
1757554737536 1.7482509657067136e+81 117
1757554737608 1.7568361065851807e+81 118
1757554737681 1.9942038666768253e+82 119
1757554737760 9.158737307083013e+81 120
1757554737832 5.547039948865155e+83 121
1757554737919 3.722406425293919e+84 122
1757554737989 1.8092880278791318e+84 123
1757554738056 2.43323034326959e+85 124
1757554738131 1.0534012275673563e+86 125
1757554738203 2.452457736723808e+86 126
1757554738292 4.889029795640698e+86 127
1757554738367 4.2388364828343e+88 128
1757554738439 1.3105804939115474e+88 129
1757554738514 2.006592300230784e+89 130
1757554738588 2.5905376823100707e+91 131
1757554738662 6.470356664665312e+89 132
1757554738732 2.6764852356594904e+92 133
1757554738856 6.554177824300192e+90 134
1757554738931 1.129365543006848e+91 135
1757554739005 1.7698313482910807e+92 136
1757554739077 7.249326579860417e+92 137
1757554739147 1.9510456469314888e+93 138
1757554739213 3.380140813595235e+93 139
1757554739280 2.7223004518639547e+94 140
1757554739347 3.67152089766193e+95 141
1757554739416 2.565710989460655e+95 142
1757554739488 6.11054118830318e+95 143
1757554739559 2.834121764492797e+97 144
1757554739630 2.2336058526327875e+97 145
1757554739695 4.9558446216272275e+98 146
1757554739769 3.121486155162604e+98 147
1757554739836 1.9969230388850748e+98 148
1757554739911 1.372683435320823e+100 149
1757554739979 8.160258954517465e+101 150
1757554740062 8.345965088990391e+101 151
1757554740134 4.0375534481102816e+101 152
1757554740206 3.4737064806498345e+102 153
1757554740280 1.1852840719026083e+106 154
1757554740358 1.8178973368651355e+104 155
1757554740428 7.958998095700728e+104 156
1757554740507 1.9077310817095327e+105 157
1757554740577 7.498924171354568e+105 158
1757554740644 1.5825311834687266e+107 159
1757554740711 1.319943786972788e+107 160
1757554740784 6.163228445463175e+107 161
1757554740854 3.618766974364267e+107 162
1757554740928 2.811733969888526e+108 163
1757554741000 1.762906055974801e+108 164
1757554741070 4.377543093702613e+109 165
1757554741144 6.022744597997802e+110 166
1757554741218 1.0028777341670423e+112 167
1757554741293 5.2013517780190034e+113 168
1757554741364 3.714317115070026e+112 169
1757554741433 3.492634947820932e+113 170
1757554741512 6.652909939981101e+113 171
1757554741583 1.6810884676430456e+114 172
1757554741659 1.7616315977591456e+115 173
1757554741732 9.140258642809949e+116 174
1757554741806 1.1780961203482881e+117 175
1757554741876 4.0669969891610254e+116 176
1757554741945 1.2092564621258406e+118 177
1757554742014 9.352498277228499e+118 178
1757554742086 8.76468777261562e+118 179
1757554742159 1.2847447318909158e+119 180
1757554742238 3.119299073961891e+119 181
1757554742333 5.703344767886068e+120 182
1757554742413 2.5283993662721696e+121 183
1757554742491 4.0647324586124572e+121 184
1757554742584 2.0979075045254703e+122 185
1757554742705 1.3173309435002848e+124 186
1757554742825 3.5973728370749083e+124 187
1757554742936 2.183051577942986e+124 188
1757554743036 1.921988368069665e+126 189
1757554743147 2.6743011097470756e+126 190
1757554743262 2.9609342856371403e+128 191
1757554743367 4.518441998251862e+127 192
1757554743481 1.6309041969288015e+129 193
1757554743598 1.644294151059592e+129 194
1757554743702 2.915925671455508e+129 195
1757554743816 8.0550660696202e+132 196
1757554743931 3.449208640146947e+130 197
1757554744035 2.5004591238579755e+132 198
1757554744140 2.4612836691942047e+132 199
1757554744247 1.253312639672822e+134 200
1757554744354 3.1403550917774325e+133 201
1757554744460 1.024278518977096e+135 202
1757554744556 4.9969560797653424e+135 203
1757554744660 1.1644437278694906e+136 204
1757554744752 1.4944584498329619e+137 205
1757554744862 8.729688974746465e+137 206
1757554745048 1.2974338845404326e+138 207
1757554745125 3.9336887940855045e+138 208
1757554745196 1.7399863046830553e+144 209
1757554745266 1.749821343931801e+140 210
1757554745341 1.5023047674691939e+141 211
1757554745420 2.133545229950491e+142 212
1757554745491 3.9735554351450666e+142 213
1757554745562 9.352751027429121e+142 214
1757554745643 6.790480821398675e+143 215
1757554745716 5.752481011984286e+143 216
1757554745786 3.844351761146332e+144 217
1757554745862 2.0897344984071886e+145 218
1757554745932 1.2263838461250437e+145 219
1757554746008 2.2921053731962938e+146 220
1757554746079 1.323114505875657e+146 221
1757554746149 2.4903918413414244e+146 222
1757554746224 7.284650463933096e+147 223
1757554746295 3.603407172265379e+147 224
1757554746367 4.3340207853844576e+148 225
1757554746442 1.0372317844263002e+149 226
1757554746513 1.357111647733113e+151 227
1757554746586 2.5463024257627678e+151 228
1757554746665 3.944784684832839e+152 229
1757554746738 7.340802619822141e+152 230
1757554746815 2.444409017458598e+154 231
1757554746887 4.292042382393184e+153 232
1757554746960 9.656322333516479e+154 233
1757554747041 3.6858731352009075e+155 234
1757554747125 1.2380966899827442e+156 235
1757554747201 1.8453627904054322e+156 236
1757554747278 3.80562867537005e+155 237
1757554747350 3.2769657156390795e+156 238
1757554747425 2.518479532979481e+157 239
1757554747494 1.1179714015072478e+157 240
1757554747566 1.138703624779008e+157 241
1757554747636 2.3017340211020058e+157 242
1757554747708 2.0211231471537526e+158 243
1757554747785 2.3335315846766305e+159 244
1757554747880 9.434702910726476e+160 245
1757554747956 1.2542072987291797e+160 246
1757554748036 2.942040764289133e+160 247
1757554748123 7.248313717193643e+165 248
1757554748191 6.5877370181630964e+162 249
1757554748268 6.326080920274863e+162 250
1757554748338 3.300390093685511e+163 251
1757554748409 1.4019253262720879e+163 252
1757554748486 1.4746891723535694e+165 253
1757554748559 5.690255677845169e+163 254
1757554748626 6.270206557801102e+163 255
1757554748699 2.638401536078051e+164 256
1757554748767 2.7013444612827404e+165 257
1757554748847 4.690929663370192e+166 258
1757554748922 4.550646341814077e+166 259
1757554748999 5.494920259969694e+167 260
1757554749074 9.350294132499338e+168 261
1757554749141 4.861639233194207e+169 262
1757554749214 1.3007407681784469e+169 263
1757554749309 4.098541204812506e+169 264
1757554749382 6.349698121448041e+169 265
1757554749456 1.3424266484936318e+171 266
1757554749536 1.2844294924313629e+172 267
1757554749610 8.303637535255094e+172 268
1757554749685 1.5385688210121273e+172 269
1757554749752 1.0534322516510451e+173 270
1757554749825 3.2514979597916152e+174 271
1757554749898 5.663142991932377e+174 272
1757554749971 1.0888645163766412e+176 273
1757554750042 6.329895367887042e+176 274
1757554750117 7.585392689505595e+176 275
1757554750193 1.5501326877074834e+177 276
1757554750273 7.5750666134851685e+177 277
1757554750366 1.1186261290044981e+179 278
1757554750441 4.4278351749657893e+179 279
1757554750530 8.7947606213366e+179 280
1757554750599 4.6920697187646025e+180 281
1757554750676 1.4800108593162848e+181 282
1757554750754 2.690862832732806e+182 283
1757554750826 4.6897982338529967e+182 284
1757554750903 2.0064211995780472e+183 285
1757554750974 1.387910470996544e+184 286
1757554751049 3.36584940234867e+185 287
1757554751126 1.4855838543082954e+185 288
1757554751199 9.658618094413449e+185 289
1757554751270 9.907606876226037e+187 290
1757554751340 1.3257942638581702e+187 291
1757554751414 5.322458682727102e+187 292
1757554751493 1.4335524555558698e+189 293
1757554751568 5.653843449755916e+188 294
1757554751644 3.684555418882413e+194 295
1757554751712 1.039957262269076e+191 296
1757554751783 4.9006358809786344e+191 297
1757554751870 2.5563416651759373e+192 298
1757554751945 7.030190659288648e+192 299
1757554752015 1.6586825831685495e+193 300
1757554752086 2.1521532224383895e+194 301
1757554752163 4.665223290250133e+194 302
1757554752237 2.889013362035045e+194 303
1757554752314 2.925155681286364e+194 304
1757554752389 6.186175030391502e+195 305
1757554752463 1.6324207917749499e+196 306
1757554752539 1.895193920644152e+196 307
1757554752616 3.441274625719863e+197 308
1757554752683 1.3442432032079628e+198 309
1757554752759 1.3535588570776758e+199 310
1757554752829 1.232153368161104e+199 311
1757554752907 8.980791841969758e+200 312
1757554752978 6.385068045250432e+200 313
1757554753048 6.9192942674510865e+202 314
1757554753122 1.4717514560892468e+202 315
1757554753195 7.263512659490555e+202 316
1757554753266 1.499536465098898e+203 317
1757554753339 8.432965036659808e+203 318
1757554753411 1.409563540123656e+204 319
1757554753489 2.202755222340921e+205 320
1757554753561 1.4102863730696927e+206 321
1757554753634 3.2338232561984075e+206 322
1757554753715 5.513459726446068e+207 323
1757554753786 3.0264767691451896e+208 324
1757554753859 8.88519222146111e+207 325
1757554753935 2.3783305989148294e+209 326
1757554754008 2.4694133112559252e+209 327
1757554754088 4.906099372468601e+210 328
1757554754159 4.755261968920031e+211 329
1757554754238 1.3305377832998684e+212 330
1757554754324 1.864224193994403e+212 331
1757554754397 3.38863954479418e+212 332
1757554754473 1.5587535203971185e+213 333
1757554754547 2.2873883593488327e+215 334
1757554754623 4.508815123715775e+214 335
1757554754693 1.941306513050514e+215 336
1757554754765 5.284614949709006e+216 337
1757554754840 1.6491443834662115e+218 338
1757554754921 3.8196342272802585e+217 339
1757554754993 3.942597406691851e+217 340
1757554755067 2.454873665006862e+217 341
1757554755141 6.075972040089394e+217 342
1757554755219 6.024559207977397e+218 343
1757554755288 1.0482302540429637e+218 344
1757554755367 2.7665481931406575e+220 345
1757554755439 6.590625425738226e+219 346
1757554755516 2.6772762742866195e+220 347
1757554755592 1.0126065631285029e+221 348
1757554755673 3.996453637285927e+221 349
1757554755746 3.458349093599814e+222 350
1757554755820 1.081900155066844e+223 351
1757554755908 2.790551711241238e+223 352
1757554755980 6.304905212711584e+223 353
1757554756054 5.4389107501912826e+224 354
1757554756127 6.358638843650689e+224 355
1757554756202 3.3616188796537896e+223 356
1757554756278 2.0517355573492903e+225 357
1757554756349 1.341912961104367e+226 358
1757554756420 8.809121600604116e+226 359
1757554756498 4.686929603562863e+227 360
1757554756565 3.558028468849523e+227 361
1757554756646 2.038690555023059e+228 362
1757554756724 1.502726599103455e+229 363
1757554756799 7.0105784872229e+229 364
1757554756872 9.446586261467856e+230 365
1757554756943 3.303594280801438e+231 366
1757554757021 4.1775191366228754e+231 367
1757554757098 9.564926385017846e+232 368
1757554757174 9.393032037493302e+232 369
1757554757246 6.063756196856829e+233 370
1757554757321 1.2892512133994093e+234 371
1757554757396 5.886371712293096e+235 372
1757554757468 1.4560000789448856e+237 373
1757554757541 5.288728869624305e+236 374
1757554757609 9.346663773885854e+237 375
1757554757688 3.664456271878731e+238 376
1757554757762 1.788337375844529e+238 377
1757554757840 2.044323207022001e+239 378
1757554757920 6.184024670560421e+239 379
1757554758011 1.5755083687953013e+241 380
1757554758108 3.009135357603812e+240 381
1757554758188 2.092581848046838e+241 382
1757554758268 2.7066603773270876e+242 383
1757554758352 3.43486397316965e+242 384
1757554758420 6.525443905435827e+243 385
1757554758490 2.1747330799641368e+243 386
1757554758567 1.0334969397082708e+245 387
1757554758641 7.085771370603902e+245 388
1757554758724 4.44789633631381e+245 389
1757554758801 3.1508483350565736e+246 390
1757554758875 4.980253235991567e+246 391
1757554758953 1.0675199089248223e+248 392
1757554759028 6.088585634190223e+247 393
1757554759103 7.89235804417134e+249 394
1757554759179 3.4415733444105345e+251 395
1757554759255 2.7081370368864963e+250 396
1757554759327 7.727707193104298e+250 397
1757554759406 7.774488957887032e+252 398
1757554759479 8.44561148883826e+251 399
1757554759558 1.7881158362544093e+252 400
1757554759631 2.947880339266714e+254 401
1757554759711 1.1637139320393458e+254 402
1757554759787 1.6876055385399272e+257 403
1757554759864 7.323664843983657e+255 404
1757554759941 5.3172452801277464e+256 405
1757554760011 9.488574258773285e+256 406
1757554760093 1.1966107697829607e+259 407
1757554760173 4.648958514293594e+258 408
1757554760259 4.294602956534599e+259 409
1757554760332 5.094407599659536e+260 410
1757554760443 6.85729468758875e+260 411
1757554760531 6.231904524436138e+261 412
1757554760603 2.8639444341514944e+263 413
1757554760685 6.07592277909336e+263 414
1757554760768 1.1487792776466005e+263 415
1757554760841 3.877193501017533e+265 416
1757554760919 3.367268055604146e+265 417
1757554761000 5.459942328646963e+264 418
1757554761069 1.56814913734735e+266 419
1757554761141 6.482487829929956e+266 420
1757554761228 6.995241817341715e+267 421
1757554761297 5.1086624325975046e+268 422
1757554761375 6.992888815198045e+269 423
1757554761446 2.499304129644954e+270 424
1757554761525 2.53915177318649e+271 425
1757554761600 1.2336778355550196e+271 426
1757554761682 1.359579801134944e+272 427
1757554761756 2.755993673061463e+272 428
1757554761831 9.252886116316809e+275 429
1757554761905 1.830046101836971e+273 430
1757554761984 1.309199377725775e+274 431
1757554762062 1.0260046178302317e+275 432
1757554762134 1.3310272601413827e+276 433
1757554762213 1.7039972243193705e+276 434
1757554762292 3.459452124308944e+279 435
1757554762362 4.039076536496349e+277 436
1757554762453 5.767465301539719e+277 437
1757554762524 3.1102691001809425e+279 438
1757554762602 7.249179290586894e+279 439
1757554762681 5.286299368328941e+280 440
1757554762761 7.883365238399507e+280 441
1757554762833 8.711633363890299e+281 442
1757554762914 4.589163088299662e+282 443
1757554762996 1.0550447511489514e+282 444
1757554763074 5.558925196341382e+282 445
1757554763151 4.3558013308254855e+283 446
1757554763226 6.412438280511565e+284 447
1757554763304 1.1595551764231484e+287 448
1757554763385 1.969263684448406e+286 449
1757554763462 1.8580014630104853e+288 450
1757554763542 1.697249682869958e+287 451
1757554763618 2.3060834302562745e+289 452
1757554763691 2.2176964683197136e+289 453
1757554763770 2.6675775482988873e+289 454
1757554763847 1.4695869357121925e+290 455
1757554763927 3.8694116555502006e+290 456
1757554764009 3.4497118846473345e+291 457
1757554764089 6.896446078643115e+292 458
1757554764169 2.4257226749150017e+293 459
1757554764250 3.814389183784806e+293 460
1757554764326 9.677701079621465e+294 461
1757554764401 8.179587519675778e+295 462
1757554764481 9.327776542431844e+294 463
1757554764555 8.524409415863929e+296 464
1757554764632 1.0886549909435715e+297 465
1757554764793 6.518619620803821e+297 466
1757554764868 7.647104568442556e+297 467
1757554764943 6.640256993697039e+298 468
1757554765025 1.5927538129922287e+299 469
1757554765098 5.618829344533833e+299 470
1757554765174 1.2783326955867879e+300 471
1757554765252 1.4611101409200568e+300 472
1757554765330 3.1718292470153713e+302 473
1757554765402 7.481389114704827e+301 474
1757554765480 1.955692839880293e+303 475
1757554765558 4.127360393600553e+303 476
1757554765636 8.493586830850148e+303 477
1757554765720 1.2769375133398793e+304 478
1757554765800 1.1982666595540487e+305 479
