1757586739617 1064045143066.2454 0
1757586739703 1081858790872.4381 1
1757586739778 16741835130904.744 2
1757586739859 957678153925168.5 3
1757586739937 5.580001417303155e+16 4
1757586740015 3.25223942303468e+18 5
1757586740084 1.895538161009194e+20 6
1757586740154 1.1047972294722341e+22 7
1757586740225 6.439210480827893e+23 8
1757586740293 3.7530354449525074e+25 9
1757586740356 2.1874226806236095e+27 10
1757586740426 1.2749194762180333e+29 11
1757586740486 7.430752571225389e+30 12
1757586740547 4.330946762109836e+32 13
1757586740609 2.5242530519538675e+34 14
1757586740679 1.471238004134305e+36 15
1757586740746 8.574977311144219e+37 16
1757586740818 4.9978477771789384e+39 17
1757586740885 2.9129502618496614e+41 18
1757586740959 1.6977866486361002e+43 19
1757586741033 9.895395544641708e+44 20
1757586741096 5.767441572448281e+46 21
1757586741162 3.361501027578078e+48 22
1757586741251 1.9592203954676198e+50 23
1757586741329 1.1419138434064087e+52 24
1757586741408 6.6555412998953355e+53 25
1757586741492 3.8791219013926405e+55 26
1757586741577 2.260911028544092e+57 27
1757586741670 1.3177514934906142e+59 28
1757586741764 7.680395100354484e+60 29
1757586741869 4.4764486467242425e+62 30
1757586741959 2.609057506147627e+64 31
1757586742046 1.5206655113460533e+66 32
1757586742130 8.863061055376033e+67 33
1757586742218 5.165754775472575e+69 34
1757586742301 3.0108133334060175e+71 35
1757586742387 1.754825252576214e+73 36
1757586742472 1.0227839876062853e+75 37
1757586742558 5.961203736771398e+76 38
1757586742643 3.474433548228028e+78 39
1757586742729 2.025042091178466e+80 40
1757586742816 1.1802774219515208e+82 41
1757586742903 6.879139939051068e+83 42
1757586742986 4.009444340873885e+85 43
1757586743069 2.3368682807727823e+87 44
1757586743161 1.362022489253878e+89 45
1757586743252 7.938424585145507e+90 46
1757586743347 4.626838792402349e+92 47
1757586743425 2.696711038980897e+94 48
1757586743496 1.5717535782104764e+96 49
1757586743562 9.160823220981872e+97 50
1757586743625 5.339302753910624e+99 51
1757586743691 3.111964199093235e+101 52
1757586743757 1.813780117515342e+103 53
1757586743832 1.0571452960970921e+105 54
1757586743904 6.1614755077981815e+106 55
1757586743990 3.591160134123141e+108 56
1757586744075 2.093075123416976e+110 57
1757586744159 1.2199298579417708e+112 58
1757586744245 7.110250566966132e+113 59
1757586744332 4.144145074892936e+115 60
1757586744410 2.4153773822751927e+117 61
1757586744477 1.4077808072289289e+119 62
1757586744541 8.205122792593629e+120 63
1757586744610 4.782281424482543e+122 64
1757586744704 2.7873093677031387e+124 65
1757586744772 1.6245579926585603e+126 66
1757586744833 9.468588962859245e+127 67
1757586744912 5.518681226076912e+129 68
1757586745004 3.2165133151853425e+131 69
1757586745082 1.8747156218912985e+133 70
1757586745152 1.0926610023253568e+135 71
1757586745219 6.368475581369448e+136 72
1757586745284 3.71180825015133e+138 73
1757586745347 2.1633937839373524e+140 74
1757586745415 1.2609144516524972e+142 75
1757586745500 7.349125555369319e+143 76
1757586745585 4.2833711960236413e+145 77
1757586745672 2.4965240646243085e+147 78
1757586745759 1.4550764152857464e+149 79
1757586745845 8.480780955898494e+150 80
1757586745932 4.942946285594651e+152 81
1757586746001 2.880951425267112e+154 82
1757586746063 1.6791364168648085e+156 83
1757586746130 9.786694359764058e+157 84
1757586746196 5.7040860724271404e+159 85
1757586746267 3.3245748488299235e+161 86
1757586746333 1.9376983069909104e+163 87
1757586746404 1.12936988927679e+165 88
1757586746501 6.582430000600969e+166 89
1757586746579 3.836509643493118e+168 90
1757586746660 2.2360748603892268e+170 91
1757586746744 1.3032759580690675e+172 92
1757586746814 7.596025754635009e+173 93
1757586746890 4.427274738541643e+175 94
1757586746961 2.5803969396192194e+177 95
1757586747047 1.503960960007995e+179 96
1757586747134 8.76570009249024e+180 97
1757586747220 5.109008821018524e+182 98
1757586747306 2.9777394683634226e+184 99
1757586747394 1.7355484502141807e+186 100
1757586747483 1.0115486781307719e+188 101
1757586747548 5.895719754189741e+189 102
1757586747612 3.436266802718253e+191 103
1757586747686 2.0027969496128664e+193 104
1757586747750 1.1673120428848934e+195 105
1757586747813 6.803572402721594e+196 106
1757586747878 3.965400487488961e+198 107
1757586747948 2.311197720169413e+200 108
1757586748026 1.3470606357590924e+202 109
1757586748114 7.851220778630231e+203 110
1757586748203 4.5760128444447415e+205 111
1757586748293 2.667087596048542e+207 112
1757586748382 1.5544878230907011e+209 113
1757586748468 9.060191332738243e+210 114
1757586748553 5.28065037026896e+212 115
1757586748641 3.0777791890840755e+214 116
1757586748727 1.7938556943842082e+216 117
1757586748815 1.045532526728234e+218 118
1757586748907 6.09379153445215e+219 119
1757586749000 3.551711143943489e+221 120
1757586749069 2.0700826371715492e+223 121
1757586749133 1.2065288958046223e+225 122
1757586749196 7.032144274204116e+226 123
1757586749262 4.098621530339985e+228 124
1757586749332 2.388844397090782e+230 125
1757586749396 1.3923162973866108e+232 126
1757586749464 8.114989299132204e+233 127
1757586749535 4.729747935051601e+235 128
1757586749621 2.7566906997051956e+237 129
1757586749709 1.6067121796329337e+239 130
1757586749797 9.364576259704737e+240 131
1757586749886 5.458058365118015e+242 132
1757586749973 3.181179830338e+244 133
1757586750055 1.8541218206138587e+246 134
1757586750125 1.0806580919731239e+248 135
1757586750195 6.2985177066755745e+249 136
1757586750260 3.671033937188363e+251 137
1757586750333 2.1396288453242753e+253 138
1757586750409 1.2470632726566294e+255 139
1757586750472 7.268395214467065e+256 140
1757586750551 4.2363182488042034e+258 141
1757586750639 2.469099680962708e+260 142
1757586750731 1.4390923619232339e+262 143
1757586750819 8.387619350136204e+263 144
1757586750908 4.888647888364798e+265 145
1757586750994 2.8493040967608445e+267 146
1757586751078 1.6606910583886807e+269 147
1757586751146 9.67918726031158e+270 148
1757586751231 5.641426534269375e+272 149
1757586751315 3.288054305143605e+274 150
1757586751379 1.9164126392321393e+276 151
1757586751448 1.1169637308190042e+278 152
1757586751513 6.510121830886049e+279 153
1757586751592 3.794365482387065e+281 154
1757586751681 2.2115115182062444e+283 155
1757586751831 1.2889594367915428e+285 156
1757586751921 7.512583208436302e+286 157
1757586752008 4.3786410070564965e+288 158
1757586752090 2.5520512101811896e+290 159
1757586752161 1.4874399086134642e+292 160
1757586752229 8.669408642387478e+293 161
1757586752294 5.0528862223928775e+295 162
1757586752362 2.9450289206135e+297 163
1757586752427 1.716483404042013e+299 164
1757586752490 1.0004367888305462e+301 165
1757586752566 5.8309551149093246e+302 166
1757586752651 3.3985193199293823e+304 167
