1757571494721 1019580993740.7272 0
1757571494793 1017522444579.8097 1
1757571494865 1015470600710.327 2
1757571494933 1013425434909.6077 3
1757571495001 1011386920380.8604 4
1757571495067 1009355030452.6842 5
1757571495146 1007329738578.4276 6
1757571495210 1005311018335.5494 7
1757571495270 1003298843424.9834 8
1757571495332 1001293187670.5085 9
1757571495396 999294025018.119 10
1757571495460 997301329535.3994 11
1757571495533 995315075410.9047 12
1757571495599 993335236953.5403 13
1757571495663 991361788591.9485 14
1757571495723 989394704873.8964 15
1757571495786 987433960465.6675 16
1757571495848 985479530151.4567 17
1757571495967 983531388832.7688 18
1757571496033 981589511527.8198 19
1757571496125 979653873370.941 20
1757571496190 977724449611.9878 21
1757571496253 975801215615.7499 22
1757571496315 973884146861.3655 23
1757571496379 971973218941.7384 24
1757571496450 970068407562.9596 25
1757571496520 968169688543.7289 26
1757571496586 966277037814.7832 27
1757571496661 964390431418.3246 28
1757571496743 962509845507.4545 29
1757571496812 960635256345.6078 30
1757571496896 958766640305.993 31
1757571496969 956903973871.0331 32
1757571497046 955047233631.8103 33
1757571497133 953196396287.5145 34
1757571497227 951351438644.8926 35
1757571497318 949512337617.7028 36
1757571497432 947679070226.1714 37
1757571497556 945851613596.4514 38
1757571497659 944029944960.0852 39
1757571497741 942214041653.4696 40
1757571497822 940403881117.3235 41
1757571497908 938599440896.1597 42
1757571497982 936800698637.757 43
1757571498051 935007632092.6376 44
1757571498115 933220219113.547 45
1757571498177 931438437654.9341 46
1757571498242 929662265772.4377 47
1757571498303 927891681622.3733 48
1757571498367 926126663461.2234 49
1757571498431 924367189645.1304 50
1757571498494 922613238629.3925 51
1757571498558 920864788967.9617 52
1757571498625 919121819312.9456 53
1757571498689 917384308414.1097 54
1757571498752 915652235118.3854 55
1757571498818 913925578369.3774 56
1757571498881 912204317206.8767 57
1757571498945 910488430766.3734 58
1757571499009 908777898278.5745 59
1757571499075 907072699068.9229 60
1757571499138 905372812557.1188 61
1757571499206 903678218256.6453 62
1757571499292 901988895774.2938 63
1757571499359 900304824809.6948 64
1757571499422 898625985154.8497 65
1757571499487 896952356693.6641 66
1757571499552 895283919401.4862 67
1757571499614 893620653344.6455 68
1757571499678 891962538679.9948 69
1757571499739 890309555654.4543 70
1757571499801 888661684604.5587 71
1757571499865 887018905956.0055 72
1757571499928 885381200223.208 73
1757571499993 883748548008.8474 74
1757571500082 882120930003.4309 75
1757571500145 880498326984.8484 76
1757571500209 878880719817.9352 77
1757571500274 877268089454.0339 78
1757571500338 875660416930.561 79
1757571500405 874057683370.5747 80
1757571500469 872459869982.3446 81
1757571500535 870866958058.9244 82
1757571500597 869278928977.7269 83
1757571500662 867695764200.1011 84
1757571500724 866117445270.9103 85
1757571500790 864543953818.1154 86
1757571500853 862975271552.3574 87
1757571500916 861411380266.5438 88
1757571500980 859852261835.4362 89
1757571501052 858297898215.2413 90
1757571501115 856748271443.2025 91
1757571501181 855203363637.1954 92
1757571501247 853663156995.3241 93
1757571501310 852127633795.5201 94
1757571501373 850596776395.1434 95
1757571501439 849070567230.5859 96
1757571501502 847548988816.8761 97
1757571501571 846032023747.2867 98
1757571501635 844519654692.9442 99
1757571501700 843011864402.4402 100
1757571501763 841508635701.4447 101
1757571501828 840009951492.3225 102
1757571501890 838515794753.7496 103
1757571501956 837026148540.3334 104
1757571502018 835540995982.2352 105
1757571502083 834060320284.7919 106
1757571502148 832584104728.1438 107
1757571502212 831112332666.8604 108
1757571502278 829644987529.5713 109
1757571502341 828182052818.5969 110
1757571502406 826723512109.5819 111
1757571502507 825269349051.1318 112
1757571502576 823819547364.4485 113
1757571502641 822374090842.971 114
1757571502706 820932963352.0157 115
1757571502799 819496148828.42 116
1757571502864 818063631280.1871 117
1757571502930 816635394786.1327 118
1757571502994 815211423495.5332 119
1757571503061 813791701627.7776 120
1757571503128 812376213472.018 121
1757571503195 810964943386.8257 122
1757571503267 809557875799.8457 123
1757571503332 808154995207.4554 124
1757571503407 806756286174.4241 125
1757571503494 805361733333.574 126
1757571503598 803971321385.4441 127
1757571503679 802585035097.9546 128
1757571503753 801202859306.0741 129
1757571503815 799824778911.4878 130
1757571503890 798450778882.2677 131
1757571503961 797080844252.5452 132
1757571504028 795714960122.1837 133
1757571504090 794353111656.4553 134
1757571504167 792995284085.7173 135
1757571504224 791641462705.0908 136
1757571504291 790291632874.1415 137
1757571504351 788945780016.5625 138
1757571504412 787603889619.8569 139
1757571504474 786265947235.0244 140
1757571504535 784931938476.2484 141
1757571504602 783601849020.584 142
1757571504665 782275664607.6497 143
1757571504728 780953371039.3182 144
1757571504789 779634954179.4114 145
1757571504852 778320399953.3945 146
1757571504917 777009694348.0746 147
1757571504984 775702823411.2969 148
1757571505046 774399773251.6466 149
1757571505107 773100530038.15 150
1757571505170 771805079999.9781 151
1757571505233 770513409426.1503 152
1757571505299 769225504665.2421 153
1757571505364 767941352125.0924 154
1757571505432 766660938272.5125 155
1757571505500 765384249632.9976 156
1757571505560 764111272790.4391 157
1757571505629 762841994386.8387 158
1757571505690 761576401122.0234 159
1757571505758 760314479753.3633 160
1757571505831 759056217095.4885 161
1757571505895 757801600020.0111 162
1757571505959 756550615455.2448 163
1757571506027 755303250385.9281 164
1757571506089 754059491852.9498 165
1757571506155 752819326953.0731 166
1757571506221 751582742838.664 167
1757571506284 750349726717.4183 168
1757571506351 749120265852.0938 169
1757571506419 747894347560.2397 170
1757571506478 746671959213.9313 171
1757571506542 745453088239.5021 172
1757571506607 744237722117.2811 173
1757571506677 743025848381.3289 174
1757571506747 741817454619.1768 175
1757571506817 740612528471.5654 176
1757571506893 739411057632.1871 177
1757571506956 738213029847.4274 178
1757571507024 737018432916.109 179
1757571507093 735827254689.2375 180
1757571507161 734639483069.7467 181
1757571507249 733455106012.2476 182
1757571507325 732274111522.7766 183
1757571507386 731096487658.5463 184
1757571507450 729922222527.6973 185
1757571507519 728751304289.0508 186
1757571507587 727583721151.8628 187
1757571507656 726419461375.5809 188
1757571507719 725258513269.5994 189
1757571507784 724100865193.0182 190
1757571507854 722946505554.4027 191
1757571507918 721795422811.5432 192
1757571507995 720647605471.2181 193
1757571508063 719503042088.9559 194
1757571508132 718361721268.7998 195
1757571508207 717223631663.0741 196
1757571508271 716088761972.1494 197
1757571508332 714957100944.2124 198
1757571508399 713828637375.0333 199
1757571508462 712703360107.7382 200
1757571508529 711581258032.5782 201
1757571508601 710462320086.7047 202
1757571508672 709346535253.9418 203
1757571508741 708233892564.5618 204
1757571508805 707124381095.0614 205
1757571508868 706017989967.9397 206
1757571508937 704914708351.476 207
1757571509002 703814525459.5104 208
1757571509066 702717430551.224 209
1757571509129 701623412930.9215 210
1757571509200 700532461947.8137 211
1757571509261 699444566995.803 212
1757571509325 698359717513.267 213
1757571509393 697277902982.8469 214
1757571509456 696199112931.2341 215
1757571509523 695123336928.9589 216
1757571509588 694050564590.1809 217
1757571509654 692980785572.4794 218
1757571509723 691913989576.6456 219
1757571509788 690850166346.4761 220
1757571509856 689789305668.566 221
1757571509918 688731397372.1055 222
1757571509983 687676431328.6743 223
1757571510044 686624397452.0416 224
1757571510111 685575285697.9615 225
1757571510173 684529086063.9751 226
1757571510241 683485788589.2086 227
1757571510340 682445383354.1768 228
1757571510408 681407860480.5842 229
1757571510475 680373210131.1295 230
1757571510538 679341422509.3091 231
1757571510604 678312487859.224 232
1757571510669 677286396465.3853 233
1757571510738 676263138652.522 234
1757571510802 675242704785.3898 235
1757571510867 674225085268.5806 236
1757571510932 673210270546.3329 237
1757571510991 672198251102.343 238
1757571511058 671189017459.5784 239
1757571511122 670182560180.0902 240
1757571511183 669178869864.828 241
1757571511250 668177937153.4556 242
1757571511312 667179752724.1663 243
1757571511378 666184307293.5016 244
1757571511442 665191591616.1677 245
1757571511507 664201596484.8563 246
1757571511572 663214312730.0635 247
1757571511638 662229731219.911 248
1757571511701 661247842859.9686 249
1757571511769 660268638593.0763 250
1757571511831 659292109399.169 251
1757571511911 658318246295.0994 252
1757571511972 657347040340.0662 253
1757571512041 656378482618.7267 254
1757571512106 655412564257.6469 255
1757571512172 654449276419.6188 256
1757571512241 653488610303.4905 257
1757571512305 652530557143.9957 258
1757571512373 651575108211.5841 259
1757571512440 650622254812.2539 260
1757571512503 649671988287.3838 261
1757571512569 648724300013.5665 262
1757571512632 647779181402.4432 263
1757571512693 646836623900.5394 264
1757571512758 645896618989.0994 265
1757571512824 644959158183.924 266
1757571512887 644024233035.2085 267
1757571512946 643091835127.3802 268
1757571513006 642161956078.9395 269
1757571513065 641234587542.2971 270
1757571513127 640309721203.6183 271
1757571513187 639387348782.6626 272
1757571513248 638467462032.6271 273
1757571513307 637550052739.9894 274
1757571513366 636635112724.3524 275
1757571513424 635722633838.2891 276
1757571513483 634812607967.1882 277
1757571513541 633905027029.1005 278
1757571513603 632999882974.587 279
1757571513665 632097167786.5665 280
1757571513723 631196873480.1644 281
1757571513781 630298992102.5626 282
1757571513841 629403515732.8501 283
1757571513899 628510436481.874 284
1757571513958 627619746492.0913 285
1757571514016 626731437937.4224 286
1757571514076 625845503023.1033 287
1757571514135 624961933985.5411 288
1757571514197 624080723092.1685 289
1757571514261 623201862641.2991 290
1757571514322 622325344961.9845 291
1757571514382 621451162413.8708 292
1757571514442 620579307387.0574 293
1757571514502 619709772301.9543 294
1757571514561 618842549609.1434 295
1757571514620 617977631789.2366 296
1757571514678 617115011352.737 297
1757571514736 616254680839.9022 298
1757571514796 615396632820.6033 299
1757571514865 614540859894.1912 300
1757571514928 613687354689.3572 301
1757571514989 612836109863.9991 302
1757571515050 611987118105.086 303
1757571515110 611140372128.5232 304
1757571515171 610295864679.0189 305
1757571515230 609453588529.9517 306
1757571515290 608613536483.237 307
1757571515351 607775701369.1973 308
1757571515411 606940076046.4292 309
1757571515471 606106653401.6744 310
1757571515530 605275426349.69 311
1757571515589 604446387833.1183 312
1757571515649 603619530822.3599 313
1757571515709 602794848315.4454 314
1757571515769 601972333337.9084 315
1757571515828 601151978942.6588 316
1757571515888 600333778209.8577 317
1757571515947 599517724246.7917 318
1757571516006 598703810187.7488 319
1757571516067 597892029193.8938 320
1757571516127 597082374453.146 321
1757571516187 596274839180.0565 322
1757571516248 595469416615.6853 323
1757571516309 594666100027.4806 324
1757571516370 593864882709.1586 325
1757571516433 593065757980.5817 326
1757571516495 592268719187.6406 327
1757571516555 591473759702.1345 328
1757571516615 590680872921.653 329
1757571516678 589890052269.4581 330
1757571516738 589101291194.3677 331
1757571516797 588314583170.638 332
1757571516857 587529921697.8481 333
1757571516918 586747300300.7855 334
1757571516978 585966712529.3292 335
1757571517039 585188151958.3374 336
1757571517106 584411612187.5327 337
1757571517167 583637086841.3896 338
1757571517231 582864569569.0219 339
1757571517294 582094054044.07 340
1757571517356 581325533964.591 341
1757571517418 580559003052.9459 342
1757571517483 579794455055.6919 343
1757571517543 579031883743.4697 344
1757571517604 578271282910.8969 345
1757571517664 577512646376.4575 346
1757571517725 576755967982.3954 347
1757571517792 576001241594.6055 348
1757571517852 575248461102.5275 349
1757571517924 574497620419.0393 350
1757571517985 573748713480.351 351
1757571518046 573001734245.8992 352
1757571518106 572256676698.243 353
1757571518169 571513534842.9587 354
1757571518229 570772302708.5365 355
1757571518290 570032974346.2772 356
1757571518350 569295543830.1891 357
1757571518409 568560005256.886 358
1757571518470 567826352745.4855 359
1757571518530 567094580437.5074 360
1757571518594 566364682496.7737 361
1757571518659 565636653109.3071 362
1757571518720 564910486483.2327 363
1757571518782 564186176848.6776 364
1757571518843 563463718457.6731 365
1757571518903 562743105584.0552 366
1757571518965 562024332523.3687 367
1757571519025 561307393592.7677 368
1757571519086 560592283130.9209 369
1757571519148 559878995497.9138 370
1757571519209 559167525075.1538 371
1757571519271 558457866265.274 372
1757571519333 557750013492.0391 373
1757571519394 557043961200.2506 374
1757571519454 556339703855.6533 375
1757571519515 555637235944.8412 376
1757571519576 554936551975.1647 377
1757571519636 554237646474.6382 378
1757571519697 553540513991.8481 379
1757571519757 552845149095.8613 380
1757571519818 552151546376.1334 381
1757571519878 551459700442.4187 382
1757571519939 550769605924.6792 383
1757571520000 550081257472.9958 384
1757571520060 549394649757.47797 385
1757571520121 548709777468.1753 386
1757571520181 548026635314.9891 387
1757571520243 547345218027.58374 388
1757571520305 546665520355.30005 389
1757571520365 545987537067.06726 390
1757571520425 545311262951.31647 391
1757571520491 544636692815.89484 392
1757571520553 543963821487.9788 393
1757571520615 543292643813.9898 394
1757571520678 542623154659.50775 395
1757571520739 541955348909.1878 396
1757571520803 541289221466.67554 397
1757571520866 540624767254.5229 398
1757571520939 539961981214.1055 399
1757571521000 539300858305.53925 400
1757571521063 538641393507.5976 401
1757571521126 537983581817.63007 402
1757571521188 537327418251.47986 403
1757571521250 536672897843.40283 404
1757571521312 536020015645.9865 405
1757571521373 535368766730.06976 406
1757571521434 534719146184.66223 407
1757571521495 534071149116.8648 408
1757571521556 533424770651.7906 409
1757571521617 532780005932.4856 410
1757571521677 532136850119.85 411
1757571521738 531495298392.5602 412
1757571521800 530855345946.99133 413
1757571521865 530216987997.1393 414
1757571521927 529580219774.5442 415
1757571521987 528945036528.213 416
1757571522048 528311433524.54443 417
1757571522109 527679406047.2517 418
1757571522170 527048949397.288 419
1757571522233 526420058892.7708 420
1757571522294 525792729868.90735 421
1757571522356 525166957677.92 422
1757571522418 524542737688.97217 423
1757571522479 523920065288.09515 424
1757571522541 523298935878.11414 425
1757571522604 522679344878.5753 426
1757571522665 522061287725.67365 427
1757571522727 521444759872.1804 428
1757571522789 520829756787.37085 429
1757571522850 520216273956.9535 430
1757571522912 519604306882.99817 431
1757571522974 518993851083.86554 432
1757571523038 518384902094.1364 433
1757571523100 517777455464.5419 434
1757571523164 517171506761.8928 435
1757571523227 516567051569.0111 436
1757571523289 515964085484.66003 437
1757571523350 515362604123.47614 438
1757571523412 514762603115.8995 439
1757571523474 514164078108.10675 440
1757571523535 513567024761.943 441
1757571523600 512971438754.85406 442
1757571523663 512377315779.8193 443
1757571523727 511784651545.28503 444
1757571523790 511193441775.09814 445
1757571523851 510603682208.43945 446
1757571523922 510015368599.75836 447
1757571523988 509428496718.7069 448
1757571524050 508843062350.0746 449
1757571524112 508259061293.7242 450
1757571524173 507676489364.5259 451
1757571524235 507095342392.29407 452
1757571524297 506515616221.7231 453
1757571524358 505937306712.3231 454
1757571524419 505360409738.35785 455
1757571524481 504784921188.78015 456
1757571524544 504210836967.1705 457
1757571524606 503638152991.6737 458
1757571524668 503066865194.93756 459
1757571524730 502496969524.0504 460
1757571524793 501928461940.47974 461
1757571524857 501361338420.0111 462
1757571524919 500795594952.68726 463
1757571524982 500231227542.7473 464
1757571525043 499668232208.56647 465
1757571525105 499106604982.59595 466
1757571525170 498546341911.3034 467
1757571525235 497987439055.1131 468
1757571525298 497429892488.34717 469
1757571525363 496873698299.16626 470
1757571525425 496318852589.5112 471
1757571525487 495765351475.04486 472
1757571525549 495213191085.09344 473
1757571525611 494662367562.5892 474
1757571525673 494112877064.01306 475
1757571525736 493564715759.33704 476
1757571525797 493017879831.96735 477
1757571525859 492472365478.68805 478
1757571525921 491928168909.6043 479
1757571525989 491385286348.08624 480
1757571526053 490843714030.7137 481
1757571526115 490303448207.2197 482
1757571526178 489764485140.4356 483
1757571526241 489226821106.2364 484
1757571526306 488690452393.4853 485
1757571526370 488155375303.9795 486
1757571526432 487621586152.396 487
1757571526495 487089081266.2373 488
1757571526558 486557856985.77795 489
1757571526621 486027909664.0108 490
1757571526683 485499235666.59406 491
1757571526746 484971831371.79803 492
1757571526809 484445693170.45233 493
1757571526871 483920817465.8941 494
1757571526932 483397200673.91455 495
1757571527004 482874839222.7084 496
1757571527070 482353729552.8207 497
1757571527133 481833868117.0966 498
1757571527197 481315251380.6296 499
