1757568225503 683206224863.6346 0
1757568225570 1188729289476.2644 1
1757568225646 123331772927.86438 2
1757568225731 570057544021.7528 3
1757568225806 993362953010.1631 4
1757568225877 133137492709.98743 5
1757568225945 250199939484.28506 6
1757568226015 406323590001.301 7
1757568226093 425490982057.2604 8
1757568226159 313386444554.6528 9
1757568226235 441838062112.2821 10
1757568226303 131739759504.10042 11
1757568226367 340607718792.804 12
1757568226440 728213306573.7108 13
1757568226522 268272762838.9664 14
1757568226591 116760777746.27333 15
1757568226664 195470387133.62762 16
1757568226743 167313778104.3491 17
1757568226821 356799388083.66986 18
1757568226889 129853904590.02646 19
1757568226960 302682236585.48425 20
1757568227032 269818387733.2579 21
1757568227105 272860619832.9455 22
1757568227175 220274414645.5253 23
1757568227249 450821174446.7821 24
1757568227320 153771673952.1372 25
1757568227392 176342523099.39575 26
1757568227466 276701619942.58936 27
1757568227538 176881029025.54767 28
1757568227606 88936507722.39384 29
1757568227673 136434955274.03668 30
1757568227744 146898153611.17285 31
1757568227818 162871974673.25995 32
1757568227887 493348913910.1951 33
1757568227956 214853904788.4656 34
1757568228025 363876158544.28186 35
1757568228100 468127364989.08923 36
1757568228166 376326993403.9173 37
1757568228242 140534187070.4492 38
1757568228309 179184628407.44452 39
1757568228381 91673216958.93842 40
1757568228448 101975314849.79042 41
1757568228516 121613705398.99527 42
1757568228589 231223335377.31665 43
1757568228658 105203211335.26363 44
1757568228728 219668966677.45 45
1757568228802 250657656707.09937 46
1757568228870 156951212675.27667 47
1757568228945 408252603066.4709 48
1757568229017 153714184802.04642 49
1757568229085 107019743762.88782 50
1757568229162 170096001406.09583 51
1757568229232 404818096913.53406 52
1757568229301 93562043249.3891 53
1757568229374 168661823388.94382 54
1757568229438 265321927781.59042 55
1757568229511 357152472873.58594 56
1757568229584 201459482557.93585 57
1757568229650 94148328351.55185 58
1757568229723 163437132339.98056 59
1757568229787 184341402391.08035 60
1757568229866 129071276145.28384 61
1757568229946 229461269825.50357 62
1757568230015 238369361354.87796 63
1757568230083 508527439679.1875 64
1757568230147 145087888745.5362 65
1757568230221 96863262686.78168 66
1757568230291 138768100555.1058 67
1757568230360 120600156210.11026 68
1757568230434 99750025518.03119 69
1757568230502 89000639864.11017 70
1757568230580 122748620833.92625 71
1757568230649 123976455174.84297 72
1757568230719 185081413108.4067 73
1757568230789 147710932302.39532 74
1757568230854 127333025212.56824 75
1757568230923 76731674763.2781 76
1757568231003 141427755069.9185 77
1757568231072 237403956591.76508 78
1757568231144 106475195584.45735 79
1757568231214 836887154322.8269 80
1757568231282 214395955268.34872 81
1757568231356 237096734224.57486 82
1757568231425 189457641297.34656 83
1757568231495 257194999403.18097 84
1757568231565 83613443812.1488 85
1757568231632 99438507392.59267 86
1757568231702 146295879527.58444 87
1757568231769 162279404863.22562 88
1757568231837 69177795890.83032 89
1757568231913 88719209302.88722 90
1757568231984 85935462023.12033 91
1757568232050 261994121412.79663 92
1757568232124 120107290607.48828 93
1757568232198 87898037004.17824 94
1757568232269 259469293639.83984 95
1757568232339 66486000206.0963 96
1757568232415 222717775941.00763 97
1757568232488 238103010270.2591 98
1757568232562 141030674384.73935 99
1757568232628 78670315931.52837 100
1757568232702 129882736181.94795 101
1757568232772 98012681897.55186 102
1757568232850 119975280609.7103 103
1757568232922 102345531910.49973 104
1757568233000 314916756417.5506 105
1757568233069 75616666313.44652 106
1757568233143 118231819505.39784 107
1757568233218 136701551189.13844 108
1757568233285 88959031525.99855 109
1757568233363 350672499320.3056 110
1757568233449 60442250536.65593 111
1757568233519 128755397507.6963 112
1757568233598 111430433576.30084 113
1757568233665 144918939047.37842 114
1757568233742 94971192269.95683 115
1757568233809 103370841124.21239 116
1757568233882 216747463523.92514 117
1757568233957 291888248958.36017 118
1757568234035 342715790866.7213 119
1757568234104 149615797814.43216 120
1757568234177 326980303660.73694 121
1757568234246 126229894231.94188 122
1757568234314 203197765925.74805 123
1757568234392 66872246031.038574 124
1757568234462 171835904361.83264 125
1757568234535 140191152774.21585 126
1757568234612 166383940815.24847 127
1757568234686 252606090317.88278 128
1757568234754 67720752365.27268 129
1757568234830 223948056593.07495 130
1757568234895 122908240479.97423 131
1757568234966 139003948726.8522 132
1757568235036 82412399500.77943 133
1757568235110 119112719512.98216 134
1757568235179 318521875208.6896 135
1757568235245 77483020435.64743 136
1757568235320 179649916096.3406 137
1757568235385 129029940419.73917 138
1757568235465 137342325798.45049 139
1757568235544 303475864860.40784 140
1757568235624 96752070013.62146 141
1757568235702 82597607886.31247 142
1757568235774 74502967846.3705 143
1757568235855 148961192327.56195 144
1757568235952 293644682881.60406 145
1757568236020 209422962533.54892 146
1757568236090 96746988841.23018 147
1757568236163 88978136777.19939 148
1757568236240 121000944866.15369 149
1757568236313 43147385415.443115 150
1757568236383 141991149703.32776 151
1757568236457 119119922768.61511 152
1757568236545 47814405762.40145 153
1757568236619 179157153759.0987 154
1757568236687 72620188319.16673 155
1757568236766 144152784172.69534 156
1757568236836 310743358124.6354 157
1757568236910 52063374636.589195 158
1757568236981 147112616388.3696 159
1757568237051 58976588835.7717 160
1757568237124 131541739744.12708 161
1757568237195 165251267228.3291 162
1757568237277 134805024784.06685 163
1757568237349 198956187446.62283 164
1757568237423 47009843130.200676 165
1757568237495 176105578341.45444 166
1757568237561 297675479754.48285 167
1757568237642 185558139477.47977 168
1757568237708 99238284184.13606 169
1757568237791 104351334802.71896 170
1757568237864 60208835784.17954 171
1757568237939 186296087731.7007 172
1757568238013 155807190963.98077 173
1757568238084 208264607365.06097 174
1757568238165 77446533860.02808 175
1757568238241 192964385754.569 176
1757568238315 85135979585.36946 177
1757568238385 140348355650.346 178
1757568238454 166053925329.501 179
1757568238540 112954419320.38988 180
1757568238615 58427669862.98554 181
1757568238695 629534879817.5985 182
1757568238764 119198123698.24881 183
1757568238843 65455691351.93338 184
1757568238915 137113781835.50896 185
1757568238988 119888476288.35692 186
1757568239062 101222098739.50685 187
1757568239134 85499154953.31796 188
1757568239201 132524960310.90121 189
1757568239276 62208390844.15018 190
1757568239351 137772466047.64294 191
1757568239434 111916650365.56998 192
1757568239502 77048764572.49161 193
1757568239578 201459431973.9083 194
1757568239656 105534156952.31413 195
1757568239730 108705820683.73718 196
1757568239801 142347566986.1207 197
1757568239876 299480411034.2659 198
1757568239961 58371098467.86097 199
1757568240044 88639749187.7354 200
1757568240114 109502370867.9546 201
1757568240190 124528158145.8138 202
1757568240263 146863974654.3108 203
1757568240339 223554674476.58356 204
1757568240412 82341113637.33582 205
1757568240486 101614213526.39835 206
1757568240560 64307983578.74734 207
1757568240634 313920639566.99445 208
1757568240709 82366152172.81422 209
1757568240780 50858358989.42795 210
1757568240854 62936164208.32527 211
1757568240924 82809149365.2789 212
1757568240999 168110930236.82257 213
1757568241076 177720662722.40628 214
1757568241149 142564003177.27713 215
1757568241224 143805058598.21585 216
1757568241296 191965289068.53525 217
1757568241370 116700238392.68846 218
1757568241442 50269719424.32373 219
1757568241511 106808275267.84534 220
1757568241583 307341851519.7799 221
1757568241659 73115177345.68037 222
1757568241735 154837222565.58255 223
1757568241812 90285725896.89604 224
1757568241883 68663775960.20149 225
1757568241956 111204150232.60725 226
1757568242023 92992055710.43526 227
1757568242094 71899743963.1171 228
1757568242177 68987069637.10849 229
1757568242254 183426890372.8084 230
1757568242323 76563537072.28859 231
1757568242393 138923503480.69693 232
1757568242469 113097373306.81207 233
1757568242548 89149388497.91904 234
1757568242624 69648799788.88643 235
1757568242700 120331847840.0554 236
1757568242775 180642464050.3784 237
1757568242847 129867476212.471 238
1757568242923 99705213638.3413 239
1757568242992 328789127555.1321 240
1757568243071 68930314059.12674 241
1757568243144 79674038545.20851 242
1757568243224 242852611837.45975 243
1757568243298 168638982749.24072 244
1757568243375 82171582005.56876 245
1757568243451 117293944415.39345 246
1757568243524 185506988144.5268 247
1757568243596 139796972750.96042 248
1757568243664 180881751968.93204 249
1757568243738 137220708884.05573 250
1757568243811 223267254247.4159 251
1757568243878 187460256900.9868 252
1757568243949 74085199436.43619 253
1757568244025 100441435465.25879 254
1757568244098 117533635699.12833 255
1757568244166 65489867821.710304 256
1757568244244 65933439908.4107 257
1757568244320 113258452385.67294 258
1757568244401 77467753376.93983 259
1757568244483 83721225918.47633 260
1757568244556 149812890231.1238 261
1757568244633 99531048534.64929 262
1757568244711 42642331940.34075 263
1757568244785 193443794901.91885 264
1757568244859 52872296568.18381 265
1757568244932 157709254021.3887 266
1757568245008 92666520900.7995 267
1757568245083 622314361479.9293 268
1757568245156 95538825393.8634 269
1757568245236 149651432737.34244 270
1757568245306 111622830712.36703 271
1757568245377 176814837138.9616 272
1757568245454 76658851993.98721 273
1757568245530 73110030454.27809 274
1757568245608 171259037880.85117 275
1757568245683 46562780507.47472 276
1757568245767 140350427613.5995 277
1757568245842 294434293338.41766 278
1757568245928 68314571482.692375 279
1757568246006 95900703210.87006 280
1757568246093 116191343953.94283 281
1757568246175 80009888089.54442 282
1757568246257 45017696995.14167 283
1757568246336 138575122177.47046 284
1757568246415 83147712256.00279 285
1757568246489 47800543043.734 286
1757568246571 190977305730.33276 287
1757568246649 81806234130.52318 288
1757568246724 83799753445.58466 289
1757568246808 202628394364.14456 290
1757568246881 245235782351.25272 291
1757568246952 139468892648.85883 292
1757568247025 35007635668.59901 293
1757568247096 66217720458.80615 294
1757568247170 112197656746.20633 295
1757568247249 63123521670.20404 296
1757568247326 38683515042.59937 297
1757568247397 163697263738.45288 298
1757568247479 81026798380.66182 299
1757568247552 88859208761.10649 300
1757568247628 67184113295.2604 301
1757568247713 95722646467.13248 302
1757568247803 189406017772.9379 303
1757568247876 61352238280.00898 304
1757568247956 69101102554.28137 305
1757568248037 113756142931.75284 306
1757568248111 273920233359.54016 307
1757568248193 76605155242.16689 308
1757568248266 250987870505.19464 309
1757568248344 95806488805.12968 310
1757568248420 154189201516.61966 311
1757568248490 111638973743.51797 312
1757568248564 89888463082.25682 313
1757568248641 198410561369.54492 314
1757568248730 108946609079.4814 315
1757568248808 150812324342.99384 316
1757568248881 63119580531.14141 317
1757568248955 117946244970.42558 318
1757568249030 143834512021.38727 319
1757568249102 113285465468.36037 320
1757568249177 555111240452.487 321
1757568249259 121900176131.7082 322
1757568249336 58054474781.13704 323
1757568249410 118220272562.82828 324
1757568249480 62439363797.031654 325
1757568249557 74377788331.92668 326
1757568249636 271567430676.69507 327
1757568249715 193105015634.42056 328
1757568249790 101581130177.81972 329
1757568249867 127211950701.52972 330
1757568249945 104893024639.24457 331
1757568250022 192465789610.4619 332
1757568250104 80773643611.91367 333
1757568250171 134435874268.48143 334
1757568250248 109997673258.42175 335
1757568250329 86205841993.06876 336
1757568250411 79782002551.36281 337
1757568250484 659475525139.6215 338
1757568250560 71113418570.98276 339
1757568250628 148036825686.09775 340
1757568250709 36883897876.26905 341
1757568250789 126465058399.70892 342
1757568250865 56335938339.48632 343
1757568250950 217371865158.59357 344
1757568251021 147044390999.22784 345
1757568251097 126047004130.09326 346
1757568251166 236018923233.87888 347
1757568251243 40559999515.55311 348
1757568251326 144391808042.5746 349
1757568251402 56374359246.8914 350
1757568251474 178101574506.52927 351
1757568251545 52901020493.23617 352
1757568251622 99410421910.2244 353
1757568251699 79566019429.75308 354
1757568251778 102634206114.55284 355
1757568251849 99507027289.9185 356
1757568251921 85635914358.10092 357
1757568251995 186280634344.4003 358
1757568252070 53598955914.126366 359
1757568252148 109156531586.26094 360
1757568252225 110185550994.69266 361
1757568252322 136667791484.481 362
1757568252417 75238546759.1118 363
1757568252495 97578006797.40564 364
1757568252568 54036198910.97298 365
1757568252640 112915512461.89674 366
1757568252712 224506523482.13507 367
1757568252791 295070012063.62335 368
1757568252869 49914008176.170456 369
1757568252945 82933706497.88399 370
1757568253021 179526393249.94717 371
1757568253110 114127658669.68376 372
1757568253187 116233262420.36137 373
1757568253267 101814141197.13022 374
1757568253342 112037264504.5422 375
1757568253421 112337337385.0064 376
1757568253497 108808999733.57881 377
1757568253571 104566871295.17258 378
1757568253647 80002222423.9049 379
1757568253733 202802350422.03128 380
1757568253814 108404371605.8918 381
1757568253892 54237341344.54167 382
1757568253967 115654337616.23453 383
1757568254042 125381670749.16173 384
1757568254121 63924511205.5946 385
1757568254197 82661912695.14783 386
1757568254269 77172924582.82144 387
1757568254346 248479008683.5381 388
1757568254428 222583602271.45203 389
1757568254502 177695164175.8034 390
1757568254576 101994181424.57124 391
1757568254650 80446296584.38193 392
1757568254732 124402960845.80196 393
1757568254814 81518161253.21658 394
1757568254883 145198469889.9603 395
1757568254955 613301307116.9098 396
1757568255039 176304645934.57095 397
1757568255110 160133825294.60934 398
1757568255191 116239913933.75232 399
1757568255278 174618541525.40204 400
1757568255356 53668862353.99734 401
1757568255432 96834697662.82916 402
1757568255511 130734688005.0566 403
1757568255581 156705010481.60162 404
1757568255660 103719052857.20941 405
1757568255738 127599524381.79944 406
1757568255827 58515946124.77381 407
1757568255902 206154557108.69757 408
1757568255980 155839276007.24942 409
1757568256063 159113531991.8416 410
1757568256144 76759840401.07578 411
1757568256224 193625167083.70245 412
1757568256319 92968107852.29199 413
1757568256392 39140580276.56673 414
1757568256464 61027844048.35427 415
1757568256541 222787362878.7118 416
1757568256617 246892734783.68826 417
1757568256692 98305149772.25533 418
1757568256769 96122278335.54166 419
1757568256853 144061038631.3548 420
1757568256933 137112236630.30827 421
1757568257007 42901468337.02541 422
1757568257081 104208977287.30322 423
1757568257194 65851475734.51324 424
1757568257304 71540746309.10698 425
1757568257392 100516060853.33827 426
1757568257471 114483839595.97276 427
1757568257550 83987999264.49652 428
1757568257629 319883415042.875 429
1757568257701 269506936093.25235 430
1757568257778 50271385150.27631 431
1757568257862 69464358809.13564 432
1757568257937 171728464274.98788 433
1757568258016 107116553195.55533 434
1757568258092 46293715173.20675 435
1757568258175 34813208553.46203 436
1757568258252 246736718319.1494 437
1757568258333 113731132013.61322 438
1757568258408 57119769714.0552 439
1757568258488 112598082448.41737 440
1757568258564 46569322443.569534 441
1757568258646 128631834389.5952 442
1757568258724 44421615827.72249 443
1757568258806 136247952025.55942 444
1757568258881 77114946981.1721 445
1757568258963 66168726001.54463 446
1757568259040 88097961686.16165 447
1757568259118 59366390970.76055 448
1757568259195 74481309274.62242 449
1757568259272 82325339165.4339 450
1757568259347 55403095085.95575 451
1757568259425 72926609178.5162 452
1757568259503 100332735077.97064 453
1757568259585 152450328712.71317 454
1757568259666 38485116990.455315 455
1757568259750 54654219220.53299 456
1757568259831 67870800803.57976 457
1757568259906 157786907086.23462 458
1757568259991 34684061331.94168 459
1757568260067 177670724081.56268 460
1757568260150 586184404294.3363 461
1757568260234 92551059161.05069 462
1757568260309 96571328878.39354 463
1757568260391 126719377482.87224 464
1757568260465 71070439583.4432 465
1757568260541 115877461124.85231 466
1757568260622 85021453813.2754 467
1757568260698 62229313968.52973 468
1757568260776 48518620948.72038 469
1757568260853 56918891095.519905 470
1757568260935 130057918684.7756 471
1757568261012 107107620790.864 472
1757568261091 92870890009.99205 473
1757568261169 108656746751.98817 474
1757568261248 108990946008.47087 475
1757568261326 64344912445.18514 476
1757568261404 219672016886.32132 477
1757568261489 135442752418.36105 478
1757568261566 292986602997.08673 479
1757568261647 64486448968.91688 480
1757568261737 210054268567.6203 481
1757568261818 62520832072.73838 482
1757568261900 87392395623.61365 483
1757568261978 90919461041.29434 484
1757568262057 65986603458.45979 485
1757568262141 153085972186.14716 486
1757568262217 64966334993.145805 487
1757568262290 88127829455.45457 488
1757568262375 77429501883.01013 489
1757568262452 58848072617.17717 490
1757568262553 106695350706.52785 491
1757568262638 60657215512.23058 492
1757568262715 59001012448.91304 493
1757568262792 75940095138.41293 494
1757568262874 57587947773.14706 495
1757568262951 35077462470.80876 496
1757568263028 93948471599.99756 497
1757568263109 178298430146.37692 498
1757568263186 101570259131.361 499
