1757566411101 5998949311.910174 0
1757566411596 3108237821.6456285 1
1757566412118 5708661446.708093 2
1757566412651 1515841286.6176398 3
1757566413170 51016165759.042755 4
1757566413687 6089018924.535817 5
1757566414223 27220031681.86542 6
1757566414711 182746691805.29294 7
1757566415195 344929981.0980249 8
1757566415682 10051341291574.928 9
1757566416174 21788772115.767044 10
1757566416666 2025562686500.7947 11
1757566417159 549291906768.819 12
1757566417647 32006793407.593742 13
1757566418134 21857351447.347023 14
1757566418626 252972701452.15585 15
1757566419112 50718969350.985146 16
1757566419598 532213927958.25806 17
1757566420082 522956932.64920837 18
1757566420567 172922496743.75177 19
1757566421043 925429362504.876 20
1757566421540 311629702.91526973 21
1757566422043 3815820044.651251 22
1757566422524 888777773303.2921 23
1757566423001 2700347180.7403755 24
1757566423479 763618126509.1554 25
1757566423971 39332618470.11622 26
1757566424461 11530416583.69293 27
1757566424943 1991474692.7729108 28
1757566425413 114719156737.2183 29
1757566425909 10201591646.419386 30
1757566426432 3445583004986.8394 31
1757566426941 92598522572.08984 32
1757566427455 19195542971.640923 33
1757566427967 138833390476.07553 34
1757566428478 4083844110.9652495 35
1757566428996 4654026895.29595 36
1757566429516 1886137128.7592123 37
1757566430033 5217890203.846586 38
1757566430577 140420780947.07413 39
1757566431086 398328747093.69934 40
1757566431612 10423892419.902395 41
1757566432134 15735162989.777782 42
1757566432676 47387448797.32348 43
1757566433200 1662586714343.5828 44
1757566433722 67406747496.300156 45
1757566434277 68595671102.03671 46
1757566434801 15581428505.131939 47
1757566435331 85628781785.70578 48
1757566435853 4410345303.548091 49
1757566436373 21104485148.812824 50
1757566436978 222656647581.65878 51
1757566437505 934515787.7690204 52
1757566438023 74459865284.29353 53
1757566438561 4402448083.270688 54
1757566439077 34019713955.498154 55
1757566439595 12159073500.848154 56
1757566440106 27534230251.30537 57
1757566440633 299662266318.7287 58
1757566441160 30743658824.24129 59
1757566441698 165333583361.49 60
1757566442270 1234117206.282524 61
1757566442794 3586568147.107602 62
1757566443311 23033806646.377872 63
1757566443827 2165703071.2676983 64
1757566444314 147054090779.23535 65
1757566444809 18733228553.913597 66
1757566445309 68379629731.744156 67
1757566445807 7921551091.401644 68
1757566446300 86648550398.68929 69
1757566446788 89185539344.95593 70
1757566447286 87606462.07376297 71
1757566447779 65673557086.74394 72
1757566448276 1446918046.1121562 73
1757566448772 10075835161.288317 74
1757566449255 37386130457.94923 75
1757566449734 89823115714.64792 76
1757566450217 365846.0061691533 77
1757566450705 2437729666.113279 78
1757566451197 3864290735.3127165 79
1757566451686 422003839008.05743 80
1757566452178 594396594660.9564 81
1757566452677 106217629188.99657 82
1757566453173 1381873314.3703575 83
1757566453664 856642406.6600754 84
1757566454159 9620485679.425274 85
1757566454639 11741755983.308025 86
1757566455125 14575422758.134027 87
1757566455604 2639009254748.339 88
1757566456093 11151342743.157587 89
1757566456576 163471902314.84717 90
1757566457061 160137908703.6348 91
1757566457540 16985477051.483591 92
1757566458019 11349911.921510817 93
1757566458494 240152610431.62848 94
1757566458968 140359801886.4925 95
1757566459442 8924051817.638952 96
1757566459915 4644020084.17664 97
1757566460389 84547116477.43187 98
1757566460860 3708900778.7227983 99
1757566461333 4686594487.273585 100
1757566461827 151405499524.37784 101
1757566462301 1120768031.0647507 102
1757566462790 4287187845.9086533 103
1757566463274 11336663134.151495 104
1757566463753 51686522825.2991 105
1757566464243 48175450821.10416 106
1757566464727 200646558.79403865 107
1757566465212 980510187.5677229 108
1757566465693 57629754041.83033 109
1757566466189 273284583616.18875 110
1757566466677 66779434131.20995 111
1757566467167 226695369707.946 112
1757566467651 963607316.5757483 113
1757566468135 61630206494.797066 114
1757566468610 19330404417.69859 115
1757566469093 20848584844.827286 116
1757566469578 152612569180.55078 117
1757566470053 11516598454.854383 118
1757566470533 2751633749.7332234 119
1757566471015 2491603.464897919 120
1757566471499 45143452532.854065 121
1757566471984 168736668.24296916 122
1757566472454 273446222.86008465 123
1757566472934 3781262164.8548527 124
1757566473406 392763308938.66736 125
1757566473886 739312657.3800629 126
1757566474381 799448379093.6608 127
1757566474866 14590083553.226297 128
1757566475357 559991731.3056297 129
1757566475849 9841673763.098976 130
1757566476345 33055909474.87259 131
1757566476823 43978824444.248314 132
1757566477303 85487649107.40125 133
1757566477788 7009700593.492179 134
1757566478286 161249254471.47928 135
1757566478765 10210813364.926266 136
1757566479248 1443087226.8436244 137
1757566479730 192214702547.83087 138
1757566480197 1777186703435.3154 139
1757566480675 920727662.7735853 140
1757566481183 515467396479.6113 141
1757566481656 118967349089.556 142
1757566482134 16657961281.992525 143
1757566482614 939099109.4665853 144
1757566483094 575698567829.4395 145
1757566483568 17708997358.68157 146
1757566484042 962420081.3196627 147
1757566484524 13753063557.597843 148
1757566485010 69970660040.56552 149
1757566485485 11741731098.93299 150
1757566485980 255003488800.95047 151
1757566486461 16576959803.021265 152
1757566486941 155730976635.82135 153
1757566487420 190434824729.1713 154
1757566487900 70054868985.99777 155
1757566488382 47170255.86672232 156
1757566488857 2374741839.087432 157
1757566489343 871822835.0040078 158
1757566489826 399185382.8364544 159
1757566490303 27963204277.207977 160
1757566490788 54661903.31837058 161
1757566491274 454824045430.46326 162
1757566491756 294845681687.6033 163
1757566492268 1740974336.8309615 164
1757566492758 4749163960059.046 165
1757566493241 202044449.98807445 166
1757566493718 126918430.50425622 167
1757566494191 49866227937.35106 168
1757566494670 223486610966.0747 169
1757566495154 74720536702.35037 170
1757566495627 15011256834.60662 171
1757566496106 24134981740.926018 172
1757566496580 422711537091.64966 173
1757566497078 181759190416.15146 174
1757566497559 2504407472.4063067 175
1757566498053 13843449222.968033 176
1757566498531 15366499477.885345 177
1757566499025 381170153338.5267 178
1757566499509 75490170185.3588 179
1757566499995 2136533112.076337 180
1757566500480 776505960.3321688 181
1757566500956 234281039.2003735 182
1757566501443 19858124225.706345 183
1757566501929 2865380777.3736286 184
1757566502412 24411786546.418205 185
1757566502896 1784873219.3280876 186
1757566503408 41621681034.02751 187
1757566503895 1937222281.32758 188
1757566504387 195306450429.95984 189
1757566504870 33027941438.65265 190
1757566505345 416941764155.13293 191
1757566505823 54882493558.58399 192
1757566506300 58992771385.2438 193
1757566506776 2531441037734.171 194
1757566507259 380557234304.4022 195
1757566507738 55345313785.244965 196
1757566508219 167330703229.48145 197
1757566508726 376792886943.4593 198
1757566509222 5427437014368.526 199
1757566509717 184935910972.92126 200
1757566510187 169646740450.64175 201
1757566510658 347456250659.0153 202
1757566511132 13077262604.30311 203
1757566511608 33308343308.653637 204
1757566512096 7472265510.596259 205
1757566512590 74781759303.44446 206
1757566513067 1398356539979.0928 207
1757566513559 685529429.6702439 208
1757566514055 330177409210.02277 209
1757566514532 52552593219.901405 210
1757566515015 22820132026.634377 211
1757566515501 1894669142876.2173 212
1757566515994 7334315540.856866 213
1757566516483 12533220585.674538 214
1757566516963 110752066107.48262 215
1757566517449 11485819.283340026 216
1757566517923 1006448113463.0919 217
1757566518416 1300698634644.8018 218
1757566518913 1914753080.1641686 219
1757566519397 39706535.49369093 220
1757566519881 8166606004.321621 221
1757566520358 145337403922.44473 222
1757566520835 308846553770.76514 223
1757566521315 337385802643.23395 224
1757566521803 577598750987.6534 225
1757566522283 73973343899.96718 226
1757566522755 26090516479.346054 227
1757566523253 36159986653.89653 228
1757566523746 204376802353.5105 229
1757566524239 65953381550.54624 230
1757566524745 14640771117.175203 231
1757566525239 2858703054.1214294 232
1757566525717 62269808538.50826 233
1757566526203 28920317763.648968 234
1757566526683 237759411063.16333 235
1757566527169 1924356830.6916592 236
1757566527676 103285964105.38661 237
1757566528157 137979625196.35663 238
1757566528642 189618069.9653693 239
1757566529132 10478554624.382322 240
1757566529628 2364153115.6980996 241
1757566530116 63685723950.970856 242
1757566530607 9665328991.358433 243
1757566531088 12445647751.322659 244
1757566531569 63805330366.57788 245
1757566532039 372368969.7651427 246
1757566532526 58156784528.38988 247
1757566532999 68436719795.42965 248
1757566533469 1350127436.9778862 249
1757566533954 49240418116.223465 250
1757566534451 137248725478.11258 251
1757566534950 101234291044.34386 252
1757566535446 107549468970.70496 253
1757566535925 13698738450.83995 254
1757566536406 6980388547.43478 255
1757566536889 198082335537.37738 256
1757566537389 62070870618.36323 257
1757566537869 3901970213.520739 258
1757566538358 179442939631.8016 259
1757566538850 17272136666.914787 260
1757566539350 529594229165.0228 261
1757566539836 104435548718.69867 262
1757566540337 3712221175.3972697 263
1757566540824 139678598.2774855 264
1757566541303 66249688549.384796 265
1757566541786 579726436275.6672 266
1757566542280 13006168271.950636 267
1757566542784 7869023395.340758 268
1757566543268 2850032980.2384243 269
1757566543758 14633811384.30106 270
1757566544245 6874586032.791633 271
1757566544734 619923370719.996 272
1757566545215 599834798.771477 273
1757566545725 78279253573.56337 274
1757566546212 16765554180.13915 275
1757566546704 107997445356.25716 276
1757566547185 1284055924306.8223 277
1757566547663 4537950151.493243 278
1757566548157 15861912372.583275 279
1757566548635 2797384588.720946 280
1757566549126 11779366060.128284 281
1757566549619 49019650201.09506 282
1757566550105 41829090968.57069 283
1757566550592 1601617004.4952009 284
1757566551080 11963456231.100819 285
1757566551579 8526093516.191249 286
1757566552077 23357457308.273064 287
1757566552564 6975607752.703433 288
1757566553061 444881716562.0973 289
1757566553546 4094566539.367539 290
1757566554044 260749403420.8565 291
1757566554539 41177572.08062834 292
1757566555043 531700400841.66595 293
1757566555560 11209809448.137589 294
1757566556048 52842025562.08047 295
1757566556535 51969212856.55453 296
1757566557026 1147419346.522462 297
1757566557508 687865663.243524 298
1757566557984 1994813482464.644 299
1757566558473 6527961441.4560375 300
1757566558964 22818052411.09436 301
1757566559448 3573660410.024575 302
1757566559934 78225734552.05139 303
1757566560500 6589552215.9967375 304
1757566560998 2303809527.075344 305
1757566561489 13175353003.133465 306
1757566561983 289811983436.52075 307
1757566562465 101404291263.17328 308
1757566562942 12286520445.530684 309
1757566563421 236022331143.59055 310
1757566563901 27564492071.605057 311
1757566564384 12923392819199.795 312
1757566564871 7035555071.544073 313
1757566565350 101833210694.93768 314
1757566565835 802646531144.0118 315
1757566566323 2610269193.776315 316
1757566566834 327470871267.60345 317
1757566567330 147600828077.92096 318
1757566567813 3982488920732.5566 319
1757566568300 13181523766.568642 320
1757566568791 403552419551.85876 321
1757566569274 846613236236.6189 322
1757566569770 43985518.76111438 323
1757566570251 55728631165.24012 324
1757566570740 82606224027.73608 325
1757566571224 10173721743.715933 326
1757566571735 1607466497015.6287 327
1757566572228 121136596134.40462 328
1757566572713 6790574899.361079 329
1757566573201 39961378321.95827 330
1757566573685 10151910966.782494 331
1757566574160 78810636422.89738 332
1757566574644 55455414584.29123 333
1757566575146 12791134828.419922 334
1757566575633 185114763.9358062 335
1757566576119 20157276994.770817 336
1757566576604 24482766.505071145 337
1757566577102 33198112370.324192 338
1757566577591 14694240905.049032 339
1757566578072 70663658653.88228 340
1757566578567 799277611895.2468 341
1757566579052 1083898470.1497016 342
1757566579548 2137897914.5264614 343
1757566580033 484619074.13731235 344
1757566580528 43404098370.90274 345
1757566581038 2392140060894.5015 346
1757566581544 9091648579011.658 347
1757566582093 22145009633.219204 348
1757566582605 55519346839.61186 349
1757566583144 7804509990.715824 350
1757566583672 5191285993.478266 351
1757566584175 26396618224.930996 352
1757566584670 43194921587.17038 353
1757566585173 4537823221.438418 354
1757566585697 117180195476.65263 355
1757566586203 695281471.8616717 356
1757566586717 10941217817631.764 357
1757566587242 30130355741.96199 358
1757566587783 42074929347.59418 359
1757566588297 28350726488.511356 360
1757566588801 404968244634.4645 361
1757566589312 43985204502.985146 362
1757566589820 20709125114.841045 363
1757566590334 31615826334.93267 364
1757566590875 31503289776.108128 365
1757566591398 37848422024.69173 366
1757566591924 19927644444.80911 367
1757566592480 180217209201.48993 368
1757566593010 46864182684.36238 369
1757566593527 7717357217392.835 370
1757566594048 30662080783.80967 371
1757566594546 43437497094.74307 372
1757566595037 519400981591.5241 373
1757566595537 82081893783.0795 374
1757566596030 48425079829.02043 375
1757566596520 1812944371225.283 376
1757566597010 26957869868.86428 377
1757566597530 27351463386.87886 378
1757566598032 1207009483891.3374 379
1757566598527 46890107721.94516 380
1757566599017 989766447.2963995 381
1757566599504 1674019956721.737 382
1757566599995 5545286171.978667 383
1757566600486 328809040417.2271 384
1757566600981 29812636780.926826 385
1757566601469 7365660997.513423 386
1757566601967 129372141520.04771 387
1757566602453 7348477398715.139 388
1757566602944 4021543061486.953 389
1757566603460 105968299971.78763 390
1757566603970 67010709405.87839 391
1757566604467 6852380359.879589 392
1757566604967 177061289234.51123 393
1757566605465 39848124456.81011 394
1757566605947 339569050326.5674 395
1757566606436 2495127575.058135 396
1757566606911 907577225471.7174 397
1757566607395 1198100287795.2678 398
1757566607884 4273272413.5720453 399
1757566608391 3251215468737.9897 400
1757566608884 49428465266.822136 401
1757566609366 4697533857.650675 402
1757566609853 10205920093.937698 403
1757566610338 139180439327.50858 404
1757566610824 9411979474.46388 405
1757566611312 11198047339.521702 406
1757566611801 592018139726.3186 407
1757566612288 350389232095.4513 408
1757566612770 947722863.0045004 409
1757566613253 8166188437.144569 410
1757566613739 6971278855.152212 411
1757566614230 44418326355.529945 412
1757566614723 136542758971.45554 413
1757566615213 183732497812.65836 414
1757566615708 594482245554.6243 415
1757566616197 16948430.006657857 416
1757566616680 26346208737.23594 417
1757566617170 7401288103145.17 418
1757566617655 2973523183.6769423 419
1757566618149 1925959047.9029527 420
1757566618644 59953036891.674866 421
1757566619133 11820360095.619354 422
1757566619621 15185587827.646492 423
1757566620110 8844924283124.133 424
1757566620606 169632315351.30032 425
1757566621090 183575443.22947177 426
1757566621576 100461720857.41374 427
1757566622065 371210086587.51666 428
1757566622547 53389226696.89233 429
1757566623047 57093078452.48815 430
1757566623531 35810989339.52305 431
1757566624017 80362591050.22818 432
1757566624497 105513604922.23344 433
1757566624999 10794327917.42821 434
1757566625494 61581034187.30412 435
1757566625979 3129304258.7589073 436
1757566626459 41712088336.62203 437
1757566626949 223679911824.54147 438
1757566627439 68250243334.28549 439
1757566627935 1506903736.9238155 440
1757566628428 6712935510177.934 441
1757566628917 8726910529.808846 442
1757566629407 17045066022.371443 443
1757566629895 16217048528.146702 444
1757566630387 34565128614.99612 445
1757566630862 46255902467.273796 446
1757566631352 14193473948.588068 447
1757566631830 42123203183.756134 448
1757566632317 258684002703.76733 449
1757566632804 68424925111.1508 450
1757566633289 302671062141.7939 451
1757566633775 6653122331.90008 452
1757566634263 13384261445.636904 453
1757566634760 44453179942.13801 454
1757566635251 72945130386.05013 455
1757566635743 170897787802.3913 456
1757566636240 2357316355.7249465 457
1757566636727 1050726165.2806841 458
1757566637211 167335766836.24695 459
1757566637708 16619423162.666779 460
1757566638199 49445040562.53709 461
1757566638694 26641340128.27355 462
1757566639178 30736372774.205494 463
1757566639663 201024695178.31696 464
1757566640153 50361011935.96107 465
1757566640638 14655978428093.814 466
1757566641122 38436633980.95916 467
1757566641635 577994811822.6824 468
1757566642149 196577684940.74814 469
1757566642663 407144641.06494635 470
1757566643171 271894256130.33676 471
1757566643664 2389889676.3259325 472
1757566644173 5984567818.116535 473
1757566644677 38268258.02496517 474
1757566645177 7308519973.355658 475
1757566645659 4403474726.253827 476
1757566646151 10080301858.143358 477
1757566646645 24611199292.53788 478
1757566647164 329861478939.6039 479
1757566647674 89103608941.58307 480
1757566648188 6739194425.57977 481
1757566648708 16055552354.02983 482
1757566649221 1422952763.1775548 483
1757566649739 331362870.1895212 484
1757566650257 21788629492.904522 485
1757566650783 793256577440.2777 486
1757566651306 13885670304.71287 487
1757566651817 177433542674.44073 488
1757566652339 258867685319.07117 489
1757566652867 129495185023.90431 490
1757566653455 19542431799.739765 491
1757566653992 418279766540.95575 492
1757566654550 191012988292.6625 493
1757566655079 36976522981.20098 494
1757566655607 38360045497.80816 495
1757566656135 47836643307.30925 496
1757566656718 5362228984.3919325 497
1757566657238 166530245721.77847 498
1757566657776 6354753444.918861 499
