1757554828490 163346558439.09894 0
1757554828552 960904252055.8932 1
1757554828616 1715289341621.2407 2
1757554828682 402742151748.86694 3
1757554828747 28689445791377.914 4
1757554828811 34592278342120.836 5
1757554828884 5892472532491.839 6
1757554828950 487423282411.1651 7
1757554829017 10337759583242.047 8
1757554829088 5466080520853.612 9
1757554829152 7557882780728.057 10
1757554829216 1893446268732143.2 11
1757554829282 21564231603029.03 12
1757554829349 239228108793400.53 13
1757554829415 32997058354502.28 14
1757554829478 63900786196828.56 15
1757554829542 14724323351989.145 16
1757554829610 14907834576584.94 17
1757554829687 488092736491303.4 18
1757554829755 2.123193974601955e+16 19
1757554829820 6.584121411583e+17 20
1757554829882 1.3742657978966116e+18 21
1757554829949 5.913132265346864e+18 22
1757554830014 3.008628250336276e+21 23
1757554830076 2.6808507712721203e+19 24
1757554830138 9.513583599737838e+20 25
1757554830201 3.3739712340834226e+19 26
1757554830263 2.4210318651278735e+22 27
1757554830330 5.528957067535181e+21 28
1757554830392 3.7143467943689185e+24 29
1757554830456 8.810072069955376e+24 30
1757554830521 2.826086798826247e+25 31
1757554830597 5.041093536237256e+27 32
1757554830659 1.0364521963062263e+28 33
1757554830723 1.088508354516345e+28 34
1757554830789 1.569679388719447e+29 35
1757554830855 1.3557846900864005e+31 36
1757554830917 3.1182144240096043e+32 37
1757554830981 8.772658469313268e+31 38
1757554831046 1.6158681799983372e+32 39
1757554831109 1.0345203942652197e+35 40
1757554831171 9.20652363744471e+33 41
1757554831233 3.6011770006839746e+33 42
1757554831296 7.898664065620444e+33 43
1757554831360 1.6327744651740568e+33 44
1757554831422 9.768400821644265e+32 45
1757554831490 1.4229246435146041e+34 46
1757554831552 2.8387710251787506e+35 47
1757554831613 7.053954120489413e+37 48
1757554831675 2.5261091684911094e+39 49
1757554831736 1.2534003036628475e+41 50
1757554831797 2.084576116363679e+42 51
1757554831865 1.241718967828198e+43 52
1757554831927 1.559481234639049e+44 53
1757554831988 9.336812756810564e+44 54
1757554832049 2.3888001794422054e+46 55
1757554832113 6.656051052904424e+45 56
1757554832176 1.418335618367133e+46 57
1757554832239 5.14499931483782e+46 58
1757554832302 8.786089188435039e+46 59
1757554832365 3.896367256865832e+49 60
1757554832431 2.6448193333423246e+48 61
1757554832495 5.637339870904928e+49 62
1757554832559 2.8894903452501866e+48 63
1757554832625 2.2936699986571348e+48 64
1757554832693 1.313723597057583e+50 65
1757554832761 1.9407106947393945e+50 66
1757554832831 5.701102146411674e+50 67
1757554832897 4.540658700499989e+51 68
1757554832968 6.395043062253688e+52 69
1757554833041 5.488772656828809e+55 70
1757554833111 7.11624583604474e+55 71
1757554833179 1.3807915582426437e+55 72
1757554833247 3.9088477237903676e+55 73
1757554833314 4.310270152616819e+57 74
1757554833384 2.557478415585156e+59 75
1757554833455 5.259944077185204e+59 76
1757554833526 1.6130348440907242e+59 77
1757554833588 8.464473675294807e+60 78
1757554833650 1.2408768772700277e+62 79
1757554833712 3.27826039230265e+61 80
1757554833792 1.2908561287713438e+61 81
1757554833884 9.235669298090518e+62 82
1757554833976 5.76676048563175e+61 83
1757554834068 4.984062511151187e+63 84
1757554834159 1.3145632033657093e+67 85
1757554834252 1.840791739223499e+65 86
1757554834347 9.010460067541227e+63 87
1757554834446 1.6515449569545736e+64 88
1757554834544 1.1048500640050682e+64 89
1757554834642 2.9830857523297526e+64 90
1757554834736 5.886191978341975e+64 91
1757554834830 1.50070611396653e+65 92
1757554834921 5.670419220471657e+65 93
1757554835014 3.019386882252947e+65 94
1757554835116 8.753851410053836e+64 95
1757554835219 1.1665004585987142e+66 96
1757554835322 1.8770804153363206e+67 97
1757554835407 2.0237738308763653e+65 98
1757554835474 8.292437778956245e+63 99
1757554835547 7.41301237017728e+63 100
1757554835624 2.2402601457642914e+65 101
1757554835693 4.6636888613472325e+66 102
1757554835761 6.720291596433754e+67 103
1757554835827 9.978054383733583e+68 104
1757554835908 4.883863486768635e+70 105
1757554835982 3.255670628233473e+71 106
1757554836060 6.5389950175301045e+72 107
1757554836140 3.4259159264829887e+74 108
1757554836228 2.747844734292004e+74 109
1757554836324 1.761835138747116e+76 110
1757554836405 5.595871181313136e+76 111
1757554836484 8.089789219830738e+75 112
1757554836566 2.3923179705170872e+76 113
1757554836650 1.4997563416814686e+76 114
1757554836729 3.045544517066858e+77 115
1757554836806 1.1403638420948251e+78 116
1757554836893 1.051365595983544e+81 117
1757554836973 7.082564544680698e+81 118
1757554837064 2.2356758790465284e+81 119
1757554837158 4.812382458370569e+81 120
1757554837243 2.081607783491925e+82 121
1757554837344 1.080913538438574e+84 122
1757554837420 1.296982871869759e+86 123
1757554837489 1.0844224233463129e+86 124
1757554837567 1.9222407328162134e+87 125
1757554837635 4.1966740249248316e+86 126
1757554837698 7.07529597411337e+87 127
1757554837777 1.901362022245685e+88 128
1757554837850 2.4143928696467857e+88 129
1757554837936 3.8841551602866734e+89 130
1757554838031 1.338962113649435e+89 131
1757554838130 6.081741060854124e+89 132
1757554838256 4.543911775204861e+88 133
1757554838400 2.666489823938239e+89 134
1757554838534 1.7249951316563066e+89 135
1757554838673 1.8553811181496723e+89 136
1757554838769 9.680062182893709e+88 137
1757554838867 1.3124178526821627e+89 138
1757554838955 8.936738261336564e+90 139
1757554839030 3.7844414239888067e+92 140
1757554839110 2.44634019609503e+91 141
1757554839197 3.2601089495148216e+92 142
1757554839291 2.6228562792211247e+93 143
1757554839378 5.246605963426731e+95 144
1757554839464 8.592089677914825e+96 145
1757554839558 1.9913898404947403e+98 146
1757554839658 1.485735768402169e+98 147
1757554839752 1.4998291237124596e+98 148
1757554839851 1.0176150185498757e+98 149
1757554839946 3.14688472848924e+98 150
1757554840033 3.388495832815139e+100 151
1757554840122 1.1423159961521041e+101 152
1757554840197 1.0427209563523283e+103 153
1757554840275 4.130569495195485e+103 154
1757554840347 4.685809360800962e+104 155
1757554840417 5.486722261271727e+103 156
1757554840492 1.067665065817874e+106 157
1757554840580 1.5865827052230064e+106 158
1757554840669 1.5197700221726177e+108 159
1757554840764 2.911403236328301e+108 160
1757554840856 6.186113476303478e+110 161
1757554840946 9.987456969145407e+111 162
1757554841031 1.058990818739565e+113 163
1757554841108 1.884371716498154e+114 164
1757554841187 4.212072711140052e+113 165
1757554841277 7.140920033090062e+113 166
1757554841350 7.758413986601598e+112 167
1757554841423 4.950648023311209e+113 168
1757554841497 7.388391480599292e+114 169
1757554841587 8.959423871417455e+115 170
1757554841678 7.690999976166168e+115 171
1757554841775 9.342025109091152e+115 172
1757554841876 2.594772635348635e+117 173
1757554841972 1.4337235545135393e+117 174
1757554842067 7.126844948604958e+118 175
1757554842158 4.097049888789313e+118 176
1757554842251 6.867798880973979e+119 177
1757554842345 1.614940358696662e+121 178
1757554842449 2.51733093121594e+121 179
1757554842542 6.9705927970392945e+121 180
1757554842620 7.415638991150327e+121 181
1757554842706 3.1920255347023452e+122 182
1757554842780 5.962852166579315e+124 183
1757554842856 3.3591173120137297e+124 184
1757554842943 1.5516210053875833e+127 185
1757554843026 4.7419525879358685e+127 186
1757554843104 5.276446961137035e+126 187
1757554843181 3.001768090352964e+127 188
1757554843269 2.925817647607153e+128 189
1757554843353 1.1813569284968728e+128 190
1757554843435 1.1365811661930888e+129 191
1757554843512 1.3503490191564203e+129 192
1757554843594 3.94370452921035e+131 193
1757554843680 1.0489975248421512e+132 194
1757554843773 1.242767128773348e+133 195
1757554843846 1.845860018343501e+131 196
1757554843920 2.4303413107760135e+133 197
1757554844015 5.758711729807944e+134 198
1757554844105 1.808175527638434e+136 199
1757554844212 2.2071237745380172e+137 200
1757554844307 4.803137737697003e+138 201
1757554844395 3.8124585054550507e+139 202
1757554844481 3.633002714893637e+140 203
1757554844573 5.012422717399324e+140 204
1757554844666 4.370669598368453e+141 205
1757554844756 1.7015763842758836e+142 206
1757554844843 1.422798056029804e+143 207
1757554844936 1.1747268911516368e+142 208
1757554845028 8.872433496192762e+142 209
1757554845122 3.80025029904939e+144 210
1757554845213 5.304060471322748e+145 211
1757554845299 1.2338717591159732e+149 212
1757554845391 2.895977279914531e+149 213
1757554845479 8.194214183412216e+150 214
1757554845563 1.1727717643857746e+151 215
1757554845658 1.5223367701605847e+150 216
1757554845749 1.4952418821531302e+151 217
1757554845843 1.5801053229440847e+152 218
1757554845935 2.397173183599658e+153 219
1757554846028 9.216367812936148e+154 220
1757554846122 1.7039497779787503e+156 221
1757554846216 7.997599708745552e+156 222
1757554846312 3.581241725455578e+158 223
1757554846404 6.192356003284985e+159 224
1757554846497 3.625166623879925e+160 225
1757554846589 3.5275614726999017e+161 226
1757554846682 3.643994320843841e+162 227
1757554846774 6.311501229628881e+163 228
1757554846869 1.8507833808177287e+165 229
1757554846962 2.960503888545364e+166 230
1757554847053 3.8130303856538257e+167 231
1757554847147 9.911312108413585e+168 232
1757554847241 9.539501241179367e+168 233
1757554847334 1.3515553626671371e+169 234
1757554847429 1.775742282754356e+169 235
1757554847522 1.1093108542859634e+172 236
1757554847616 4.819528972562982e+171 237
1757554847709 3.307193070781229e+172 238
1757554847800 1.772481557533777e+173 239
1757554847894 1.596540009485493e+173 240
1757554847990 8.078972426756227e+174 241
1757554848084 3.313486786043429e+175 242
1757554848178 2.8002252187870397e+175 243
1757554848271 8.807795816853661e+175 244
1757554848366 7.605089532186847e+176 245
1757554848468 2.3589446531332007e+177 246
1757554848561 5.803643773268682e+177 247
1757554848656 1.833097733574582e+178 248
1757554848750 1.0246872850531468e+179 249
1757554848846 2.393276627973557e+177 250
1757554848942 2.1436535874385516e+178 251
1757554849042 2.323234302963573e+179 252
1757554849139 2.8449750526081052e+178 253
1757554849224 4.0634146970056145e+178 254
1757554849311 3.842782749936232e+179 255
1757554849395 4.450313559338513e+178 256
1757554849484 2.3881310500899335e+178 257
1757554849568 1.4186519765221998e+179 258
1757554849658 2.075874120278312e+178 259
1757554849743 6.752453471683644e+177 260
1757554849821 1.3227518856544864e+178 261
1757554849903 1.0669201354365387e+181 262
1757554849995 1.759617272919832e+180 263
1757554850077 1.2317750360436035e+180 264
1757554850155 3.292806133662351e+180 265
1757554850236 3.09237360549337e+182 266
1757554850326 6.541264562983501e+183 267
1757554850404 5.393486988538865e+183 268
1757554850489 7.500004347064173e+184 269
1757554850574 1.1546195802456942e+186 270
1757554850654 1.3929389911826172e+188 271
1757554850743 7.039297909204194e+188 272
1757554850830 9.271291155883834e+191 273
1757554850910 7.635194108693612e+190 274
1757554850994 1.0756200706290588e+192 275
1757554851076 1.693766456601279e+192 276
1757554851158 2.755203661813496e+194 277
1757554851245 2.772942119873424e+195 278
1757554851328 1.7800780712309923e+197 279
1757554851412 6.979602987507864e+198 280
1757554851494 1.2070705802831653e+201 281
1757554851574 1.484695198803452e+199 282
1757554851671 5.764391460919005e+199 283
1757554851763 5.164915817606178e+201 284
1757554851851 2.491113598692682e+201 285
1757554851934 1.2753085957957106e+200 286
1757554852017 1.4638819437705204e+200 287
1757554852101 3.910279711431533e+200 288
1757554852181 1.5803743897993313e+201 289
1757554852263 5.6223254986194565e+200 290
1757554852352 8.70907027611974e+202 291
1757554852441 2.437134674160469e+203 292
1757554852523 1.3966891925209073e+204 293
1757554852611 2.5605886457932497e+206 294
1757554852695 2.0441735941202057e+207 295
1757554852782 3.0425820059388076e+208 296
1757554852864 1.8007411788211983e+208 297
1757554852945 6.693960213566164e+207 298
1757554853028 6.01578398961427e+211 299
1757554853106 1.0784061499148699e+210 300
1757554853184 1.3951023657209103e+210 301
1757554853271 1.0046305245458503e+211 302
1757554853377 2.2424520891858543e+211 303
1757554853481 1.8460139203705425e+211 304
1757554853585 1.8720302306367765e+212 305
1757554853689 2.1037665286815035e+215 306
1757554853792 3.8468514731858435e+215 307
1757554853891 8.685590466123287e+215 308
1757554853988 1.3855239650504842e+215 309
1757554854083 5.694539953108097e+215 310
1757554854181 3.720046868798614e+216 311
1757554854286 1.8886978087887435e+217 312
1757554854389 4.900179418477079e+218 313
1757554854500 3.7773789787034625e+219 314
1757554854601 7.554374505364556e+220 315
1757554854702 2.5788511355900646e+222 316
1757554854810 4.857031164482805e+222 317
1757554854908 2.2718806539716706e+223 318
1757554855004 2.3003674411994993e+225 319
1757554855097 1.5818887204560404e+227 320
1757554855195 3.332415891367487e+227 321
1757554855296 2.8957058128625657e+228 322
1757554855403 8.126916415970131e+228 323
1757554855495 1.715615941061642e+228 324
1757554855575 2.734946864557901e+229 325
1757554855668 1.204207473153688e+230 326
1757554855755 5.490648357116882e+232 327
1757554855838 2.036997681171182e+234 328
1757554855921 3.307111288835518e+234 329
1757554856003 3.72871009836794e+236 330
1757554856089 4.576192669422255e+236 331
1757554856169 9.311401099451381e+237 332
1757554856249 9.208124261869598e+237 333
1757554856331 3.6631534127155554e+239 334
1757554856414 1.6430877735648545e+240 335
1757554856498 5.4428980988225776e+240 336
1757554856589 3.4877617275901315e+241 337
1757554856670 3.614962158045954e+242 338
1757554856760 4.9251385758784463e+244 339
1757554856844 9.223244164140523e+244 340
1757554856931 7.905344882592856e+246 341
1757554857018 2.1889249860379552e+246 342
1757554857099 2.0429434442619027e+245 343
1757554857189 5.76250208702011e+245 344
1757554857274 5.365309016674432e+248 345
1757554857360 1.8246792798134362e+247 346
1757554857449 6.965542859480807e+248 347
1757554857533 2.958602394681917e+249 348
1757554857620 2.416966377372313e+251 349
1757554857708 5.979377063811618e+252 350
1757554857793 5.1847520731722376e+250 351
1757554857880 2.1946422099283514e+251 352
1757554857964 8.82669864351359e+251 353
1757554858050 2.6076098910514815e+253 354
1757554858134 1.595502172434685e+251 355
1757554858217 2.2500426905873935e+252 356
1757554858302 6.516584423817538e+252 357
1757554858383 1.6075655328925334e+252 358
1757554858465 2.4736855892446987e+253 359
1757554858556 2.703450666216139e+255 360
1757554858635 5.491205201549263e+256 361
1757554858723 1.896276272481159e+257 362
1757554858812 4.373905889965214e+256 363
1757554858896 2.4458499577270246e+256 364
1757554858983 5.530152549480877e+256 365
1757554859072 4.000484008979873e+259 366
1757554859162 1.3285952026818371e+259 367
1757554859251 5.2716070164278646e+259 368
1757554859332 8.276604528649412e+259 369
1757554859417 2.8685631741640822e+259 370
1757554859501 6.761427676467335e+260 371
1757554859585 2.5822933609570347e+260 372
1757554859669 1.262763672897405e+262 373
1757554859757 3.435119015239286e+263 374
1757554859852 1.4371549339864858e+266 375
1757554859940 1.8325459216212022e+266 376
1757554860027 1.8612363671468883e+268 377
1757554860114 4.305537549762751e+268 378
1757554860207 1.7674042050355076e+270 379
1757554860290 8.076160205797991e+271 380
1757554860375 9.707299992551951e+268 381
1757554860470 1.0910994284014665e+270 382
1757554860558 2.660154024105827e+271 383
1757554860646 7.637941036248665e+272 384
1757554860742 7.747409379627968e+272 385
1757554860837 2.365254428290558e+275 386
1757554860918 5.052665853661606e+274 387
1757554861008 2.1964560812029065e+275 388
1757554861097 1.2704520765278241e+276 389
1757554861178 3.3585983272829715e+277 390
1757554861260 1.2324858184871628e+281 391
1757554861344 8.044760127856641e+279 392
1757554861419 8.095778932791588e+280 393
1757554861494 1.538861293786535e+282 394
1757554861573 2.2656598554440386e+283 395
1757554861651 1.3254642071854482e+285 396
1757554861729 2.7513930742263277e+286 397
1757554861812 4.098522066882811e+286 398
1757554861897 1.3822418293539654e+286 399
1757554861992 5.326733742039236e+285 400
1757554862090 2.6347590962363173e+287 401
1757554862185 8.122793034492882e+288 402
1757554862281 8.476821838638438e+289 403
1757554862379 2.2005095873587382e+291 404
1757554862475 6.72381855410571e+291 405
1757554862584 1.5194006792244546e+293 406
1757554862688 1.9583189581192812e+294 407
1757554862790 7.977725027317034e+294 408
1757554862895 2.3332279335248848e+296 409
1757554863003 1.2098876654737142e+297 410
1757554863105 1.2014376631317621e+297 411
1757554863209 6.077851578231595e+297 412
1757554863313 1.8581447351784e+299 413
1757554863417 1.6045880212294456e+299 414
1757554863518 2.2268024998056988e+299 415
1757554863618 1.1257951365443001e+299 416
1757554863718 5.832631710844974e+298 417
1757554863822 1.1044551055096294e+300 418
1757554863923 1.3132142007755846e+301 419
1757554864023 5.69576951256131e+301 420
1757554864123 7.277029531329388e+302 421
