1757565424812 7988802235.844832 0
1757565425355 6173066977.886656 1
1757565426036 1586818429.5952694 2
1757565426741 18433850709.62938 3
1757565427429 16417387439.912497 4
1757565428093 243360323734.0634 5
1757565428785 82089844497.17088 6
1757565429486 7420138207.414146 7
1757565430189 346455419009.43713 8
1757565430891 411836459769.57855 9
1757565431583 360461028960.32697 10
1757565432272 6133384230.967311 11
1757565432981 5667137277.675973 12
1757565433679 49167410803.99135 13
1757565434373 193125584167.95813 14
1757565435088 6540267821.290508 15
1757565435796 76371357746.02351 16
1757565436510 15414608865.769768 17
1757565437222 4156727459.264151 18
1757565437917 14213161125.121792 19
1757565438617 119656103519.13707 20
1757565439314 14827271034.29419 21
1757565440012 76304437192.26016 22
1757565440710 5034695710.915298 23
1757565441393 108531953950.60403 24
1757565442057 10315074010.727741 25
1757565442727 680990806250.9218 26
1757565443419 130369178321.89598 27
1757565444012 1006791845.9405733 28
1757565444618 164626007194.97644 29
1757565445248 643010582.344571 30
1757565445813 6986844057.396568 31
1757565446397 28325162662.54462 32
1757565446965 12828907244.663553 33
1757565447653 124481427962.31921 34
1757565448346 381241526651.59576 35
1757565449042 212835951.27276942 36
1757565449747 1452603020.5544155 37
1757565450391 85201356714.08658 38
1757565450950 51311158937.52047 39
1757565451555 1135566493070.2915 40
1757565452149 28126270385.401203 41
1757565452851 24211078863.749485 42
1757565453512 19985127915.630398 43
1757565454073 789672263.2406216 44
1757565454681 6204847924.410822 45
1757565455310 10760051909.100113 46
1757565456010 4927679493.681897 47
1757565456724 362824507919.7911 48
1757565457416 3041819901.7424674 49
1757565458111 46812280951.71329 50
1757565458816 29494907232.34769 51
1757565459503 11041374247.66437 52
1757565460207 24312462464.036808 53
1757565460895 73544896297.76949 54
1757565461588 153288707.42741895 55
1757565462227 10330813071.76892 56
1757565462835 91338548411.73193 57
1757565463537 13332653042.004873 58
1757565464231 218692353441.94583 59
1757565464787 1016970118435.92 60
1757565465333 21665113704.268456 61
1757565465849 557249784.8940537 62
1757565466365 143762740557.62555 63
1757565466888 28251376732.10707 64
1757565467428 131115074315.86655 65
1757565467910 310165038700.7704 66
1757565468429 4844117322.26038 67
1757565468947 31459618714.62217 68
1757565469432 460664105718.9528 69
1757565469954 100997758369.17625 70
1757565470445 95614111039.82547 71
1757565470992 97178832559.67227 72
1757565471493 54261474668.306175 73
1757565472029 29204037050.745052 74
1757565472579 140729067.12772554 75
1757565473100 263682007858.6125 76
1757565473647 104516261544.23761 77
1757565474272 1440889124.8642917 78
1757565474961 3369113002.7901497 79
1757565475675 15461764819.214197 80
1757565476381 18358127300.21239 81
1757565477082 3479555065.3079286 82
1757565477683 1994410787.8014283 83
1757565478412 369196403.1602515 84
1757565479017 3822904363.052084 85
1757565479718 55258388848.83753 86
1757565480341 15371562325.30713 87
1757565480979 44455407024.00149 88
1757565481566 154640090400.55734 89
1757565482146 646437711.2718602 90
1757565482751 240037846.3144882 91
1757565483446 495358167175.6506 92
1757565484126 277048228020.78766 93
1757565484818 38815605894.579834 94
1757565485338 1430156616.3936856 95
1757565486007 32116203647.361786 96
1757565486693 43328000814.77386 97
1757565487383 9624607.040451044 98
1757565488063 56170057203.19295 99
1757565488688 45314631075.08554 100
1757565489297 23632970306.656013 101
1757565489841 15824891043.318213 102
1757565490386 27211808106.819054 103
1757565490921 58154196885.09954 104
1757565491464 77663161174.34633 105
1757565492144 303682592909.28296 106
1757565492726 6598302738.067719 107
1757565493309 34669982805.122765 108
1757565493879 30204977651.57306 109
1757565494415 519544319610.1295 110
1757565494981 2094433432.9870489 111
1757565495654 93180613334.25098 112
1757565496350 5611171808.872892 113
1757565497048 1643558658.0670073 114
1757565497756 58273411054.44868 115
1757565498480 131128258.54702638 116
1757565499188 43175133985.64033 117
1757565499897 14313638165.64568 118
1757565500598 58196912306.17727 119
1757565501289 936487264.8661047 120
1757565501977 57553574798.52569 121
1757565502681 3750685681.389013 122
1757565503383 190091460997.70056 123
1757565504075 303639043025.0569 124
1757565504770 130480575111.48004 125
1757565505464 27523186.82007465 126
1757565506167 154352952319.38663 127
1757565506864 35415715424.882835 128
1757565507580 79528356579.78697 129
1757565508290 48672243659.25527 130
1757565509008 101863371704.29704 131
1757565509786 4183867980.143771 132
1757565510383 58067352734.93578 133
1757565510884 28394936536.32519 134
1757565511467 47519523305.203896 135
1757565512134 368668025124.9561 136
1757565512659 161363732283.79572 137
1757565513304 22389652998.40504 138
1757565513908 55068669769.52461 139
1757565514509 5706987765.081326 140
1757565515208 145744119020.98358 141
1757565515791 36689703889.60102 142
1757565516440 100067571311.71684 143
1757565517145 74679799266.23326 144
1757565517843 1018728737.7984296 145
1757565518541 6165647388.233273 146
1757565519252 9647175543.940718 147
1757565519960 68908178465.14479 148
1757565520672 12092562259.02612 149
1757565521372 3098537303.045782 150
1757565522076 114915160312.38042 151
1757565522793 72257770229.20279 152
1757565523496 14548553615.157406 153
1757565524189 486679168.85137445 154
1757565524887 310192932115.0452 155
1757565525596 8113030450.113346 156
1757565526090 221493246469.30338 157
1757565526792 259565112147.62265 158
1757565527484 255787116035.69363 159
1757565528194 37759499543.9017 160
1757565528897 156579658299.81027 161
1757565529602 188942385718.89285 162
1757565530305 93749185451.64162 163
1757565531007 44281345756.54924 164
1757565531698 23353075598.528015 165
1757565532217 2915820054142.7373 166
1757565532884 5771978565.484823 167
1757565533441 46008261798.933846 168
1757565534140 55467208172.3793 169
1757565534835 8767559846.600014 170
1757565535524 13976400398.882729 171
1757565536211 22798795017.05181 172
1757565536900 22103691504.4514 173
1757565537592 7515290630.839923 174
1757565538307 6237186669.78134 175
1757565538965 9171825447.26327 176
1757565539511 289485333491.52386 177
1757565540225 29510601704.058434 178
1757565540927 32679835501.039417 179
1757565541615 509783497571.82196 180
1757565542315 4178059217.507629 181
1757565542999 51867439336.6797 182
1757565543678 52799947861.86371 183
1757565544283 650726071226.8129 184
1757565544847 46123681090.611916 185
1757565545437 1276751687681.8567 186
1757565546113 40258047305.66162 187
1757565546904 18189474228.05877 188
1757565547600 2575046266420.669 189
1757565548309 60190576.35602367 190
1757565549006 770620157.0860599 191
1757565549714 652416103375.6025 192
1757565550425 1697743082.3199196 193
1757565551121 7293647509.609271 194
1757565551828 11316975280.798105 195
1757565552531 306514729080.33746 196
1757565553225 731931118400.8894 197
1757565553919 22361810793.262756 198
1757565554612 8771848658.631027 199
1757565555309 483640506876.42 200
1757565556006 5055923.924690927 201
1757565556610 227724568663.9571 202
1757565557259 3840503347.1790824 203
1757565557778 507520096375.24054 204
1757565558417 5650526839.935592 205
1757565559041 3007857938.8474283 206
1757565559609 4917417349.139262 207
1757565560283 16861835411.345451 208
1757565560933 50988158237.276405 209
1757565561531 111053036905.44235 210
1757565562234 4009575865.3429394 211
1757565562930 193855051245.85544 212
1757565563639 1250589208.8980527 213
1757565564335 10231916488.282337 214
1757565565025 891582054790.3877 215
1757565565735 249188235298.1138 216
1757565566425 23403114739.324127 217
1757565567121 56946202488.26037 218
1757565567817 3431598931.4752145 219
1757565568517 21077146456.78694 220
1757565569210 2604872689.1082544 221
1757565569908 57397741088.21559 222
1757565570621 136533756426.1218 223
1757565571329 29069286331.207516 224
1757565572041 166737370969.66785 225
1757565572756 17477270308.645233 226
1757565573457 146803351719.55234 227
1757565574156 1997667553273.1426 228
1757565574859 11057867856.115982 229
1757565575557 6103645536.281803 230
1757565576232 192477511370.27997 231
1757565576888 288111005.2403941 232
1757565577459 8045196645.712451 233
1757565578061 1191680260.3788702 234
1757565578747 662664313871.082 235
1757565579429 187259586170.97162 236
1757565580091 15574058783.40544 237
1757565580787 7633937580.507865 238
1757565581489 2573344412962.582 239
1757565582223 50442138562.828636 240
1757565582927 372981159315.1321 241
1757565583622 62713369864.345 242
1757565584313 65213900827.173935 243
1757565585009 72801114266.61537 244
1757565585701 17245959387.613956 245
1757565586396 39236402770.13276 246
1757565587096 169562283849.6117 247
1757565587808 4814190.181349601 248
1757565588506 70515668460.83723 249
1757565589218 64181063696.797714 250
1757565589902 362440970728.1051 251
1757565590499 241278151574.20407 252
1757565591166 67354137017.224655 253
1757565591805 24862400621.015354 254
1757565592345 6047647855.086086 255
1757565593007 4713521161906.758 256
1757565593637 1241096913365.2852 257
1757565594342 2921699494.446533 258
1757565595038 9125895509.438278 259
1757565595747 225321377.9518026 260
1757565596442 216353497225.16098 261
1757565597140 393601586646.2269 262
1757565597841 6902494502.627208 263
1757565598535 27273162308.478657 264
1757565599241 424072012935.26654 265
1757565599937 139296029015.49448 266
1757565600625 36733534030.0649 267
1757565601329 55035307348.394 268
1757565602026 47421514255.45635 269
1757565602745 831301279445.5022 270
1757565603469 171599404246.1148 271
1757565604179 8385297154.298859 272
1757565604868 14134302233.084948 273
1757565605561 3810695364.2879024 274
1757565606254 7953299382.945642 275
1757565606954 41001556560.26947 276
1757565607529 27618418131.740585 277
1757565608191 296039.47215228865 278
1757565608887 38315840436.841965 279
1757565609565 4364840514681.7173 280
1757565610214 86291777.75487863 281
1757565610858 132551967262.5999 282
1757565611482 469910024858.87445 283
1757565612122 209388503444.45654 284
1757565612674 118580435189.08566 285
1757565613340 69407240363.32446 286
1757565614070 89142814396.20348 287
1757565614781 25028152413.641808 288
1757565615415 64836509794.54615 289
1757565615967 28273347668.189636 290
1757565616675 202529789955.11212 291
1757565617378 170160374405.24792 292
1757565618070 8516814444.857737 293
1757565618768 3789901683.197585 294
1757565619460 151379368194.72903 295
1757565620175 67995829982.94478 296
1757565620881 77638181487.38953 297
1757565621575 72453770024.23691 298
1757565622274 1884711933.6042259 299
1757565622968 55629650967.65522 300
1757565623677 170406865075.0399 301
1757565624395 39994073582.86025 302
1757565625105 3974672370.651072 303
1757565625809 1016803671072.6654 304
1757565626503 437220784327.86035 305
1757565627211 147549315593.7704 306
1757565627912 2351944047795.035 307
1757565628613 99610579816.82846 308
1757565629312 146070739348.28735 309
1757565630022 106804645776.0633 310
1757565630747 65442527895.76681 311
1757565631454 56668592148.16932 312
1757565632161 80464416078.76889 313
1757565632860 338338984.403453 314
1757565633557 140424848100.65112 315
1757565634272 1957012707771.6113 316
1757565634983 38862401941.96287 317
1757565635695 14456920.835182201 318
1757565636412 89134393842.03905 319
1757565637132 42785038428.55788 320
1757565637832 21657807978.38983 321
1757565638547 2240755810.5976157 322
1757565639249 23796249624.261845 323
1757565639960 773661310.4777783 324
1757565640684 6784739153.30818 325
1757565641391 75256902807.55388 326
1757565642096 18337751816.43911 327
1757565642753 84637338778.70918 328
1757565643374 87496718.46146494 329
1757565644002 36294001504.19528 330
1757565644603 9628574023.21994 331
1757565645251 204562834886.49792 332
1757565645836 53313861834.51002 333
1757565646510 1567045326232.6716 334
1757565647178 10939656625.720205 335
1757565647880 71853125.11359155 336
1757565648590 62841260675.32998 337
1757565649295 86712372753.76573 338
1757565650001 22883767650.853558 339
1757565650709 43118587676.68579 340
1757565651406 187068869637.51968 341
1757565652111 85714303659.0471 342
1757565652861 856731812046.3418 343
1757565653570 15283843001.16733 344
1757565654265 13052784791.343912 345
1757565654988 177044965465.40366 346
1757565655676 498501027.1939246 347
1757565656395 2736607534.403317 348
1757565656986 20351800694.27303 349
1757565657692 437838642157.01666 350
1757565658388 16079409429.444193 351
1757565659083 7641606618.799924 352
1757565659783 395838921482.93744 353
1757565660491 841766952772.0581 354
1757565661025 141531248360.95282 355
1757565661727 7620975033.197534 356
1757565662418 696344831063.2869 357
1757565663108 30938109368.535122 358
1757565663814 120061053738.6067 359
1757565664509 258568182276.07053 360
1757565665223 51102295620.305176 361
1757565665945 136694355322.01167 362
1757565666675 1331472934.2418268 363
1757565667215 130591702.1417709 364
1757565667935 27342457408.97256 365
1757565668519 88871672725.66216 366
1757565669130 3559678.632417033 367
1757565669721 33853047346.00497 368
1757565670419 671489168.1598319 369
1757565671122 21989198563.48655 370
1757565671824 29321615636.43997 371
1757565672516 22660032660.97023 372
1757565673208 675079757152.2966 373
1757565673913 376379112252.0087 374
1757565674621 419547885135.63 375
1757565675340 21082845218.43766 376
1757565676051 6490073884.905549 377
1757565676754 115469064148.18141 378
1757565677434 193567499.96013665 379
1757565678058 298310086515.2703 380
1757565678687 38043082748.87178 381
1757565679349 49117429771.08122 382
1757565680073 1009351292.0564864 383
1757565680703 86331084570.99419 384
1757565681357 4212110406.0270905 385
1757565681893 367145292084.1086 386
1757565682573 38528147894.52298 387
1757565683266 1112347856.5721385 388
1757565683974 50438846252.67943 389
1757565684693 386472398677.59436 390
1757565685401 13614381877.893332 391
1757565686111 133728678333.23341 392
1757565686830 62764356167.73946 393
1757565687543 1996107894.6983798 394
1757565688240 70216773202.4015 395
1757565688939 50632696363.81745 396
1757565689642 28430086751.748333 397
1757565690358 36826258951.94663 398
1757565691069 14185056002.87055 399
1757565691777 99201577224.32466 400
1757565692488 21467418.10876587 401
1757565693189 12118917855.649176 402
1757565693891 246187085552.60858 403
1757565694597 75455957967.73523 404
1757565695314 36494261296.22582 405
1757565696022 528683028920.477 406
1757565696746 16955958359.966246 407
1757565697322 92870483376.3741 408
1757565697968 61665101038.23591 409
1757565698554 242825385500.2255 410
1757565699159 962083293078.1647 411
1757565699829 11191770495.614082 412
1757565700589 580574689.1561105 413
1757565701294 65929094658.31972 414
1757565702001 32277917898.650753 415
1757565702604 187165377823.18546 416
1757565703127 7201169063.435364 417
1757565703759 1079913522.888002 418
1757565704347 5964691090874.49 419
1757565704878 3062911246.6178193 420
1757565705391 57028061515.249695 421
1757565705895 922704.6950312967 422
1757565706442 21078908941.96287 423
1757565706995 9456570990227.613 424
1757565707555 45021415.5332858 425
1757565708272 13622121903.518854 426
1757565708942 24097560835.634876 427
1757565709663 26797123220.929768 428
1757565710531 141577580502.2692 429
1757565711146 13877492844.937214 430
1757565711799 156304446111.31998 431
1757565712372 141401685183.52133 432
1757565712995 1218033754892.3645 433
1757565713557 954053324.7014552 434
1757565714108 22891619911.4606 435
1757565714652 269542266584.93976 436
1757565715216 458673247.71078336 437
1757565715770 39726228015.9632 438
1757565716360 61330021250.029106 439
1757565716870 22017775488.77939 440
1757565717468 181757391791.08646 441
1757565718179 122535271908.39508 442
1757565718882 321510811.4616246 443
1757565719603 2400555253.3606544 444
1757565720306 51383103353.236984 445
1757565720900 36615794879.521484 446
1757565721550 312901671.47368294 447
1757565722251 55995518338.98882 448
1757565722946 168190050367.7307 449
1757565723640 85340155810.583 450
1757565724333 239553864584.965 451
1757565725033 1810905655.667018 452
1757565725730 2146919081.8822536 453
1757565726434 3004084614.0581546 454
1757565727137 52054919186.41204 455
1757565727730 9040709415.527725 456
1757565728387 1136667822.7956443 457
1757565728989 3379066408.502356 458
1757565729628 386954994746.0681 459
1757565730297 4994074445.919679 460
1757565730993 3759193603.8051734 461
1757565731694 37229470035.135025 462
1757565732311 196923998906.727 463
1757565732968 1783003311.576699 464
1757565733520 190663631444.63443 465
1757565734189 8826370754.272905 466
1757565734864 10523686702.810253 467
1757565735490 230281605560.76385 468
1757565736118 223080765781.1948 469
1757565736726 143346980316.75052 470
1757565737369 1815060823.2801204 471
1757565738079 92116287505.57874 472
1757565738630 1115225396176.2058 473
1757565739218 1151754932384.3376 474
1757565739864 117575720590.13602 475
1757565740479 102678059967.1716 476
1757565741102 1489634543830.932 477
1757565741810 19985507349.90768 478
1757565742439 908319367299.1389 479
1757565743089 72000834033.80293 480
1757565743656 53382203.69000194 481
1757565744286 8512197039.08655 482
1757565744873 5373078956.875279 483
1757565745486 144925864048.14395 484
1757565746106 589894080987.7474 485
1757565746785 42239695602.891525 486
1757565747390 59029646173.57407 487
1757565748120 359742144950.1008 488
1757565748834 25813915300.410885 489
1757565749538 2773750565.989126 490
1757565750235 24526877016.906822 491
1757565750937 41263321309.97459 492
1757565751641 8568104680.96218 493
1757565752351 1724044855.6432083 494
1757565753069 1745214461.03395 495
1757565753772 10541046.925118623 496
1757565754472 39770456111.02121 497
1757565755183 12370415876.471178 498
1757565755848 50503660558.12873 499
