1757568464523 546344536461.1042 0
1757568464599 2.632402941545425e+16 1
1757568464668 1.6874860915632243e+20 2
1757568464742 1.007116326587156e+24 3
1757568464812 5.766090402690088e+28 4
1757568464879 1.3039999856918567e+34 5
1757568464951 4.918099983272374e+37 6
1757568465019 7.0807714583029e+42 7
1757568465093 8.184365479742765e+46 8
1757568465167 3.1534315292203446e+50 9
1757568465237 2.2753593951972342e+54 10
1757568465309 1.0646305311385952e+59 11
1757568465380 3.866991078765191e+62 12
1757568465448 2.4779146705999194e+66 13
1757568465518 8.852934970169164e+70 14
1757568465593 4.955715033112604e+75 15
1757568465667 2.8683755558341064e+80 16
1757568465741 8.3836186582156e+84 17
1757568465815 3.7053061679480175e+88 18
1757568465925 7.577708099103194e+92 19
1757568465995 3.2028470789249453e+97 20
1757568466067 2.0957820301660784e+101 21
1757568466139 1.1545408163405535e+106 22
1757568466214 1.6960975468752513e+110 23
1757568466282 2.978446357824666e+115 24
1757568466353 2.5147226029539403e+119 25
1757568466421 4.116295281120055e+123 26
1757568466494 2.53814728020475e+127 27
1757568466562 3.995071749518059e+132 28
1757568466633 1.3135323702253655e+137 29
1757568466712 2.840201395714457e+142 30
1757568466782 1.9621579724776395e+145 31
1757568466850 1.469318675895557e+148 32
1757568466914 2.3593013833599163e+153 33
1757568466993 7.28195300558493e+156 34
1757568467066 1.8523396517250993e+161 35
1757568467136 3.215104215051018e+165 36
1757568467209 8.109075199358247e+169 37
1757568467273 7.770920896323464e+173 38
1757568467347 5.922004447745767e+178 39
1757568467417 1.210393715061799e+183 40
1757568467492 1.260803631720284e+187 41
1757568467563 1.0178923312717959e+192 42
1757568467631 6.418963456435424e+195 43
1757568467699 1.0879798299411728e+200 44
1757568467768 1.7894659856670518e+205 45
1757568467840 2.54077200788098e+209 46
1757568467912 1.1077296249027984e+214 47
1757568467985 5.6977057634230785e+217 48
1757568468057 6.485045435527012e+222 49
1757568468128 3.0847996524610838e+227 50
1757568468195 7.1372059443255385e+230 51
1757568468264 1.1420656236608961e+235 52
1757568468334 3.747614895007587e+240 53
1757568468403 2.978317600107064e+244 54
1757568468477 5.273896938350358e+248 55
1757568468548 1.636087133876253e+254 56
1757568468620 2.4487958315251745e+256 57
1757568468694 7.066249544737396e+261 58
1757568468762 3.1397101910464885e+265 59
1757568468836 2.5537816592784513e+270 60
1757568468912 2.0413596114483865e+275 61
1757568468987 1.6479900156270494e+279 62
1757568469057 4.597757972607529e+283 63
1757568469127 5.719777539966038e+287 64
1757568469201 4.536445016892441e+291 65
1757568469270 5.163685702745132e+295 66
1757568469345 2.999622060119682e+300 67
1757568469418 inf 68
1757568469491 inf 69
