1757544515873 1019578794230.9694 0
1757544515930 1017520252678.7803 1
1757544515989 1015468602629.4973 2
1757544516041 1013423815227.5701 3
1757544516099 1011385861759.1733 4
1757544516154 1009354713651.446 5
1757544516215 1007330342471.7319 6
1757544516270 1005312719926.8271 7
1757544516325 1003301817862.2301 8
1757544516382 1001297608261.396 9
1757544516432 999300063244.9966 10
1757544516487 997309155070.182 11
1757544516546 995324856129.8499 12
1757544516601 993347138951.9148 13
1757544516659 991375976198.5847 14
1757544516718 989411340665.6411 15
1757544516772 987453205281.7211 16
1757544516830 985501543107.6066 17
1757544516893 983556327335.5148 18
1757544516947 981617531288.3945 19
1757544517010 979685128419.2258 20
1757544517079 977759092310.3225 21
1757544517144 975839396672.6412 22
1757544517205 973926015345.0913 23
1757544517275 972018922293.8503 24
1757544517338 970118091611.6843 25
1757544517400 968223497517.269 26
1757544517458 966335114354.5173 27
1757544517516 964452916591.9098 28
1757544517573 962576878821.8281 29
1757544517622 960706975759.8948 30
1757544517681 958843182244.3127 31
1757544517738 956985473235.2118 32
1757544517793 955133823813.9979 33
1757544517850 953288209182.7047 34
1757544517907 951448604663.3513 35
1757544517968 949614985697.3013 36
1757544518027 947787327844.626 37
1757544518086 945965606783.4727 38
1757544518146 944149798309.4341 39
1757544518198 942339878334.9229 40
1757544518252 940535822888.5502 41
1757544518309 938737608114.5052 42
1757544518367 936945210271.9413 43
1757544518430 935158605734.3628 44
1757544518487 933377770989.0176 45
1757544518545 931602682636.2917 46
1757544518601 929833317389.107 47
1757544518657 928069652072.3234 48
1757544518718 926311663622.1443 49
1757544518772 924559329085.5237 50
1757544518830 922812625619.5789 51
1757544518890 921071530491.0055 52
1757544518960 919336021075.4949 53
1757544519032 917606074857.1559 54
1757544519096 915881669427.9402 55
1757544519150 914162782487.0695 56
1757544519206 912449391840.4668 57
1757544519262 910741475400.1912 58
1757544519323 909039011183.8745 59
1757544519383 907341977314.163 60
1757544519439 905650352018.1599 61
1757544519497 903964113626.8732 62
1757544519562 902283240574.6649 63
1757544519630 900607711398.7053 64
1757544519684 898937504738.4266 65
1757544519746 897272599334.9852 66
1757544519802 895612974030.721 67
1757544519863 893958607768.6243 68
1757544519925 892309479591.803 69
1757544519982 890665568642.9543 70
1757544520049 889026854163.8385 71
1757544520117 887393315494.7555 72
1757544520174 885764932074.0255 73
1757544520237 884141683437.4714 74
1757544520297 882523549217.9042 75
1757544520357 880910509144.6118 76
1757544520416 879302543042.851 77
1757544520473 877699630833.3403 78
1757544520534 876101752531.7587 79
1757544520589 874508888248.2437 80
1757544520646 872921018186.8954 81
1757544520704 871338122645.2814 82
1757544520763 869760182013.9447 83
1757544520819 868187176775.9152 84
1757544520878 866619087506.2223 85
1757544520936 865055894871.4126 86
1757544521000 863497579629.0677 87
1757544521058 861944122627.3271 88
1757544521116 860395504804.4111 89
1757544521173 858851707188.1487 90
1757544521236 857312710895.5077 91
1757544521292 855778497132.1259 92
1757544521353 854249047191.8462 93
1757544521410 852724342456.2552 94
1757544521469 851204364394.2212 95
1757544521527 849689094561.4385 96
1757544521582 848178514599.9717 97
1757544521644 846672606237.8035 98
1757544521705 845171351288.3851 99
1757544521761 843674731650.1881 100
1757544521822 842182729306.2605 101
1757544521888 840695326323.784 102
1757544521957 839212504853.6339 103
1757544522012 837734247129.9415 104
1757544522065 836260535469.6599 105
1757544522129 834791352272.1298 106
1757544522183 833326680018.6506 107
1757544522244 831866501272.0526 108
1757544522303 830410798676.2698 109
1757544522363 828959554955.9188 110
1757544522422 827512752915.877 111
1757544522478 826070375440.864 112
1757544522539 824632405495.0261 113
1757544522596 823198826121.5219 114
1757544522658 821769620442.1111 115
1757544522716 820344771656.7451 116
1757544522779 818924263043.1599 117
1757544522847 817508077956.4717 118
1757544522905 816096199828.7739 119
1757544522962 814688612168.7373 120
1757544523020 813285298561.2119 121
1757544523079 811886242666.8313 122
1757544523140 810491428221.6177 123
1757544523195 809100839036.5928 124
1757544523257 807714458997.386 125
1757544523319 806332272063.8491 126
1757544523379 804954262269.6705 127
1757544523433 803580413721.992 128
1757544523491 802210710601.0283 129
1757544523551 800845137159.689 130
1757544523613 799483677723.2006 131
1757544523674 798126316688.7336 132
1757544523736 796773038525.0286 133
1757544523798 795423827772.0269 134
1757544523853 794078669040.5017 135
1757544523916 792737547011.6923 136
1757544523972 791400446436.9385 137
1757544524036 790067352137.3206 138
1757544524093 788738249003.2968 139
1757544524156 787413121994.3462 140
1757544524212 786091956138.6124 141
1757544524271 784774736532.5488 142
1757544524333 783461448340.5663 143
1757544524396 782152076794.6831 144
1757544524462 780846607194.1758 145
1757544524522 779545024905.2329 146
1757544524583 778247315360.6108 147
1757544524644 776953464059.2897 148
1757544524705 775663456566.1337 149
1757544524762 774377278511.5516 150
1757544524825 773094915591.1595 151
1757544524886 771816353565.4456 152
1757544524945 770541578259.4366 153
1757544525006 769270575562.3667 154
1757544525065 768003331427.3468 155
1757544525121 766739831871.0375 156
1757544525186 765480062973.3218 157
1757544525241 764224010876.982 158
1757544525302 762971661787.3763 159
1757544525363 761723001972.1179 160
1757544525420 760478017760.756 161
1757544525480 759236695544.459 162
1757544525538 757999021775.6984 163
1757544525607 756764982967.9348 164
1757544525670 755534565695.3068 165
1757544525730 754307756592.3187 166
1757544525803 753084542353.534 167
1757544525864 751864909733.2667 168
1757544525922 750648845545.2766 169
1757544525976 749436336662.4661 170
1757544526037 748227370016.5774 171
1757544526095 747021932597.8923 172
1757544526151 745820011454.9341 173
1757544526214 744621593694.17 174
1757544526270 743426666479.716 175
1757544526327 742235217033.0425 176
1757544526386 741047232632.6829 177
1757544526444 739862700613.9424 178
1757544526503 738681608368.6097 179
1757544526559 737503943344.6682 180
1757544526618 736329693046.0122 181
1757544526680 735158845032.1602 182
1757544526742 733991386917.9745 183
1757544526804 732827306373.378 184
1757544526870 731666591123.0763 185
1757544526929 730509228946.2784 186
1757544526987 729355207676.42 187
1757544527042 728204515200.8896 188
1757544527102 727057139460.7538 189
1757544527161 725913068450.4855 190
1757544527224 724772290217.6932 191
1757544527286 723634792862.8527 192
1757544527351 722500564539.0382 193
1757544527423 721369593451.6566 194
1757544527492 720241867858.183 195
1757544527550 719117376067.8975 196
1757544527609 717996106441.6223 197
1757544527671 716878047391.4629 198
1757544527730 715763187380.5472 199
1757544527790 714651514922.7694 200
1757544527846 713543018582.5333 201
1757544527914 712437686974.4971 202
1757544527979 711335508763.3209 203
1757544528039 710236472663.4132 204
1757544528103 709140567438.6818 205
1757544528159 708047781902.2838 206
1757544528225 706958104916.3766 207
1757544528283 705871525391.8739 208
1757544528343 704788032288.1975 209
1757544528399 703707614613.0356 210
1757544528456 702630261422.0989 211
1757544528523 701555961818.8801 212
1757544528594 700484704954.4132 213
1757544528652 699416480027.0355 214
1757544528722 698351276282.1497 215
1757544528775 697289083011.9883 216
1757544528834 696229889555.3785 217
1757544528898 695173685297.5087 218
1757544528963 694120459669.6962 219
1757544529018 693070202149.1566 220
1757544529082 692022902258.7731 221
1757544529142 690978549566.8695 222
1757544529204 689937133686.9813 223
1757544529268 688898644277.6309 224
1757544529326 687863071042.1023 225
1757544529388 686830403728.217 226
1757544529448 685800632128.1132 227
1757544529507 684773746078.023 228
1757544529568 683749735458.0529 229
1757544529629 682728590191.9653 230
1757544529686 681710300246.961 231
1757544529752 680694855633.4626 232
1757544529817 679682246404.8986 233
1757544529911 678672462657.4904 234
1757544529975 677665494530.0387 235
1757544530044 676661332203.7119 236
1757544530102 675659965901.836 237
1757544530159 674661385889.684 238
1757544530221 673665582474.2677 239
1757544530286 672672546004.1318 240
1757544530346 671682266869.1466 241
1757544530411 670694735500.3029 242
1757544530476 669709942369.5087 243
1757544530534 668727877989.3862 244
1757544530595 667748532913.0702 245
1757544530655 666771897734.0068 246
1757544530715 665797963085.7549 247
1757544530775 664826719641.7871 248
1757544530837 663858158115.2924 249
1757544530896 662892269258.9799 250
1757544530956 661929043864.8837 251
1757544531014 660968472764.168 252
1757544531075 660010546826.9354 253
1757544531140 659055256962.0331 254
1757544531198 658102594116.8628 255
1757544531319 657152549277.1903 256
1757544531383 656205113466.9563 257
1757544531446 655260277748.089 258
1757544531508 654318033220.3165 259
1757544531567 653378371020.9806 260
1757544531630 652441282324.8525 261
1757544531689 651506758343.9484 262
1757544531753 650574790327.3461 263
1757544531826 649645369561.0037 264
1757544531895 648718487367.578 265
1757544531960 647794135106.2443 266
1757544532020 646872304172.5182 267
1757544532083 645952985998.0756 268
1757544532145 645036172050.5776 269
1757544532207 644121853833.4928 270
1757544532271 643210022885.9225 271
1757544532334 642300670782.4259 272
1757544532391 641393789132.8475 273
1757544532450 640489369582.1434 274
1757544532512 639587403810.211 275
1757544532574 638687883531.7172 276
1757544532640 637790800495.9291 277
1757544532704 636896146486.5453 278
1757544532769 636003913321.5275 279
1757544532830 635114092852.9343 280
1757544532891 634226676966.7538 281
1757544532951 633341657582.7389 282
1757544533014 632459026654.2437 283
1757544533072 631578776168.0582 284
1757544533130 630700898144.248 285
1757544533197 629825384635.9901 286
1757544533257 628952227729.4135 287
1757544533316 628081419543.4388 288
1757544533377 627212952229.619 289
1757544533439 626346817971.9813 290
1757544533500 625483008986.8684 291
1757544533561 624621517522.7843 292
1757544533620 623762335860.2357 293
1757544533681 622905456311.5792 294
1757544533741 622050871220.866 295
1757544533806 621198572963.688 296
1757544533863 620348553947.0271 297
1757544533924 619500806609.1018 298
1757544533988 618655323419.217 299
1757544534052 617812096877.6134 300
1757544534107 616971119515.3196 301
1757544534170 616132383894.0011 302
1757544534243 615295882605.8146 303
1757544534306 614461608273.2605 304
1757544534382 613629553549.0366 305
1757544534470 612799711115.8927 306
1757544534535 611972073686.4861 307
1757544534596 611146634003.2368 308
1757544534658 610323384838.1868 309
1757544534723 609502318992.8547 310
1757544534785 608683429298.0969 311
1757544534847 607866708613.9645 312
1757544534910 607052149829.5647 313
1757544534975 606239745862.921 314
1757544535036 605429489660.8342 315
1757544535096 604621374198.7457 316
1757544535155 603815392480.5985 317
1757544535217 603011537538.7026 318
1757544535286 602209802433.5981 319
1757544535348 601410180253.921 320
1757544535413 600612664116.2684 321
1757544535474 599817247165.0654 322
1757544535536 599023922572.4316 323
1757544535600 598232683538.0497 324
1757544535659 597443523289.0333 325
1757544535723 596656435079.7972 326
1757544535788 595871412191.926 327
1757544535849 595088447934.0459 328
1757544535914 594307535641.6953 329
1757544535976 593528668677.1968 330
1757544536035 592751840429.5304 331
1757544536099 591977044314.2063 332
1757544536163 591204273773.1392 333
1757544536226 590433522274.5226 334
1757544536295 589664783312.7043 335
1757544536363 588898050408.0629 336
1757544536432 588133317106.8833 337
1757544536492 587370576981.2354 338
1757544536558 586609823628.8502 339
1757544536641 585851050673.0005 340
1757544536800 585094251762.3782 341
1757544536878 584339420570.9755 342
1757544536962 583586550797.9644 343
1757544537043 582835636167.5782 344
1757544537122 582086670428.9938 345
1757544537195 581339647356.2125 346
1757544537275 580594560747.9448 347
1757544537360 579851404427.4929 348
1757544537439 579110172242.6346 349
1757544537524 578370858065.5089 350
1757544537596 577633455792.5011 351
1757544537675 576897959344.1289 352
1757544537756 576164362664.928 353
1757544537829 575432659723.3411 354
1757544537905 574702844511.6041 355
1757544537984 573974911045.6353 356
1757544538067 573248853364.9238 357
1757544538143 572524665532.4196 358
1757544538204 571802341634.4232 359
1757544538270 571081875780.4767 360
1757544538337 570363262103.2544 361
1757544538414 569646494758.4556 362
1757544538479 568931567924.6957 363
1757544538543 568218475803.4009 364
1757544538621 567507212618.6992 365
1757544538688 566797772617.3175 366
1757544538769 566090150068.4734 367
1757544538837 565384339263.772 368
1757544538913 564680334517.1012 369
1757544538981 563978130164.528 370
1757544539041 563277720564.1947 371
1757544539119 562579100096.2173 372
1757544539188 561882263162.5826 373
1757544539252 561187204187.0465 374
1757544539310 560493917615.0333 375
1757544539375 559802397913.5352 376
1757544539444 559112639571.0118 377
1757544539521 558424637097.291 378
1757544539595 557738385023.4698 379
1757544539668 557053877901.8159 380
1757544539733 556371110305.6694 381
1757544539800 555690076829.3462 382
1757544539865 555010772088.0399 383
1757544539935 554333190717.7262 384
1757544540006 553657327375.0667 385
1757544540077 552983176737.3126 386
1757544540149 552310733502.2117 387
1757544540230 551639992387.912 388
1757544540302 550970948132.8683 389
1757544540376 550303595495.7494 390
1757544540445 549637929255.3437 391
1757544540516 548973944210.46844 392
1757544540580 548311635179.87585 393
1757544540641 547650997002.16284 394
1757544540718 546992024535.67926 395
1757544540786 546334712658.4374 396
1757544540852 545679056268.0221 397
1757544540920 545025050281.5003 398
1757544540983 544372689635.3328 399
1757544541049 543721969285.2847 400
1757544541113 543072884206.3373 401
1757544541171 542425429392.6002 402
1757544541230 541779599857.2243 403
1757544541293 541135390632.314 404
1757544541356 540492796768.8413 405
1757544541420 539851813336.5598 406
1757544541480 539212435423.91833 407
1757544541546 538574658137.97675 408
1757544541608 537938476604.32043 409
1757544541672 537303885966.97614 410
1757544541738 536670881388.32837 411
1757544541809 536039458049.0356 412
1757544541880 535409611147.9473 413
1757544541964 534781335902.0216 414
1757544542049 534154627546.2429 415
1757544542135 533529481333.5399 416
1757544542215 532905892534.7048 417
1757544542287 532283856438.3116 418
1757544542359 531663368350.63654 419
1757544542426 531044423595.57715 420
1757544542505 530427017514.5732 421
1757544542592 529811145466.52686 422
1757544542675 529196802827.72437 423
1757544542754 528583984991.7572 424
1757544542830 527972687369.4438 425
1757544542910 527362905388.7528 426
1757544542989 526754634494.7245 427
1757544543067 526147870149.3952 428
1757544543148 525542607831.71985 429
1757544543224 524938843037.49615 430
1757544543305 524336571279.2891 431
1757544543386 523735788086.35547 432
1757544543464 523136489004.56885 433
1757544543536 522538669596.3452 434
1757544543604 521942325440.5687 435
1757544543668 521347452132.5176 436
1757544543736 520754045283.79114 437
1757544543805 520162100522.23645 438
1757544543886 519571613491.87573 439
1757544543951 518982579852.8343 440
1757544544014 518394995281.2679 441
1757544544077 517808855469.29205 442
1757544544144 517224156124.9099 443
1757544544210 516640892971.94226 444
1757544544278 516059061749.9565 445
1757544544346 515478658214.1965 446
1757544544417 514899678135.51294 447
1757544544489 514322117300.2944 448
1757544544552 513745971510.397 449
1757544544622 513171236583.0769 450
1757544544689 512597908350.92126 451
1757544544752 512025982661.78046 452
1757544544823 511455455378.70044 453
1757544544893 510886322379.85504 454
1757544544953 510318579558.47955 455
1757544545020 509752222822.8031 456
1757544545084 509187248095.98346 457
1757544545159 508623651316.0403 458
1757544545218 508061428435.7896 459
1757544545281 507500575422.77856 460
1757544545346 506941088259.2205 461
1757544545411 506382962941.92993 462
1757544545475 505826195482.25867 463
1757544545535 505270781906.0312 464
1757544545603 504716718253.48157 465
1757544545666 504164000579.1897 466
1757544545734 503612624952.01843 467
1757544545801 503062587455.0504 468
1757544545866 502513884185.52625 469
1757544545934 501966511254.7819 470
1757544545997 501420464788.18713 471
1757544546063 500875740925.08386 472
1757544546126 500332335818.72504 473
1757544546193 499790245636.21387 474
1757544546261 499249466558.4429 475
1757544546329 498709994780.0342 476
1757544546399 498171826509.2787 477
1757544546464 497634957968.0774 478
1757544546530 497099385391.8816 479
1757544546592 496565105029.63336 480
1757544546656 496032113143.7073 481
1757544546724 495500406009.852 482
1757544546789 494969979917.1316 483
1757544546852 494440831167.8681 484
1757544546924 493912956077.5838 485
1757544547002 493386350974.9435 486
1757544547063 492861012201.698 487
1757544547127 492336936112.62714 488
1757544547190 491814119075.483 489
1757544547251 491292557470.9345 490
1757544547315 490772247692.51056 491
1757544547381 490253186146.545 492
1757544547445 489735369252.12115 493
1757544547510 489218793441.0165 494
1757544547574 488703455157.64813 495
1757544547635 488189350859.0183 496
1757544547694 487676477014.6596 497
1757544547757 487164830106.5815 498
1757544547818 486654406629.2166 499
