1757526906320 1019580854846.7715 0
1757526906339 830199691711.388 1
1757526906357 626079418843.3899 2
1757526906375 476099182457.5888 3
1757526906393 380797971494.0531 4
1757526906412 322507033784.8442 5
1757526906430 286937531352.23285 6
1757526906449 265549641630.8027 7
1757526906468 253055464297.25912 8
1757526906486 245853710973.85318 9
1757526906504 241573723181.85077 10
1757526906523 238841071427.22067 11
1757526906544 236955313748.9374 12
1757526906563 235577298497.4723 13
1757526906582 234529222169.99228 14
1757526906601 233704043482.15677 15
1757526906619 233033274932.4069 16
1757526906639 232473886229.5682 17
1757526906662 231999272718.81927 18
1757526906680 231592284658.41476 19
1757526906700 231240849145.56174 20
1757526906720 230935778489.01547 21
1757526906739 230669793687.9098 22
1757526906758 230437028292.98468 23
1757526906777 230232694956.83997 24
1757526906795 230052835231.47656 25
1757526906814 229894137627.97977 26
1757526906833 229753808270.4007 27
1757526906852 229629475653.5915 28
1757526906874 229519116427.2169 29
1757526906894 229420995707.48425 30
1757526906913 229333618905.90015 31
1757526906932 229255693008.4562 32
1757526906951 229186095377.0625 33
1757526906973 229123848367.42477 34
1757526906991 229068098431.95465 35
1757526907010 229018098737.45636 36
1757526907029 228973194589.11566 37
1757526907048 228932811124.25778 38
1757526907067 228896442857.73206 39
1757526907087 228863644749.84064 40
1757526907107 228834024537.10205 41
1757526907126 228807236119.58963 42
1757526907147 228782973839.16705 43
1757526907168 228760967513.86932 44
1757526907188 228740978117.64035 45
1757526907208 228722794013.5299 46
1757526907228 228706227663.53998 47
1757526907247 228691112750.4558 48
1757526907267 228677301656.86026 49
1757526907286 228664663254.61386 50
1757526907305 228653080964.77316 51
1757526907325 228642451053.50275 52
1757526907345 228632681134.2353 53
1757526907365 228623688850.30917 54
1757526907385 228615400715.70166 55
1757526907405 228607751094.3742 56
1757526907425 228600681301.2404 57
1757526907445 228594138809.9156 58
1757526907465 228588076554.27377 59
1757526907485 228582452312.449 60
1757526907508 228577228163.32962 61
1757526907537 228572370006.81644 62
1757526907561 228567847140.1874 63
1757526907582 228563631883.84683 64
1757526907603 228559699250.55466 65
1757526907624 228556026652.95026 66
1757526907645 228552593644.81085 67
1757526907665 228549381692.03867 68
