1757530135646 1019577463671.1915 0
1757530135675 830197308257.0475 1
1757530135707 626078028876.393 2
1757530135787 476098428671.47266 3
1757530135820 380797567256.2253 4
1757530135853 322506826549.5346 5
1757530135888 286937442696.69507 6
1757530135916 265549621333.5103 7
1757530135953 253055477047.28226 8
1757530135985 245853735059.2352 9
1757530136016 241573748108.0767 10
1757530136047 238841093535.417 11
1757530136078 236955332416.68207 12
1757530136109 235577314065.4246 13
1757530136139 234529235177.54465 14
1757530136169 233704054470.38248 15
1757530136201 233033284389.57843 16
1757530136230 232473894559.75433 17
1757530136266 231999280229.49432 18
1757530136296 231592291569.13577 19
1757530136326 231240855607.53992 20
1757530136358 230935784604.75848 21
1757530136388 230669799526.23264 22
1757530136420 230437033899.40997 23
1757530136451 230232700360.82394 24
1757530136475 230052840451.58237 25
1757530136496 229894142675.59747 26
1757530136521 229753813152.36118 27
1757530136550 229629480373.95047 28
1757530136574 229519120988.44727 29
1757530136601 229421000111.2618 30
1757530136621 229333623153.6115 31
1757530136641 229255697101.51648 32
1757530136661 229186099317.10193 33
1757530136687 229123852156.38644 34
1757530136710 229068102072.1335 35
1757530136730 229018102231.50015 36
1757530136754 228973197940.00293 37
1757530136774 228932814335.26242 38
1757530136793 228896445932.3812 39
1757530136814 228863647691.87027 40
1757530136834 228834027350.41333 41
1757530136858 228807238808.2072 42
1757530136884 228782976407.20078 43
1757530136911 228760969965.48007 44
1757530136931 228740980457.0093 45
1757530136965 228722796244.83188 46
1757530136998 228706229790.92072 47
1757530137030 228691114778.01248 48
1757530137061 228677303588.62506 49
1757530137092 228664665094.5406 50
1757530137124 228653082716.7262 51
1757530137156 228642452721.24847 52
1757530137188 228632682721.43527 53
1757530137219 228623690360.51495 54
1757530137250 228615402152.35132 55
1757530137281 228607752460.78998 56
1757530137311 228600682600.62735 57
1757530137342 228594140045.36148 58
1757530137374 228588077728.74927 59
1757530137405 228582453428.80865 60
1757530137436 228577229224.31387 61
1757530137467 228572371015.05328 62
1757530137498 228567848098.19504 63
1757530137529 228563632794.03604 64
1757530137561 228559700115.23193 65
1757530137593 228556027474.32074 66
1757530137626 228552594424.98178 67
1757530137658 228549382433.02213 68
