1757581254501 398314712240.0909 0
1757581254563 229001562278.70355 1
1757581254627 290698123044.19745 2
1757581254694 89397930473432.55 3
1757581254758 143824792305518.7 4
1757581254822 3535920893931586.0 5
1757581254885 1.9486824800186166e+17 6
1757581254951 1.1129174585307163e+19 7
1757581255015 8.355211685429362e+20 8
1757581255078 7.863746337330522e+21 9
1757581255144 4.424214408857855e+23 10
1757581255207 1.8392667285938849e+25 11
1757581255273 9.052695256244625e+26 12
1757581255338 2.2685445151079383e+28 13
1757581255402 3.968909545587888e+29 14
1757581255468 3.9983023543220863e+31 15
1757581255531 1.0659953386497864e+33 16
1757581255595 3.2810582886418467e+34 17
1757581255659 4.792633374193604e+35 18
1757581255735 4.413801699819884e+37 19
1757581255800 1.0200650574862849e+39 20
1757581255865 2.2795193317518075e+40 21
1757581255928 1.0627445619281416e+44 22
1757581255992 5.131916738933809e+43 23
1757581256055 2.5064146255673045e+46 24
1757581256121 3.9404462266381657e+46 25
1757581256188 2.6661139105368415e+48 26
1757581256254 5.532249898003924e+49 27
1757581256316 2.57362079021225e+51 28
1757581256380 1.3194390824131032e+53 29
1757581256444 2.5401137384651002e+54 30
1757581256507 8.583378273786287e+55 31
1757581256570 1.4252008459633e+59 32
1757581256636 7.748483203817249e+58 33
1757581256699 5.390869547103189e+60 34
1757581256763 9.328046757940148e+61 35
1757581256829 3.0385215806434308e+63 36
1757581256893 4.161127135487613e+65 37
1757581256959 6.0373699922718475e+66 38
1757581257023 7.269268591491752e+68 39
1757581257087 7.716460196198521e+69 40
1757581257151 2.32214732823775e+72 41
1757581257217 1.1548980477070252e+73 42
1757581257281 1.6408900072311788e+74 43
1757581257345 3.5542399881838303e+75 44
1757581257410 2.2495698381182237e+77 45
1757581257473 6.501381634983265e+78 46
1757581257537 2.0824302159526194e+80 47
1757581257600 5.186340199607078e+81 48
1757581257665 5.832654397140651e+83 49
1757581257731 1.1238304375429914e+85 50
1757581257796 6.770815552457615e+86 51
1757581257859 1.2683231951657853e+88 52
1757581257923 4.2917593476386013e+89 53
1757581257987 2.2692632772174554e+91 54
1757581258051 1.856181446083793e+92 55
1757581258116 2.0023732481500318e+96 56
1757581258180 7.980999140665352e+95 57
1757581258246 2.5341526178111197e+97 58
1757581258310 5.476873865976291e+98 59
1757581258374 3.3010079642142553e+101 60
1757581258438 1.5673974756362964e+102 61
1757581258503 5.336038763951232e+103 62
1757581258568 1.3207113300108407e+105 63
1757581258631 3.8630358905250755e+106 64
1757581258695 4.531969482442833e+108 65
1757581258761 6.028439768565204e+109 66
1757581258840 2.497587338533582e+112 67
1757581258904 5.007002981451502e+112 68
1757581258968 8.946622806675405e+114 69
1757581259032 8.933495311944717e+115 70
1757581259096 1.2807765905285254e+117 71
1757581259160 3.779874190369024e+119 72
1757581259224 2.4624268881958205e+120 73
1757581259287 1.0737910659687055e+124 74
1757581259355 1.7187525462292707e+124 75
1757581259420 2.6369455108799457e+126 76
1757581259491 1.0681763265688868e+127 77
1757581259559 9.354026509207895e+127 78
1757581259628 4.0236828935395024e+130 79
1757581259697 5.206518403668885e+132 80
1757581259765 1.217653187649255e+133 81
1757581259830 1.829519569640185e+134 82
1757581259897 1.3746041096140023e+135 83
1757581259961 4.341413839507344e+137 84
1757581260031 3.063941948747928e+139 85
1757581260099 7.210474589273081e+140 86
1757581260165 1.013962540388205e+141 87
1757581260231 1.2473988346684478e+144 88
1757581260295 2.0336524057634222e+145 89
1757581260360 6.769852870160969e+146 90
1757581260427 4.896073193248429e+149 91
1757581260491 9.271987117953886e+151 92
1757581260554 5.643187901157077e+152 93
1757581260618 3.337549694056732e+153 94
1757581260683 5.598937909973298e+155 95
1757581260748 5.48976781283376e+155 96
1757581260813 4.254054535335227e+157 97
1757581260876 2.460841810120557e+158 98
1757581260940 5.826908906877259e+161 99
1757581261007 2.9338290667859088e+162 100
1757581261071 1.2593007128917349e+165 101
1757581261137 3.5793741149606724e+165 102
1757581261203 2.4660867143185726e+167 103
1757581261268 2.457946673825161e+168 104
1757581261332 1.8021878080566424e+170 105
1757581261396 1.6262045341087062e+171 106
1757581261461 6.352405272640181e+172 107
1757581261526 1.3659957720574745e+174 108
1757581261591 2.999195632331815e+176 109
1757581261657 1.03585561071085e+179 110
1757581261724 6.500121537844917e+178 111
1757581261789 1.1988940451836662e+181 112
1757581261855 1.967457950506431e+182 113
1757581261922 2.7157140790651528e+183 114
1757581261999 8.829136488202848e+185 115
1757581262066 7.33617306559196e+186 116
1757581262131 2.7498238567668456e+188 117
1757581262198 1.4171351914143968e+190 118
1757581262267 1.9449223686192815e+191 119
1757581262332 1.4085130777792624e+193 120
1757581262398 2.9025887175896537e+194 121
1757581262465 5.594645582739394e+196 122
1757581262531 3.758018291919475e+197 123
1757581262596 3.2429900422460547e+199 124
1757581262662 9.594238064575862e+200 125
1757581262727 1.1929028614497006e+202 126
1757581262792 7.102718374220364e+203 127
1757581262859 3.893943194407574e+206 128
1757581262925 1.1270267326660125e+207 129
1757581262989 1.2559325251998359e+208 130
1757581263056 8.76807143972704e+211 131
1757581263122 2.837213152168513e+211 132
1757581263186 1.4815976248005834e+213 133
1757581263252 7.068656889515358e+214 134
1757581263318 7.946636776747704e+215 135
1757581263382 2.40311817702592e+217 136
1757581263447 1.779206899594416e+219 137
1757581263511 4.631082322195474e+221 138
1757581263576 2.365523644028389e+222 139
1757581263642 5.410401004500765e+223 140
1757581263712 9.693726778119258e+225 141
1757581263780 2.2543206527720312e+227 142
1757581263848 2.5934092045643933e+228 143
1757581263913 7.223267087381254e+229 144
1757581263978 2.084935231782613e+231 145
1757581264044 1.106167105171963e+233 146
1757581264110 1.59070079524649e+235 147
1757581264176 3.1735052672179865e+237 148
1757581264245 5.7326046375401165e+237 149
1757581264312 9.095673308919532e+239 150
1757581264378 1.0375159168857478e+241 151
1757581264445 8.516030072846161e+242 152
1757581264510 1.3287295413081846e+245 153
1757581264576 3.690864729745501e+245 154
1757581264641 7.656736788361706e+246 155
1757581264706 1.0470778100836843e+248 156
1757581264772 4.3463061348162844e+249 157
1757581264838 2.670401026275015e+251 158
1757581264904 1.4383841324329245e+253 159
1757581264974 1.3047324131131697e+255 160
1757581265040 7.122800300586568e+255 161
1757581265122 3.4345054560624135e+257 162
1757581265187 2.5228994560268244e+260 163
1757581265255 8.548220235604091e+260 164
1757581265321 5.045555746886044e+262 165
1757581265388 1.9268858996310416e+264 166
1757581265456 6.826805938616472e+265 167
1757581265523 2.075171889242676e+267 168
1757581265591 7.054327634704293e+268 169
1757581265657 5.191371595493364e+269 170
1757581265723 1.5773324316563234e+271 171
1757581265789 4.1692963615748973e+273 172
1757581265855 3.488216779341605e+274 173
1757581265920 1.5291168496881538e+275 174
1757581265990 3.0140463550187644e+277 175
1757581266060 3.668492157515257e+278 176
1757581266140 3.30368414835859e+280 177
1757581266207 2.2935201648630707e+283 178
1757581266278 5.187553066929051e+283 179
1757581266350 1.202350760081973e+285 180
1757581266442 3.4942722927172874e+286 181
1757581266532 1.2594266423191127e+289 182
1757581266603 7.9451906862458e+289 183
1757581266675 9.476259009741447e+291 184
1757581266750 4.729533323847634e+292 185
1757581266819 3.078538143621621e+295 186
1757581266891 2.7400241880051517e+296 187
1757581266962 1.6652214086448482e+297 188
1757581267031 7.387392698619725e+298 189
1757581267100 2.807968750247623e+300 190
1757581267170 7.359684224949032e+301 191
1757581267242 2.3263505054421325e+303 192
