1757582964778 1053300496920.496 0
1757582964837 825693207837.4851 1
1757582964954 990141057344.0614 2
1757582965017 7945433612693.455 3
1757582965080 161135628215056.56 4
1757582965144 3486320728424218.0 5
1757582965206 7.563050889323331e+16 6
1757582965269 1.6408686088543084e+18 7
1757582965332 3.5600209766311817e+19 8
1757582965394 7.723806602791944e+20 9
1757582965457 1.6757538600256623e+22 10
1757582965516 3.635708588814818e+23 11
1757582965577 7.888018197846293e+24 12
1757582965641 1.711381139869673e+26 13
1757582965702 3.7130053867033144e+27 14
1757582965762 8.055721008318328e+28 15
1757582965822 1.7477658717182614e+30 16
1757582965883 3.791945549242372e+31 17
1757582965945 8.226989255879518e+32 18
1757582966076 1.7849241593113066e+34 19
1757582966153 3.872564015099807e+35 20
1757582966218 8.401898743323812e+36 21
1757582966287 1.8228724487914408e+38 22
1757582966349 3.954896465758139e+39 23
1757582966411 8.580526885046889e+40 24
1757582966472 1.8616275359536822e+42 25
1757582966536 4.038979341304209e+43 26
1757582966597 8.762952741309297e+44 27
1757582966659 1.9012065736791937e+46 28
1757582966720 4.124849856557494e+47 29
1757582966778 8.949257053228208e+48 30
1757582966839 1.9416270795270985e+50 31
1757582966898 4.212546017541227e+51 32
1757582966957 9.139522278513219e+52 33
1757582967017 1.982906943487698e+54 34
1757582967075 4.302106638303806e+55 35
1757582967135 9.33383262796191e+56 36
1757582967194 2.0250644359005285e+58 37
1757582967258 4.393571358097704e+59 38
1757582967320 9.532274102731173e+60 39
1757582967379 2.0681182155407424e+62 40
1757582967439 4.486980658923714e+63 41
1757582967501 9.734934532401188e+64 42
1757582967563 2.112087337877432e+66 43
1757582967626 4.5823758834481547e+67 44
1757582967690 9.941903613848468e+68 45
1757582967754 2.1569912635075425e+70 46
1757582967820 4.679799253301009e+71 47
1757582967900 1.015327295094539e+73 48
1757582967963 2.2028498667690338e+74 49
1757582968024 4.779293887763069e+75 50
1757582968088 1.0369136095103832e+77 51
1757582968149 2.249683444537223e+78 52
1757582968210 4.8809038228504335e+79 53
1757582968273 1.0589588586680712e+81 54
1757582968335 2.2975127252081283e+82 55
1757582968406 4.984674030804651e+83 56
1757582968466 1.0814727997263839e+85 57
1757582968527 2.3463588778727485e+86 58
1757582968588 5.090650439997337e+87 59
1757582968649 1.1044653972856773e+89 60
1757582968711 2.396243521686497e+90 61
1757582968772 5.198879955257943e+91 62
1757582968835 1.127946827798202e+93 63
1757582968897 2.4471887354377323e+94 64
1757582968956 5.309410478633626e+95 65
1757582969018 1.1519274840721347e+97 66
1757582969080 2.4992170673197695e+98 67
1757582969140 5.422290930590632e+99 68
1757582969201 1.1764179798714395e+101 69
1757582969278 2.552351544910646e+102 70
1757582969341 5.53757127166628e+103 71
1757582969404 1.2014291546134646e+105 72
1757582969467 2.606615685365057e+106 73
1757582969527 5.655302524581337e+107 74
1757582969588 1.2269720781664378e+109 75
1757582969650 2.6620335058229623e+110 76
1757582969714 5.775536796822541e+111 77
1757582969775 1.253058055748963e+113 78
1757582969837 2.71862953403951e+114 79
1757582969898 5.89832730370523e+115 80
1757582969959 1.2796986329336684e+117 81
1757582970020 2.7764288192409543e+118 82
1757582970080 6.02372839192622e+119 83
1757582970141 1.306905600757239e+121 84
1757582970202 2.8354569432113276e+122 85
1757582970262 6.15179556361756e+123 86
1757582970323 1.3346910009391049e+125 87
1757582970384 2.895740031614899e+126 88
1757582970446 6.282585500911486e+127 89
1757582970506 1.3630671312110528e+129 90
1757582970565 2.9573047655593054e+130 91
1757582970627 6.4161560910279384e+131 92
1757582970688 1.3920465507601835e+133 93
1757582970749 3.0201783934044988e+134 94
1757582970810 6.552566451895034e+135 95
1757582970871 1.4216420857875414e+137 96
1757582970931 3.084388742822808e+138 97
1757582970991 6.691876958314673e+139 98
1757582971052 1.4518668351849676e+141 99
1757582971118 3.1499642331153647e+142 100
1757582971179 6.834149268684144e+143 101
1757582971244 1.482734176332641e+145 102
1757582971309 3.216933887790464e+146 103
1757582971370 6.979446352286015e+147 104
1757582971435 1.5142577710198692e+149 105
1757582971501 3.2853273474091936e+150 106
1757582971564 7.127832517158066e+151 107
1757582971626 1.5464515714916962e+153 108
1757582971688 3.355174882704254e+154 109
1757582971750 7.2793734385557715e+155 110
1757582971812 1.579329826624184e+157 111
1757582971876 3.4265074079777377e+158 112
1757582971939 7.434136188020088e+159 113
1757582972000 1.6129070882308992e+161 114
1757582972061 3.4993564947837255e+162 115
1757582972121 7.592189263063113e+163 116
1757582972184 1.6471982175035088e+165 117
1757582972245 3.573754385901673e+166 118
1757582972305 7.753602617484766e+167 119
1757582972378 1.682218391589281e+169 120
1757582972442 3.649734009607048e+170 121
1757582972502 7.91844769233421e+171 122
1757582972563 1.717983110308468e+173 123
1757582972624 3.7273289942452203e+174 124
1757582972687 8.086797447529397e+175 125
1757582972750 1.7545082030144382e+177 126
1757582972811 3.8065736831153186e+178 127
1757582972873 8.258726394148905e+179 128
1757582972934 1.7918098355997458e+181 129
1757582972995 3.887503149670396e+182 130
1757582973057 8.4343106274103e+183 131
1757582973122 1.8299045176510716e+185 132
1757582973184 3.9701532130409067e+186 133
1757582973246 8.613627860349687e+187 134
1757582973309 1.8688091097563311e+189 135
1757582973380 4.054560453888094e+190 136
1757582973447 8.796757458217194e+191 137
1757582973512 1.908540830967112e+193 138
1757582973575 4.1407622305945106e+194 139
1757582973638 8.983780473603868e+195 140
1757582973702 1.9491172664197723e+197 141
1757582973764 4.2287966957986915e+198 142
1757582973827 9.174779682315239e+199 143
1757582973890 1.9905563751185787e+201 144
1757582973952 4.3187028132814275e+202 145
1757582974016 9.36983962000768e+203 146
1757582974081 2.032876497884289e+205 147
1757582974143 4.410520375210966e+206 148
1757582974205 9.569046619603497e+207 149
1757582974269 2.076096365471737e+209 150
1757582974331 4.5042900197549153e+210 151
1757582974392 9.772488849501794e+211 152
1757582974454 2.1202351068600405e+213 153
1757582974518 4.600053249066627e+214 154
1757582974580 9.980256352601404e+215 155
1757582974642 2.1653122577189973e+217 156
1757582974708 4.697852447653841e+218 157
1757582974771 1.0192441086153657e+220 158
1757582974833 2.2113477690555147e+221 159
1757582974895 4.7977309011380077e+222 160
1757582974957 1.0409136962462387e+224 161
1757582975020 2.258362016043883e+225 162
1757582975082 4.899732815412285e+226 163
1757582975144 1.063043989044913e+228 164
1757582975208 2.3063758070437436e+229 165
1757582975270 5.003903336207033e+230 166
1757582975332 1.0856447818102264e+232 167
1757582975393 2.3554103928098075e+233 168
1757582975456 5.11028856907107e+234 169
1757582975517 1.1087260775828292e+236 170
1757582975591 2.40548747589739e+237 171
1757582975657 5.218935599777957e+238 172
1757582975718 1.132298092072526e+240 173
1757582975781 2.4566292202678754e+241 174
1757582975844 5.329892515165888e+242 175
1757582975905 1.1563712581796807e+244 176
1757582975970 2.5088582610984184e+245 177
1757582976031 5.44320842442087e+246 178
1757582976093 1.180956230612821e+248 179
1757582976155 2.5621977148002184e+249 180
1757582976217 5.558933480812263e+250 181
1757582976284 1.206063890604359e+252 182
1757582976347 2.6166711892497504e+253 183
1757582976413 5.67711890389046e+254 184
1757582976478 1.231705350726595e+256 185
1757582976540 2.6723027942375457e+257 186
1757582976603 5.797817002156497e+258 187
1757582976665 1.2578919598101085e+260 188
1757582976727 2.7291171521391248e+261 189
1757582976792 5.921081196213666e+262 190
1757582976857 1.2846353079667215e+264 191
1757582976919 2.78713940881279e+265 192
1757582976981 6.046966042411267e+266 193
1757582977045 1.3119472317192278e+268 194
1757582977108 2.846395244729042e+269 195
1757582977171 6.17552725699109e+270 196
1757582977293 1.3398398192402265e+272 197
1757582977357 2.9069108863367704e+273 198
1757582977419 6.306821740747321e+274 199
1757582977481 1.3683254157023003e+276 200
1757582977544 2.968713117670931e+277 201
1757582977606 6.440907604210484e+278 202
1757582977668 1.397416628741928e+280 203
1757582977730 3.0318292922070615e+281 204
1757582977793 6.57784419336713e+282 205
1757582977856 1.4271263340396126e+284 206
1757582977921 3.0962873449679316e+285 207
1757582977984 6.71769211592618e+286 208
1757582978049 1.4574676810186092e+288 209
1757582978115 3.1621158048873945e+289 210
1757582978177 6.860513268143601e+290 211
1757582978240 1.4884540986648182e+292 212
1757582978304 3.229343807437297e+293 213
1757582978366 7.00637086221765e+294 214
1757582978432 1.5200993014704184e+296 215
1757582978495 3.29800110752269e+297 216
1757582978560 7.155329454266282e+298 217
1757582978623 1.5524172955038456e+300 218
1757582978685 3.368118092651261e+301 219
1757582978757 7.307454972899512e+302 220
1757582978825 1.5854223846088482e+304 221
1757582978889 inf 222
