1757543115257 1053300496920.496 0
1757543115320 1026183915107.6091 1
1757543115376 987689185285.3201 2
1757543115437 945230118773.7815 3
1757543115494 902346119281.603 4
1757543115555 860912772578.93 5
1757543115616 821751259930.2601 6
1757543115674 785095689443.122 7
1757543115730 750955144832.248 8
1757543115796 719243626113.941 9
1757543115855 689820228293.1517 10
1757543115914 662524612602.284 11
1757543115971 637198125207.5415 12
1757543116032 613689203614.8483 13
1757543116091 591855061312.0941 14
1757543116158 571563179175.8796 15
1757543116218 552691517430.371 16
1757543116273 535127883490.711 17
1757543116331 518769256981.4052 18
1757543116387 503521148389.42365 19
1757543116445 489296919919.57587 20
1757543116512 476017123295.04785 21
1757543116573 463608893861.7051 22
1757543116630 452005393205.3054 23
1757543116688 441145293913.20996 24
1757543116747 430972307698.9106 25
1757543116808 421434754937.30927 26
1757543116865 412485171428.9622 27
1757543116921 404079949133.99304 28
1757543116980 396179008197.5128 29
1757543117036 388745497553.25745 30
1757543117091 381745521555.31104 31
1757543117150 375147890370.62756 32
1757543117211 368923892061.4592 33
1757543117269 363047084443.76855 34
1757543117328 357493104974.24713 35
1757543117382 352239497078.05206 36
1757543117440 347265551471.0167 37
1757543117497 342552161158.5744 38
1757543117557 338081688911.12067 39
1757543117616 333837846121.841 40
1757543117673 329805582049.38635 41
1757543117728 325970982535.81903 42
1757543117792 322321177370.79517 43
1757543117848 318844255546.43445 44
1757543117901 315529187714.2715 45
1757543117961 312365755216.61145 46
1757543118018 309344485120.04736 47
1757543118079 306456590729.38293 48
1757543118145 303693917106.19556 49
1757543118205 301048891158.2052 50
1757543118266 298514475903.8349 51
1757543118325 296084128551.1748 52
1757543118384 293751762062.2961 53
1757543118436 291511709902.77264 54
1757543118495 289358693702.60925 55
1757543118553 287287793578.785 56
1757543118615 285294420891.5004 57
1757543118671 283374293226.1606 58
1757543118724 281523411411.30835 59
1757543118784 279738038399.29083 60
1757543118838 278014679851.5502 61
1757543118898 276350066284.19745 62
1757543118954 274741136642.08783 63
1757543119012 273185023181.0552 64
1757543119071 271679037548.40936 65
1757543119134 270220657961.31168 66
1757543119205 268807517391.32675 67
1757543119271 267437392671.36572 68
1757543119331 266108194448.45508 69
1757543119386 264817957912.3535 70
1757543119445 263564834236.0465 71
1757543119503 262347082669.63336 72
1757543119560 261163063234.11914 73
1757543119621 260011229966.19385 74
1757543119683 258890124669.2446 75
1757543119741 257798371129.6481 76
1757543119803 256734669760.86575 77
1757543119860 255697792641.02856 78
1757543119920 254686578912.59637 79
1757543119980 253699930515.31558 80
1757543120037 252736808226.1161 81
1757543120097 251796227981.78986 82
1757543120158 250877257462.31027 83
1757543120217 249979012914.49084 84
1757543120273 249100656197.36432 85
1757543120334 248241392032.2003 86
1757543120398 247400465441.48618 87
1757543120456 246577159362.4808 88
1757543120519 245770792422.1257 89
1757543120582 244980716861.17505 90
1757543120642 244206316596.38834 91
1757543120710 243447005410.53094 92
1757543120786 242702225260.7514 93
1757543120850 241971444696.6597 94
1757543120909 241254157380.12064 95
1757543120970 240549880699.41074 96
1757543121026 239858154470.96652 97
1757543121088 239178539722.48306 98
1757543121149 238510617551.61057 99
1757543121210 237853988054.9422 100
1757543121269 237208269322.39703 101
1757543121330 236573096492.47754 102
1757543121391 235948120864.22812 103
1757543121453 235333009062.0353 104
1757543121516 234727442249.7038 105
1757543121570 234131115390.50967 106
1757543121632 233543736550.17645 107
1757543121688 232965026239.94806 108
1757543121748 232394716797.139 109
1757543121808 231832551800.73425 110
1757543121870 231278285519.78723 111
1757543121932 230731682392.5267 112
1757543121990 230192516534.23227 113
1757543122048 229660571272.07788 114
1757543122116 229135638705.26608 115
1757543122171 228617519288.8975 116
1757543122230 228106021440.1245 117
1757543122289 227600961165.23993 118
1757543122352 227102161706.44348 119
1757543122413 226609453207.11346 120
1757543122477 226122672394.49057 121
1757543122538 225641662278.754 122
1757543122598 225166271867.53687 123
1757543122654 224696355894.99033 124
1757543122717 224231774564.5656 125
1757543122777 223772393304.73413 126
1757543122835 223318082536.91837 127
1757543122894 222868717454.95096 128
1757543122952 222424177815.42224 129
1757543123010 221984347738.31842 130
1757543123076 221549115517.3868 131
1757543123133 221118373439.70163 132
1757543123188 220692017613.93484 133
1757543123250 220269947806.86612 134
1757543123324 219852067287.69516 135
1757543123398 219438282679.74478 136
1757543123459 219028503819.16724 137
1757543123518 218622643620.28943 138
1757543123580 218220617947.2545 139
1757543123634 217822345491.63455 140
1757543123692 217427747655.7119 141
1757543123759 217036748441.13837 142
1757543123838 216649274342.7035 143
1757543123899 216265254246.954 144
1757543123955 215884619335.42316 145
1757543124019 215507302992.24014 146
1757543124079 215133240715.90485 147
1757543124139 214762370035.02203 148
1757543124206 214394630427.80234 149
1757543124264 214029963245.1467 150
1757543124327 213668311637.1407 151
1757543124385 213309620482.79504 152
1757543124443 212953836322.8761 153
1757543124506 212600907295.6796 154
1757543124571 212250783075.60703 155
1757543124627 211903414814.41318 156
1757543124691 211558755084.99777 157
1757543124747 211216757827.6228 158
1757543124807 210877378298.44217 159
1757543124871 210540573020.23526 160
1757543124944 210206299735.24332 161
1757543125029 209874517360.01083 162
1757543125103 209545185942.1397 163
1757543125181 209218266618.8692 164
1757543125256 208893721577.39703 165
1757543125326 208571514016.86353 166
1757543125400 208251608111.92273 167
1757543125479 207933968977.82883 168
1757543125551 207618562636.96964 169
1757543125623 207305355986.7819 170
1757543125698 206994316768.98706 171
1757543125774 206685413540.0879 172
1757543125848 206378615643.07007 173
1757543125918 206073893180.25565 174
1757543125978 205771216987.25656 175
1757543126037 205470558607.98077 176
1757543126095 205171890270.64352 177
1757543126154 204875184864.7404 178
1757543126217 204580415918.94022 179
1757543126278 204287557579.85706 180
1757543126338 203996584591.6633 181
1757543126397 203707472276.50784 182
1757543126457 203420196515.7035 183
1757543126515 203134733731.65186 184
1757543126587 202851060870.47235 185
1757543126654 202569155385.30658 186
1757543126716 202288995220.26828 187
1757543126777 202010558795.0113 188
1757543126838 201733824989.88998 189
1757543126899 201458773131.6864 190
1757543126960 201185382979.8799 191
1757543127020 200913634713.4372 192
1757543127079 200643508918.1001 193
1757543127136 200374986574.15063 194
1757543127197 200108049044.6332 195
1757543127258 199842678064.0148 196
1757543127319 199578855727.26514 197
1757543127379 199316564479.33917 198
1757543127437 199055787105.04523 199
1757543127502 198796506719.28323 200
1757543127563 198538706757.63736 201
1757543127629 198282370967.3085 202
1757543127688 198027483398.37326 203
1757543127746 197774028395.3557 204
1757543127808 197521990589.0989 205
1757543127872 197271354888.9246 206
1757543127930 197022106475.06918 207
1757543127993 196774230791.3846 208
1757543128064 196527713538.29422 209
1757543128126 196282540665.99213 210
1757543128189 196038698367.8778 211
1757543128246 195796173074.2157 212
1757543128311 195554951446.01062 213
1757543128369 195315020369.09164 214
1757543128432 195076366948.39478 215
1757543128491 194838978502.43765 216
1757543128551 194602842557.97864 217
1757543128612 194367946844.85223 218
1757543128676 194134279290.97522 219
1757543128738 193901828017.51614 220
1757543128798 193670581334.2218 221
1757543128856 193440527734.89505 222
1757543128922 193211655893.0182 223
1757543128981 192983954657.51562 224
1757543129046 192757413048.65143 225
1757543129110 192532020254.05646 226
1757543129175 192307765624.87967 227
1757543129239 192084638672.05917 228
1757543129301 191862629062.709 229
1757543129357 191641726616.61694 230
1757543129425 191421921302.84903 231
1757543129494 191203203236.45703 232
1757543129568 190985562675.28558 233
1757543129635 190768990016.87415 234
1757543129714 190553475795.45175 235
1757543129795 190339010679.02026 236
1757543129877 190125585466.5227 237
1757543129963 189913191085.0946 238
1757543130037 189701818587.39468 239
1757543130107 189491459149.01202 240
1757543130183 189282104065.94727 241
1757543130262 189073744752.16516 242
1757543130344 188866372737.21603 243
1757543130425 188659979663.92328 244
1757543130491 188454557286.13538 245
1757543130558 188250097466.53958 246
1757543130622 188046592174.53513 247
1757543130692 187844033484.16486 248
1757543130776 187642413572.10162 249
1757543130859 187441724715.689 250
1757543130932 187241959291.0345 251
1757543131011 187043109771.15167 252
1757543131079 186845168724.15247 253
1757543131155 186648128811.48532 254
1757543131223 186451982786.21918 255
1757543131302 186256723491.3714 256
1757543131367 186062343858.2783 257
1757543131434 185868836905.00623 258
1757543131518 185676195734.8032 259
1757543131589 185484413534.58844 260
1757543131657 185293483573.4796 261
1757543131735 185103399201.35583 262
1757543131800 184914153847.4558 263
1757543131869 184725741019.00974 264
1757543131948 184538154299.90408 265
1757543132028 184351387349.37823 266
1757543132106 184165433900.75156 267
1757543132170 183980287760.18085 268
1757543132243 183795942805.44638 269
1757543132315 183612392984.766 270
1757543132412 183429632315.63672 271
1757543132482 183247654883.70255 272
1757543132547 183066454841.64795 273
1757543132625 182886026408.1162 274
1757543132699 182706363866.6518 275
1757543132768 182527461564.6665 276
1757543132842 182349313912.42807 277
1757543132928 182171915382.0708 278
1757543133007 181995260506.62817 279
1757543133079 181819343879.08563 280
1757543133154 181644160151.4542 281
1757543133221 181469704033.86337 282
1757543133295 181295970293.67365 283
1757543133374 181122953754.60712 284
1757543133447 180950649295.89655 285
1757543133520 180779051851.45206 286
1757543133590 180608156409.04468 287
1757543133654 180437958009.50687 288
1757543133721 180268451745.94913 289
1757543133782 180099632762.9922 290
1757543133846 179931496256.0152 291
1757543133906 179764037470.41806 292
1757543133971 179597251700.89905 293
1757543134032 179431134290.74612 294
1757543134094 179265680631.1425 295
1757543134159 179100886160.48514 296
1757543134225 178936746363.7171 297
1757543134284 178773256771.67212 298
1757543134346 178610412960.43167 299
1757543134407 178448210550.69467 300
1757543134471 178286645207.15863 301
1757543134543 178125712637.91238 302
1757543134605 177965408593.8404 303
1757543134666 177805728868.03778 304
1757543134731 177646669295.2361 305
1757543134796 177488225751.24 306
1757543134858 177330394152.3736 307
1757543134922 177173170454.93704 308
1757543134994 177016550654.673 309
1757543135054 176860530786.2426 310
1757543135116 176705106922.7103 311
1757543135175 176550275175.03845 312
1757543135239 176396031691.5903 313
1757543135302 176242372657.64188 314
1757543135366 176089294294.9024 315
1757543135432 175936792861.04257 316
1757543135492 175784864649.23148 317
1757543135559 175633505987.68118 318
1757543135624 175482713239.1992 319
1757543135688 175332482800.74796 320
1757543135751 175182811103.0128 321
1757543135821 175033694609.97586 322
1757543135879 174885129818.49835 323
1757543135945 174737113257.90866 324
1757543136006 174589641489.59805 325
1757543136070 174442711106.6224 326
1757543136131 174296318733.311 327
1757543136198 174150461024.8812 328
1757543136257 174005134667.0597 329
1757543136318 173860336375.7095 330
1757543136385 173716062896.46335 331
1757543136452 173572311004.36252 332
1757543136515 173429077503.50174 333
1757543136575 173286359226.67938 334
1757543136645 173144153035.05353 335
1757543136710 173002455817.8029 336
1757543136773 172861264491.79364 337
1757543136833 172720576001.25104 338
1757543136895 172580387317.4358 339
1757543136966 172440695438.32654 340
1757543137026 172301497388.30566 341
1757543137093 172162790217.8511 342
1757543137153 172024571003.23236 343
1757543137213 171886836846.21097 344
1757543137277 171749584873.74582 345
1757543137341 171612812237.7026 346
1757543137402 171476516114.5678 347
1757543137460 171340693705.16678 348
1757543137541 171205342234.38593 349
1757543137605 171070458950.8994 350
1757543137665 170936041126.89932 351
1757543137728 170802086057.83005 352
1757543137791 170668591062.1266 353
1757543137858 170535553480.9565 354
1757543137916 170402970677.9657 355
1757543137985 170270840039.0277 356
1757543138048 170139158971.99677 357
1757543138117 170007924906.46436 358
1757543138177 169877135293.519 359
1757543138238 169746787605.5098 360
1757543138304 169616879335.81308 361
1757543138367 169487407998.6023 362
1757543138432 169358371128.62134 363
1757543138495 169229766280.96075 364
1757543138563 169101591030.83743 365
1757543138625 168973842973.37686 366
1757543138688 168846519723.39883 367
1757543138752 168719618915.2058 368
1757543138815 168593138202.37448 369
1757543138882 168467075257.54953 370
1757543138941 168341427772.2411 371
1757543139007 168216193456.62433 372
1757543139067 168091370039.3419 373
1757543139134 167966955267.30893 374
1757543139204 167842946905.521 375
1757543139266 167719342736.86426 376
1757543139325 167596140561.9282 377
1757543139391 167473338198.82114 378
1757543139457 167350933482.9878 379
1757543139520 167228924267.0295 380
1757543139583 167107308420.52664 381
1757543139653 166986083829.8636 382
1757543139716 166865248398.05563 383
1757543139781 166744800044.57855 384
1757543139849 166624736705.19995 385
1757543139915 166505056331.8132 386
1757543139979 166385756892.27313 387
1757543140042 166266836370.2342 388
1757543140108 166148292764.9904 389
1757543140174 166030124091.31735 390
1757543140237 165912328379.31647 391
1757543140300 165794903674.26117 392
1757543140364 165677848036.44443 393
1757543140429 165561159541.0293 394
1757543140487 165444836277.90015 395
1757543140563 165328876351.5168 396
1757543140633 165213277880.76974 397
1757543140700 165098038998.83743 398
1757543140786 164983157853.04538 399
1757543140866 164868632604.72702 400
1757543140930 164754461429.08603 401
1757543141000 164640642515.06073 402
1757543141069 164527174065.1898 403
1757543141129 164414054295.4797 404
1757543141197 164301281435.27396 405
1757543141267 164188853727.1238 406
1757543141329 164076769426.66022 407
1757543141395 163965026802.46808 408
1757543141461 163853624135.96106 409
1757543141526 163742559721.25888 410
1757543141595 163631831865.0651 411
1757543141659 163521438886.5473 412
1757543141723 163411379117.21796 413
1757543141786 163301650900.81702 414
1757543141858 163192252593.19595 415
1757543141925 163083182562.20294 416
1757543141988 162974439187.56976 417
1757543142055 162866020860.79956 418
1757543142120 162757925985.05615 419
1757543142226 162650152975.05487 420
1757543142292 162542700256.954 421
1757543142355 162435566268.24832 422
1757543142421 162328749457.6633 423
1757543142487 162222248285.05038 424
1757543142552 162116061221.28418 425
1757543142618 162010186748.16022 426
1757543142680 161904623358.294 427
1757543142744 161799369555.02142 428
1757543142808 161694423852.30002 429
1757543142874 161589784774.61157 430
1757543142942 161485450856.86566 431
1757543143006 161381420644.30438 432
1757543143069 161277692692.40833 433
1757543143134 161174265566.80307 434
1757543143203 161071137843.16727 435
1757543143270 160968308107.14142 436
1757543143355 160865774954.23807 437
1757543143426 160763536989.75226 438
1757543143491 160661592828.67398 439
1757543143555 160559941095.60065 440
1757543143619 160458580424.65097 441
1757543143683 160357509459.38 442
1757543143757 160256726852.69458 443
1757543143824 160156231266.77014 444
1757543143887 160056021372.96817 445
1757543143953 159956095851.75467 446
1757543144019 159856453392.6196 447
1757543144088 159757092693.99686 448
1757543144151 159658012463.18567 449
1757543144216 159559211416.2721 450
1757543144288 159460688278.05225 451
1757543144350 159362441781.95557 452
1757543144418 159264470669.96924 453
1757543144487 159166773692.5636 454
1757543144552 159069349608.61798 455
1757543144622 158972197185.34756 456
1757543144686 158875315198.23093 457
1757543144755 158778702430.93842 458
1757543144819 158682357675.2613 459
1757543144890 158586279731.04132 460
1757543144957 158490467406.1017 461
1757543145025 158394919516.1782 462
1757543145088 158299634884.8511 463
1757543145153 158204612343.47812 464
1757543145222 158109850731.12753 465
1757543145291 158015348894.51282 466
1757543145354 157921105687.92685 467
1757543145423 157827119973.17792 468
1757543145495 157733390619.52542 469
1757543145559 157639916503.61713 470
1757543145626 157546696509.4262 471
1757543145696 157453729528.18967 472
1757543145761 157361014458.3467 473
1757543145822 157268550205.47855 474
1757543145890 157176335682.248 475
1757543145953 157084369808.3403 476
1757543146016 156992651510.40402 477
1757543146085 156901179721.9932 478
1757543146147 156809953383.50943 479
1757543146215 156718971442.14496 480
1757543146279 156628232851.8262 481
1757543146346 156537736573.15775 482
1757543146410 156447481573.36694 483
1757543146476 156357466826.24942 484
1757543146542 156267691312.11462 485
1757543146607 156178154017.7319 486
1757543146671 156088853936.27777 487
1757543146741 155999790067.2829 488
1757543146806 155910961416.58023 489
1757543146869 155822366996.2532 490
1757543146937 155734005824.58466 491
1757543147014 155645876926.00647 492
1757543147080 155557979331.04913 493
1757543147141 155470312076.2922 494
1757543147206 155382874204.3154 495
1757543147273 155295664763.64984 496
1757543147340 155208682808.72964 497
1757543147406 155121927399.84454 498
1757543147474 155035397603.0925 499
