1757550296960 21401017674.699684 0
1757550297452 77914662991.67056 1
1757550297934 83660557136.10298 2
1757550298404 1254246455.6012979 3
1757550298882 11966641415.818895 4
1757550299385 13428832744.662989 5
1757550299859 211564392675.1136 6
1757550300371 126703882607.19116 7
1757550300865 72216500349.96136 8
1757550301355 3839594365.2229886 9
1757550301838 184212756107.5178 10
1757550302353 686463317.1312382 11
1757550302839 38016595561.91891 12
1757550303330 220263794.9221836 13
1757550303818 14618830501.607811 14
1757550304309 15543455188.401237 15
1757550304788 7962059485.091703 16
1757550305267 522138506844.76776 17
1757550305776 5655551995.510572 18
1757550306261 8170917929.904222 19
1757550306751 2920856902.613098 20
1757550307239 304994763.26137304 21
1757550307741 63329714400.06191 22
1757550308226 1788625832.3953972 23
1757550308711 8104278674.384449 24
1757550309198 779655009.5999349 25
1757550309718 195516838.54361865 26
1757550310221 64601414787.60611 27
1757550310713 4531622200.353945 28
1757550311201 1227996901.5152094 29
1757550311680 530347.213938165 30
1757550312164 6338202328.429097 31
1757550312643 5416020549.465074 32
1757550313118 89578383165.78229 33
1757550313624 90270609485.9974 34
1757550314123 6362125.044882422 35
1757550314614 37324289540.515724 36
1757550315088 7153054907.196268 37
1757550315572 4362643050.699261 38
1757550316055 84459904378.90591 39
1757550316549 14266182011.07125 40
1757550317071 111374321259.6781 41
1757550317553 513306354450.8124 42
1757550318034 70951045450.84985 43
1757550318530 103243643000.26541 44
1757550319047 21523014277.898884 45
1757550319541 2491100327.1783485 46
1757550320025 6782291027.090008 47
1757550320555 1884498241.0464747 48
1757550321052 14326906130.524614 49
1757550321537 45257193039.8543 50
1757550322038 11616506161.111673 51
1757550322516 18834650569.609173 52
1757550323004 129157200975.07361 53
1757550323505 83862712.36032034 54
1757550324000 86780985.32801035 55
1757550324495 524743904.8024268 56
1757550324991 261284683.62471578 57
1757550325490 878615223.302856 58
1757550325971 127535099982.90234 59
1757550326464 13247885722.413832 60
1757550326973 159484094281.96713 61
1757550327496 53600400587.40492 62
1757550328028 51056144647.20406 63
1757550328558 7602705625.233045 64
1757550329106 29324215280.89596 65
1757550329598 1907206333.6550694 66
1757550330096 10431325570.12728 67
1757550330583 52883799689.741425 68
1757550331069 59917726.88952075 69
1757550331554 2796632662.033021 70
1757550332043 1781489632.748628 71
1757550332547 59289427490.36963 72
1757550333061 141210284543.1448 73
1757550333555 80345591571.97919 74
1757550334043 1079451163.0529006 75
1757550334546 623344803.4442149 76
1757550335034 26697727368.02628 77
1757550335515 1581605587.7688541 78
1757550335999 46240308371.35708 79
1757550336482 14497703.35744238 80
1757550336997 554916651305.2279 81
1757550337486 2068813899.9543257 82
1757550337988 300372622445.1981 83
1757550338486 23612360629.869072 84
1757550338979 298475014780.96436 85
1757550339526 1361853758390.1511 86
1757550340023 10098119082.127148 87
1757550340540 6494631044.184764 88
1757550341093 13253651047.215763 89
1757550341677 82213512735.43652 90
1757550342209 11335822639.261473 91
1757550342718 754488426345.7972 92
1757550343206 68877298454.0418 93
1757550343694 56392657028.23957 94
1757550344202 1037945054515.5526 95
1757550344684 12180328067.362207 96
1757550345174 396348136133.6552 97
1757550345659 243569207922.41513 98
1757550346143 446882180.5727568 99
1757550346618 2047665487.066683 100
1757550347120 865662757.9278743 101
1757550347600 43740485121.25284 102
1757550348116 481196003026.06616 103
1757550348602 566245400254.7781 104
1757550349073 11854895436.629927 105
1757550349575 5918458619.899203 106
1757550350076 680478886.2210267 107
1757550350559 2699698646678.4434 108
1757550351045 312814088310.1616 109
1757550351546 90411744306.17973 110
1757550352034 14860159895.063902 111
1757550352537 670320764.15565 112
1757550353021 264099782027.93155 113
1757550353531 262436110.75219736 114
1757550354033 546765464965.12787 115
1757550354535 155538518002.9663 116
1757550355030 7260368731.4724 117
1757550355514 81605661933.78474 118
1757550355990 38264062821.16755 119
1757550356495 161730962119.91083 120
1757550357000 24655843789.155796 121
1757550357477 19886501417.944447 122
1757550357954 48367459428.980156 123
1757550358424 233680676694.33923 124
1757550358933 1103917723723.0942 125
1757550359436 672495174.4728492 126
1757550359923 179318320016.88766 127
1757550360456 236005373811.85202 128
1757550360994 14481676284.737831 129
1757550361517 189259597525.54477 130
1757550362048 456815219235.7661 131
1757550362559 2152476.1636866503 132
1757550363057 33169379466.57952 133
1757550363546 21757890185.999 134
1757550364043 35608037642.41489 135
1757550364599 82810043096.52855 136
1757550365094 1606309688.208578 137
1757550365582 180341548.4983653 138
1757550366081 5666889648.9872875 139
1757550366581 539753941114.23944 140
1757550367081 72459247915.87436 141
1757550367569 27344155267.102562 142
1757550368059 24420015209.511395 143
1757550368552 60876290889.21069 144
1757550369037 124885446205.25014 145
1757550369542 480861081658.9101 146
1757550370032 11824380656.635641 147
1757550370513 54456550786.009026 148
1757550371004 103426956395.5544 149
1757550371486 840206.2211740592 150
1757550371977 17224684780.377213 151
1757550372465 12251055940.82796 152
1757550372936 3053713740.1102667 153
1757550373422 95330382083.22672 154
1757550373928 250399626551.19403 155
1757550374423 186636812269.5969 156
1757550374916 110340484657.67697 157
1757550375422 265603737280.62637 158
1757550375924 283565793.0434604 159
1757550376415 3940285825.249457 160
1757550376918 605877354794.0919 161
1757550377409 33302020094.18959 162
1757550377900 26478029099.97023 163
1757550378391 28994054009.15405 164
1757550378886 101657746630.58917 165
1757550379378 295979786.85140437 166
1757550379858 9556897835515.234 167
1757550380368 258927771501.07147 168
1757550380860 50684940548.08329 169
1757550381348 61965109013.36758 170
1757550381836 49777494834.27013 171
1757550382323 247327825694.9805 172
1757550382808 61234998018.34956 173
1757550383294 2153485217.876926 174
1757550383784 46595703617.10023 175
1757550384278 7294767516.661452 176
1757550384783 783396384232.5907 177
1757550385272 63352740934.52398 178
1757550385788 10352738.832907211 179
1757550386276 7231342934.7977495 180
1757550386779 140543132652.5985 181
1757550387277 19101418086.157124 182
1757550387782 1729837220.5605166 183
1757550388279 85243780312.67278 184
1757550388767 312939792221.52814 185
1757550389253 8513585099.149004 186
1757550389769 13208367426.701937 187
1757550390248 228842536202.28397 188
1757550390739 51213388738.211914 189
1757550391234 14377623994.055822 190
1757550391727 142133531405.93558 191
1757550392229 24662038001.97043 192
1757550392725 384634.74521462584 193
1757550393257 9558014005.54614 194
1757550393823 36964515102.44728 195
1757550394398 156395230547.24985 196
1757550394901 6861913826.428218 197
1757550395386 1592064989.159488 198
1757550395876 1998315847.2125819 199
1757550396364 35284305945.60034 200
1757550396875 1921097430.954707 201
1757550397369 17355793981.556858 202
1757550397887 84989528455.95413 203
1757550398378 39044509449.54573 204
1757550398867 91113865399.17139 205
1757550399353 83197568728.3282 206
1757550399872 446129227642.6805 207
1757550400373 46631474498.18284 208
1757550400871 223129893971.96814 209
1757550401380 250212045651.5947 210
1757550401861 23315044593.22157 211
1757550402358 152315262124.64124 212
1757550402871 107236585805.80128 213
1757550403409 24365842001.765587 214
1757550403949 429943247947.5419 215
1757550404494 27016349837.316746 216
1757550404982 20990480033.028366 217
1757550405507 7690003935.510206 218
1757550406092 57965901126.18211 219
1757550406603 236139309452.82745 220
1757550407113 41456685146.65946 221
1757550407594 13994429488.000866 222
1757550408082 11120325979.92481 223
1757550408564 33433321662.732758 224
1757550409065 63749131577.02055 225
1757550409558 112455407382.09505 226
1757550410037 91828946835.74707 227
1757550410583 23203760156.61344 228
1757550411060 29064340132.6044 229
1757550411559 7385043027.846281 230
1757550412032 1150285555.6664534 231
1757550412523 9399824622.91985 232
1757550413036 389344216.910617 233
1757550413530 23410868701.032448 234
1757550414032 68667260424.7813 235
1757550414525 5913919520.929975 236
1757550415024 109544953654.45879 237
1757550415512 29936936065.355774 238
1757550416003 50462086357.00957 239
1757550416500 57142387398.715195 240
1757550417030 16557386817.54825 241
1757550417517 242743191981.38785 242
1757550418000 80989795299.84245 243
1757550418479 18818533038.77307 244
1757550418963 50906309668.38669 245
1757550419481 29933422017.4426 246
1757550419961 14133995116.452093 247
1757550420449 109171179569.80064 248
1757550420922 57761674781.60593 249
1757550421512 30871467776.1556 250
1757550421991 431404184731.54004 251
1757550422483 133801054046.24681 252
1757550422977 85601502316.3178 253
1757550423493 2990361510.768495 254
1757550423988 78202077379.83702 255
1757550424474 1474138619.6768425 256
1757550424965 203741216506.16855 257
1757550425594 557333540.7930301 258
1757550426160 104445638811.16945 259
1757550426761 6268295660.099873 260
1757550427260 1357437777.0661528 261
1757550427762 2405878131.116064 262
1757550428265 55040967376.86444 263
1757550428744 2511222776.2296777 264
1757550429233 102126435026.8091 265
1757550429754 153009221.7702108 266
1757550430242 431618826566.62134 267
1757550430722 331167020717.2553 268
1757550431211 57182603039.37221 269
1757550431707 233974510091.0132 270
1757550432193 90449146986.75677 271
1757550432696 1719978069411.691 272
1757550433173 30865347979.820267 273
1757550433662 4906594433.377242 274
1757550434165 67694506243.14946 275
1757550434676 1267384131749.5974 276
1757550435157 12264414190.668985 277
1757550435650 62296080423.75928 278
1757550436147 18398531682.156128 279
1757550436650 151786170059.7698 280
1757550437178 543062106.1677879 281
1757550437686 96477169127.8018 282
1757550438183 76731184924.75412 283
1757550438688 313240899898.73615 284
1757550439184 145080137739.723 285
1757550439688 86264312527.9867 286
1757550440175 2596013741917.58 287
1757550440668 98292157944.58234 288
1757550441162 11472096585.99114 289
1757550441665 354926512021.87463 290
1757550442149 23996962973.44425 291
1757550442632 256654993687.41318 292
1757550443114 181132923342.0187 293
1757550443591 1677566801.233118 294
1757550444071 15410225981.835249 295
1757550444567 24527810002.158257 296
1757550445048 279017572893.1313 297
1757550445528 24377076632.704765 298
1757550446019 33038386139.065483 299
1757550446514 21392605660.492092 300
1757550447024 203858128926.71082 301
1757550447515 26432898832.346474 302
1757550448008 14667269358.187376 303
1757550448495 116606937372.23221 304
1757550448983 132919625771.9272 305
1757550449503 111320957402.53758 306
1757550449983 51191220204.374954 307
1757550450477 148909364260.5916 308
1757550450964 1029909006361.1445 309
1757550451444 45955138620.4568 310
1757550451945 7144697001789.475 311
1757550452427 616212852359.1465 312
1757550452923 1557656782.402641 313
1757550453408 15144498688.078138 314
1757550453916 14938069867.786127 315
1757550454413 489595628902.6901 316
1757550454896 93938957596.99738 317
1757550455379 4605085270.910649 318
1757550455858 69094374613.78705 319
1757550456356 180130046.22246262 320
1757550456840 126763806763.79028 321
1757550457358 21566609290.758236 322
1757550457952 3945408758.861583 323
1757550458463 947930345.3299141 324
1757550458952 27510644219.015877 325
1757550459445 63463237399.56301 326
1757550459926 93124192.51954563 327
1757550460403 129324401.20987777 328
1757550460895 8785432972911.207 329
1757550461371 3415042929353.78 330
1757550461860 85113372100.29669 331
1757550462472 200600639811.6882 332
1757550462947 55660724296.71394 333
1757550463420 3961603330.2329636 334
1757550463899 49842834465.446335 335
1757550464377 26920778318.553093 336
1757550464866 613621715.2377539 337
1757550465373 6707204057.198886 338
1757550465861 4302800926.839585 339
1757550466345 18732623.123776525 340
1757550466862 119146773738.1675 341
1757550467408 7056425816.20695 342
1757550467934 161289406232.74075 343
1757550468431 21615882576.601414 344
1757550468942 28386301201.715733 345
1757550469478 12369158063.31367 346
1757550469965 126223073660.2703 347
1757550470455 290095669583.5071 348
1757550470943 9223787663546.098 349
1757550471433 88163264499.68292 350
1757550471929 208519963277.9438 351
1757550472414 11889632339.860287 352
1757550472897 170518280805.1421 353
1757550473372 193386462257.72128 354
1757550473865 11050219895.037262 355
1757550474349 33318295078.90527 356
1757550474827 2279871497.9884644 357
1757550475311 98898710433.1856 358
1757550475787 5349958996.343145 359
1757550476269 195967870794.13663 360
1757550476740 2804849221.971152 361
1757550477253 192057626133.38922 362
1757550477738 69981930009.55489 363
1757550478236 105290488230.13524 364
1757550478740 58473118.780909345 365
1757550479238 627235892.1646974 366
1757550479727 2114608872.1550114 367
1757550480236 6758111875.688766 368
1757550480737 9259252496.751356 369
1757550481219 28282668298.951225 370
1757550481711 16962319571.588093 371
1757550482210 229734286856.0775 372
1757550482693 50890664252.38176 373
1757550483192 9368497311.46243 374
1757550483663 33448415196.754402 375
1757550484158 74522267250.76083 376
1757550484645 501978092130.60175 377
1757550485130 2459400595.284026 378
1757550485613 213955811905.8375 379
1757550486096 148997903979.03723 380
1757550486581 1230710414.994934 381
1757550487099 2334878617.6532087 382
1757550487588 10182219423.599125 383
1757550488074 5349751862.161243 384
1757550488553 2660754176.1858573 385
1757550489081 2307313354495.9146 386
1757550489616 22563337020.900486 387
1757550490181 48579952688.905334 388
1757550490690 240517303331.68314 389
1757550491181 216188372675.83188 390
1757550491679 492425966733.895 391
1757550492179 8908444274.092129 392
1757550492674 56001131.727899656 393
1757550493202 333573610090.5651 394
1757550493704 261248628967.33347 395
1757550494224 28480319434.637413 396
1757550494724 80867602037.78375 397
1757550495215 78327675563.97026 398
1757550495715 55111434455.608315 399
1757550496196 2285542698779.777 400
1757550496694 34186923399.70188 401
1757550497204 5197173914.614348 402
1757550497680 548247864551.6788 403
1757550498157 167132528260.88678 404
1757550498631 463814059.03642213 405
1757550499119 1333341039.3353899 406
1757550499632 45066078125.08448 407
1757550500133 97925804304.63072 408
1757550500624 615437931795.4362 409
1757550501109 308832757041.36316 410
1757550501585 76851273851.47351 411
1757550502088 56545685913.76863 412
1757550502577 3553755877.968366 413
1757550503086 604200659493.9539 414
1757550503577 123514728706.12291 415
1757550504066 101371178812.9919 416
1757550504561 331968148011.8066 417
1757550505058 249625458702.45837 418
1757550505542 70088135400.03108 419
1757550506036 529180717498.6681 420
1757550506523 122207901350.6604 421
1757550507030 45987221741.95116 422
1757550507506 38732924362.88581 423
1757550507992 7338274817547.722 424
1757550508489 153006681665.58862 425
1757550508976 57529475977.12838 426
1757550509474 25422579222.5128 427
1757550509958 264720147514.14062 428
1757550510468 282370542814.0739 429
1757550510961 3350311131.2944775 430
1757550511451 40640821425.029976 431
1757550511931 87690033260.97296 432
1757550512415 2270136410.52391 433
1757550512917 4367184404.70877 434
1757550513413 35125660734.88617 435
1757550514022 519387378624.0836 436
1757550514579 56948800040.22021 437
1757550515067 6766996101.675615 438
1757550515560 7562926734812.757 439
1757550516052 927882142630.5824 440
1757550516531 1749210017.2506754 441
1757550517039 1060124998.1130916 442
1757550517555 8009583672687.799 443
1757550518070 396819687591.7134 444
1757550518555 279815833105.3792 445
1757550519046 8552187000.656317 446
1757550519558 121239438836.2592 447
1757550520136 1459538224.0490203 448
1757550520694 230796380354.2655 449
1757550521292 37816235822.16968 450
1757550521819 122851881779.31113 451
1757550522405 6522712977.475668 452
1757550522888 577919939810.0553 453
1757550523377 402262385.9742909 454
1757550523855 21634843047.804592 455
1757550524340 257546581447.15314 456
1757550524835 143681794333.3566 457
1757550525324 3346431.9163727663 458
1757550525813 40842174646.05918 459
1757550526310 49666375605.97982 460
1757550526785 78114588390.11949 461
1757550527281 1540320989.0371797 462
1757550527781 419408438.3303634 463
1757550528271 61422330901.49982 464
1757550528758 183561011990.03876 465
1757550529250 6373895920.774506 466
1757550529776 180595673.0759125 467
1757550530333 235755271.1523194 468
1757550530874 152200948240.52145 469
1757550531431 5822938156.85916 470
1757550531981 2236728189.3829684 471
1757550532505 313540947984.5053 472
1757550533011 722749812078.4313 473
1757550533539 34909833576.98304 474
1757550534024 486486943379.81006 475
1757550534519 144517379966.10672 476
1757550534997 16851101508.336529 477
1757550535489 1467307706967.2625 478
1757550535979 231814287112.8345 479
1757550536471 182641950487.40027 480
1757550536986 488451704863.6425 481
1757550537489 657359908.0324296 482
1757550537963 182075901105.04675 483
1757550538445 154477541240.16348 484
1757550538921 1005284622158.5375 485
1757550539423 120317509396.32669 486
1757550539939 1603599575.1167674 487
1757550540433 79988179777.85779 488
1757550540914 1774246585.9678376 489
1757550541438 108672106932.90991 490
1757550541942 2512474199.6710057 491
1757550542448 1336587628.164919 492
1757550542935 309377396210.711 493
1757550543420 165487732373.211 494
1757550543925 9648757462.393803 495
1757550544432 1122097127.054779 496
1757550544955 52214752887.64088 497
1757550545443 78498269331.00049 498
1757550545948 7485636882.292265 499
