1757588438842 1053300465672.6111 0
1757588438933 825691988308.9662 1
1757588439028 825189246954.2186 2
1757588439122 4622784419953.856 3
1757588439212 68917297686091.51 4
1757588439302 1117448354295991.8 5
1757588439396 1.819792723147474e+16 6
1757588439489 2.9642815498058246e+17 7
1757588439583 4.828619392221827e+18 8
1757588439675 7.865508755656925e+19 9
1757588439758 1.2812405907113876e+21 10
1757588439842 2.0870581951290866e+22 11
1757588439928 3.399683045833478e+23 12
1757588439999 5.537864175061662e+24 13
1757588440099 9.020823179517751e+25 14
1757588440169 1.469433851441338e+27 15
1757588440249 2.3936128674714174e+28 16
1757588440343 3.899040813372394e+29 17
1757588440434 6.351285736697263e+30 18
1757588440528 1.0345834383375476e+32 19
1757588440622 1.6852696213900044e+33 20
1757588440713 2.7451954009081735e+34 21
1757588440795 4.471746059809497e+35 22
1757588440870 7.284185605442316e+36 23
1757588440938 1.1865468035274221e+38 24
1757588441012 1.9328081315078648e+39 25
1757588441081 3.1484196511398587e+40 26
1757588441157 5.128572328568605e+41 27
1757588441231 8.354113188131406e+42 28
1757588441316 1.360831098575731e+44 29
1757588441408 2.2167059951758274e+45 30
1757588441501 3.6108709407003595e+46 31
1757588441597 5.881875620298534e+47 32
1757588441689 9.581195612034811e+48 33
1757588441778 1.5607149025605515e+50 34
1757588441847 2.5423038060249805e+51 35
1757588441929 4.141248751790097e+52 36
1757588441999 6.745826829806725e+53 37
1757588442075 1.0988516349825554e+55 38
1757588442153 1.7899583641378923e+56 39
1757588442239 2.9157266034354725e+57 40
1757588442329 4.749530378085615e+58 41
1757588442424 7.736678324291074e+59 42
1757588442526 1.2602549458306985e+61 43
1757588442623 2.052873936226724e+62 44
1757588442717 3.343999094771365e+63 45
1757588442812 5.447158614320654e+64 46
1757588442905 8.873069677549182e+65 47
1757588443007 1.4453657599699183e+67 48
1757588443111 2.35440750046093e+68 49
1757588443216 3.835177801874898e+69 50
1757588443318 6.247257014393002e+70 51
1757588443412 1.0176378311535567e+72 52
1757588443506 1.6576663214095993e+73 53
1757588443603 2.7002314074947096e+74 54
1757588443698 4.39850261771665e+75 55
1757588443795 7.164876767362082e+76 56
1757588443895 1.167112164142217e+78 57
1757588443997 1.9011503587803344e+79 58
1757588444093 3.0968511834053353e+80 59
1757588444186 5.044570624236022e+81 60
1757588444282 8.21727983548838e+82 61
1757588444376 1.3385418289182943e+84 62
1757588444469 2.1803982140489492e+85 63
1757588444563 3.551727909519103e+86 64
1757588444662 5.785535441175959e+87 65
1757588444762 9.424263680613775e+88 66
1757588444855 1.535151704190113e+90 67
1757588444951 2.5006630064114715e+91 68
1757588445054 4.0734185778296505e+92 69
1757588445153 6.635335855997184e+93 70
1757588445250 1.0808533687529904e+95 71
1757588445361 1.7606403505389964e+96 72
1757588445461 2.867969452250922e+97 73
1757588445559 4.671737062328722e+98 74
1757588445654 7.609958035782561e+99 75
1757588445750 1.2396130290240334e+101 76
1757588445848 2.0192495865295828e+102 77
1757588445948 3.2892272001287898e+103 78
1757588446049 5.357938734389611e+104 79
1757588446146 8.727736253776715e+105 80
1757588446245 1.4216918836076706e+107 81
1757588446347 2.3158442844114298e+108 82
1757588446450 3.7723608128307275e+109 83
1757588446550 6.144932195127125e+110 84
1757588446650 1.0009697787729703e+112 85
1757588446744 1.6305151402831373e+113 86
1757588446844 2.6560038865024783e+114 87
1757588446944 4.32645884164638e+115 88
1757588447044 7.04752210777412e+116 89
1757588447144 1.1479958478159135e+118 90
1757588447252 1.8700111137626788e+119 91
1757588447351 3.0461273638305723e+120 92
1757588447449 4.96194479721952e+121 93
1757588447544 8.082687698157343e+122 94
1757588447641 1.3166176387643897e+124 95
1757588447742 2.14468512386135e+125 96
1757588447836 3.493553591480688e+126 97
1757588447913 5.690773233216441e+127 98
1757588447985 9.269902162332875e+128 99
1757588448069 1.5100072095238834e+130 100
1757588448156 2.45970424809779e+131 101
1757588448262 4.0066994051094515e+132 102
1757588448366 6.526654631474279e+133 103
1757588448470 1.0631498989972569e+135 104
1757588448565 1.7318025413619294e+136 105
1757588448667 2.82099452306431e+137 106
1757588448768 4.5952179357009543e+138 107
1757588448864 7.485313319095141e+139 108
1757588448955 1.219309209465738e+141 109
1757588449035 1.9861759754202042e+142 110
1757588449108 3.235352423086281e+143 111
1757588449189 5.2701802011051634e+144 112
1757588449292 8.584783269337246e+145 113
1757588449387 1.3984057654430516e+147 114
1757588449465 2.2779127014295984e+148 115
1757588449550 3.7105727132713306e+149 116
1757588449623 6.0442833703999525e+150 117
1757588449702 9.845747350813839e+151 118
1757588449778 1.6038086726837826e+153 119
1757588449851 2.6125007751322125e+154 120
1757588449930 4.255595082077556e+155 121
1757588450024 6.932089618877197e+156 122
1757588450125 1.1291926406843515e+158 123
1757588450228 1.8393819034068245e+159 124
1757588450331 2.996234357788616e+160 125
1757588450425 4.880672311805054e+161 126
1757588450514 7.950300066915215e+162 127
1757588450601 1.2950525484185938e+164 128
1757588450687 2.1095569840752508e+165 129
1757588450769 3.436332119877982e+166 130
1757588450851 5.597563150578509e+167 131
1757588450935 9.118068955985262e+168 132
1757588451034 1.4852745605471167e+170 133
1757588451136 2.4194163598207234e+171 134
1757588451238 3.941073036363006e+172 135
1757588451341 6.419753514065854e+173 136
1757588451441 1.0457363971969e+175 137
1757588451536 1.7034370712618863e+176 138
1757588451629 2.7747890037367755e+177 139
1757588451728 4.519952128055345e+178 140
1757588451833 7.362710178106968e+179 141
1757588451938 1.1993379494070648e+181 142
1757588452037 1.9536440822634304e+182 143
1757588452132 3.1823600696116217e+183 144
1757588452231 5.183859078837518e+184 145
1757588452326 8.444171734635217e+185 146
1757588452422 1.3755010543226835e+187 147
1757588452498 2.2406024058966488e+188 148
1757588452569 3.6497966508516543e+189 149
1757588452646 5.945283088829459e+190 150
1757588452725 9.684482284259234e+191 151
1757588452802 1.5775396345777184e+193 152
1757588452878 2.569710208163134e+194 153
1757588452951 4.185892011331583e+195 154
1757588453047 6.818547817130852e+196 155
1757588453139 1.1106974142820757e+198 156
1757588453232 1.8092543737736686e+199 157
1757588453338 2.9471585572520454e+200 158
1757588453434 4.8007310013945847e+201 159
1757588453514 7.820080833804966e+202 160
1757588453587 1.273840676127847e+204 161
1757588453664 2.075004213694702e+205 162
1757588453756 3.3800478878872266e+206 163
1757588453835 5.50587977075396e+207 164
1757588453906 8.9687226499464e+208 165
1757588453998 1.4609470115735332e+210 166
1757588454102 2.3797883532928596e+211 167
1757588454203 3.876521572379635e+212 168
1757588454297 6.314603347113425e+213 169
1757588454394 1.028608113920517e+215 170
1757588454498 1.6755362037217753e+216 171
1757588454604 2.729340291981509e+217 172
1757588454697 4.445919111080386e+218 173
1757588454791 7.242115173524043e+219 174
1757588454887 1.1796938018029247e+221 175
1757588454994 1.9216450341745144e+222 176
1757588455080 3.1302356863484424e+223 177
1757588455171 5.098951824002401e+224 178
1757588455269 8.305863298691984e+225 179
1757588455342 1.3529715031197739e+227 180
1757588455412 2.203903221646393e+228 181
1757588455498 3.5900160492540306e+229 182
1757588455621 5.847904348664451e+230 183
1757588455760 9.525858603956557e+231 184
1757588455900 1.5517008612375274e+233 185
1757588456027 2.5276205147168764e+234 186
1757588456144 4.1173306183011926e+235 187
1757588456261 6.706865734668775e+236 188
1757588456381 1.0925051241436088e+238 189
1757588456496 1.7796203077546537e+239 190
1757588456612 2.8988865770815987e+240 191
1757588456732 4.722099062460472e+241 192
1757588456840 7.691994482287878e+242 193
1757588456937 1.252976236477304e+244 194
1757588457033 2.0410173886524552e+245 195
1757588457131 3.324685544311299e+246 196
1757588457231 5.415698087633849e+247 197
1757588457333 8.821822510879446e+248 198
1757588457428 1.4370179274055783e+250 199
1757588457525 2.3408094202058026e+251 200
1757588457621 3.813027407122773e+252 201
1757588457720 6.211175451520156e+253 202
1757588457821 1.0117603775283956e+255 203
1757588457922 1.6480923289421296e+256 204
1757588458021 2.68463599192652e+257 205
1757588458124 4.373098692700953e+258 206
1757588458220 7.12349541375968e+259 207
1757588458317 1.1603714088262206e+261 208
1757588458425 1.890170103599056e+262 209
1757588458521 3.0789650566741327e+263 210
1757588458622 5.015435278639483e+264 211
1757588458723 8.169820238685398e+265 212
1757588458827 1.3308109670301515e+267 213
1757588458926 2.167805139189583e+268 214
1757588459027 3.531214603666767e+269 215
1757588459119 5.752120590419426e+270 216
1757588459216 9.369833046218726e+271 217
1757588459319 1.5262853052879258e+273 218
1757588459416 2.4862202150741195e+274 219
1757588459517 4.0498922032648036e+275 220
1757588459616 6.59701291085194e+276 221
1757588459711 1.0746108084275247e+278 222
1757588459815 1.7504716228304747e+279 223
1757588459912 2.8514052513751607e+280 224
1757588460014 4.64475504859827e+281 225
1757588460122 7.566006077555841e+282 226
1757588460221 1.2324535388122917e+284 227
1757588460320 2.0075872392394766e+285 228
1757588460415 3.270229989392756e+286 229
1757588460510 5.326993504688268e+287 230
1757588460612 8.677328472625305e+288 231
1757588460708 1.413480781524625e+290 232
1757588460806 2.3024689292821028e+291 233
1757588460904 3.7505732229279027e+292 234
1757588461000 6.109441617928707e+293 235
1757588461099 9.95188592898372e+294 236
1757588461202 1.6210979617656413e+296 237
1757588461302 2.640663910733839e+297 238
1757588461401 4.301471011571233e+298 239
1757588461494 7.006818545963985e+299 240
1757588461592 1.1413655004066014e+301 241
1757588461928 1.859210705932714e+302 242
1757588461999 3.028534196822496e+303 243
1757588462067 inf 244
1757588462137 inf 245
