1757584506445 1053297986457.4271 0
1757584506508 1051189890831.8516 1
1757584506568 1048037468837.3252 2
1757584506635 1044375401287.1659 3
1757584506703 1040471653556.9802 4
1757584506772 1036460286887.3967 5
1757584506835 1032408273482.6781 6
1757584506902 1028349007235.7106 7
1757584506965 1024299085084.2865 8
1757584507033 1020266704232.6744 9
1757584507100 1016255862404.2152 10
1757584507169 1012268458374.2356 11
1757584507239 1008305342331.9072 12
1757584507303 1004366841078.2238 13
1757584507369 1000453020622.3638 14
1757584507438 996563817472.3628 15
1757584507506 992699104271.7827 16
1757584507569 988858722609.1589 17
1757584507643 985042499413.8558 18
1757584507717 981250255145.1978 19
1757584507786 977481807878.3292 20
1757584507853 973736975338.5299 21
1757584507921 970015575909.8502 22
1757584507982 966317429130.9967 23
1757584508046 962642355934.9329 24
1757584508124 958990178760.4266 25
1757584508189 955360721599.6588 26
1757584508256 951753810013.9502 27
1757584508317 948169271133.6326 28
1757584508385 944606933650.0774 29
1757584508449 941066627803.8882 30
1757584508510 937548185371.2574 31
1757584508572 934051439649.4885 32
1757584508632 930576225442.1802 33
1757584508703 927122379044.3257 34
1757584508769 923689738227.446 35
1757584508831 920278142224.8212 36
1757584508892 916887431716.8472 37
1757584508962 913517448816.534 38
1757584509026 910168037055.1489 39
1757584509090 906839041368.0099 40
1757584509161 903530308080.4266 41
1757584509228 900241684893.7904 42
1757584509289 896973020871.8124 43
1757584509353 893724166426.9047 44
1757584509421 890494973306.7085 45
1757584509487 887285294580.764 46
1757584509552 884094984627.3219 47
1757584509616 880923899120.2932 48
1757584509683 877771895016.34 49
1757584509751 874638830542.0997 50
1757584509815 871524565181.5475 51
1757584509874 868428959663.4906 52
1757584509936 865351875949.1957 53
1757584509997 862293177220.1461 54
1757584510063 859252727865.9308 55
1757584510131 856230393472.2579 56
1757584510202 853226040809.099 57
1757584510287 850239537818.9542 58
1757584510367 847270753605.2452 59
1757584510435 844319558420.8275 60
1757584510501 841385823656.6267 61
1757584510585 838469421830.3918 62
1757584510659 835570226575.5701 63
1757584510724 832688112630.2963 64
1757584510792 829822955826.5004 65
1757584510854 826974633079.1282 66
1757584510917 824143022375.4767 67
1757584510989 821328002764.6406 68
1757584511054 818529454347.0712 69
1757584511119 815747258264.2434 70
1757584511186 812981296688.4337 71
1757584511250 810231452812.6019 72
1757584511314 807497610840.3845 73
1757584511378 804779655976.1875 74
1757584511446 802077474415.387 75
1757584511508 799390953334.6313 76
1757584511578 796719980882.2455 77
1757584511646 794064446168.7346 78
1757584511710 791424239257.3894 79
1757584511777 788799251154.9883 80
1757584511841 786189373802.5975 81
1757584511906 783594500066.4673 82
1757584511979 781014523729.0238 83
1757584512043 778449339479.9547 84
1757584512117 775898842907.389 85
1757584512189 773362930489.1682 86
1757584512266 770841499584.2075 87
1757584512332 768334448423.9513 88
1757584512397 765841676103.913 89
1757584512464 763363082575.3059 90
1757584512536 760898568636.762 91
1757584512602 758448035926.1351 92
1757584512669 756011386912.39 93
1757584512737 753588524887.5776 94
1757584512809 751179353958.8922 95
1757584512874 748783779040.8113 96
1757584512938 746401705847.3187 97
1757584513005 744033040884.2072 98
1757584513072 741677691441.4613 99
1757584513136 739335565585.7205 100
1757584513204 737006572152.8197 101
1757584513293 734690620740.4066 102
1757584513377 732387621700.6372 103
1757584513466 730097486132.9471 104
1757584513533 727820125876.8956 105
1757584513597 725555453505.0865 106
1757584513664 723303382316.1609 107
1757584513729 721063826327.8636 108
1757584513795 718836700270.1797 109
1757584513861 716621919578.5446 110
1757584513927 714419400387.1213 111
1757584513994 712229059522.1504 112
1757584514058 710050814495.366 113
1757584514125 707884583497.4816 114
1757584514198 705730285391.7426 115
1757584514284 703587839707.5448 116
1757584514366 701457166634.1201 117
1757584514457 699338187014.2861 118
1757584514525 697230822338.2603 119
1757584514591 695134994737.5387 120
1757584514666 693050626978.8369 121
1757584514734 690977642458.0942 122
1757584514801 688915965194.538 123
1757584514880 686865519824.8108 124
1757584514971 684826231597.1573 125
1757584515049 682798026365.6702 126
1757584515117 680780830584.5958 127
1757584515183 678774571302.6991 128
1757584515258 676779176157.6842 129
1757584515325 674794573370.6743 130
1757584515392 672820691740.7476 131
1757584515457 670857460639.5281 132
1757584515528 668904810005.8331 133
1757584515595 666962670340.3756 134
1757584515658 665030972700.5192 135
1757584515723 663109648695.0889 136
1757584515797 661198630479.2333 137
1757584515873 659297850749.3396 138
1757584515943 657407242738.001 139
1757584516021 655526740209.0353 140
1757584516101 653656277452.5537 141
1757584516180 651795789280.0812 142
1757584516270 649945211019.7247 143
1757584516356 648104478511.3928 144
1757584516442 646273528102.0619 145
1757584516525 644452296641.092 146
1757584516607 642640721475.5891 147
1757584516688 640838740445.8165 148
1757584516753 639046291880.6494 149
1757584516822 637263314593.08 150
1757584516896 635489747875.7643 151
1757584516965 633725531496.6162 152
1757584517032 631970605694.4458 153
1757584517100 630224911174.6417 154
1757584517167 628488389104.8972 155
1757584517234 626760981110.9794 156
1757584517304 625042629272.5414 157
1757584517371 623333276118.9773 158
1757584517443 621632864625.3182 159
1757584517514 619941338208.1692 160
1757584517582 618258640721.6896 161
1757584517653 616584716453.6113 162
1757584517725 614919510121.2983 163
1757584517797 613262966867.8462 164
1757584517863 611615032258.2203 165
1757584517932 609975652275.433 166
1757584518004 608344773316.7592 167
1757584518070 606722342189.9904 168
1757584518155 605108306109.7261 169
1757584518221 603502612693.702 170
1757584518290 601905209959.1558 171
1757584518353 600316046319.2285 172
1757584518424 598735070579.4032 173
1757584518491 597162231933.9777 174
1757584518559 595597479962.5739 175
1757584518623 594040764626.6818 176
1757584518686 592492036266.2373 177
1757584518751 590951245596.2351 178
1757584518827 589418343703.3748 179
1757584518893 587893282042.7408 180
1757584518964 586376012434.5156 181
1757584519033 584866487060.7245 182
1757584519107 583364658462.0145 183
1757584519177 581870479534.4646 184
1757584519250 580383903526.4265 185
1757584519316 578904884035.3992 186
1757584519383 577433375004.9326 187
1757584519451 575969330721.5629 188
1757584519522 574512705811.7773 189
1757584519589 573063455239.0107 190
1757584519658 571621534300.6704 191
1757584519726 570186898625.1904 192
1757584519793 568759504169.1163 193
1757584519862 567339307214.2178 194
1757584519930 565926264364.629 195
1757584519996 564520332544.0195 196
1757584520064 563121468992.7904 197
1757584520139 561729631265.3005 198
1757584520206 560344777227.1182 199
1757584520282 558966865052.3009 200
1757584520346 557595853220.7018 201
1757584520430 556231700515.3021 202
1757584520502 554874366019.5707 203
1757584520585 553523809114.8483 204
1757584520655 552179989477.7584 205
1757584520730 550842867077.6439 206
1757584520813 549512402174.0271 207
1757584520883 548188555314.0966 208
1757584520950 546871287330.21796 209
1757584521021 545560559337.46747 210
1757584521090 544256332731.193 211
1757584521160 542958569184.5957 212
1757584521227 541667230646.3366 213
1757584521308 540382279338.1672 214
1757584521377 539103677752.5815 215
1757584521449 537831388650.4924 216
1757584521518 536565375058.9302 217
1757584521586 535305600268.7628 218
1757584521657 534052027832.43945 219
1757584521741 532804621561.7552 220
1757584521808 531563345525.63745 221
1757584521877 530328164047.95447 222
1757584521945 529099041705.344 223
1757584522016 527875943325.064 224
1757584522088 526658833982.86383 225
1757584522158 525447679000.8758 226
1757584522225 524242443945.5271 227
1757584522294 523043094625.47217 228
1757584522365 521849597089.54517 229
1757584522434 520661917624.73126 230
1757584522502 519480022754.15826 231
1757584522572 518303879235.108 232
1757584522644 517133454057.04553 233
1757584522712 515968714439.6679 234
1757584522775 514809627830.9727 235
1757584522844 513656161905.3429 236
1757584522909 512508284561.6523 237
1757584522976 511365963921.3874 238
1757584523042 510229168326.7888 239
1757584523116 509097866339.009 240
1757584523180 507972026736.288 241
1757584523246 506851618512.1483 242
1757584523319 505736610873.6036 243
1757584523382 504626973239.3873 244
1757584523453 503522675238.19794 245
1757584523525 502423686706.95874 246
1757584523594 501329977689.09705 247
1757584523662 500241518432.8372 248
1757584523737 499158279389.51215 249
1757584523806 498080231211.88885 250
1757584523877 497007344752.5111 251
1757584523942 495939591062.05725 252
1757584524013 494876941387.7141 253
1757584524084 493819367171.56525 254
1757584524156 492766840048.9956 255
1757584524228 491719331847.1105 256
1757584524299 490676814583.1695 257
1757584524369 489639260463.0359 258
1757584524439 488606641879.6395 259
1757584524509 487578931411.4549 260
1757584524582 486556101820.9934 261
1757584524651 485538126053.30975 262
1757584524722 484524977234.52234 263
1757584524796 483516628670.3476 264
1757584524881 482513053844.64746 265
1757584524959 481514226417.99194 266
1757584525026 480520120226.2331 267
1757584525090 479530709279.094 268
1757584525158 478545967758.77026 269
1757584525241 477565870018.5442 270
1757584525315 476590390581.4126 271
1757584525383 475619504138.7269 272
1757584525449 474653185548.8464 273
1757584525520 473691409835.80286 274
1757584525601 472734152187.9789 275
1757584525693 471781387956.79816 276
1757584525760 470833092655.4272 277
1757584525871 469889241957.4897 278
1757584525939 468949811695.7927 279
1757584526011 468014777861.0646 280
1757584526084 467084116600.70447 281
1757584526154 466157804217.5431 282
1757584526226 465235817168.6156 283
1757584526300 464318132063.94525 284
1757584526367 463404725665.33856 285
1757584526437 462495574885.19086 286
1757584526508 461590656785.3036 287
1757584526579 460689948575.71246 288
1757584526646 459793427613.52563 289
1757584526714 458901071401.773 290
1757584526784 458012857588.26624 291
1757584526856 457128763964.46857 292
1757584526921 456248768464.37573 293
1757584526992 455372849163.4061 294
1757584527060 454500984277.3021 295
1757584527134 453633152161.0407 296
1757584527205 452769331307.75415 297
1757584527277 451909500347.66046 298
1757584527349 451053638047.00366 299
1757584527415 450201723307.004 300
1757584527483 449353735162.81665 301
1757584527550 448509652782.50085 302
1757584527622 447669455465.998 303
1757584527692 446833122644.1189 304
1757584527761 446000633877.5404 305
1757584527837 445171968855.8103 306
1757584527914 444347107396.3627 307
1757584527989 443526029443.54047 308
1757584528059 442708715067.628 309
1757584528129 441895144463.89136 310
1757584528196 441085297951.6284 311
1757584528272 440279155973.22595 312
1757584528343 439476699093.2266 313
1757584528411 438677907997.40326 314
1757584528486 437882763491.84174 315
1757584528555 437091246502.0328 316
1757584528625 436303338071.9701 317
1757584528698 435519019363.25867 318
1757584528769 434738271654.2291 319
1757584528836 433961076339.06116 320
1757584528900 433187414926.9144 321
1757584528971 432417269041.067 322
1757584529058 431650620418.0613 323
1757584529124 430887450906.8579 324
1757584529193 430127742467.99695 325
1757584529263 429371477172.76654 326
1757584529341 428618637202.37897 327
1757584529406 427869204847.15295 328
1757584529471 427123162505.7053 329
1757584529542 426380492684.14777 330
1757584529615 425641177995.29126 331
1757584529682 424905201157.85785 332
1757584529752 424172544995.6992 333
1757584529821 423443192437.0215 334
1757584529887 422717126513.6176 335
1757584529955 421994330360.10596 336
1757584530026 421274787213.1759 337
1757584530101 420558480410.83936 338
1757584530167 419845393391.68976 339
1757584530245 419135509694.1663 340
1757584530315 418428812955.82635 341
1757584530389 417725286912.6216 342
1757584530458 417024915398.1833 343
1757584530528 416327682343.11127 344
1757584530615 415633571774.2712 345
1757584530684 414942567814.0956 346
1757584530760 414254654679.8934 347
1757584530833 413569816683.1634 348
1757584530908 412888038228.915 349
1757584530996 412209303814.9936 350
1757584531065 411533598031.41296 351
1757584531134 410860905559.69244 352
1757584531206 410191211172.20044 353
1757584531278 409524499731.5028 354
1757584531348 408860756189.7177 355
1757584531418 408199965587.8755 356
1757584531488 407542113055.28375 357
1757584531557 406887183808.89825 358
1757584531622 406235163152.69934 359
1757584531700 405586036477.0729 360
1757584531773 404939789258.19745 361
1757584531843 404296407057.43585 362
1757584531915 403655875520.73224 363
1757584531985 403018180378.0144 364
1757584532059 402383307442.6007 365
1757584532132 401751242610.6128 366
1757584532210 401121971860.392 367
1757584532295 400495481251.92206 368
1757584532366 399871756926.2555 369
1757584532439 399250785104.946 370
1757584532509 398632552089.4842 371
1757584532582 398017044260.73926 372
1757584532675 397404248078.40497 373
1757584532744 396794150080.44995 374
1757584532814 396186736882.5727 375
1757584532882 395581995177.6616 376
1757584532953 394979911735.2592 377
1757584533019 394380473401.0299 378
1757584533084 393783667096.2338 379
1757584533159 393189479817.2047 380
1757584533225 392597898634.8301 381
1757584533291 392008910694.03876 382
1757584533364 391422503213.2903 383
1757584533433 390838663484.0698 384
1757584533503 390257378870.3867 385
1757584533574 389678636808.2773 386
1757584533645 389102424805.31146 387
1757584533720 388528730440.10425 388
1757584533795 387957541361.83026 389
1757584533869 387388845289.7428 390
1757584533938 386822630012.6965 391
1757584534011 386258883388.67474 392
1757584534085 385697593344.3193 393
1757584534156 385138747874.4658 394
1757584534229 384582335041.6813 395
1757584534309 384028342975.8066 396
1757584534379 383476759873.5019 397
1757584534455 382927573997.7959 398
1757584534528 382380773677.64 399
1757584534600 381836347307.46356 400
1757584534673 381294283346.73505 401
1757584534745 380754570319.52545 402
1757584534816 380217196814.07623 403
1757584534887 379682151482.36926 404
1757584534960 379149423039.7021 405
1757584535035 378619000264.26495 406
1757584535109 378090871996.722 407
1757584535180 377565027139.7959 408
1757584535252 377041454657.85583 409
1757584535333 376520143576.5078 410
1757584535406 376001082982.18994 411
1757584535477 375484262021.7694 412
1757584535549 374969669902.14343 413
1757584535614 374457295889.84314 414
1757584535681 373947129310.6409 415
1757584535757 373439159549.16046 416
1757584535830 372933376048.4899 417
1757584535908 372429768309.7985 418
1757584535979 371928325891.95593 419
1757584536046 371429038411.1547 420
1757584536123 370931895540.5352 421
1757584536198 370436887009.8149 422
1757584536282 369944002604.9185 423
1757584536361 369453232167.613 424
1757584536431 368964565595.144 425
1757584536508 368477992839.87616 426
1757584536576 367993503908.93555 427
1757584536654 367511088863.8551 428
1757584536724 367030737820.22296 429
1757584536801 366552440947.33356 430
1757584536867 366076188467.8408 431
1757584536939 365601970657.4152 432
1757584537008 365129777844.4024 433
1757584537080 364659600409.485 434
1757584537149 364191428785.34656 435
1757584537223 363725253456.3393 436
1757584537296 363261064958.15283 437
1757584537373 362798853877.4864 438
1757584537449 362338610851.7233 439
1757584537525 361880326568.6085 440
1757584537601 361423991765.92755 441
1757584537674 360969597231.18835 442
1757584537746 360517133801.3066 443
1757584537823 360066592362.29175 444
1757584537893 359617963848.93646 445
1757584537964 359171239244.5083 446
1757584538031 358726409580.4434 447
1757584538105 358283465936.0433 448
1757584538175 357842399438.173 449
1757584538249 357403201260.9619 450
1757584538319 356965862625.50726 451
1757584538393 356530374799.5792 452
1757584538462 356096729097.32855 453
1757584538532 355664916878.9965 454
1757584538606 355234929550.6269 455
1757584538683 354806758563.7798 456
1757584538752 354380395415.2485 457
1757584538829 353955831646.77765 458
1757584538908 353533058844.7836 459
1757584538980 353112068640.0777 460
1757584539055 352692852707.5902 461
1757584539127 352275402766.0976 462
1757584539198 351859710577.9511 463
1757584539276 351445767948.80786 464
1757584539346 351033566727.3636 465
1757584539419 350623098805.08716 466
1757584539489 350214356115.9578 467
1757584539563 349807330636.20355 468
1757584539634 349402014384.04193 469
1757584539720 348998399419.4227 470
1757584539805 348596477843.77234 471
1757584539882 348196241799.74005 472
1757584539972 347797683470.9465 473
1757584540058 347400795081.73346 474
1757584540135 347005568896.9159 475
1757584540212 346611997221.5359 476
1757584540287 346220072400.61786 477
1757584540355 345829786818.9259 478
1757584540430 345441132900.72314 479
1757584540500 345054103109.5323 480
1757584540568 344668689947.8985 481
1757584540644 344284885957.15326 482
1757584540712 343902683717.1809 483
1757584540801 343522075846.186 484
1757584540877 343143055000.46277 485
1757584540960 342765613874.1664 486
1757584541038 342389745199.08527 487
1757584541125 342015441744.4159 488
1757584541210 341642696316.5387 489
1757584541284 341271501758.7951 490
1757584541357 340901850951.26746 491
1757584541434 340533736810.55927 492
1757584541505 340167152289.57794 493
1757584541577 339802090377.31836 494
1757584541653 339438544098.6483 495
1757584541727 339076506514.09595 496
1757584541795 338715970719.6374 497
1757584541874 338356929846.4877 498
1757584541947 337999377060.8915 499
