1757539551450 60260608632.03128 0
1757539551922 1532422658.9298937 1
1757539552407 22518756078.605236 2
1757539552875 2572796486.756003 3
1757539553370 99882316779.42021 4
1757539553859 19070575235.80747 5
1757539554332 151143421.0388802 6
1757539554822 395911860751.4255 7
1757539555307 137549510984.1195 8
1757539555783 1974682044552.5198 9
1757539556250 15015271094.759125 10
1757539556766 242207312.73784125 11
1757539557262 100044103502.19017 12
1757539557787 114050474915.0331 13
1757539558321 96100987300.13869 14
1757539558828 1363207192129.6233 15
1757539559346 136567564115.42842 16
1757539559861 975304472.4444007 17
1757539560390 3552008361.6612377 18
1757539560854 561042586318.6797 19
1757539561327 17656227693.428417 20
1757539561803 34462170529.160034 21
1757539562276 8437404090.135693 22
1757539562753 12036308168.815603 23
1757539563228 162467895031.86487 24
1757539563707 38301728269.69163 25
1757539564190 7303457580.730666 26
1757539564678 12604061932.403994 27
1757539565174 2185742090.9617214 28
1757539565652 334949484334.3969 29
1757539566155 791503371.5830152 30
1757539566640 69449983622.16437 31
1757539567128 434459975252.72003 32
1757539567596 3738307062.8033476 33
1757539568075 33648756617.682877 34
1757539568548 301678559923.3648 35
1757539569024 1482552163.4209323 36
1757539569521 84088115137.65848 37
1757539570008 719308239.3415889 38
1757539570479 118091450663.17508 39
1757539570993 10089399.97448241 40
1757539571552 404099342.9505427 41
1757539572037 1461031375.230369 42
1757539572519 238131127453.9141 43
1757539572993 55194848270.992874 44
1757539573465 1086816760.6187754 45
1757539573946 12657681505.852959 46
1757539574463 80973541909.12675 47
1757539574959 4949034461.279672 48
1757539575440 73814966751.7377 49
1757539575919 4869861.9012006065 50
1757539576393 11880488724.476799 51
1757539576876 4278801671.674305 52
1757539577353 144104178301.45273 53
1757539577849 54262317.852233425 54
1757539578340 1401140198.7912323 55
1757539578815 42947736825.483246 56
1757539579293 44555265.31257222 57
1757539579773 281226239.32771873 58
1757539580257 2111838557.3220716 59
1757539580741 1074411052.335485 60
1757539581201 17618930459.669357 61
1757539581665 3297083858.0630774 62
1757539582191 543202292494.52936 63
1757539582678 1681723083689.01 64
1757539583169 4909807519.389646 65
1757539583643 300435701330.64465 66
1757539584134 84514322543.23392 67
1757539584604 101769065127.87709 68
1757539585081 4462622070.128281 69
1757539585565 154379634444.85645 70
1757539586037 65101128476.619965 71
1757539586512 103774308795.12965 72
1757539586991 883394666.8148812 73
1757539587470 1440375844.2453687 74
1757539587958 2450156083.510284 75
1757539588452 34181685528.39326 76
1757539588932 41021249.51237242 77
1757539589438 202938985842.16095 78
1757539589934 17136579892.484245 79
1757539590441 98147008455.59943 80
1757539590952 18793556633.20394 81
1757539591438 24481793899.464825 82
1757539591916 3220303777.5501857 83
1757539592389 4866120313.153448 84
1757539592877 4983676851.617444 85
1757539593351 34365846381.21142 86
1757539593825 246970008232.18225 87
1757539594300 552206020.1965711 88
1757539594776 5340153487.750743 89
1757539595258 226570648930.7689 90
1757539595723 3880720294.8629065 91
1757539596206 153275624578.9466 92
1757539596684 37130340765.61422 93
1757539597159 324588464061.9084 94
1757539597629 24344561200.10289 95
1757539598146 5757322074.403859 96
1757539598613 170602202119.24777 97
1757539599105 6196246971.938228 98
1757539599582 201225872234.1521 99
1757539600077 3791984059.183968 100
1757539600552 110602582473.72221 101
1757539601037 4361018812.08147 102
1757539601533 22080509353.832615 103
1757539602011 13837519530.882019 104
1757539602498 50944569628.97263 105
1757539602967 156487783183.91483 106
1757539603441 3389045597.752237 107
1757539603923 62723.961681704655 108
1757539604407 80278026528.12778 109
1757539604903 216112000114.19687 110
1757539605390 141522442548.43518 111
1757539605862 470183094871.39996 112
1757539606345 11290182916.843952 113
1757539606818 105588354764.90631 114
1757539607291 50337286483.86133 115
1757539607767 137126667303.07797 116
1757539608278 321687647582.6453 117
1757539608749 135279237537.96707 118
1757539609243 164538301527.34503 119
1757539609774 4446004.3601342 120
1757539610274 13683332645.558739 121
1757539610762 288899487283.2826 122
1757539611246 46250961744.378746 123
1757539611743 5585262738849.266 124
1757539612219 9425616605.678417 125
1757539612698 46786138649.20984 126
1757539613184 37313042287.93707 127
1757539613670 74418991013.0416 128
1757539614153 20991127447.65778 129
1757539614670 404372011967.42834 130
1757539615167 68397819.83124074 131
1757539615654 5009140056.777641 132
1757539616130 38195048202.70223 133
1757539616604 20830560436.13268 134
1757539617081 117083981738.81369 135
1757539617550 527955706100.7955 136
1757539618034 39044089592.69565 137
1757539618517 10185522808.100376 138
1757539618984 77219475776.68976 139
1757539619486 1025161147736.5177 140
1757539619955 107843849312.67882 141
1757539620438 19313025129.687553 142
1757539620969 3883008876.1147666 143
1757539621480 444998960.7400124 144
1757539621980 6125113983083.193 145
1757539622465 398738896558.14105 146
1757539622982 7823104154.848919 147
1757539623479 14984237847.116747 148
1757539623959 173206989298.12787 149
1757539624462 257257437317.05746 150
1757539624954 137773706923.39764 151
1757539625445 25712094750.77624 152
1757539625945 429951063971.4981 153
1757539626446 17604517565.953327 154
1757539626941 57542437.650953695 155
1757539627430 1342587607.367855 156
1757539627894 9373425208.534847 157
1757539628371 53297174090.556076 158
1757539628839 37489018031.1302 159
1757539629320 526658585736.20264 160
1757539629801 263605109844.3205 161
1757539630282 122982299523.78183 162
1757539630752 203613109.49950033 163
1757539631228 256809621417.43918 164
1757539631695 1418182438.6140633 165
1757539632181 7345695085.756548 166
1757539632658 16860349459.023882 167
1757539633131 244398893828.12653 168
1757539633605 39078590040.20799 169
1757539634094 15646235332.1266 170
1757539634600 13586639790.38733 171
1757539635084 1359257445574.822 172
1757539635586 94009415191.05945 173
1757539636068 13096685530.206545 174
1757539636544 353220561105.41235 175
1757539637030 30396342164.699562 176
1757539637522 1917224506.2471702 177
1757539638021 3425864062.7336836 178
1757539638533 466505880157.33215 179
1757539639015 20407433537.66599 180
1757539639509 4094330995.488818 181
1757539639987 11547040972.013464 182
1757539640461 2184113674.8845773 183
