1757586339350 1053299439204.8439 0
1757586339449 3135036982142.626 1
1757586339546 6804440248890619.0 2
1757586339646 2.0649729346894975e+19 3
1757586339749 6.266967607679986e+22 4
1757586339851 1.9019563251574835e+26 5
1757586339955 5.772230031355061e+29 6
1757586340057 1.7518088661725317e+33 7
1757586340152 5.316548867475284e+36 8
1757586340236 1.6135146023098682e+40 9
1757586340316 4.896840858162713e+43 10
1757586340394 1.4861377985575055e+47 11
1757586340471 4.510266149694748e+50 12
1757586340547 1.368816590280349e+54 13
1757586340631 4.154209076893459e+57 14
1757586340710 1.2607571516217142e+61 15
1757586340789 3.826260464853494e+64 16
1757586340864 1.161228324270783e+68 17
1757586340945 3.5242013278371007e+71 18
1757586341031 1.0695566702550229e+75 19
1757586341107 3.2459878550385954e+78 20
1757586341182 9.851219152834392e+81 21
1757586341260 2.9897375816280552e+85 22
1757586341340 9.073527518091384e+88 23
1757586341429 2.7537166515038886e+92 24
1757586341513 8.357229734136377e+95 25
1757586341595 2.5363280855708096e+99 26
1757586341673 7.697479143571806e+102 27
1757586341750 2.336100976163273e+106 28
1757586341826 7.089811702040744e+109 29
1757586341901 2.1516805345010353e+113 30
1757586341981 6.530115773339985e+116 31
1757586342059 1.9818189238353763e+120 32
1757586342137 6.014604309018461e+123 33
1757586342215 1.8253668162605767e+127 34
1757586342292 5.539789224220844e+130 35
1757586342369 1.6812656160619268e+134 36
1757586342448 5.1024577963968575e+137 37
1757586342526 1.5485402969813676e+141 38
1757586342604 4.6996509271835506e+144 39
1757586342685 1.4262928049358358e+148 40
1757586342763 4.328643120375054e+151 41
1757586342863 1.3136959815494036e+155 42
1757586342955 3.9869240405051306e+158 43
1757586343031 1.209987967384216e+162 44
1757586343106 3.672181527263543e+165 45
1757586343183 1.1144670470011088e+169 46
1757586343257 3.382285950817145e+172 47
1757586343333 1.0264869009701331e+176 48
1757586343409 3.115275802179601e+179 49
1757586343480 9.454522327049286e+182 50
1757586343554 2.86934442113065e+186 51
1757586343621 8.708147405309595e+189 52
1757586343685 2.642827771882438e+193 53
1757586343753 8.020694077335474e+196 54
1757586343825 2.434193183779893e+200 55
1757586343895 7.387510854832307e+203 56
1757586343982 2.2420289808518355e+207 57
1757586344054 6.804313455176125e+210 58
1757586344129 2.0650349300435956e+214 59
1757586344209 6.267155812841334e+217 60
1757586344280 1.9020134435014934e+221 61
1757586344352 5.772403379293489e+224 62
1757586344424 1.7518614753814573e+228 63
1757586344496 5.31670853068713e+231 64
1757586344566 1.6135630583534754e+235 65
1757586344636 4.8969879169707453e+238 66
1757586344705 1.4861824293020104e+242 67
1757586344779 4.510401599137171e+245 68
1757586344846 1.3688576977089972e+249 69
1757586344921 4.154333833456476e+252 70
1757586344985 1.2607950138780744e+256 71
1757586345054 3.8263753726725255e+259 72
1757586345116 1.1612631975407458e+263 73
1757586345178 3.5243071644083807e+266 74
1757586345243 1.0695887905002197e+270 75
1757586345314 3.246085336479939e+273 76
1757586345386 9.851514998378152e+276 77
1757586345453 2.989827367524281e+280 78
1757586345524 9.073800008494935e+283 79
1757586345595 2.753799349369754e+287 80
1757586345666 8.357480713140775e+290 81
1757586345736 2.5364042549616202e+294 82
1757586345809 7.697710309366356e+297 83
1757586345881 2.336171132460964e+301 84
1757586345962 inf 85
1757586346041 inf 86
