1757591568448 1019579886935.192 0
1757591568509 830198570530.4583 1
1757591568570 694946772579.1185 2
1757591568633 595468162994.6946 3
1757591568695 520547835921.17285 4
1757591568756 463071561691.26825 5
1757591568818 418348265943.6363 6
1757591568880 383167614405.1963 7
1757591568942 355258112483.5578 8
1757591569005 332966500228.60785 9
1757591569067 315061681303.52936 10
1757591569130 300610379047.6617 11
1757591569192 288895315842.77985 12
1757591569258 279359419533.4183 13
1757591569322 271566553703.10504 14
1757591569385 265173120681.35904 15
1757591569448 259907071164.34314 16
1757591569509 255552117927.2868 17
1757591569577 251935703494.0256 18
1757591569640 248919734319.97086 19
1757591569704 246393388581.54193 20
1757591569771 244267498777.26215 21
1757591569834 242470142529.26068 22
1757591569901 240943167647.4274 23
1757591569964 239639444116.1845 24
1757591570027 238520684496.6517 25
1757591570089 237555710621.23486 26
1757591570151 236719071908.43207 27
1757591570214 235989941539.6894 28
1757591570276 235351232796.66788 29
1757591570340 234788890260.0725 30
1757591570402 234291320199.40897 31
1757591570465 233848931988.42838 32
1757591570528 233453768252.4079 33
1757591570590 233099206060.8411 34
1757591570652 232779715104.73474 35
1757591570716 232490661657.97498 36
1757591570779 232228149383.97043 37
1757591570842 231988889841.1423 38
1757591570906 231770096964.12207 39
1757591570969 231569400929.91486 40
1757591571033 231384777720.88855 41
1757591571096 231214491417.13422 42
1757591571159 231057046827.1288 43
1757591571221 230911150527.33737 44
1757591571285 230775679128.3172 45
1757591571361 230649651589.23123 46
1757591571425 230532208462.24652 47
1757591571488 230422593262.4003 48
1757591571551 230320137313.91574 49
1757591571614 230224247112.68228 50
1757591571678 230134393758.6623 51
1757591571740 230050104094.26242 52
1757591571802 229970953251.40543 53
1757591571867 229896558364.16782 54
1757591571933 229826573247.8335 55
1757591571997 229760683880.99854 56
1757591572062 229698604556.5046 57
1757591572127 229640074590.74884 58
1757591572189 229584855500.32513 59
1757591572252 229532728570.81647 60
1757591572316 229483492755.547 61
1757591572379 229436962852.74973 62
1757591572442 229392967994.30255 63
1757591572507 229351350021.23657 64
1757591572570 229311962514.5149 65
1757591572637 229274669636.96115 66
1757591572701 229239345186.41238 67
1757591572764 229205871756.04257 68
1757591572827 229174139987.14514 69
1757591572889 229144047901.95596 70
1757591572953 229115500306.0024 71
1757591573019 229088408251.0565 72
1757591573084 229062688551.0942 73
1757591573148 229038263344.77573 74
1757591573210 229015059698.89316 75
1757591573277 228993009248.01416 76
1757591573341 228972047866.21237 77
1757591573405 228952115367.3311 78
1757591573467 228933155230.7007 79
1757591573534 228915114349.63098 80
1757591573628 228897942800.34024 81
1757591573732 228881593629.27637 82
1757591573834 228866022657.03287 83
1757591573936 228851188297.2785 84
1757591574036 228837051389.30258 85
1757591574135 228823575042.93814 86
1757591574230 228810724494.76227 87
1757591574320 228798466974.5938 88
1757591574415 228786771581.4106 89
1757591574509 228775609167.9028 90
1757591574615 228764952232.95496 91
1757591574711 228754774821.42313 92
1757591574811 228745052430.63113 93
1757591574909 228735761923.0688 94
1757591575000 228726881444.81888 95
1757591575096 228718390349.2866 96
1757591575193 228710269125.8393 97
1757591575296 228702499333.0023 98
1757591575398 228695063535.88382 99
1757591575497 228687945247.53134 100
1757591575592 228681128873.94528 101
1757591575688 228674599662.49887 102
1757591575781 228668343653.53177 103
1757591575875 228662347634.90503 104
1757591575976 228656599099.31915 105
1757591576070 228651086204.21365 106
1757591576163 228645797734.07956 107
1757591576263 228640723065.0283 108
1757591576365 228635852131.47205 109
1757591576460 228631175394.7817 110
1757591576560 228626683813.79605 111
1757591576660 228622368817.0674 112
1757591576753 228618222276.73392 113
1757591576852 228614236483.91885 114
1757591576951 228610404125.56186 115
1757591577041 228606718262.59525 116
1757591577138 228603172309.3817 117
1757591577234 228599760014.3395 118
1757591577334 228596475441.68027 119
1757591577433 228593312954.1954 120
1757591577530 228590267197.02594 121
1757591577627 228587333082.35883 122
1757591577726 228584505774.99377 123
1757591577822 228581780678.72916 124
1757591577917 228579153423.519 125
1757591578010 228576619853.3552 126
