1757543182273 1019578794230.9694 0
1757543182328 1016852473068.5566 1
1757543182384 1012795531047.0972 2
1757543182447 1008111895273.6177 3
1757543182501 1003151137582.0106 4
1757543182555 998084163057.9291 5
1757543182612 992992933505.5851 6
1757543182667 987915686736.0438 7
1757543182725 982869483362.9291 8
1757543182779 977861331401.1031 9
1757543182839 972893608520.5085 10
1757543182891 967966662541.608 11
1757543182953 963080029670.1427 12
1757543183010 958232984464.9357 13
1757543183080 953424772704.0319 14
1757543183135 948654698011.8932 15
1757543183193 943922144143.3887 16
1757543183252 939226571309.941 17
1757543183312 934567503911.5342 18
1757543183378 929944517060.6487 19
1757543183452 925357224676.4862 20
1757543183509 920805269894.198 21
1757543183569 916288317707.803 22
1757543183626 911806049486.9343 23
1757543183683 907358158962.9363 24
1757543183753 902944349324.1343 25
1757543183809 898564331129.1078 26
1757543183867 894217820814.2609 27
1757543183926 889904539628.8806 28
1757543183981 885624212875.6527 29
1757543184038 881376569368.4232 30
1757543184094 877161341043.9987 31
1757543184150 872978262682.9291 32
1757543184203 868827071707.2928 33
1757543184265 864707508032.8423 34
1757543184326 860619313959.5079 35
1757543184386 856562234088.9741 36
1757543184448 852536015261.3601 37
1757543184503 848540406505.402 38
1757543184563 844575158998.1831 39
1757543184617 840640026031.6289 40
1757543184674 836734762983.8116 41
1757543184727 832859127293.6809 42
1757543184789 829012878438.2528 43
1757543184853 825195777911.5737 44
1757543184912 821407589204.973 45
1757543184970 817648077788.2709 46
1757543185029 813917011091.6967 47
1757543185085 810214158488.3524 48
1757543185152 806539291277.1017 49
1757543185214 802892182665.7959 50
1757543185271 799272607754.7837 51
1757543185331 795680343520.6559 52
1757543185388 792115168800.1991 53
1757543185450 788576864274.534 54
1757543185504 785065212453.4241 55
1757543185573 781579997659.7418 56
1757543185631 778121006014.0859 57
1757543185693 774688025419.5415 58
1757543185749 771280845546.5787 59
1757543185808 767899257818.0883 60
1757543185870 764543055394.5466 61
1757543185927 761212033159.3131 62
1757543185991 757905987704.0542 63
1757543186061 754624717314.2927 64
1757543186129 751368021955.0835 65
1757543186199 748135703256.8099 66
1757543186254 744927564501.1039 67
1757543186309 741743410606.8859 68
1757543186366 738583048116.5232 69
1757543186422 735446285182.1089 70
1757543186484 732332931551.8553 71
1757543186541 729242798556.6049 72
1757543186611 726175699096.4569 73
1757543186676 723131447627.506 74
1757543186734 720109860148.6967 75
1757543186793 717110754188.7865 76
1757543186851 714133948793.4242 77
1757543186913 711179264512.3339 78
1757543186974 708246523386.612 79
1757543187034 705335548936.1305 80
1757543187091 702446166147.0475 81
1757543187147 699578201459.4249 82
1757543187215 696731482754.9517 83
1757543187278 693905839344.7701 84
1757543187339 691101101957.4087 85
1757543187399 688317102726.814 86
1757543187459 685553675180.4878 87
1757543187513 682810654227.7238 88
1757543187573 680087876147.9437 89
1757543187635 677385178579.1345 90
1757543187693 674702400506.383 91
1757543187753 672039382250.5083 92
1757543187809 669395965456.7894 93
1757543187879 666771993083.7932 94
1757543187988 664167309392.292 95
1757543188081 661581759934.28 96
1757543188165 659015191542.0796 97
1757543188252 656467452317.5441 98
1757543188340 653938391621.3486 99
1757543188423 651427860062.3751 100
1757543188508 648935709487.1859 101
1757543188606 646461792969.5881 102
1757543188724 644005964800.2852 103
1757543188831 641568080476.6183 104
1757543188940 639147996692.3942 105
1757543189055 636745571327.7992 106
1757543189169 634360663439.4009 107
1757543189277 631993133250.2308 108
1757543189393 629642842139.957 109
1757543189499 627309652635.1356 110
1757543189608 624993428399.5481 111
1757543189757 622694034224.6189 112
1757543189847 620411336019.916 113
1757543189955 618145200803.7314 114
1757543190047 615895496693.7428 115
1757543190133 613662092897.752 116
1757543190227 611444859704.5067 117
1757543190318 609243668474.5951 118
1757543190444 607058391631.422 119
1757543190506 604888902652.2605 120
1757543190566 602735076059.3776 121
1757543190623 600596787411.2384 122
1757543190685 598473913293.7839 123
1757543190748 596366331311.7821 124
1757543190814 594273920080.2539 125
1757543190880 592196559215.9708 126
1757543190940 590134129329.0261 127
1757543191000 588086512014.4767 128
1757543191057 586053589844.0559 129
1757543191118 584035246357.9581 130
1757543191172 582031366056.6915 131
1757543191237 580041834393.0011 132
1757543191298 578066537763.8597 133
1757543191356 576105363502.5282 134
1757543191423 574158199870.6815 135
1757543191484 572224936050.603 136
1757543191541 570305462137.4448 137
1757543191598 568399669131.553 138
1757543191658 566507448930.8595 139
1757543191716 564628694323.3369 140
1757543191776 562763298979.5197 141
1757543191836 560911157445.0862 142
1757543191893 559072165133.506 143
1757543191952 557246218318.7483 144
1757543192013 555433214128.0527 145
1757543192070 553633050534.762 146
1757543192130 551845626351.2144 147
1757543192192 550070841221.6974 148
1757543192245 548308595615.4609 149
1757543192309 546558790819.7903 150
1757543192364 544821328933.13696 151
1757543192429 543096112858.30884 152
1757543192489 541383046295.7178 153
1757543192548 539682033736.6838 154
1757543192613 537992980456.7979 155
1757543192671 536315792509.3393 156
1757543192732 534650376718.7496 157
1757543192795 532996640674.1624 158
1757543192856 531354492722.98724 159
1757543192915 529723841964.54834 160
1757543192980 528104598243.77765 161
1757543193039 526496672144.9606 162
1757543193101 524899974985.53577 163
1757543193162 523314418809.9467 164
1757543193222 521739916383.5459 165
1757543193284 520176381186.55084 166
1757543193352 518623727408.0507 167
1757543193421 517081869940.0649 168
1757543193481 515550724371.6505 169
1757543193547 514030206983.06165 170
1757543193602 512520234739.9567 171
1757543193671 511020725287.6555 172
1757543193742 509531596945.4446 173
1757543193815 508052768700.9321 174
1757543193890 506584160204.44904 175
1757543193970 505125691763.49866 176
1757543194039 503677284337.25305 177
1757543194105 502238859531.0962 178
1757543194172 500810339591.213 179
1757543194236 499391647399.2254 180
1757543194299 497982706466.87195 181
1757543194366 496583440930.73444 182
1757543194424 495193775547.00793 183
1757543194485 493813635686.31604 184
1757543194545 492442947328.5691 185
1757543194612 491081637057.8672 186
1757543194673 489729632057.4452 187
1757543194741 488386860104.6615 188
1757543194813 487053249566.0286 189
1757543194884 485728729392.2863 190
1757543194952 484413229113.5164 191
1757543195027 483106678834.29834 192
1757543195100 481809009228.9071 193
1757543195180 480520151536.5503 194
1757543195244 479240037556.64703 195
1757543195318 477968599644.1452 196
1757543195382 476705770704.88025 197
1757543195460 475451484190.97144 198
1757543195538 474205674096.2585 199
1757543195620 472968274951.77625 200
1757543195686 471739221821.26764 201
1757543195757 470518450296.73456 202
1757543195831 469305896494.02734 203
1757543195899 468101497048.4697 204
1757543195983 466905189110.5228 205
1757543196063 465716910341.48456 206
1757543196141 464536598909.22626 207
1757543196210 463364193483.96423 208
1757543196278 462199633234.0686 209
1757543196342 461042857821.90643 210
1757543196407 459893807399.72064 211
1757543196474 458752422605.5435 212
1757543196536 457618644559.14496 213
1757543196595 456492414858.01495 214
1757543196662 455373675573.3797 215
1757543196725 454262369246.2524 216
1757543196799 453158438883.5163 217
1757543196870 452061827954.04144 218
1757543196949 450972480384.8346 219
1757543197023 449890340557.2209 220
1757543197101 448815353303.05835 221
1757543197180 447747463900.9844 222
1757543197254 446686618072.69366 223
1757543197321 445632761979.2483 224
1757543197386 444585842217.4179 225
1757543197454 443545805816.052 226
1757543197514 442512600232.482 227
1757543197575 441486173348.9541 228
1757543197640 440466473469.09235 229
1757543197708 439453449314.3919 230
1757543197771 438447050020.7404 231
1757543197837 437447225134.9712 232
1757543197903 436453924611.4433 233
1757543197963 435467098808.6522 234
1757543198023 434486698485.86786 235
1757543198085 433512674799.8015 236
1757543198143 432544979301.3015 237
1757543198203 431583563932.07556 238
1757543198263 430628381021.4421 239
1757543198324 429679383283.10785 240
1757543198387 428736523811.97363 241
1757543198453 427799756080.9665 242
1757543198514 426869033937.89886 243
1757543198576 425944311602.3541 244
1757543198636 425025543662.5984 245
1757543198694 424112685072.5188 246
1757543198753 423205691148.58704 247
1757543198814 422304517566.8487 248
1757543198879 421409120359.9387 249
1757543198943 420519455914.1207 250
1757543199009 419635480966.35236 251
1757543199075 418757152601.3752 252
1757543199137 417884428248.82874 253
1757543199199 417017265680.38983 254
1757543199255 416155623006.9344 255
1757543199317 415299458675.72516 256
1757543199381 414448731467.6216 257
1757543199448 413603400494.3144 258
1757543199511 412763425195.58234 259
1757543199580 411928765336.5731 260
1757543199641 411099381005.1067 261
1757543199706 410275232609.0012 262
1757543199774 409456280873.422 263
1757543199839 408642486838.2524 264
1757543199895 407833811855.4873 265
1757543199957 407030217586.6479 266
1757543200017 406231666000.21875 267
1757543200081 405438119369.1066 268
1757543200142 404649540268.1205 269
1757543200204 403865891571.472 270
1757543200265 403087136450.2988 271
1757543200326 402313238370.20703 272
1757543200390 401544161088.83545 273
1757543200453 400779868653.43933 274
1757543200515 400020325398.49615 275
1757543200578 399265495943.3292 276
1757543200639 398515345189.7536 277
1757543200702 397769838319.74066 278
1757543200766 397028940793.10156 279
1757543200850 396292618345.19244 280
1757543200915 395560836984.637 281
1757543200975 394833562991.0685 282
1757543201034 394110762912.89185 283
1757543201094 393392403565.0635 284
1757543201160 392678452026.89044 285
1757543201225 391968875639.8474 286
1757543201291 391263642005.4131 287
1757543201350 390562718982.9237 288
1757543201414 389866074687.4453 289
1757543201476 389173677487.66364 290
1757543201543 388485496003.7921 291
1757543201608 387801499105.4965 292
1757543201673 387121655909.8386 293
1757543201735 386445935779.2353 294
1757543201799 385774308319.43665 295
1757543201869 385106743377.51935 296
1757543201943 384443211039.8985 297
1757543202007 383783681630.3549 298
1757543202070 383128125708.0797 299
1757543202128 382476514065.735 300
1757543202191 381828817727.53125 301
1757543202256 381185007947.32 302
1757543202313 380545056206.70416 303
1757543202377 379908934213.162 304
1757543202437 379276613898.18884 305
1757543202497 378648067415.4535 306
1757543202564 378023267138.97003 307
1757543202623 377402185661.28546 308
1757543202688 376784795791.682 309
1757543202789 376171070554.3953 310
1757543202849 375560983186.8464 311
1757543202909 374954507137.89 312
1757543202978 374351616066.07587 313
1757543203038 373752283837.92633 314
1757543203103 373156484526.2271 315
1757543203164 372564192408.3331 316
1757543203225 371975381964.4883 317
1757543203291 371390027876.1591 318
1757543203360 370808105024.38336 319
1757543203436 370229588488.1308 320
1757543203507 369654453542.6797 321
1757543203565 369082675658.00507 322
1757543203632 368514230497.1819 323
1757543203692 367949093914.801 324
1757543203755 367387241955.39825 325
1757543203814 366828650851.897 326
1757543203875 366273297024.0638 327
1757543203942 365721157076.977 328
1757543204011 365172207799.5076 329
1757543204073 364626426162.8137 330
1757543204136 364083789318.84717 331
1757543204198 363544274598.87225 332
1757543204259 363007859511.9983 333
1757543204329 362474521743.7221 334
1757543204393 361944239154.4855 335
1757543204453 361416989778.24255 336
1757543204522 360892751821.0401 337
1757543204585 360371503659.60986 338
1757543204652 359853223839.972 339
1757543204716 359337891076.05084 340
1757543204781 358825484248.30206 341
1757543204842 358315982402.3513 342
1757543204908 357809364747.644 343
1757543204973 357305610656.10657 344
1757543205042 356804699660.8197 345
1757543205103 356306611454.7008 346
1757543205164 355811325889.1997 347
1757543205226 355318822973.0033 348
1757543205286 354829082870.7528 349
1757543205360 354342085901.77014 350
1757543205421 353857812538.7959 351
1757543205485 353376243406.73816 352
1757543205552 352897359281.4302 353
1757543205618 352421141088.40063 354
1757543205679 351947569901.6524 355
1757543205744 351476626942.45233 356
1757543205808 351008293578.1313 357
1757543205870 350542551320.89343 358
1757543205937 350079381826.6363 359
1757543205999 349618766893.7803 360
1757543206072 349160688462.1081 361
1757543206132 348705128611.61346 362
1757543206195 348252069561.3602 363
1757543206255 347801493668.35046 364
1757543206320 347353383426.4016 365
1757543206384 346907721465.0343 366
1757543206452 346464490548.368 367
1757543206517 346023673574.0269 368
1757543206581 345585253572.0542 369
1757543206647 345149213703.83636 370
1757543206711 344715537261.0351 371
1757543206780 344284207664.5298 372
1757543206841 343855208463.36694 373
1757543206906 343428523333.72015 374
1757543206968 343004136077.8576 375
1757543207033 342582030623.1183 376
1757543207098 342162191020.8977 377
1757543207158 341744601445.6407 378
1757543207226 341329246193.84326 379
1757543207287 340916109683.063 380
1757543207349 340505176450.9377 381
1757543207412 340096431154.2112 382
1757543207475 339689858567.76874 383
1757543207536 339285443583.6797 384
1757543207598 338883171210.24744 385
1757543207661 338483026571.06934 386
1757543207723 338084994904.10187 387
1757543207787 337689061560.73553 388
1757543207846 337295212004.87683 389
1757543207907 336903431812.03735 390
1757543207970 336513706668.43164 391
1757543208038 336126022370.0812 392
1757543208108 335740364821.9265 393
1757543208182 335356720036.9476 394
1757543208248 334975074135.28937 395
1757543208310 334595413343.3969 396
1757543208375 334217723993.1561 397
1757543208437 333841992521.0423 398
1757543208501 333468205467.27563 399
1757543208564 333096349474.98376 400
1757543208629 332726411289.3714 401
1757543208692 332358377756.89624 402
1757543208757 331992235824.45264 403
1757543208825 331627972538.56165 404
1757543208889 331265575044.5673 405
1757543208953 330905030585.84076 406
1757543209015 330546326502.9894 407
1757543209080 330189450233.0741 408
1757543209145 329834389308.8324 409
1757543209207 329481131357.90753 410
1757543209274 329129664102.0845 411
1757543209339 328779975356.5328 412
1757543209405 328432053029.05444 413
1757543209470 328085885119.33905 414
1757543209533 327741459718.22485 415
1757543209598 327398765006.96545 416
1757543209663 327057789256.5035 417
1757543209724 326718520826.7496 418
1757543209789 326380948165.8676 419
1757543209856 326045059809.56573 420
1757543209914 325710844380.39355 421
1757543209975 325378290587.04474 422
1757543210040 325047387223.6657 423
1757543210101 324718123169.17017 424
1757543210170 324390487386.55865 425
1757543210234 324064468922.2447 426
1757543210306 323740056905.38556 427
1757543210385 323417240547.2193 428
1757543210459 323096009140.4071 429
1757543210522 322776352058.38043 430
1757543210589 322458258754.6949 431
1757543210655 322141718762.3881 432
1757543210718 321826721693.3438 433
1757543210785 321513257237.66046 434
1757543210861 321201315163.026 435
1757543210929 320890885314.0967 436
1757543210998 320581957611.88226 437
1757543211063 320274522053.13525 438
1757543211140 319968568709.74554 439
1757543211200 319664087728.14014 440
1757543211266 319361069328.6879 441
1757543211329 319059503805.1093 442
1757543211393 318759381523.89044 443
1757543211457 318460692923.70233 444
1757543211522 318163428514.8255 445
1757543211588 317867578878.57825 446
1757543211652 317573134666.7504 447
1757543211717 317280086601.0417 448
1757543211782 316988425472.50446 449
1757543211850 316698142140.9909 450
1757543211913 316409227534.6056 451
1757543211977 316121672649.16144 452
1757543212041 315835468547.64124 453
1757543212102 315550606359.6627 454
1757543212167 315267077280.9486 455
1757543212233 314984872572.8009 456
1757543212302 314703983561.5793 457
1757543212366 314424401638.1842 458
1757543212435 314146118257.5437 459
1757543212506 313869124938.1052 460
1757543212572 313593413261.3307 461
1757543212634 313318974871.1965 462
1757543212703 313045801473.69727 463
1757543212767 312773884836.3537 464
1757543212831 312503216787.7245 465
1757543212894 312233789216.9226 466
1757543212959 311965594073.1348 467
1757543213024 311698623365.146 468
1757543213089 311432869160.8665 469
1757543213156 311168323586.8645 470
1757543213218 310904978827.9009 471
1757543213286 310642827126.469 472
1757543213355 310381860782.3377 473
1757543213437 310122072152.0983 474
1757543213505 309863453648.71545 475
1757543213567 309605997741.08093 476
1757543213633 309349696953.57227 477
1757543213700 309094543865.61383 478
1757543213763 308840531111.2423 479
1757543213831 308587651378.67554 480
1757543213893 308335897409.8847 481
1757543213961 308085262000.1703 482
1757543214025 307835737997.7415 483
1757543214087 307587318303.2987 484
1757543214151 307339995869.62 485
1757543214218 307093763701.15045 486
1757543214293 306848614853.5956 487
1757543214355 306604542433.51685 488
1757543214425 306361539597.9322 489
1757543214491 306119599553.91815 490
1757543214562 305878715558.21674 491
1757543214625 305638880916.8437 492
1757543214696 305400088984.7024 493
1757543214759 305162333165.1986 494
1757543214830 304925606909.8598 495
1757543214898 304689903717.95703 496
1757543214963 304455217136.1301 497
1757543215028 304221540758.0158 498
1757543215096 303988868223.87885 499
