1757554822906 15323222211968.105 0
1757554822969 1.4910513571365904e+16 1
1757554823030 2.494288561427455e+20 2
1757554823092 2.7244938942899104e+26 3
1757554823155 4.923055599048194e+26 4
1757554823216 6.166228138022217e+30 5
1757554823285 2.3064903382409846e+34 6
1757554823347 4.632980027886048e+37 7
1757554823410 1.7328592791972791e+41 8
1757554823472 1.5649414418265804e+44 9
1757554823533 5.7864007631669385e+47 10
1757554823594 2.9120713543715225e+51 11
1757554823657 4.8238360003929364e+55 12
1757554823719 3.437138052841212e+58 13
1757554823784 5.924926714291986e+62 14
1757554823846 1.6208498137729025e+66 15
1757554823912 2.4609194921816445e+69 16
1757554823974 3.5497711795619774e+72 17
1757554824038 3.1996140642060196e+76 18
1757554824105 7.892548154776979e+79 19
1757554824181 4.160739266732389e+83 20
1757554824243 2.327814803805507e+87 21
1757554824305 1.5030633569568512e+91 22
1757554824367 1.0065176184507172e+94 23
1757554824430 6.075532809933332e+97 24
1757554824493 4.9025102113525264e+101 25
1757554824557 4.433341469832618e+105 26
1757554824619 3.8104862883634224e+107 27
1757554824683 2.838487776582457e+111 28
1757554824746 8.267186730802011e+114 29
1757554824809 7.69485790523542e+117 30
1757554824874 1.4649813972221506e+122 31
1757554824940 2.5267466727521303e+124 32
1757554825008 1.6247718246910189e+128 33
1757554825072 2.0646167928520145e+132 34
1757554825134 2.2384700123333084e+135 35
1757554825197 5.348423397677431e+138 36
1757554825260 9.191735610015244e+141 37
1757554825324 2.2971055485166033e+145 38
1757554825386 1.4623562882377013e+148 39
1757554825451 8.864642396390842e+151 40
1757554825519 2.5409102330966257e+155 41
1757554825583 1.6946338804155205e+159 42
1757554825645 3.655556451420938e+162 43
1757554825706 1.2717277526052543e+166 44
1757554825770 1.6019695090897034e+169 45
1757554825833 7.909619257119129e+172 46
1757554825898 1.0405887785328566e+176 47
1757554825968 5.814542139955854e+179 48
1757554826036 1.6824899419890304e+183 49
1757554826101 1.050040965279433e+187 50
1757554826166 4.30541449934018e+191 51
1757554826232 1.1443753707299393e+194 52
1757554826295 6.407905945946103e+196 53
1757554826359 5.6422000827484945e+199 54
1757554826422 2.1587347958184898e+203 55
1757554826484 1.978316401581545e+206 56
1757554826547 3.0535342878190734e+209 57
1757554826609 3.975284595310198e+213 58
1757554826671 8.810793557373901e+217 59
1757554826746 8.934887700576283e+220 60
1757554826808 6.183403934657817e+224 61
1757554826870 1.0455829818577995e+228 62
1757554826936 3.978616554752182e+232 63
1757554827000 2.0901725721644897e+235 64
1757554827065 2.0950869731476676e+239 65
1757554827127 1.7502355503813183e+242 66
1757554827191 2.894818739941144e+245 67
1757554827256 2.8317381052659875e+249 68
1757554827319 8.087008088608744e+253 69
1757554827389 6.229961512830633e+256 70
1757554827454 2.228189591198066e+260 71
1757554827519 1.8623582911370496e+263 72
1757554827584 3.500522840665261e+266 73
1757554827648 2.1575999403073166e+270 74
1757554827713 3.0762806322242307e+273 75
1757554827776 9.345578991117097e+277 76
1757554827844 5.340971385595048e+280 77
1757554827912 3.5881743261258605e+283 78
1757554827978 9.825841169282049e+286 79
1757554828046 1.865571740697401e+290 80
1757554828114 5.269044554595228e+293 81
1757554828181 1.7033973922687823e+298 82
1757554828249 5.833729319706704e+300 83
1757554828315 2.736631771402228e+304 84
1757554828380 inf 85
