1757543622369 1053300942240.4009 0
1757543622427 825689101094.411 1
1757543622488 825133332145.2941 2
1757543622546 4621866785922.742 3
1757543622605 68902344924199.125 4
1757543622659 1117204780253898.5 5
1757543622717 1.8193959563871804e+16 6
1757543622776 2.963635242408972e+17 7
1757543622834 4.827566599180075e+18 8
1757543622890 7.863793823775816e+19 9
1757543622948 1.2809612393803604e+21 10
1757543623006 2.086603149847784e+22 11
1757543623066 3.3989418064509535e+23 12
1757543623124 5.53665674396694e+24 13
1757543623181 9.018856352224312e+25 14
1757543623240 1.4691134679743942e+27 15
1757543623298 2.3930909834898805e+28 16
1757543623364 3.898190698062811e+29 17
1757543623418 6.349900953747124e+30 18
1757543623513 1.0343578661360588e+32 19
1757543623580 1.6849021788382374e+33 20
1757543623656 2.7445968607159086e+34 21
1757543623733 4.470771076482079e+35 22
1757543623790 7.282597420553427e+36 23
1757543623851 1.1862880984634133e+38 24
1757543623908 1.9323867176623358e+39 25
1757543623966 3.147733195194804e+40 26
1757543624017 5.127454136156324e+41 27
1757543624074 8.352291724889824e+42 28
1757543624141 1.3605343939742697e+44 29
1757543624195 2.2162226825372898e+45 30
1757543624257 3.6100836556180937e+46 31
1757543624318 5.880593183731944e+47 32
1757543624380 9.579106605670555e+48 33
1757543624443 1.5603746169118433e+50 34
1757543624502 2.5417495026743585e+51 35
1757543624563 4.140345827421489e+52 36
1757543624620 6.744356024309122e+53 37
1757543624676 1.0986120502635061e+55 38
1757543624739 1.789568096099764e+56 39
1757543624797 2.9150908819996916e+57 40
1757543624864 4.748494828913181e+58 41
1757543624923 7.734991481551213e+59 42
1757543624983 1.2599801700397654e+61 43
1757543625041 2.0524263442046673e+62 44
1757543625103 3.3432699962670006e+63 45
1757543625157 5.445970959932522e+64 46
1757543625214 8.871135065233859e+65 47
1757543625273 1.4450506241149078e+67 48
1757543625331 2.3538941645004026e+68 49
1757543625391 3.83434161073962e+69 50
1757543625446 6.245894913023736e+70 51
1757543625507 1.017415953635146e+72 52
1757543625563 1.6573048972580143e+73 53
1757543625622 2.69964267088775e+74 54
1757543625681 4.397543603796705e+75 55
1757543625740 7.163314595606858e+76 56
1757543625797 1.1668576964497202e+78 57
1757543625855 1.9007358473394017e+79 58
1757543625915 3.096175971031705e+80 59
1757543625974 5.04347074687563e+81 60
1757543626030 8.215488206283785e+82 61
1757543626091 1.3382499840888293e+84 62
1757543626148 2.179922817665223e+85 63
1757543626216 3.5509535195048017e+86 64
1757543626273 5.784274009842469e+87 65
1757543626339 9.422208890417961e+88 66
1757543626400 1.5348169921343221e+90 67
1757543626456 2.5001177820838517e+91 68
1757543626526 4.0725304426032953e+92 69
1757543626585 6.63388914105744e+93 70
1757543626650 1.0806177082302685e+95 71
1757543626714 1.7602564747633111e+96 72
1757543626774 2.867344143397935e+97 73
1757543626830 4.6707184745813444e+98 74
1757543626890 7.608298822108957e+99 75
1757543626952 1.2393427538296032e+101 76
1757543627013 2.0188093256886385e+102 77
1757543627069 3.2885100436450916e+103 78
1757543627129 5.356770532782116e+104 79
1757543627192 8.725833328785077e+105 80
1757543627249 1.4213819094130955e+107 81
1757543627311 2.315339356462486e+108 82
1757543627369 3.7715383178034455e+109 83
1757543627429 6.143592403833512e+110 84
1757543627487 1.0007515354218342e+112 85
1757543627546 1.6301596359553946e+113 86
1757543627621 2.6554247929063413e+114 87
1757543627700 4.325515535568453e+115 88
1757543627770 7.045985523079343e+116 89
1757543627836 1.1477455480903573e+118 90
1757543627892 1.8696033916707766e+119 91
1757543627948 3.045463210868144e+120 92
1757543628012 4.9608629349259e+121 93
1757543628067 8.080925414333347e+122 94
1757543628127 1.316330574107948e+124 95
1757543628188 2.144217514070828e+125 96
1757543628243 3.49279188532397e+126 97
1757543628312 5.689532463068012e+127 98
1757543628369 9.267881027873555e+128 99
1757543628431 1.509677979770264e+130 100
1757543628490 2.459167954086436e+131 101
1757543628547 4.0058258167917147e+132 102
1757543628608 6.525231612509432e+133 103
1757543628669 1.062918098395847e+135 104
1757543628732 1.7314249531488368e+136 105
1757543628791 2.8203794562448117e+137 106
1757543628850 4.594216031564834e+138 107
1757543628908 7.483681281947061e+139 108
1757543628970 1.2190433611518463e+141 109
1757543629026 1.9857429256818288e+142 110
1757543629087 3.234647013023076e+143 111
1757543629151 5.2690311336582224e+144 112
1757543629213 8.582911512657695e+145 113
1757543629273 1.3981008683652704e+147 114
1757543629332 2.2774160437760985e+148 115
1757543629400 3.7097636900213304e+149 116
1757543629459 6.0429655237616896e+150 117
1757543629515 9.843600663729164e+151 118
1757543629577 1.6034589912181433e+153 119
1757543629639 2.6119311666024822e+154 120
1757543629702 4.2546672265603787e+155 121
1757543629769 6.930578202148333e+156 122
1757543629830 1.1289464406579437e+158 123
1757543629892 1.8389808594601348e+159 124
1757543629952 2.995581083093554e+160 125
1757543630013 4.879608169506602e+161 126
1757543630073 7.948566647819202e+162 127
1757543630137 1.2947701856399723e+164 128
1757543630196 2.1090970333401173e+165 129
1757543630259 3.435582889827982e+166 130
1757543630319 5.596342703202396e+167 131
1757543630389 9.116080926009832e+168 132
1757543630448 1.484950723300172e+170 133
1757543630506 2.418888849854565e+171 134
1757543630565 3.9402137566877326e+172 135
1757543630631 6.418353802955723e+173 136
1757543630695 1.0455083932945377e+175 137
1757543630760 1.7030656676263967e+176 138
1757543630820 2.774184011194877e+177 139
1757543630881 4.518966634266978e+178 140
1757543630946 7.361104872355821e+179 141
1757543631009 1.1990764554651383e+181 142
1757543631069 1.9532181255158414e+182 143
1757543631146 3.1816662135724286e+183 144
1757543631213 5.182728832149693e+184 145
1757543631275 8.442330635757052e+185 146
1757543631334 1.3752011512028038e+187 147
1757543631396 2.2401138830781256e+188 148
1757543631457 3.649000878722596e+189 149
1757543631514 5.943986827411631e+190 150
1757543631574 9.682370758104986e+191 151
1757543631635 1.577195680600624e+193 152
1757543631694 2.5691499293424306e+194 153
1757543631756 4.1849793533080293e+195 154
1757543631822 6.817061156137804e+196 155
1757543631883 1.1104552468051909e+198 156
1757543631945 1.8088598985897802e+199 157
1757543632009 2.9465159826474686e+200 158
1757543632069 4.7996842888526616e+201 159
1757543632128 7.818375806656957e+202 160
1757543632190 1.273562938214237e+204 161
1757543632254 2.0745517965660564e+205 162
1757543632313 3.379310929595756e+206 163
1757543632381 5.504679313280137e+207 164
1757543632446 8.966767182231159e+208 165
1757543632511 1.460628478508535e+210 166
1757543632571 2.37926948349662e+211 167
1757543632631 3.875676366983282e+212 168
1757543632693 6.313226562094913e+213 169
1757543632754 1.0283838445304508e+215 170
1757543632826 1.6751708833656946e+216 171
1757543632886 2.7287452087089914e+217 172
1757543632947 4.444949758852029e+218 173
1757543633007 7.240536161331926e+219 174
1757543633069 1.1794365909119972e+221 175
1757543633137 1.9212260542404626e+222 176
1757543633193 3.1295531950880315e+223 177
1757543633256 5.097840089805414e+224 178
1757543633312 8.304052355466121e+225 179
1757543633377 1.352676512160948e+227 180
1757543633443 2.2034227004210627e+228 181
1757543633500 3.589233311203654e+229 182
1757543633565 5.846629318919221e+230 183
1757543633627 9.523781662826069e+231 184
1757543633698 1.5513625409374995e+233 185
1757543633765 2.5270694127923616e+234 186
1757543633829 4.1164329088490053e+235 187
1757543633893 6.70540342393332e+236 188
1757543633956 1.0922669231664606e+238 189
1757543634017 1.7792322937427375e+239 190
1757543634080 2.8982545273089824e+240 191
1757543634138 4.7210694941902665e+241 192
1757543634199 7.690317382051561e+242 193
1757543634258 1.252703047677292e+244 194
1757543634320 2.0405723817361385e+245 195
1757543634381 3.3239606567772666e+246 196
1757543634444 5.4145172926445226e+247 197
1757543634511 8.819899072081912e+248 198
1757543634575 1.4367046116444732e+250 199
1757543634636 2.3402990490607356e+251 200
1757543634704 3.81219604548045e+252 201
1757543634770 6.209821217083115e+253 202
1757543634837 1.0115397814824503e+255 203
1757543634898 1.6477329922264457e+256 204
1757543634963 2.684050655617861e+257 205
1757543635026 4.3721452176474e+258 206
1757543635091 7.121942264460213e+259 207
1757543635150 1.1601184108335165e+261 208
1757543635211 1.8897579862041886e+262 209
1757543635272 3.078293744046959e+263 210
1757543635338 5.014341753714249e+264 211
1757543635397 8.168038957187476e+265 212
1757543635456 1.33052080777529e+267 213
1757543635520 2.167332488498043e+268 214
1757543635587 3.5304446862077604e+269 215
1757543635696 5.750866444589747e+270 216
1757543635792 9.367790123638309e+271 217
1757543635886 1.5259525263900586e+273 218
1757543636013 2.4856781397359395e+274 219
1757543636138 4.049009197538948e+275 220
1757543636253 6.595574551537298e+276 221
1757543636360 1.0743765089821824e+278 222
1757543636498 1.7500899641619563e+279 223
1757543636615 2.8507835540465934e+280 224
1757543636730 4.643742343790983e+281 225
1757543636840 7.564356446811789e+282 226
1757543636950 1.232184824615208e+284 227
1757543637071 2.0071495211624136e+285 228
1757543637191 3.2695169749072306e+286 229
1757543637299 5.325832050128343e+287 230
1757543637411 8.675436538138509e+288 231
1757543637525 1.413172597612331e+290 232
1757543637637 2.3019669175873997e+291 233
1757543637802 3.7497554782904837e+292 234
1757543637903 6.108109564713433e+293 235
1757543637993 9.94971610030235e+294 236
1757543638083 1.6207445106833172e+296 237
1757543638194 2.6400881617419086e+297 238
1757543638257 4.300533153637607e+298 239
1757543638320 7.005290835944525e+299 240
1757543638383 1.141116646308352e+301 241
1757543638445 1.8588053386743567e+302 242
1757543638508 3.027873879731864e+303 243
1757543638573 inf 244
1757543638631 inf 245
