1757545524673 20626869101827.164 0
1757545525162 9131555712046.232 1
1757545525662 1.2761916916193405e+20 2
1757545526167 1.4370155032605384e+23 3
1757545526655 6.516858290029577e+24 4
1757545527174 2.5466672591817015e+26 5
1757545527671 1.9437370743045996e+31 6
1757545528183 1.8101252541982753e+35 7
1757545528680 5.785425122582077e+40 8
1757545529181 2.4772597766933257e+43 9
1757545529662 1.480484376918972e+45 10
1757545530157 3.121880684498446e+49 11
1757545530654 2.5728842426992902e+53 12
1757545531129 1.6628992117760065e+56 13
1757545531620 1.4100174016760907e+59 14
1757545532098 1.1681543746376441e+64 15
1757545532603 2.90910594380427e+67 16
1757545533115 2.5246091445809056e+70 17
1757545533606 9.764210556554344e+73 18
1757545534140 1.6669403107042615e+77 19
1757545534629 1.5362695906135506e+81 20
1757545535103 1.9049835188200896e+85 21
1757545535623 7.675286266723893e+88 22
1757545536116 6.863675528024998e+91 23
1757545536600 1.257480190992675e+95 24
1757545537102 6.824110363341909e+95 25
1757545537670 1.5074734956955135e+104 26
1757545538324 2.2877919077984584e+104 27
1757545538893 9.588851499694954e+107 28
1757545539420 1.3322670203929432e+112 29
1757545539923 1.1925721946875823e+115 30
1757545540415 2.9391032959817833e+119 31
1757545540919 3.1291234797371286e+121 32
1757545541415 1.2971505533264167e+126 33
1757545541891 2.7690021150864535e+130 34
1757545542370 2.981748212580635e+130 35
1757545542907 3.1803996683241734e+138 36
1757545543393 6.845692838567726e+141 37
1757545543884 2.4082948683439304e+145 38
1757545544371 1.0766909903403366e+147 39
1757545544868 2.151041794865353e+152 40
1757545545370 2.1201635019632122e+154 41
1757545545859 9.604702039228444e+157 42
1757545546355 1.7077251070607915e+163 43
1757545546849 3.888674454911791e+165 44
1757545547329 4.564974868368785e+169 45
1757545547812 1.3807258616238246e+172 46
1757545548289 1.9346169626734805e+176 47
1757545548790 1.3030651231964076e+179 48
1757545549296 1.9772124154057315e+183 49
1757545549810 1.6208778233056708e+185 50
1757545550306 1.3916025772010516e+190 51
1757545550806 6.286282078460354e+192 52
1757545551297 4.888662548844753e+192 53
1757545551780 1.1621449180324293e+199 54
1757545552266 4.0512300459118535e+202 55
1757545552761 1.1867988239020367e+204 56
1757545553250 7.935702656394517e+208 57
1757545553753 2.2533023482913766e+212 58
1757545554250 1.3864112359305755e+216 59
1757545554750 3.21601233287645e+218 60
1757545555236 4.247426135515641e+222 61
1757545555732 4.724488422579468e+226 62
1757545556228 1.4826467796692097e+230 63
1757545556719 6.6971190417015685e+233 64
1757545557210 1.3051793983935394e+238 65
1757545557711 3.793120885162855e+241 66
1757545558202 5.874288504578688e+243 67
1757545558689 1.5422204647157757e+248 68
1757545559250 5.392091402706656e+250 69
1757545559801 7.576526261253293e+253 70
1757545560382 3.480810477714177e+257 71
1757545560993 4.825853158961965e+260 72
1757545561557 2.9019222621803006e+264 73
1757545562134 2.034721697604062e+268 74
1757545562688 3.101104295224857e+272 75
1757545563211 1.2151735944571255e+276 76
1757545563727 5.2090596428524306e+278 77
1757545564239 3.2152936066529346e+285 78
1757545564758 1.2490919811605473e+286 79
1757545565258 3.291587093236632e+289 80
1757545565776 3.0401387059740357e+291 81
1757545566255 3.823913943102218e+294 82
1757545566752 7.968231359846525e+299 83
1757545567229 5.421244644518294e+302 84
1757545567722 3.5478155912349587e+306 85
