1757568137179 3921188443664.7686 0
1757568137249 43510825485028.33 1
1757568137319 1.6594526649802576e+17 2
1757568137392 1.2398880176612603e+20 3
1757568137460 8.06661543914561e+23 4
1757568137534 1.0357682510466975e+26 5
1757568137608 2.7972714410126947e+28 6
1757568137674 5.617748675790105e+31 7
1757568137741 1.6667750652787064e+36 8
1757568137818 1.0831504602167576e+38 9
1757568137887 1.0589291955110992e+41 10
1757568137953 7.574815757950947e+43 11
1757568138026 2.464242939419991e+46 12
1757568138094 1.1293755931293632e+50 13
1757568138168 1.5001742139924345e+52 14
1757568138243 3.3118083898234647e+55 15
1757568138320 1.0097779533536781e+59 16
1757568138403 3.6013752759154034e+61 17
1757568138472 3.565442128698122e+64 18
1757568138542 1.3915075855615515e+67 19
1757568138618 1.2143144506994315e+71 20
1757568138682 6.105579955005509e+73 21
1757568138752 3.0341885956998534e+78 22
1757568138821 6.824360925035466e+79 23
1757568138898 1.3524930239299054e+82 24
1757568138966 2.934106470487071e+85 25
1757568139044 2.934297936201882e+89 26
1757568139115 4.349044561796406e+91 27
1757568139185 2.0111227369398213e+94 28
1757568139254 2.058150642757271e+97 29
1757568139323 1.3897645542019198e+100 30
1757568139397 4.19402889086626e+103 31
1757568139465 5.630783238153588e+105 32
1757568139537 5.33594029540473e+109 33
1757568139605 2.3843728325522762e+112 34
1757568139674 2.3413040852425405e+115 35
1757568139747 1.2291683567131177e+118 36
1757568139817 2.2049886684896e+121 37
1757568139892 1.3601639343922487e+124 38
1757568139962 8.55875884642616e+126 39
1757568140027 1.3259822752177492e+130 40
1757568140103 6.881460318735416e+132 41
1757568140179 1.5146422972862442e+136 42
1757568140246 5.188478187476094e+139 43
1757568140316 4.688682781599762e+141 44
1757568140388 3.5977041254857816e+145 45
1757568140458 9.125589100064343e+148 46
1757568140537 7.462354159689079e+150 47
1757568140615 8.514342437159257e+153 48
1757568140681 3.773950079412414e+156 49
1757568140753 7.866356159506429e+159 50
1757568140825 4.228821896555752e+162 51
1757568140901 1.0228471235139314e+165 52
1757568140970 5.618619903648973e+168 53
1757568141037 1.73516999209224e+171 54
1757568141108 5.489035736506447e+174 55
1757568141175 9.553149104909767e+177 56
1757568141253 4.198848885716041e+180 57
1757568141323 3.6614147456661366e+183 58
1757568141395 3.8200448631857126e+186 59
1757568141465 1.7479228098387208e+189 60
1757568141544 1.935928482661917e+192 61
1757568141618 3.185159863274577e+195 62
1757568141699 1.2497202428071542e+199 63
1757568141790 5.909937971634562e+200 64
1757568141882 6.779159430023521e+204 65
1757568141960 1.9647616570044344e+207 66
1757568142030 1.6563614289400852e+210 67
1757568142103 7.210752446860932e+212 68
1757568142175 1.3813937258329313e+216 69
1757568142249 6.16638763907795e+218 70
1757568142318 1.6747637736992646e+222 71
1757568142388 3.9033881078740156e+224 72
1757568142461 1.070380236218963e+228 73
1757568142527 2.119219387883562e+231 74
1757568142599 1.1190425028821812e+234 75
1757568142670 1.2678282644716716e+237 76
1757568142741 9.239348726183186e+239 77
1757568142815 2.60283841710979e+242 78
1757568142882 3.477343528586926e+245 79
1757568142958 1.0080419552831836e+249 80
1757568143028 1.3057550816426204e+252 81
1757568143093 8.116187073433273e+254 82
1757568143166 5.560367128278218e+257 83
1757568143234 3.2512131055020015e+260 84
1757568143305 2.4648389528725317e+264 85
1757568143374 7.502960578097597e+266 86
1757568143455 7.623980282661787e+269 87
1757568143527 7.028105679875719e+272 88
1757568143596 2.7852308554487077e+275 89
1757568143673 3.826456502783343e+278 90
1757568143744 1.6705759462895308e+282 91
1757568143810 4.44287979083985e+284 92
1757568143885 1.8892555582236227e+287 93
1757568143957 2.584478026174648e+290 94
1757568144030 1.4776194308228902e+293 95
1757568144105 7.179660034263334e+295 96
1757568144193 8.240271773326652e+298 97
1757568144275 1.4728265845445265e+302 98
1757568144341 3.6136928576820457e+306 99
1757568144418 inf 100
