1757531077240 1064046301750.6912 0
1757531077305 868233945983.2139 1
1757531077351 656561556666.7942 2
1757531077397 499832806695.8965 3
1757531077442 398972220799.20184 4
1757531077488 336563897972.9487 5
1757531077534 298417969788.608 6
1757531077581 275720909843.8828 7
1757531077628 262699551879.6298 8
1757531077676 255339213567.73972 9
1757531077722 251046308269.37833 10
1757531077768 248366730845.07227 11
1757531077819 246577301301.40094 12
1757531077866 245324520664.84036 13
1757531077914 244414862526.4944 14
1757531077959 243728147851.3986 15
1757531078008 243187749607.55225 16
1757531078059 242746514459.19193 17
1757531078117 242376038185.4539 18
1757531078167 242058770284.93152 19
1757531078217 241783302034.25873 20
1757531078273 241541904769.0821 21
1757531078321 241329172650.7775 22
1757531078369 241141141094.06595 23
1757531078418 240974689412.7351 24
1757531078466 240827180474.28906 25
1757531078525 240696283455.6699 26
1757531078575 240579908281.67142 27
1757531078623 240476190685.1553 28
1757531078670 240383490504.43332 29
1757531078718 240300386155.30234 30
1757531078765 240225660438.41406 31
1757531078813 240158278835.444 32
1757531078862 240097363772.925 33
1757531078913 240042168553.30392 34
1757531078960 239992053722.74994 35
1757531079008 239946467313.59332 36
1757531079057 239904929265.4481 37
1757531079105 239867019322.93713 38
1757531079153 239832367935.0951 39
1757531079202 239800649075.97418 40
1757531079250 239771574445.01154 41
1757531079298 239744888605.99503 42
1757531079347 239720364804.63254 43
1757531079394 239697801327.16452 44
1757531079442 239677018328.6565 45
1757531079489 239657855085.55487 46
1757531079538 239640167635.60806 47
1757531079587 239623826744.8427 48
1757531079635 239608716173.15247 49
1757531079684 239594731177.50427 50
1757531079739 239581777218.37595 51
1757531079788 239569768833.39822 52
1757531079836 239558628650.35455 53
1757531079885 239548286518.35657 54
1757531079934 239538678740.96686 55
1757531079982 239529747398.42975 56
1757531080030 239521439748.3795 57
1757531080078 239513707695.82224 58
1757531080126 239506507324.19473 59
1757531080174 239499798480.11545 60
1757531080222 239493544405.20047 61
1757531080270 239487711409.0562 62
1757531080319 239482268578.27994 63
1757531080367 239477187516.97757 64
1757531080417 239472442114.9223 65
1757531080465 239468008340.0161 66
1757531080513 239463864052.1752 67
1757531080561 239459988836.1474 68
1757531080610 239456363851.09717 69
1757531080661 239452971695.0653 70
1757531080709 239449796282.64902 71
1757531080756 239446822734.4464 72
1757531080805 239444037276.98868 73
1757531080853 239441427152.03287 74
1757531080900 239438980534.22577 75
1757531080950 239436686456.2631 76
1757531081000 239434534740.77383 77
1757531081049 239432515938.24496 78
1757531081098 239430621270.3833 79
1757531081146 239428842578.37643 80
1757531081195 239427172275.5754 81
1757531081249 239425603304.1743 82
1757531081321 239424129095.50577 83
1757531081370 239422743533.6156 84
1757531081421 239421440921.81076 85
1757531081469 239420215951.91077 86
1757531081518 239419063675.9575 87
1757531081567 239417979480.1647 88
1757531081617 239416959060.91064 89
1757531081669 239415998402.59503 90
1757531081718 239415093757.20135 91
1757531081768 239414241625.4189 92
1757531081821 239413438739.19406 93
1757531081871 239412682045.59167 94
1757531081920 239411968691.85928 95
1757531081968 239411296011.59668 96
1757531082018 239410661511.9408 97
1757531082067 239410062861.68622 98
1757531082118 239409497880.26672 99
1757531082168 239408964527.53076 100
1757531082217 239408460894.24933 101
1757531082265 239407985193.29993 102
1757531082313 239407535751.4749 103
