1757556979940 1064044748402.8925 0
1757556980067 1042933337444.2626 1
1757556980140 1012227081206.5155 2
1757556980243 977910415031.0573 3
1757556980308 942962801519.7032 4
1757556980383 908803082976.5938 5
1757556980467 876060283225.0977 6
1757556980526 844971634866.2571 7
1757556980587 815584450794.9923 8
1757556980650 787857309705.6512 9
1757556980709 761710242582.5969 10
1757556980770 737049291980.3508 11
1757556980829 713778269034.9625 12
1757556980888 691804153617.0483 13
1757556980948 671039364732.2048 14
1757556981004 651402511984.287 15
1757556981085 632818428206.9813 16
1757556981156 615217880486.4941 17
1757556981251 598537152545.3556 18
1757556981312 582717592043.8805 19
1757556981460 567705166189.0825 20
1757556981523 553450044462.9164 21
1757556981584 539906215321.3362 22
1757556981641 527031138026.7022 23
1757556981700 514785428189.3737 24
1757556981760 503132574529.0878 25
1757556981817 492038684035.9302 26
1757556981876 481472252723.8962 27
1757556981936 471403959334.674 28
1757556981998 461806479571.46985 29
1757556982059 452654318677.59143 30
1757556982118 443923660401.5558 31
1757556982178 435592230601.0463 32
1757556982238 427639173929.25134 33
1757556982299 420044942218.8229 34
1757556982357 412791193331.95764 35
1757556982417 405860699381.45984 36
1757556982477 399237263348.7468 37
1757556982563 392905643232.2184 38
1757556982621 386851482954.7259 39
1757556982680 381061249343.4083 40
1757556982740 375522174570.1348 41
1757556982799 370222203507.2976 42
1757556982860 365149945695.2535 43
1757556982918 360294630668.12256 44
1757556982980 355646067656.79407 45
1757556983040 351194608216.91473 46
1757556983099 346931111819.7711 47
1757556983160 342846914123.7914 48
1757556983219 338933797676.0285 49
1757556983294 335183964820.0788 50
1757556983360 331590012610.4686 51
1757556983421 328144909554.26654 52
1757556983478 324841974019.0026 53
1757556983538 321674854162.2392 54
1757556983598 318637509252.5953 55
1757556983659 315724192264.91376 56
1757556983719 312929433643.74805 57
1757556983781 310248026139.60114 58
1757556983837 307675010631.51385 59
1757556983920 305205662857.7915 60
1757556983994 302835480983.9916 61
1757556984068 300560173943.859 62
1757556984128 298375650494.7828 63
1757556984213 296278008934.62646 64
1757556984284 294263527431.52374 65
1757556984343 292328654922.4939 66
1757556984404 290470002540.5597 67
1757556984464 288684335533.50397 68
1757556984526 286968565640.50916 69
1757556984586 285319743895.7319 70
1757556984644 283735053830.3971 71
1757556984706 282211805047.2915 72
1757556984765 280747427143.6076 73
1757556984828 279339463959.97504 74
1757556984888 277985568135.2168 75
1757556984947 276683495947.92554 76
1757556985007 275431102427.3608 77
1757556985071 274226336717.45587 78
1757556985130 273067237678.89435 79
1757556985190 271951929715.28687 80
1757556985281 270878618810.45868 81
1757556985341 269845588764.75275 82
1757556985404 268851197619.07748 83
1757556985471 267893874256.18085 84
1757556985540 266972115169.32715 85
1757556985602 266084481389.1915 86
1757556985663 265229595560.37433 87
1757556985723 264406139159.483 88
1757556985785 263612849847.22806 89
1757556985843 262848518947.44675 90
1757556985905 262111989046.39737 91
1757556985963 261402151706.0645 92
1757556986023 260717945285.5889 93
1757556986087 260058352865.27808 94
1757556986145 259422400267.97476 95
1757556986206 258809154172.85938 96
1757556986269 258217720317.04172 97
1757556986330 257647241780.5555 98
1757556986392 257096897350.6154 99
1757556986452 256565899961.2205 100
1757556986516 256053495204.40396 101
1757556986580 255558959909.62692 102
1757556986658 255081600788.0022 103
1757556986720 254620753138.20828 104
1757556986782 254175779611.12317 105
1757556986842 253746069030.3571 106
1757556986907 253331035266.0144 107
1757556986967 252930116159.15085 108
1757556987028 252542772494.52097 109
1757556987091 252168487019.33493 110
1757556987150 251806763505.85858 111
1757556987249 251457125855.79865 112
1757556987315 251119117244.5195 113
1757556987376 250792299303.2338 114
1757556987438 250476251337.40298 115
1757556987500 250170569579.668 116
1757556987561 249874866475.71594 117
1757556987656 249588770001.56387 118
1757556987720 249311923010.81683 119
1757556987784 249043982610.5249 120
1757556987848 248784619564.3325 121
1757556987911 248533517721.67505 122
1757556987974 248290373471.8375 123
1757556988036 248054895221.7465 124
1757556988098 247826802896.42123 125
1757556988161 247605827461.05905 126
1757556988227 247391710463.78064 127
1757556988288 247184203598.10464 128
1757556988349 246983068284.2675 129
1757556988411 246788075268.542 130
1757556988476 246599004239.75192 131
1757556988536 246415643462.21463 132
1757556988599 246237789424.37927 133
1757556988660 246065246502.46487 134
1757556988723 245897826638.43112 135
1757556988783 245735349031.64862 136
1757556988844 245577639843.66208 137
1757556988908 245424531915.4699 138
1757556988967 245275864496.76862 139
1757556989029 245131482986.63583 140
1757556989091 244991238685.15143 141
1757556989156 244854988555.47577 142
1757556989217 244722594995.92993 143
1757556989282 244593925621.63992 144
1757556989373 244468853055.32907 145
1757556989436 244347254726.86044 146
1757556989499 244229012681.14935 147
1757556989561 244114013394.08362 148
1757556989623 244002147596.10413 149
1757556989683 243893310103.11578 150
1757556989743 243787399654.41263 151
1757556989809 243684318757.31415 152
1757556989877 243583973538.2254 153
1757556989938 243486273599.84497 154
1757556989999 243391131884.25693 155
1757556990060 243298464541.6558 156
1757556990124 243208190804.46323 157
1757556990188 243120232866.6074 158
1757556990288 243034515767.74408 159
1757556990374 242950967282.21103 160
1757556990441 242869517812.513 161
1757556990513 242790100287.14728 162
1757556990595 242712650062.58408 163
1757556990674 242637104829.2288 164
1757556990736 242563404521.1956 165
1757556990797 242491491229.73398 166
1757556990861 242421309120.15378 167
1757556990925 242352804352.10156 168
1757556990986 242285925003.0487 169
1757556991053 242220620994.85645 170
1757556991115 242156844023.28864 171
1757556991180 242094547490.3513 172
1757556991243 242033686439.33823 173
1757556991304 241974217492.4731 174
1757556991368 241916098791.03824 175
1757556991431 241859289937.88806 176
1757556991495 241803751942.2475 177
1757556991557 241749447166.70242 178
1757556991618 241696339276.29 179
1757556991682 241644393189.60355 180
1757556991746 241593575031.8286 181
1757556991809 241543852089.63086 182
1757556991872 241495192767.8201 183
1757556991936 241447566547.71756 184
1757556991999 241400943947.15665 185
1757556992071 241355296482.05035 186
1757556992134 241310596629.4624 187
1757556992200 241266817792.1194 188
1757556992266 241223934264.30676 189
1757556992330 241181921199.09143 190
1757556992394 241140754576.81793 191
1757556992459 241100411174.82635 192
1757556992524 241060868538.3425 193
1757556992587 241022104952.49347 194
1757556992651 240984099415.40277 195
1757556992717 240946831612.32184 196
1757556992779 240910281890.75656 197
1757556992841 240874431236.54825 198
1757556992903 240839261250.87152 199
1757556992966 240804754128.1121 200
1757556993030 240770892634.5894 201
1757556993093 240737660088.09064 202
1757556993283 240705040338.183 203
1757556993392 240673017747.27496 204
1757556993523 240641577172.3948 205
1757556993617 240610703947.65936 206
1757556993690 240580383867.4056 207
1757556993760 240550603169.95795 208
1757556993826 240521348522.00726 209
1757556993892 240492607003.5772 210
1757556993952 240464366093.5539 211
1757556994016 240436613655.75842 212
1757556994075 240409337925.53952 213
1757556994139 240382527496.8669 214
1757556994205 240356171309.90515 215
1757556994283 240330258639.0495 216
1757556994346 240304779081.406 217
1757556994410 240279722545.69836 218
1757556994469 240255079241.58456 219
1757556994529 240230839669.3682 220
1757556994595 240206994610.08847 221
1757556994668 240183535115.97498 222
1757556994730 240160452501.2521 223
1757556994800 240137738333.28076 224
1757556994898 240115384424.02396 225
1757556994962 240093382821.82294 226
1757556995036 240071725803.4741 227
1757556995104 240050405866.5926 228
1757556995182 240029415722.25342 229
1757556995354 240008748287.89917 230
1757556995428 239988396680.50357 231
1757556995493 239968354209.98138 232
1757556995555 239948614372.8361 233
1757556995619 239929170846.0347 234
1757556995680 239910017481.10318 235
1757556995743 239891148298.43173 236
1757556995807 239872557481.78464 237
1757556995870 239854239373.00427 238
1757556995929 239836188466.90466 239
1757556995997 239818399406.3449 240
1757556996061 239800866977.47763 241
1757556996125 239783586105.16525 242
1757556996234 239766551848.557 243
1757556996304 239749759396.8226 244
1757556996368 239733204065.03458 245
1757556996436 239716881290.19504 246
1757556996512 239700786627.40164 247
1757556996586 239684915746.14633 248
1757556996651 239669264426.74353 249
1757556996720 239653828556.88174 250
1757556996797 239638604128.29477 251
1757556996874 239623587233.54785 252
1757556996940 239608774062.93405 253
1757556997004 239594160901.47824 254
1757556997075 239579744126.0428 255
1757556997139 239565520202.5331 256
1757556997213 239551485683.19788 257
1757556997283 239537637204.02176 258
1757556997356 239523971482.2061 259
1757556997428 239510485313.7354 260
1757556997492 239497175571.02606 261
1757556997563 239484039200.65378 262
1757556997624 239471073221.15802 263
1757556997694 239458274720.91998 264
1757556997774 239445640856.11127 265
1757556997840 239433168848.7111 266
1757556997911 239420855984.5901 267
1757556997980 239408699611.65643 268
1757556998055 239396697138.06497 269
1757556998115 239384846030.48386 270
1757556998187 239373143812.41953 271
1757556998258 239361588062.59598 272
1757556998340 239350176423.22324 273
1757556998412 239338906573.5995 274
1757556998486 239327776246.30313 275
1757556998555 239316783224.46677 276
1757556998629 239305925339.75095 277
1757556998711 239295200470.68826 278
1757556998782 239284606541.23407 279
1757556998850 239274141519.44028 280
1757556998921 239263803416.20935 281
1757556998993 239253590284.1074 282
1757556999059 239243500216.22516 283
1757556999125 239233531345.0789 284
1757556999196 239223681841.54913 285
1757556999270 239213949913.85416 286
1757556999336 239204333806.55585 287
1757556999408 239194831799.59772 288
1757556999480 239185442207.37213 289
1757556999562 239176163377.81808 290
1757556999633 239166993691.5454 291
1757556999705 239157931560.9877 292
1757556999774 239148975429.58008 293
1757556999843 239140123794.2424 294
1757556999920 239131375146.0611 295
1757556999996 239122728010.80444 296
1757557000076 239114180945.19846 297
1757557000148 239105732534.72424 298
1757557000220 239097381392.1863 299
1757557000298 239089126156.67578 300
1757557000382 239080965492.74146 301
1757557000472 239072898089.67358 302
1757557000556 239064922660.8525 303
1757557000635 239057037943.13974 304
1757557000726 239049242696.29745 305
1757557000818 239041535702.4305 306
1757557000889 239033915765.44794 307
1757557000968 239026381710.54166 308
1757557001051 239018932383.6809 309
1757557001126 239011566651.12158 310
1757557001204 239004283398.9306 311
1757557001288 238997081532.52325 312
1757557001355 238989959976.21442 313
1757557001430 238982917672.78284 314
1757557001511 238975953583.04712 315
1757557001609 238969066685.45456 316
1757557001697 238962255975.68137 317
1757557001789 238955520466.24362 318
1757557001868 238948859186.12033 319
1757557001952 238942271180.38593 320
1757557002032 238935755509.85336 321
1757557002111 238929311250.72772 322
1757557002189 238922937494.26825 323
1757557002274 238916633346.4608 324
1757557002357 238910397927.69858 325
1757557002432 238904230372.47177 326
1757557002514 238898129829.0661 327
1757557002601 238892095459.2683 328
1757557002678 238886126438.08133 329
1757557002755 238880221953.4454 330
1757557002832 238874381205.96786 331
1757557002907 238868603408.65936 332
1757557002989 238862887786.67776 333
1757557003066 238857233577.07806 334
1757557003145 238851640028.56937 335
1757557003226 238846106401.27823 336
1757557003306 238840631966.51782 337
1757557003387 238835216006.56326 338
1757557003465 238829857814.4332 339
1757557003543 238824556693.6758 340
1757557003629 238819311958.16183 341
1757557003709 238814122931.88147 342
1757557003798 238808988948.74725 343
1757557003898 238803909352.40176 344
1757557003985 238798883496.0299 345
1757557004069 238793910742.17593 346
1757557004158 238788990462.56555 347
1757557004235 238784122037.9314 348
1757557004315 238779304857.84384 349
1757557004420 238774538320.54544 350
1757557004514 238769821832.7893 351
1757557004613 238765154809.68176 352
1757557004703 238760536674.5285 353
1757557004798 238755966858.6844 354
1757557004890 238751444801.40762 355
1757557004985 238746969949.71603 356
1757557005071 238742541758.24783 357
1757557005155 238738159689.12546 358
1757557005245 238733823211.82214 359
1757557005336 238729531803.03217 360
1757557005425 238725284946.5438 361
1757557005514 238721082133.11505 362
1757557005613 238716922860.35294 363
1757557005708 238712806632.59457 364
1757557005793 238708732960.79147 365
1757557005878 238704701362.39676 366
1757557005969 238700711361.25415 367
1757557006068 238696762487.4902 368
1757557006168 238692854277.40833 369
1757557006267 238688986273.3855 370
1757557006361 238685158023.7713 371
1757557006453 238681369082.78885 372
1757557006550 238677619010.4381 373
1757557006646 238673907372.40134 374
1757557006740 238670233739.95056 375
1757557006839 238666597689.8565 376
1757557006939 238662998804.30078 377
1757557007036 238659436670.78818 378
1757557007126 238655910882.0622 379
1757557007214 238652421036.0219 380
1757557007306 238648966735.64026 381
1757557007418 238645547588.8845 382
1757557007508 238642163208.63794 383
1757557007597 238638813212.6236 384
1757557007691 238635497223.32916 385
1757557007781 238632214867.9336 386
1757557007881 238628965778.2352 387
1757557007975 238625749590.5811 388
1757557008072 238622565945.79837 389
1757557008171 238619414489.126 390
1757557008260 238616294870.14868 391
1757557008344 238613206742.7318 392
1757557008433 238610149764.9576 393
1757557008533 238607123599.06265 394
1757557008626 238604127911.37646 395
1757557008711 238601162372.26135 396
1757557008798 238598226656.05338 397
1757557008888 238595320441.00473 398
1757557008974 238592443409.2265 399
1757557009056 238589595246.63342 400
1757557009137 238586775642.88867 401
1757557009220 238583984291.35086 402
1757557009305 238581220889.0208 403
1757557009388 238578485136.49008 404
1757557009467 238575776737.89035 405
1757557009545 238573095400.84335 406
1757557009634 238570440836.41226 407
1757557009723 238567812759.05313 408
1757557009811 238565210886.56848 409
1757557009896 238562634940.0603 410
1757557009991 238560084643.8849 411
1757557010079 238557559725.60806 412
1757557010163 238555059915.96118 413
1757557010248 238552584948.79828 414
1757557010337 238550134561.0532 415
1757557010430 238547708492.69827 416
1757557010518 238545306486.70328 417
1757557010611 238542928288.99527 418
1757557010701 238540573648.4188 419
1757557010791 238538242316.69714 420
1757557010892 238535934048.39435 421
1757557010997 238533648600.87704 422
1757557011094 238531385734.27795 423
1757557011192 238529145211.45956 424
1757557011277 238526926797.97775 425
1757557011362 238524730262.04745 426
1757557011460 238522555374.50754 427
1757557011555 238520401908.787 428
1757557011662 238518269640.87115 429
1757557011751 238516158349.26932 430
1757557011840 238514067814.98172 431
1757557011930 238511997821.46814 432
1757557012020 238509948154.61606 433
1757557012104 238507918602.7103 434
1757557012170 238505908956.40207 435
1757557012247 238503919008.67938 436
1757557012312 238501948554.83765 437
1757557012380 238499997392.4503 438
1757557012445 238498065321.3405 439
1757557012522 238496152143.5532 440
1757557012593 238494257663.32687 441
1757557012679 238492381687.0669 442
1757557012765 238490524023.31833 443
1757557012851 238488684482.73953 444
1757557012937 238486862878.076 445
1757557013027 238485059024.13495 446
1757557013112 238483272737.75995 447
1757557013189 238481503837.8058 448
1757557013260 238479752145.11432 449
1757557013332 238478017482.4899 450
1757557013402 238476299674.67593 451
1757557013470 238474598548.331 452
1757557013544 238472913932.0061 453
1757557013619 238471245656.12155 454
1757557013691 238469593552.9448 455
1757557013767 238467957456.56787 456
1757557013837 238466337202.88596 457
1757557013908 238464732629.57562 458
1757557013985 238463143576.0736 459
1757557014056 238461569883.55612 460
1757557014133 238460011394.9179 461
1757557014206 238458467954.752 462
1757557014284 238456939409.32986 463
1757557014375 238455425606.58136 464
1757557014460 238453926396.07535 465
1757557014530 238452441629.00046 466
1757557014603 238450971158.1461 467
1757557014672 238449514837.8838 468
1757557014744 238448072524.1485 469
1757557014816 238446644074.42084 470
1757557014886 238445229347.7086 471
1757557014956 238443828204.5295 472
1757557015039 238442440506.8935 473
1757557015106 238441066118.28525 474
1757557015190 238439704903.6477 475
1757557015279 238438356729.36484 476
1757557015365 238437021463.2454 477
1757557015451 238435698974.506 478
1757557015535 238434389133.75586 479
1757557015621 238433091812.9802 480
1757557015688 238431806885.52444 481
1757557015758 238430534226.0795 482
1757557015820 238429273710.6655 483
1757557015883 238428025216.61743 484
1757557015949 238426788622.56967 485
1757557016011 238425563808.44174 486
1757557016083 238424350655.42334 487
1757557016159 238423149045.96027 488
1757557016246 238421958863.7402 489
1757557016332 238420779993.67865 490
1757557016420 238419612321.90524 491
1757557016507 238418455735.74994 492
1757557016596 238417310123.72974 493
1757557016686 238416175375.5353 494
1757557016773 238415051382.01782 495
1757557016857 238413938035.17612 496
1757557016942 238412835228.14362 497
1757557017026 238411742855.17618 498
1757557017114 238410660811.63898 499
