1757529912468 1053298095638.9517 0
1757529912487 859255277370.5441 1
1757529912505 649612435317.3505 2
1757529912524 494996101779.2414 3
1757529912547 396395573056.05945 4
1757529912568 336061531020.9572 5
1757529912588 299405176840.3277 6
1757529912607 277513095384.16345 7
1757529912626 264779830763.8862 8
1757529912644 257416335330.28244 9
1757529912668 252983204261.71185 10
1757529912687 250100946149.33264 11
1757529912706 248079720704.13675 12
1757529912724 246585746089.14474 13
1757529912747 245439791482.62152 14
1757529912766 244530813039.98645 15
1757529912791 243786629008.89465 16
1757529912812 243161519172.06012 17
1757529912835 242626978518.93787 18
1757529912855 242164502994.22 19
1757529912876 241761099194.06738 20
1757529912899 241407012245.70187 21
1757529912924 241094647058.26242 22
1757529912952 240817968062.4155 23
1757529912973 240572089047.05225 24
1757529912992 240352979941.22903 25
1757529913012 240157265545.48578 26
1757529913033 239982087274.14474 27
1757529913054 239825004967.88284 28
1757529913075 239683921196.82047 29
1757529913097 239557021469.2271 30
1757529913117 239442726866.3197 31
1757529913136 239339656580.0313 32
1757529913159 239246598079.92007 33
