1757545446670 1.1551501577465716e+16 0
1757545447156 1.739064880285741e+19 1
1757545447652 9.610151784516286e+23 2
1757545448132 8.340342790906795e+26 3
1757545448625 2.721887218350468e+30 4
1757545449126 8.859418448452516e+35 5
1757545449634 1.2534542526520861e+36 6
1757545450147 7.129869650978903e+41 7
1757545450624 4.308630105825306e+44 8
1757545451123 1.1866175921169982e+51 9
1757545451607 3.865882976046154e+53 10
1757545452095 3.551870029678899e+57 11
1757545452584 2.5698343319095506e+62 12
1757545453087 5.10293907307195e+64 13
1757545453599 6.751751363122782e+68 14
1757545454099 4.6831552359686964e+73 15
1757545454677 6.319100283322001e+76 16
1757545455185 3.01670128208437e+80 17
1757545455684 4.155448859918449e+85 18
1757545456184 1.337303447708228e+88 19
1757545456658 8.287972070589429e+90 20
1757545457150 6.923731588384455e+97 21
1757545457630 1.5661841732692915e+97 22
1757545458123 1.6404403761446032e+97 23
1757545458615 3.2721955741708824e+100 24
1757545459101 1.4205733681136238e+103 25
1757545459612 1.236513914377756e+107 26
1757545460104 4.628161739840724e+107 27
1757545460604 3.2600146225794077e+112 28
1757545461103 5.954824956825941e+116 29
1757545461589 1.7473266440461937e+119 30
1757545462073 6.416675873104776e+121 31
1757545462565 2.65593550790658e+125 32
1757545463058 1.0785291446189336e+129 33
1757545463557 5.0238714982085496e+132 34
1757545464055 1.3042060943697982e+135 35
1757545464555 6.257966355508982e+137 36
1757545465048 3.4651571521789454e+140 37
1757545465549 1.5332664582803852e+140 38
1757545466037 1.6588554319648292e+145 39
1757545466517 1.1797887595362076e+148 40
1757545467004 2.691286560605178e+148 41
1757545467494 9.289317630347964e+152 42
1757545467990 6.371903423049246e+157 43
1757545468472 1.716314983314811e+161 44
1757545468960 9.115751518370738e+164 45
1757545469479 1.5220409334596166e+165 46
1757545469971 1.0312702787928943e+170 47
1757545470488 8.656053591512874e+172 48
1757545470984 5.14994902288191e+173 49
1757545471474 2.0059578255456692e+176 50
1757545471962 9.836944967109899e+179 51
1757545472445 2.061536732669525e+187 52
1757545472976 4.7831177361344455e+188 53
1757545473493 1.747990624229827e+191 54
1757545474028 4.791020055315595e+192 55
1757545474581 1.1564119054792969e+194 56
1757545475149 1.6661518026834299e+199 57
1757545475659 5.773754250564505e+204 58
1757545476150 8.694614223859196e+207 59
1757545476644 3.3700233480819914e+210 60
1757545477144 4.314411921299491e+214 61
1757545477648 6.398635900339675e+216 62
1757545478120 7.035373813211626e+219 63
1757545478618 2.8955115894537796e+223 64
1757545479105 1.0608222772599907e+227 65
1757545479600 1.4631668387455387e+231 66
1757545480084 2.701960173464134e+231 67
1757545480598 4.383841597702236e+239 68
1757545481089 4.4560029235133995e+241 69
1757545481585 6.474945536773568e+245 70
1757545482073 4.805452518223377e+251 71
1757545482560 4.329476715734613e+250 72
1757545483083 1.829611785233991e+251 73
1757545483567 1.4594051111109296e+257 74
1757545484059 3.0083529259405818e+259 75
1757545484547 1.2253317235285728e+265 76
1757545485036 7.277769009731355e+265 77
1757545485542 5.6939838392242785e+268 78
1757545486044 1.8766977649834156e+275 79
1757545486545 3.893624581623674e+275 80
1757545487030 7.177321519580624e+281 81
1757545487512 2.547727372200457e+282 82
1757545488004 1.3097510015654976e+286 83
1757545488492 4.56106912673388e+289 84
1757545488980 1.866850212094063e+293 85
1757545489470 9.80543760436542e+293 86
1757545489973 3.0064437139292274e+297 87
1757545490461 3.746508665207534e+299 88
1757545490961 1.0667863199780516e+302 89
1757545491452 1.0978036946924635e+305 90
