1757589568064 1053301925222.4781 0
1757589568128 825695531730.1677 1
1757589568197 824639990128.2034 2
1757589568278 4613872824039.16 3
1757589568354 68711271695195.46 4
1757589568427 1112968429835029.1 5
1757589568498 1.810642172019301e+16 6
1757589568592 2.9463615415571046e+17 7
1757589568684 4.794522617515948e+18 8
1757589568777 7.80198392674024e+19 9
1757589568871 1.269593677754739e+21 10
1757589568964 2.065972099114283e+22 11
1757589569052 3.3618950612350636e+23 12
1757589569127 5.470712023513098e+24 13
1757589569200 8.90232725861259e+25 14
1757589569292 1.4486492851171225e+27 15
1757589569378 2.3573439734425306e+28 16
1757589569450 3.836035861969537e+29 17
1757589569526 6.24226727202104e+30 18
1757589569626 1.0157856208189573e+32 19
1757589569722 1.6529577836042953e+33 20
1757589569815 2.689809127417247e+34 21
1757589569907 4.377046536639883e+35 22
1757589569999 7.12263788111511e+36 23
1757589570081 1.1590457163482932e+38 24
1757589570156 1.8860806838814178e+39 25
1757589570226 3.0691631019683003e+40 26
1757589570298 4.994357996975226e+41 27
1757589570377 8.127170493465699e+42 28
1757589570452 1.3225103260491613e+44 29
1757589570525 2.1520817902280954e+45 30
1757589570617 3.502018805151612e+46 31
1757589570710 5.698731231927617e+47 32
1757589570805 9.273376146916852e+48 33
1757589570898 1.509028969122277e+50 34
1757589570992 2.4555980406416915e+51 35
1757589571086 3.99592178850656e+52 36
1757589571163 6.5024448935009324e+53 37
1757589571230 1.0581235527339705e+55 38
1757589571311 1.721853043259781e+56 39
1757589571389 2.801920338057501e+57 40
1757589571459 4.5594817813007663e+58 41
1757589571529 7.4195093385224475e+59 42
1757589571610 1.2073547272452793e+61 43
1757589571704 1.9646925030918719e+62 44
1757589571798 3.1970857815022406e+63 45
1757589571894 5.202522775547968e+64 46
1757589571988 8.465910857536468e+65 47
1757589572082 1.3776325398249678e+67 48
1757589572158 2.241780532209456e+68 49
1757589572235 3.6479829049565044e+69 50
1757589572310 5.936254278084504e+70 51
1757589572384 9.659890348224309e+71 52
1757589572456 1.571925277598239e+73 53
1757589572533 2.557947336127381e+74 54
1757589572612 4.162471758453083e+75 55
1757589572704 6.773466714975662e+76 56
1757589572797 1.1022261291193387e+78 57
1757589572892 1.793619856472221e+79 58
1757589572993 2.9187043425488554e+80 59
1757589573086 4.749520924667271e+81 60
1757589573168 7.728754394545114e+82 61
1757589573245 1.2576772571095676e+84 62
1757589573324 2.0465808619394456e+85 63
1757589573396 3.330340276712122e+86 64
1757589573470 5.419363859476528e+87 65
1757589573547 8.818769915726258e+88 66
1757589573628 1.4350522467784688e+90 67
1757589573722 2.3352179166297513e+91 68
1757589573818 3.800030786607607e+92 69
1757589573914 6.183677281821367e+93 70
1757589574013 1.0062514456586723e+95 71
1757589574107 1.6374431034213492e+96 72
1757589574203 2.6645625489631697e+97 73
1757589574296 4.335963529054689e+98 74
1757589574392 7.055784722564701e+99 75
1757589574487 1.1481669003344062e+101 76
1757589574587 1.8683779095577816e+102 77
1757589574668 3.0403559028803113e+103 78
1757589574743 4.947480897141944e+104 79
1757589574820 8.050888780617918e+105 80
1757589574895 1.310097229386429e+107 81
1757589574966 2.1318823265550853e+108 82
1757589575044 3.4691488176083667e+109 83
1757589575114 5.6452428770592145e+110 84
1757589575203 9.186336135028702e+111 85
1757589575302 1.4948652063964811e+113 86
1757589575401 2.4325497700589123e+114 87
1757589575498 3.958416022055855e+115 88
1757589575595 6.441412873245779e+116 89
1757589575678 1.0481919932727802e+118 90
1757589575759 1.705691711401718e+119 91
1757589575830 2.775621482530623e+120 92
1757589575910 4.516686434475539e+121 93
1757589575988 7.34986974116354e+122 94
1757589576063 1.1960224823165992e+124 95
1757589576135 1.946251877356817e+125 96
1757589576223 3.16707789871816e+126 97
1757589576323 5.153691838782542e+127 98
1757589576419 8.386449723855491e+128 99
1757589576515 1.3647020654492735e+130 100
1757589576614 2.2207391551443152e+131 101
1757589576712 3.6137428967454075e+132 102
1757589576812 5.880536529257178e+133 103
1757589576909 9.569222509734164e+134 104
1757589577007 1.557171169419977e+136 105
1757589577103 2.5339384139162804e+137 106
1757589577198 4.123402752127903e+138 107
1757589577269 6.709890880882985e+139 108
1757589577346 1.0918806223845725e+141 109
1757589577427 1.776784920505339e+142 110
1757589577499 2.891309351053998e+143 111
1757589577596 4.704941868323992e+144 112
1757589577696 7.656212219643146e+145 113
1757589577770 1.2458726843546276e+147 114
1757589577843 2.027371631155429e+148 115
1757589577923 3.2990816657505954e+149 116
1757589578002 5.3684976498802105e+150 117
1757589578080 8.735996842991785e+151 118
1757589578160 1.4215828303932537e+153 119
1757589578246 2.313299535232896e+154 120
1757589578339 3.764363655284429e+155 121
1757589578436 6.125637217922888e+156 122
1757589578534 9.968067583727348e+157 123
1757589578634 1.6220740441995712e+159 124
1757589578732 2.6395529351759326e+160 125
1757589578831 4.2952661270367156e+161 126
1757589578929 6.989559048505794e+162 127
1757589579029 1.1373901930089097e+164 128
1757589579131 1.8508412936713077e+165 129
1757589579229 3.011819088484125e+166 130
1757589579324 4.901043786290351e+167 131
1757589579422 7.975323048777389e+168 132
1757589579518 1.2978006421873634e+170 133
1757589579614 2.111872455273305e+171 134
1757589579711 3.436587348134657e+172 135
1757589579798 5.592256564485925e+173 136
1757589579872 9.100113081662467e+174 137
1757589579955 1.4808343849055318e+176 138
1757589580032 2.4097178308007794e+177 139
1757589580114 3.9212622851472056e+178 140
1757589580189 6.380953700213179e+179 141
1757589580278 1.0383536515394198e+181 142
1757589580375 1.689682069984661e+182 143
1757589580478 2.7495694683549304e+183 144
1757589580574 4.474292765252726e+184 145
1757589580670 7.280883781841817e+185 146
1757589580766 1.1847966019651598e+187 147
1757589580861 1.927984335540493e+188 148
1757589580956 3.1373516702564256e+189 149
1757589581053 5.105319229733993e+190 150
1757589581148 8.307734413261146e+191 151
1757589581239 1.3518929566502278e+193 152
1757589581315 2.199895272678894e+194 153
1757589581389 3.579824265633088e+195 154
1757589581467 5.8253417478414756e+196 155
1757589581548 9.479405680586836e+197 156
1757589581623 1.5425555434655543e+199 157
1757589581702 2.5101548397167014e+200 158
1757589581793 4.0847004479316475e+201 159
1757589581890 6.646911770277898e+202 160
1757589581994 1.081632218691355e+204 161
1757589582092 1.7601079974351365e+205 162
1757589582190 2.8641714892547387e+206 163
1757589582269 4.6607812315005416e+207 164
1757589582340 7.584350926403521e+208 165
1757589582419 1.234178909451164e+210 166
1757589582498 2.0083426984256944e+211 167
1757589582582 3.268116448460017e+212 168
1757589582653 5.318108871094182e+213 169
1757589582735 8.654000679240703e+214 170
1757589582832 1.4082398381003778e+216 171
1757589582928 2.2915868800081615e+217 172
1757589583029 3.72903129605345e+218 173
1757589583125 6.06814191871116e+219 174
1757589583221 9.87450719026946e+220 175
1757589583304 1.60684923913897e+222 176
1757589583397 2.6147780619024796e+223 177
1757589583474 4.2549507112877195e+224 178
1757589583553 6.923954969361796e+225 179
1757589583627 1.126714635978497e+227 180
1757589583704 1.8334692766570225e+228 181
1757589583794 2.983550120945958e+229 182
1757589583895 4.855042534678795e+230 183
1757589583995 7.900466577738223e+231 184
1757589584095 1.2856194708928183e+233 185
1757589584198 2.09205039686644e+234 186
1757589584286 3.4043315009763876e+235 187
1757589584369 5.5397675820330895e+236 188
1757589584453 9.014699318836287e+237 189
1757589584535 1.466935256861501e+239 190
1757589584620 2.3871001923790296e+240 191
1757589584710 3.8844572736273177e+241 192
1757589584812 6.321061997652528e+242 193
1757589584913 1.0286076525912227e+244 194
1757589585014 1.6738226952403744e+245 195
1757589585115 2.723761978674646e+246 196
1757589585216 4.432297003481727e+247 197
1757589585314 7.212545325503185e+248 198
1757589585402 1.1736760878518203e+250 199
1757589585491 1.909888253075276e+251 200
1757589585581 3.107904452506373e+252 201
1757589585680 5.057400646533126e+253 202
1757589585778 8.22975792544937e+254 203
1757589585876 1.3392040742891363e+256 204
1757589585976 2.1792470311266114e+257 205
1757589586078 3.5462239951704407e+258 206
1757589586179 5.770665025259335e+259 207
1757589586279 9.390431873198918e+260 208
1757589586375 1.528077099939232e+262 209
1757589586465 2.4865944984096306e+263 210
1757589586553 4.04636140399391e+264 211
1757589586638 6.584523782306829e+265 212
1757589586729 1.0714800066294198e+267 213
1757589586819 1.7435876041507264e+268 214
1757589586919 2.837288343728756e+269 215
1757589587023 4.617035086906461e+270 216
1757589587181 7.513164124063116e+271 217
1757589587286 1.2225948924492698e+273 218
1757589587388 1.9894923714706372e+274 219
1757589587489 3.237441871044044e+275 220
1757589587589 5.268193041947449e+276 221
1757589587690 8.572774132396453e+277 222
1757589587791 1.3950220832818703e+279 223
1757589587881 2.2700780200073627e+280 224
1757589587969 3.69403056674e+281 225
1757589588057 6.011186271018657e+282 226
1757589588143 9.781824955707363e+283 227
1757589588233 1.591767334268356e+285 228
1757589588323 2.5902357258657072e+286 229
1757589588421 4.215013696480297e+287 230
1757589588523 6.858966650835859e+288 231
1757589588629 1.1161392798453609e+290 232
1757589588737 1.816260313588061e+291 233
1757589588839 2.955546486252191e+292 234
1757589588925 4.809473051327632e+293 235
1757589589008 7.826312710370603e+294 236
1757589589088 1.2735526322078161e+296 237
1757589589165 2.0724143885207156e+297 238
1757589589247 3.372378407559082e+298 239
1757589589334 5.487771261754621e+299 240
1757589589430 8.930087250540041e+300 241
1757589589527 1.453166586188219e+302 242
1757589589628 2.3646948433636108e+303 243
1757589589725 3.8479977143557824e+304 244
1757589589823 inf 245
