1757569418333 1019578794230.9694 0
1757569418394 804760458974.4695 1
1757569418456 1121200112919.7405 2
1757569418531 14311826477209.965 3
1757569418591 336246309419248.5 4
1757569418657 8110762669282260.0 5
1757569418719 1.958216017475755e+17 6
1757569418785 4.727965528701348e+18 7
1757569418850 1.141533316271844e+20 8
1757569418911 2.7561503355342076e+21 9
1757569418971 6.654527365859315e+22 10
1757569419034 1.606687918687826e+24 11
1757569419096 3.8792327782238926e+25 12
1757569419161 9.36612939734529e+26 13
1757569419219 2.261384786711868e+28 14
1757569419284 5.459951423498813e+29 15
1757569419348 1.318266122693529e+31 16
1757569419421 3.1828590319724712e+32 17
1757569419490 7.684784917865875e+33 18
1757569419561 1.8554362175839396e+35 19
1757569419625 4.4798177103416455e+36 20
1757569419692 1.081619865328664e+38 21
1757569419772 2.6114936113870966e+39 22
1757569419833 6.305264077452308e+40 23
1757569419898 1.522360801996902e+42 24
1757569419959 3.675631001315788e+43 25
1757569420021 8.874547505500736e+44 26
1757569420087 2.1426958636271158e+46 27
1757569420150 5.173385528849792e+47 28
1757569420214 1.249076842142543e+49 29
1757569420275 3.015806475036989e+50 30
1757569420344 7.281448497014974e+51 31
1757569420408 1.7580535307402743e+53 32
1757569420473 4.2446941954137306e+54 33
1757569420547 1.0248509785132855e+56 34
1757569420610 2.4744292045690252e+57 35
1757569420670 5.974331894873357e+58 36
1757569420732 1.4424595993368792e+60 37
1757569420793 3.482715276505766e+61 38
1757569420854 8.4087663202371e+62 39
1757569420918 2.0302363361524936e+64 40
1757569420975 4.901860063246086e+65 41
1757569421036 1.1835189653428664e+67 42
1757569421096 2.857521682083009e+68 43
1757569421157 6.899281213638156e+69 44
1757569421221 1.6657819803544645e+71 45
1757569421287 4.021911152988647e+72 46
1757569421355 9.710616103010313e+73 47
1757569421416 2.344558631783117e+75 48
1757569421487 5.660768708758496e+76 49
1757569421548 1.3667520163353122e+78 50
1757569421608 3.2999247456735026e+79 51
1757569421673 7.967431689844143e+80 52
1757569421739 1.923679254066644e+82 53
1757569421805 4.6445856288211035e+83 54
1757569421868 1.1214018978396804e+85 55
1757569421929 2.707544476465231e+86 56
1757569421987 6.537172004220579e+87 57
1757569422049 1.5783533081072942e+89 58
1757569422114 3.810820892589102e+90 59
1757569422178 9.200953804701888e+91 60
1757569422253 2.221504324196695e+93 61
1757569422330 5.3636629062333616e+94 62
1757569422397 1.2950179506000584e+96 63
1757569422466 3.126727987374778e+97 64
1757569422548 7.549260535348348e+98 65
1757569422621 1.8227148271512486e+100 66
1757569422698 4.4008142593050816e+101 67
1757569422781 1.0625450485401596e+103 68
1757569422872 2.5654388339386288e+104 69
1757569422944 6.194068119486067e+105 70
1757569423021 1.4955133352343844e+107 71
1757569423086 3.6108097178134367e+108 72
1757569423150 8.718041164248523e+109 73
1757569423217 2.104908529701115e+111 74
1757569423280 5.082150720482873e+112 75
1757569423342 1.2270488518269289e+114 76
1757569423419 2.9626214718534127e+115 77
1757569423482 7.153037120257112e+116 78
1757569423547 1.727049524547148e+118 79
1757569423618 4.169837245485061e+119 80
1757569423682 1.0067773046863636e+121 81
1757569423745 2.430791615018133e+122 82
1757569423807 5.868972063770533e+123 83
1757569423870 1.4170212235598023e+125 84
1757569423934 3.421296142154246e+126 85
1757569423993 8.260474224171372e+127 86
1757569424051 1.994432272829636e+129 87
1757569424113 4.815413719547572e+130 88
1757569424181 1.1626471154875719e+132 89
1757569424250 2.807128097144211e+133 90
1757569424311 6.777609516084266e+134 91
1757569424373 1.6364052213808204e+136 92
1757569424442 3.950983074795835e+137 93
1757569424507 9.539365343842522e+138 94
1757569424573 2.303211363870653e+140 95
1757569424636 5.560938695032826e+141 96
1757569424702 1.3426487753144869e+143 97
1757569424764 3.241729198460176e+144 98
1757569424826 7.82692271378848e+145 99
1757569424902 1.889754369264312e+147 100
1757569424969 4.562676426921044e+148 101
1757569425035 1.1016255083397702e+150 102
1757569425098 2.65979580200868e+151 103
1757569425162 6.421886253382786e+152 104
1757569425228 1.5505183901802473e+154 105
1757569425291 3.743615479051439e+155 106
1757569425357 9.038691152424413e+156 107
1757569425418 2.1823271702470935e+158 108
1757569425484 5.269072477071252e+159 109
1757569425551 1.2721797697036544e+161 110
1757569425616 3.071586837125524e+162 111
1757569425681 7.416126181758506e+163 112
1757569425744 1.790570492066358e+165 113
1757569425809 4.323204067030208e+166 114
1757569425874 1.0438066240898313e+168 115
1757569425939 2.5201962516709445e+169 116
1757569426006 6.084833148548464e+170 117
1757569426069 1.4691393347294173e+172 118
1757569426131 3.547131584641845e+173 119
1757569426208 8.564294877504678e+174 120
1757569426276 2.0677875911462332e+176 121
1757569426340 4.992524875958179e+177 122
1757569426404 1.2054093342945579e+179 123
1757569426470 2.910374408351013e+180 124
1757569426536 7.026890331608023e+181 125
1757569426600 1.6965922869155165e+183 126
1757569426663 4.096300429044165e+184 127
1757569426732 9.890223676245532e+185 128
1757569426793 2.3879235925327936e+187 129
1757569426853 5.765470297168609e+188 130
1757569426918 1.3920314641339165e+190 131
1757569426981 3.3609601598163394e+191 132
1757569427045 8.114797320979197e+192 133
1757569427121 1.9592596290748512e+194 134
1757569427187 4.730491893122628e+195 135
1757569427251 1.1421433493970068e+197 136
1757569427317 2.7576232240633013e+198 137
1757569427377 6.6580835495895075e+199 138
1757569427444 1.6075465337862565e+201 139
1757569427514 3.881305842801472e+202 140
1757569427578 9.371134663133726e+203 141
1757569427646 2.2625932722477845e+205 142
1757569427707 5.4628692251755826e+206 143
1757569427772 1.3189706049873828e+208 144
1757569427846 3.1845599539587543e+209 145
1757569427924 7.688891672043586e+210 146
1757569427996 1.85642776393422e+212 147
1757569428069 4.48221172790933e+213 148
1757569428154 1.0821978837049862e+215 149
1757569428217 2.6128891953121112e+216 150
1757569428283 6.3086336147741935e+217 151
1757569428351 1.5231743526232822e+219 152
1757569428418 3.6775952609706235e+220 153
1757569428482 8.879290069597571e+221 154
1757569428552 2.1438409217235424e+223 155
1757569428622 5.1761501895215684e+224 156
1757569428686 1.249744349638794e+226 157
1757569428745 3.0174181240255923e+227 158
1757569428810 7.285339707940801e+228 159
1757569428869 1.7589930357178627e+230 160
1757569428934 4.246962562818467e+231 161
1757569429002 1.0253986595586868e+233 162
1757569429064 2.47575154118375e+234 163
1757569429129 5.977524581816483e+235 164
1757569429198 1.4432304507073486e+237 165
1757569429264 3.484576441868791e+238 166
1757569429345 8.413259970558325e+239 167
1757569429407 2.0313212958025387e+241 168
1757569429473 4.904479620528206e+242 169
1757569429540 1.1841514386660956e+244 170
1757569429605 2.8590487435728453e+245 171
1757569429669 6.902968194113213e+246 172
1757569429736 1.666672175354066e+248 173
1757569429803 4.024060464987135e+249 174
1757569429871 9.715805462722405e+250 175
1757569429935 2.345811565477267e+252 176
1757569430002 5.663793827326166e+253 177
1757569430067 1.3674824095230106e+255 178
1757569430131 3.3016882276551226e+256 179
1757569430197 7.971689490644971e+257 180
1757569430261 1.924707269541058e+259 181
1757569430327 4.647067698474139e+260 182
1757569430394 1.1220011757606685e+262 183
1757569430458 2.708991390036512e+263 184
1757569430526 6.540665473292995e+264 185
1757569430600 1.5791967811662339e+266 186
1757569430667 3.812857397811882e+267 187
1757569430731 9.205870800542412e+268 188
1757569430796 2.2226914975869415e+270 189
1757569430863 5.366529251262341e+271 190
1757569430933 1.2957100090552663e+273 191
1757569430995 3.128398912893444e+274 192
1757569431064 7.553294865205784e+275 193
1757569431131 1.8236888871686974e+277 194
1757569431196 4.403166057375929e+278 195
1757569431267 1.0631128733216882e+280 196
1757569431334 2.5668098061599032e+281 197
1757569431399 6.19737823361397e+282 198
1757569431467 1.496312538556649e+284 199
1757569431535 3.6127393369312045e+285 200
1757569431607 8.72270009125235e+286 201
1757569431673 2.1060333942211225e+288 202
1757569431736 5.084866625212297e+289 203
1757569431803 1.2277045875504848e+291 204
1757569431865 2.964204698740898e+292 205
1757569431929 7.156859708057667e+293 206
1757569431989 1.7279724609631798e+295 207
1757569432055 4.1720656092859175e+296 208
1757569432119 1.0073153271484428e+298 209
1757569432185 2.4320906316759677e+299 210
1757569432250 5.872108446349816e+300 211
1757569432317 1.4177784806453273e+302 212
1757569432379 3.4231244850909935e+303 213
1757569432447 inf 214
1757569432516 inf 215
1757569432586 inf 216
