1757573474519 10715519084.710838 0
1757573475110 118028552.36947387 1
1757573475754 2042936311628.0947 2
1757573476434 175510914990744.97 3
1757573477087 1379991938113.441 4
1757573477731 1.0677434744492024e+16 5
1757573478401 3.1973952660348923e+18 6
1757573478999 1.5173247042780492e+19 7
1757573479652 2.7628147515574876e+22 8
1757573480223 1.1749257314055138e+21 9
1757573480843 1.031839631978134e+23 10
1757573481384 1.6021336445517586e+23 11
1757573482023 3.201135516844474e+26 12
1757573482532 2.0073917231540526e+28 13
1757573483145 2.138881717989807e+29 14
1757573483780 8.572225861257987e+30 15
1757573484458 3.6211404954446048e+31 16
1757573485073 7.736708350624404e+31 17
1757573485704 2.5171741651902237e+33 18
1757573486290 5.203481892934914e+35 19
1757573486893 9.98561096542147e+37 20
1757573487462 4.6332950895082424e+38 21
1757573488145 5.86942310722049e+40 22
1757573488831 1.899877955115243e+40 23
1757573489406 2.118051900495157e+42 24
1757573490053 8.530175783162148e+42 25
1757573490597 1.800458964260729e+46 26
1757573491236 1.5624047695724989e+47 27
1757573491859 1.0153123799915529e+49 28
1757573492489 2.7346726134506063e+50 29
1757573493151 1.103691657838637e+50 30
1757573493859 1.5556720250480077e+52 31
1757573494549 2.5210954716493498e+54 32
1757573495083 1.9641118717565978e+56 33
1757573495735 5.634875984643357e+57 34
1757573496364 5.762410365732414e+58 35
1757573497077 4.295394407439555e+60 36
1757573497789 2.099657464713935e+63 37
1757573498508 8.966540380317977e+64 38
1757573499221 1.9214568592192268e+65 39
1757573499942 2.960490075515111e+65 40
1757573500656 7.347905567527667e+66 41
1757573501334 2.016477197931655e+69 42
1757573501995 8.972436560115714e+71 43
1757573502645 5.724286610369409e+71 44
1757573503361 2.9958893371090644e+72 45
1757573504061 2.0529901451800306e+74 46
1757573504768 6.617188746357308e+76 47
1757573505474 2.2541831484622359e+77 48
1757573506173 5.637474179619267e+80 49
1757573506739 5.191491954721791e+80 50
1757573507272 9.10853972430859e+81 51
1757573507909 3.208659510135784e+82 52
1757573508478 3.8712757965733943e+84 53
1757573508960 9.810832725265394e+85 54
1757573509633 1.0687194693103483e+87 55
1757573510302 1.3545356217988606e+88 56
1757573510978 6.450862791666483e+89 57
1757573511658 8.407113164802733e+91 58
1757573512333 1.6950198155192583e+94 59
1757573513026 1.1263141742225024e+95 60
1757573513730 1.958497661171288e+96 61
1757573514457 5.93274467593551e+96 62
1757573515158 9.655510177144792e+97 63
1757573515842 2.7752550642049277e+99 64
1757573516416 8.028082244355577e+100 65
1757573516899 3.318511158170096e+102 66
1757573517490 2.1700158826346533e+104 67
1757573518101 8.219973586689803e+105 68
1757573518698 2.6157866345667093e+105 69
1757573519233 2.2508656670523274e+107 70
1757573519785 3.7219696713556625e+108 71
1757573520410 3.224950401490056e+111 72
1757573520928 8.582026988312582e+109 73
1757573521573 3.7338309595278898e+112 74
1757573522249 9.480538073741118e+114 75
1757573522950 1.0519986692152392e+117 76
1757573523635 8.214670993610433e+117 77
1757573524354 3.4532443526102337e+118 78
1757573525036 9.294704169902368e+120 79
1757573525725 4.217643880643484e+121 80
1757573526420 7.538997191202767e+121 81
1757573527106 2.980996882865361e+124 82
1757573527783 7.866302618634415e+124 83
1757573528473 9.294542993977452e+127 84
1757573529132 1.0480688396041034e+130 85
1757573529788 1.7820475375611368e+130 86
1757573530472 7.510704566209376e+131 87
1757573531144 6.75515876311417e+133 88
1757573531825 7.703378240384143e+134 89
1757573532505 2.4407647096069697e+135 90
1757573533181 1.733996949397144e+137 91
1757573533869 3.998193275931011e+137 92
1757573534554 9.583164782156608e+136 93
1757573535170 7.034835948788462e+142 94
1757573535779 6.008762956062274e+143 95
1757573536448 1.148377144154563e+145 96
1757573537124 4.227429187385266e+146 97
1757573537789 2.2367044001417008e+148 98
1757573538457 1.3257787955006106e+148 99
1757573538959 2.4972735052927473e+151 100
1757573539505 7.107651447749152e+151 101
1757573540087 1.2956620827087323e+153 102
1757573540668 1.8333321730984024e+153 103
1757573541182 1.7872724977005455e+156 104
1757573541671 6.992279534243879e+157 105
1757573542257 1.865942189579595e+158 106
1757573542916 2.9259382406630714e+159 107
1757573543573 5.2609638349220964e+162 108
1757573544253 4.015076997403174e+163 109
1757573544950 1.0624702416904916e+162 110
1757573545543 1.8595448729619988e+166 111
1757573546217 7.686347882331988e+167 112
1757573546891 1.5594974079033586e+169 113
1757573547564 3.737227311908294e+170 114
1757573548185 6.48262222547241e+171 115
1757573548786 7.624325001171132e+173 116
1757573549407 4.160549727636906e+174 117
1757573549909 8.111136955254059e+176 118
1757573550513 9.75852697865522e+176 119
1757573551070 6.919781769820397e+178 120
1757573551672 1.9330712131678846e+180 121
1757573552250 5.9998771483584896e+181 122
1757573552854 1.8826301943777023e+182 123
1757573553439 5.22296840357698e+184 124
1757573553964 8.847866082994273e+187 125
1757573554625 7.464057860772374e+187 126
1757573555282 1.0512030060215355e+188 127
1757573555976 7.861488425332427e+187 128
1757573556653 1.089243106031243e+191 129
1757573557328 7.863121553244804e+192 130
1757573557842 1.0777201195667716e+194 131
1757573558506 4.3438018502514954e+194 132
1757573559178 1.0272035113587023e+197 133
1757573559856 9.599152849017357e+194 134
1757573560533 7.198192789402728e+197 135
1757573561217 6.158430962356767e+201 136
1757573561888 1.2655672371698365e+203 137
1757573562546 3.8598589078765365e+204 138
1757573563205 2.3078287340279565e+206 139
1757573563874 1.669253173850664e+207 140
1757573564412 8.018775407343522e+208 141
1757573565074 1.8716648594095542e+209 142
1757573565756 7.099786605079917e+211 143
1757573566414 4.439392765708265e+211 144
1757573567074 9.839231560484261e+213 145
1757573567754 1.3910859439276003e+216 146
1757573568440 8.592492083256646e+214 147
1757573569130 3.7369864319065044e+218 148
1757573569807 4.269254140518369e+219 149
1757573570402 4.329352972552212e+219 150
1757573571019 6.553039123748202e+220 151
1757573571510 3.1311911460206333e+223 152
1757573572157 1.3633620785621132e+225 153
1757573572822 2.977052635910144e+226 154
1757573573485 6.20139816999909e+227 155
1757573574159 5.039706136271955e+228 156
1757573574835 2.077790337328526e+230 157
1757573575518 2.6956517483544566e+231 158
1757573576203 2.128938909614156e+234 159
1757573576868 8.731035852647961e+235 160
1757573577549 4.7983766574559007e+235 161
1757573578230 5.112662326037953e+237 162
1757573578902 4.655261185516448e+239 163
1757573579567 1.662021258173165e+242 164
1757573580245 1.2010665051180968e+243 165
1757573580917 3.072524479189298e+244 166
1757573581584 1.8982684129502454e+244 167
1757573582259 3.757592514673098e+246 168
1757573582940 3.005116317323873e+247 169
1757573583609 2.407958357989646e+249 170
1757573584271 5.4373401909644836e+250 171
1757573584936 1.708183218005608e+251 172
1757573585602 8.784280707088362e+253 173
1757573586273 3.934275859016451e+254 174
1757573586937 2.2602198504202977e+254 175
1757573587608 1.4985721363215276e+254 176
1757573588285 1.2422136216658572e+260 177
1757573588976 2.5765735064860884e+260 178
1757573589650 2.268557972090311e+262 179
1757573590340 2.1866882195586662e+262 180
1757573591009 2.0284902315439583e+265 181
1757573591679 2.731974411175073e+265 182
1757573592351 4.4816819032723115e+268 183
1757573593041 1.2532860494064823e+270 184
1757573593723 2.811866754215687e+271 185
1757573594404 2.1807515969824735e+272 186
1757573595046 2.681595524382771e+273 187
1757573595715 1.1651445987928456e+273 188
1757573596300 4.970091497094287e+276 189
1757573596937 1.7642321999450866e+278 190
1757573597604 1.8607464724375217e+280 191
1757573598295 5.260132155191587e+279 192
1757573599002 7.710609401763759e+282 193
1757573599536 2.281834377467529e+283 194
1757573600216 3.1736644225442826e+285 195
1757573600893 6.660329863713296e+286 196
1757573601494 9.27357127844421e+287 197
1757573602154 5.102994169798248e+285 198
1757573602827 5.73341755320229e+291 199
1757573603489 5.92256896434844e+292 200
1757573604155 1.7307574738028856e+292 201
1757573604823 8.106692634564474e+296 202
1757573605506 4.555613210116101e+295 203
1757573606065 5.344960253071522e+296 204
1757573606723 6.329315809785409e+299 205
1757573607346 3.9718816465384465e+299 206
1757573608011 8.809775460385064e+299 207
1757573608690 4.569108859143809e+303 208
