1757570197086 1019577748475.6752 0
1757570197150 804745820069.0067 1
1757570197210 1347116192857.8098 2
1757570197276 22491727828961.71 3
1757570197338 668808288099050.0 4
1757570197396 2.0331902126892452e+16 5
1757570197461 6.184862144787238e+17 6
1757570197530 1.881438753083051e+19 7
1757570197588 5.723351137544472e+20 8
1757570197651 1.7410478393248384e+22 9
1757570197715 5.2962809869415876e+23 10
1757570197775 1.6111327706413415e+25 11
1757570197841 4.9010783435694806e+26 12
1757570197906 1.4909118210171328e+28 13
1757570197967 4.5353652854083914e+29 14
1757570198027 1.3796616260010345e+31 15
1757570198108 4.1969413321212415e+32 16
1757570198169 1.2767127977838238e+34 17
1757570198233 3.883770200812304e+35 18
1757570198335 1.1814458975347131e+37 19
1757570198420 3.593967553769439e+38 20
1757570198485 1.0932877082649447e+40 21
1757570198548 3.3257896604814308e+41 22
1757570198611 1.0117077858049739e+43 23
1757570198670 3.077622905683811e+44 24
1757570198730 9.362152671438983e+45 25
1757570198792 2.847974080302646e+47 26
1757570198852 8.663559169270655e+48 27
1757570198917 2.6354613968775186e+50 28
1757570198984 8.017093943407913e+51 29
1757570199044 2.4388061754036403e+53 30
1757570199105 7.418867239391038e+54 31
1757570199168 2.2568251495672948e+56 32
1757570199242 6.865279551946142e+57 33
1757570199311 2.0884233470814747e+59 34
1757570199372 6.35299996691119e+60 35
1757570199437 1.9325875012830394e+62 36
1757570199502 5.878946119263599e+63 37
1757570199560 1.788379954349233e+65 38
1757570199623 5.440265646657742e+66 39
1757570199685 1.6549330154494014e+68 40
1757570199749 5.0343190268788586e+69 41
1757570199810 1.531443739885275e+71 42
1757570199868 4.658663695947438e+72 43
1757570199930 1.417169097806001e+74 44
1757570199991 4.3110393513130185e+75 45
1757570200055 1.3114215034283443e+77 46
1757570200124 3.989354351707438e+78 47
1757570200189 1.2135646778615327e+80 48
1757570200250 3.6916731318260477e+81 49
1757570200315 1.1230098206435554e+83 50
1757570200376 3.4162045561115457e+84 51
1757570200440 1.0392120669531953e+86 52
1757570200506 3.1612911415655586e+87 53
1757570200569 9.616672091809898e+88 54
1757570200634 2.9253990847422072e+90 55
1757570200698 8.899086631329558e+91 56
1757570200761 2.707109032916346e+93 57
1757570200820 8.235046606128353e+94 58
1757570200883 2.50510754389706e+96 59
1757570200948 7.620556514907665e+97 60
1757570201013 2.318179183100491e+99 61
1757570201076 7.05191899626713e+100 62
1757570201144 2.1451992103303025e+102 63
1757570201205 6.525712581834418e+103 64
1757570201267 1.985126812262582e+105 65
1757570201329 6.038771109431926e+106 66
1757570201393 1.836998839915219e+108 67
1757570201468 5.588164672410161e+109 68
1757570201537 1.6999240134204006e+111 69
1757570201602 5.171181990521007e+112 70
1757570201664 1.5730775592306213e+114 71
1757570201728 4.785314096256852e+115 72
1757570201796 1.4556962474904476e+117 73
1757570201866 4.428239238497065e+118 74
1757570201932 1.347073799714095e+120 75
1757570201995 4.0978089126278645e+121 76
1757570202055 1.2465566391370927e+123 77
1757570202117 3.792034933079073e+124 78
1757570202186 1.1535399581719755e+126 79
1757570202249 3.5090774704940074e+127 80
1757570202337 1.0674640793061163e+129 81
1757570202404 3.247233981552531e+130 82
1757570202477 9.878110875453316e+131 83
1757570202538 3.0049289648384554e+133 84
1757570202611 9.141017141408359e+134 85
1757570202695 2.780704481112866e+136 86
1757570202766 8.458924528490562e+137 87
1757570202833 2.573211380954185e+139 88
1757570202895 7.827728913729522e+140 89
1757570202960 2.381201186981999e+142 90
1757570203029 7.243632419282357e+143 91
1757570203093 2.203518581820491e+145 92
1757570203161 6.703120560760339e+146 93
1757570203227 2.039094456601609e+148 94
1757570203292 6.202941100721867e+149 95
1757570203354 1.8869394781814187e+151 96
1757570203420 5.74008448009479e+152 97
1757570203484 1.7461381363635453e+154 98
1757570203546 5.311765709784136e+155 99
1757570203616 1.6158432353122967e+157 100
1757570203688 4.915407613508265e+158 101
1757570203752 1.4952707960104396e+160 102
1757570203814 4.548625321036019e+161 103
1757570203876 1.3836953390899764e+163 104
1757570203943 4.209211918521433e+164 105
1757570204007 1.2804455196528534e+166 106
1757570204067 3.8951251695946536e+167 107
1757570204136 1.184900087816551e+169 108
1757570204202 3.6044752273102874e+170 109
1757570204269 1.0964841506792974e+172 110
1757570204332 3.3355132630168153e+173 111
1757570204394 1.0146657132133165e+175 112
1757570204460 3.0866209437269994e+176 113
1757570204523 9.389524772728003e+177 114
1757570204595 2.8563006946754623e+179 115
1757570204661 8.688888794563782e+180 116
1757570204732 2.6431666884733978e+182 117
1757570204803 8.040533500010315e+183 118
1757570204876 2.445936506642635e+185 119
1757570204950 7.440557762142904e+186 120
1757570205020 2.263423423356821e+188 121
1757570205084 6.885351551823518e+189 122
1757570205148 2.0945292649613428e+191 123
1757570205219 6.371574216305093e+192 124
1757570205284 1.9382378023079674e+194 125
1757570205351 5.896134378662522e+195 126
1757570205411 1.7936086361462044e+197 127
1757570205476 5.456171337105782e+198 128
1757570205538 1.65977153877999e+200 129
1757570205602 5.04903785225593e+201 130
1757570205664 1.5359212179437416e+203 131
1757570205728 4.672284218815577e+204 132
1757570205793 1.421312471392183e+206 133
1757570205866 4.3236435257935963e+207 134
1757570205936 1.3152557030493153e+209 135
1757570206003 4.0010180165956923e+210 136
1757570206067 1.2171127737374332e+212 137
1757570206129 3.7024664669100005e+213 138
1757570206192 1.126293161520157e+215 139
1757570206253 3.426192504440868e+216 140
1757570206317 1.0422504085564129e+218 141
1757570206387 3.170533800211219e+219 142
1757570206481 9.644788330862732e+220 143
1757570206553 2.933952066398053e+222 144
1757570206617 8.925104867647635e+223 145
1757570206688 2.715023800518365e+225 146
1757570206754 8.259123390360837e+226 147
1757570206821 2.5124317202737532e+228 148
1757570206884 7.642836716066978e+229 149
1757570206944 2.324956837517431e+231 150
1757570207014 7.072536673399844e+232 151
1757570207083 2.1514711236530963e+234 152
1757570207143 6.544791790648989e+235 153
1757570207218 1.990930722333642e+237 154
1757570207289 6.056426648736689e+238 155
1757570207356 1.8423696686207916e+240 156
1757570207421 5.604502774853073e+241 157
1757570207488 1.7048940768141171e+243 158
1757570207552 5.186300961787049e+244 159
1757570207620 1.5776767619778556e+246 160
1757570207684 4.799304906569238e+247 161
1757570207754 1.4599522628034283e+249 162
1757570207832 4.441186069981366e+250 163
1757570207902 1.3510122358604975e+252 164
1757570207964 4.109789665832299e+253 165
1757570208036 1.2502011935239097e+255 166
1757570208100 3.80312169569893e+256 167
1757570208167 1.1569125599318419e+258 168
1757570208233 3.5193369511202836e+259 169
1757570208293 1.0705850212439832e+261 170
1757570208362 3.256727911054768e+262 171
1757570208430 9.906991482394363e+263 172
1757570208493 3.0137144677968114e+265 173
1757570208561 9.167742709326255e+266 174
1757570208637 2.7888344195343677e+268 175
1757570208704 8.483655864019328e+269 176
1757570208767 2.580734672341224e+271 177
1757570208833 7.850614824289605e+272 178
1757570208899 2.388163098666924e+274 179
1757570208961 7.264810608448734e+275 180
1757570209029 2.209961003337239e+277 181
1757570209098 6.722718456819084e+278 182
1757570209162 2.0450561517333327e+280 183
1757570209233 6.221076623400966e+281 184
1757570209301 1.8924563182005306e+283 185
1757570209366 5.7568667500822584e+284 186
1757570209429 1.7512433158676947e+286 187
1757570209490 5.3272957053026395e+287 188
1757570209550 1.6205674719548807e+289 189
1757570209617 4.9297787778969226e+290 190
1757570209689 1.499642515327464e+292 191
1757570209754 4.561924124995093e+293 192
1757570209822 1.3877408455353077e+295 193
1757570209892 4.2215183804029644e+296 194
1757570209959 1.2841891548710345e+298 195
1757570210021 3.906513336869483e+299 196
1757570210090 1.1883643771054733e+301 197
1757570210152 3.615013622108755e+302 198
1757570210235 1.0996899385239666e+304 199
1757570210303 inf 200
1757570210371 inf 201
1757570210439 inf 202
