1757584197419 1053300496920.496 0
1757584197484 1051192393554.7761 1
1757584197547 1049091051217.177 2
1757584197613 1046996443224.6396 3
1757584197680 1044908543017.4319 4
1757584197744 1042827324158.5205 5
1757584197807 1040752760332.9486 6
1757584197873 1038684825347.2146 7
1757584197940 1036623493128.6572 8
1757584198003 1034568737724.8406 9
1757584198069 1032520533302.9452 10
1757584198134 1030478854149.1599 11
1757584198202 1028443674668.0795 12
1757584198266 1026414969382.1036 13
1757584198330 1024392712930.8396 14
1757584198393 1022376880070.5083 15
1757584198457 1020367445673.3539 16
1757584198528 1018364384727.0553 17
1757584198601 1016367672334.142 18
1757584198681 1014377283711.4131 19
1757584198746 1012393194189.3577 20
1757584198815 1010415379211.581 21
1757584198880 1008443814334.231 22
1757584198945 1006478475225.4294 23
1757584199013 1004519337664.7067 24
1757584199079 1002566377542.4371 25
1757584199144 1000619570859.2802 26
1757584199209 998678893725.6223 27
1757584199272 996744322361.0234 28
1757584199341 994815833093.6655 29
1757584199403 992893402359.8041 30
1757584199465 990977006703.2224 31
1757584199525 989066622774.6901 32
1757584199600 987162227331.423 33
1757584199665 985263797236.5459 34
1757584199725 983371309458.559 35
1757584199794 981484741070.8075 36
1757584199862 979604069250.952 37
1757584199930 977729271280.4447 38
1757584200000 975860324544.0051 39
1757584200078 973997206529.1013 40
1757584200141 972139894825.4329 41
1757584200203 970288367124.4156 42
1757584200275 968442601218.6709 43
1757584200343 966602575001.516 44
1757584200405 964768266466.4586 45
1757584200469 962939653706.6927 46
1757584200534 961116714914.598 47
1757584200594 959299428381.2418 48
1757584200662 957487772495.883 49
1757584200723 955681725745.4799 50
1757584200793 953881266714.1992 51
1757584200863 952086374082.929 52
1757584200928 950297026628.7928 53
1757584200994 948513203224.668 54
1757584201061 946734882838.7043 55
1757584201127 944962044533.8489 56
1757584201188 943194667467.3682 57
1757584201253 941432730890.3785 58
1757584201324 939676214147.3741 59
1757584201390 937925096675.7609 60
1757584201454 936179358005.3909 61
1757584201525 934438977758.0997 62
1757584201589 932703935647.2472 63
1757584201650 930974211477.2598 64
1757584201715 929249785143.174 65
1757584201779 927530636630.1853 66
1757584201847 925816746013.1969 67
1757584201919 924108093456.3718 68
1757584201984 922404659212.688 69
1757584202070 920706423623.4938 70
1757584202133 919013367118.0681 71
1757584202201 917325470213.1812 72
1757584202270 915642713512.6588 73
1757584202335 913965077706.9482 74
1757584202399 912292543572.686 75
1757584202461 910625091972.2694 76
1757584202525 908962703853.4287 77
1757584202595 907305360248.8025 78
1757584202662 905653042275.5155 79
1757584202731 904005731134.757 80
1757584202796 902363408111.3641 81
1757584202860 900726054573.4053 82
1757584202920 899093651971.7659 83
1757584202995 897466181839.7374 84
1757584203067 895843625792.6082 85
1757584203130 894225965527.2552 86
1757584203200 892613182821.7399 87
1757584203263 891005259534.9048 88
1757584203331 889402177605.9729 89
1757584203397 887803919054.1487 90
1757584203463 886210465978.2218 91
1757584203530 884621800556.1722 92
1757584203600 883037905044.778 93
1757584203665 881458761779.2242 94
1757584203731 879884353172.7167 95
1757584203794 878314661716.0927 96
1757584203855 876749669977.4391 97
1757584203926 875189360601.7091 98
1757584203989 873633716310.3427 99
1757584204064 872082719900.8868 100
1757584204130 870536354246.6216 101
1757584204200 868994602296.1841 102
1757584204266 867457447073.1968 103
1757584204336 865924871675.8973 104
1757584204419 864396859276.7701 105
1757584204484 862873393122.1802 106
1757584204562 861354456532.0071 107
1757584204629 859840032899.2848 108
1757584204704 858330105689.8391 109
1757584204780 856824658441.9302 110
1757584204845 855323674765.894 111
1757584204918 853827138343.7892 112
1757584204984 852335032929.0425 113
1757584205045 850847342346.098 114
1757584205120 849364050490.0677 115
1757584205191 847885141326.3842 116
1757584205259 846410598890.4537 117
1757584205324 844940407287.3131 118
1757584205391 843474550691.2883 119
1757584205458 842013013345.652 120
1757584205525 840555779562.2865 121
1757584205604 839102833721.3466 122
1757584205672 837654160270.9242 123
1757584205733 836209743726.7157 124
1757584205804 834769568671.6892 125
1757584205872 833333619755.7567 126
1757584205940 831901881695.4432 127
1757584206006 830474339273.5632 128
1757584206075 829050977338.8938 129
1757584206140 827631780805.8534 130
1757584206206 826216734654.1788 131
1757584206273 824805823928.6077 132
1757584206341 823399033738.5581 133
1757584206411 821996349257.8147 134
1757584206479 820597755724.2128 135
1757584206545 819203238439.3252 136
1757584206613 817812782768.1519 137
1757584206680 816426374138.8092 138
1757584206745 815043998042.2231 139
1757584206810 813665640031.8214 140
1757584206877 812291285723.2297 141
1757584206938 810920920793.9674 142
1757584207005 809554530983.1473 143
1757584207069 808192102091.1743 144
1757584207139 806833619979.447 145
1757584207205 805479070570.0612 146
1757584207274 804128439845.5144 147
1757584207346 802781713848.4114 148
1757584207429 801438878681.1725 149
1757584207498 800099920505.7427 150
1757584207564 798764825543.3014 151
1757584207634 797433580073.9762 152
1757584207702 796106170436.5555 153
1757584207771 794782583028.2037 154
1757584207833 793462804304.1782 155
1757584207905 792146820777.5475 156
1757584207974 790834619018.9111 157
1757584208041 789526185656.1196 158
1757584208113 788221507373.9984 159
1757584208179 786920570914.0713 160
1757584208246 785623363074.2854 161
1757584208311 784329870708.7384 162
1757584208382 783040080727.4071 163
1757584208446 781753980095.8763 164
1757584208514 780471555835.0713 165
1757584208586 779192795020.9883 166
1757584208654 777917684784.43 167
1757584208724 776646212310.7408 168
1757584208790 775378364839.5422 169
1757584208855 774114129664.4717 170
1757584208921 772853494132.922 171
1757584208990 771596445645.7825 172
1757584209064 770342971657.1794 173
1757584209142 769093059674.2212 174
1757584209212 767846697256.742 175
1757584209281 766603872017.0487 176
1757584209349 765364571619.6674 177
1757584209417 764128783781.0924 178
1757584209486 762896496269.5369 179
1757584209555 761667696904.6829 180
1757584209637 760442373557.4355 181
1757584209721 759220514149.6752 182
1757584209804 758002106654.0138 183
1757584209876 756787139093.5508 184
1757584209949 755575599541.6311 185
1757584210016 754367476121.6036 186
1757584210083 753162757006.5819 187
1757584210153 751961430419.2053 188
1757584210218 750763484631.4012 189
1757584210287 749568907964.1503 190
1757584210359 748377688787.2496 191
1757584210426 747189815519.0809 192
1757584210498 746005276626.3767 193
1757584210561 744824060623.9901 194
1757584210628 743646156074.6638 195
1757584210703 742471551588.8016 196
1757584210770 741300235824.2413 197
1757584210837 740132197486.027 198
1757584210901 738967425326.1843 199
1757584210968 737805908143.4971 200
1757584211038 736647634783.2825 201
1757584211110 735492594137.1704 202
1757584211178 734340775142.8833 203
1757584211247 733192166784.0146 204
1757584211313 732046758089.8124 205
1757584211380 730904538134.9604 206
1757584211450 729765496039.3632 207
1757584211521 728629620967.9298 208
1757584211588 727496902130.3608 209
1757584211650 726367328780.9343 210
1757584211713 725240890218.296 211
1757584211786 724117575785.2461 212
1757584211857 722997374868.5316 213
1757584211927 721880276898.637 214
1757584211994 720766271349.5767 215
1757584212059 719655347738.6888 216
1757584212131 718547495626.4305 217
1757584212200 717442704616.1722 218
1757584212268 716340964353.9961 219
1757584212343 715242264528.4926 220
1757584212409 714146594870.5596 221
1757584212480 713053945153.2031 222
1757584212549 711964305191.3374 223
1757584212623 710877664841.5868 224
1757584212699 709794014002.0895 225
1757584212771 708713342612.3008 226
1757584212841 707635640652.7982 227
1757584212908 706560898145.0883 228
1757584212976 705489105151.4119 229
1757584213042 704420251774.5542 230
1757584213112 703354328157.6516 231
1757584213180 702291324484.0043 232
1757584213250 701231230976.8837 233
1757584213321 700174037899.3474 234
1757584213387 699119735554.0509 235
1757584213449 698068314283.061 236
1757584213523 697019764467.6711 237
1757584213595 695974076528.2166 238
1757584213664 694931240923.892 239
1757584213733 693891248152.568 240
1757584213801 692854088750.6101 241
1757584213870 691819753292.6989 242
1757584213942 690788232391.6488 243
1757584214014 689759516698.231 244
1757584214084 688733596900.9946 245
1757584214158 687710463726.0905 246
1757584214231 686690107937.0946 247
1757584214304 685672520334.8334 248
1757584214374 684657691757.2097 249
1757584214441 683645613079.0288 250
1757584214516 682636275211.827 251
1757584214598 681629669103.6995 252
1757584214666 680625785739.1292 253
1757584214742 679624616138.8184 254
1757584214909 678626151359.5184 255
1757584215025 677630382493.8625 256
1757584215093 676637300670.1984 257
1757584215172 675646897052.421 258
1757584215239 674659162839.809 259
1757584215307 673674089266.8583 260
1757584215388 672691667603.1189 261
1757584215453 671711889153.0322 262
1757584215519 670734745255.7683 263
1757584215589 669760227285.0652 264
1757584215658 668788326649.0675 265
1757584215727 667819034790.1683 266
1757584215793 666852343184.8484 267
1757584215861 665888243343.5192 268
1757584215929 664926726810.3657 269
1757584216000 663967785163.1896 270
1757584216070 663011410013.2538 271
1757584216138 662057593005.1273 272
1757584216219 661106325816.5311 273
1757584216287 660157600158.1858 274
1757584216358 659211407773.6576 275
1757584216426 658267740439.2078 276
1757584216497 657326589963.6406 277
1757584216569 656387948188.1548 278
1757584216639 655451806986.1918 279
1757584216705 654518158263.2891 280
1757584216772 653586993956.9312 281
1757584216839 652658306036.4026 282
1757584216908 651732086502.6417 283
1757584216978 650808327388.0946 284
1757584217046 649887020756.5709 285
1757584217114 648968158703.0978 286
1757584217186 648051733353.7789 287
1757584217252 647137736865.65 288
1757584217325 646226161426.5367 289
1757584217393 645316999254.9141 290
1757584217464 644410242599.7657 291
1757584217529 643505883740.4434 292
1757584217599 642603914986.5287 293
1757584217670 641704328677.6935 294
1757584217741 640807117183.563 295
1757584217808 639912272903.5776 296
1757584217878 639019788266.8588 297
1757584217947 638129655732.0698 298
1757584218015 637241867787.284 299
1757584218082 636356416949.8483 300
1757584218151 635473295766.2506 301
1757584218226 634592496811.9867 302
1757584218294 633714012691.4269 303
1757584218375 632837836037.6859 304
1757584218450 631963959512.4906 305
1757584218525 631092375806.0504 306
1757584218593 630223077636.927 307
1757584218666 629356057751.9058 308
1757584218734 628491308925.8673 309
1757584218802 627628823961.6592 310
1757584218886 626768595689.9698 311
1757584218959 625910616969.201 312
1757584219027 625054880685.3428 313
1757584219096 624201379751.8475 314
1757584219170 623350107109.5063 315
1757584219241 622501055726.3243 316
1757584219315 621654218597.3975 317
1757584219387 620809588744.7902 318
1757584219457 619967159217.413 319
1757584219526 619126923090.9006 320
1757584219597 618288873467.4924 321
1757584219671 617453003475.9105 322
1757584219736 616619306271.2415 323
1757584219804 615787775034.8162 324
1757584219876 614958402974.0924 325
1757584219949 614131183322.536 326
1757584220017 613306109339.5042 327
1757584220082 612483174310.1287 328
1757584220153 611662371545.1996 329
1757584220223 610843694381.0498 330
1757584220293 610027136179.4404 331
1757584220360 609212690327.4458 332
1757584220433 608400350237.3401 333
1757584220505 607590109346.4844 334
1757584220581 606781961117.2128 335
1757584220653 605975899036.7218 336
1757584220730 605171916616.9578 337
1757584220800 604370007394.5066 338
1757584220869 603570164930.4825 339
1757584220937 602772382810.4186 340
1757584221011 601976654644.158 341
1757584221077 601182974065.7439 342
1757584221143 600391334733.3124 343
1757584221212 599601730328.9841 344
1757584221287 598814154558.7576 345
1757584221356 598028601152.4017 346
1757584221429 597245063863.3508 347
1757584221505 596463536468.5981 348
1757584221572 595684012768.5912 349
1757584221644 594906486587.1267 350
1757584221715 594130951771.2479 351
1757584221787 593357402191.139 352
1757584221859 592585831740.0244 353
1757584221925 591816234334.0646 354
1757584221998 591048603912.2544 355
1757584222069 590282934436.3229 356
1757584222134 589519219890.6302 357
1757584222210 588757454282.0695 358
1757584222282 587997631639.9644 359
1757584222349 587239746015.9719 360
1757584222416 586483791483.9824 361
1757584222495 585729762140.0206 362
1757584222567 584977652102.1484 363
1757584222642 584227455510.3676 364
1757584222718 583479166526.5214 365
1757584222801 582732779334.1996 366
1757584222870 581988288138.6416 367
1757584222945 581245687166.6409 368
1757584223014 580504970666.45 369
1757584223083 579766132907.6857 370
1757584223148 579029168181.2356 371
1757584223221 578294070799.1631 372
1757584223293 577560835094.6152 373
1757584223365 576829455421.7291 374
1757584223435 576099926155.5406 375
1757584223502 575372241691.8915 376
1757584223577 574646396447.3376 377
1757584223646 573922384859.0597 378
1757584223715 573200201384.7712 379
1757584223785 572479840502.629 380
1757584223862 571761296711.1432 381
1757584223936 571044564529.0885 382
1757584224008 570329638495.4152 383
1757584224083 569616513169.1605 384
1757584224149 568905183129.3617 385
1757584224229 568195642974.9672 386
1757584224300 567487887324.7506 387
1757584224375 566781910817.2241 388
1757584224439 566077708110.5516 389
1757584224510 565375273882.4633 390
1757584224582 564674602830.1705 391
1757584224656 563975689670.2809 392
1757584224730 563278529138.7131 393
1757584224810 562583115990.6141 394
1757584224884 561889445000.274 395
1757584224973 561197510961.0437 396
1757584225046 560507308685.252 397
1757584225143 559818833004.1229 398
1757584225222 559132078767.6932 399
1757584225295 558447040844.732 400
1757584225364 557763714122.6583 401
1757584225434 557082093507.4604 402
1757584225511 556402173923.6163 403
1757584225584 555723950314.0125 404
1757584225656 555047417639.8644 405
1757584225726 554372570880.6383 406
1757584225802 553699405033.9713 407
1757584225937 553027915115.5928 408
1757584226011 552358096159.2471 409
1757584226088 551689943216.6152 410
1757584226156 551023451357.2372 411
1757584226230 550358615668.436 412
1757584226300 549695431255.24 413
1757584226371 549033893240.3074 414
1757584226444 548373996763.84985 415
1757584226515 547715736983.5571 416
1757584226585 547059109074.5223 417
1757584226658 546404108229.1667 418
1757584226731 545750729657.1655 419
1757584226804 545098968585.3734 420
1757584226877 544448820257.7517 421
1757584226953 543800279935.2943 422
1757584227030 543153342895.955 423
1757584227104 542508004434.57477 424
1757584227180 541864259862.8097 425
1757584227255 541222104509.0587 426
1757584227329 540581533718.3927 427
1757584227402 539942542852.4821 428
1757584227475 539305127289.52747 429
1757584227547 538669282424.18787 430
1757584227617 538035003667.5111 431
1757584227684 537402286446.8638 432
1757584227757 536771126205.862 433
1757584227833 536141518404.3018 434
1757584227905 535513458518.09076 435
1757584227980 534886942039.17926 436
1757584228052 534261964475.49207 437
1757584228126 533638521350.8608 438
1757584228198 533016608204.95654 439
1757584228276 532396220593.2222 440
1757584228348 531777354086.806 441
1757584228421 531160004272.4949 442
1757584228493 530544166752.648 443
1757584228569 529929837145.1312 444
1757584228638 529317011083.25104 445
1757584228712 528705684215.68994 446
1757584228783 528095852206.4409 447
1757584228855 527487510734.7429 448
1757584228925 526880655495.01666 449
1757584228995 526275282196.80054 450
1757584229064 525671386564.6868 451
1757584229133 525068964338.2582 452
1757584229203 524468011272.025 453
1757584229278 523868523135.3621 454
1757584229356 523270495712.44635 455
1757584229429 522673924802.19446 456
1757584229501 522078806218.2012 457
1757584229572 521485135788.6777 458
1757584229645 520892909356.39014 459
1757584229718 520302122778.5986 460
1757584229788 519712771926.9965 461
1757584229877 519124852687.65027 462
1757584229956 518538360960.9387 463
1757584230027 517953292661.4937 464
1757584230100 517369643718.1402 465
1757584230172 516787410073.8372 466
1757584230247 516206587685.61865 467
1757584230319 515627172524.5346 468
1757584230400 515049160575.59283 469
1757584230470 514472547837.70087 470
1757584230546 513897330323.60785 471
1757584230612 513323504059.8469 472
1757584230687 512751065086.67804 473
1757584230759 512180009458.03076 474
1757584230832 511610333241.4474 475
1757584230907 511042032518.0269 476
1757584230976 510475103382.368 477
1757584231054 509909541942.51355 478
1757584231123 509345344319.89496 479
1757584231197 508782506649.2762 480
1757584231313 508221025078.69904 481
1757584231387 507660895769.42804 482
1757584231462 507102114895.8961 483
1757584231542 506544678645.6493 484
1757584231619 505988583219.2935 485
1757584231690 505433824830.44 486
1757584231762 504880399705.6524 487
1757584231836 504328304084.3924 488
1757584231907 503777534218.9673 489
1757584231979 503228086374.4771 490
1757584232051 502679956828.76154 491
1757584232125 502133141872.34784 492
1757584232197 501587637808.39856 493
1757584232271 501043440952.6599 494
1757584232340 500500547633.4096 495
1757584232416 499958954191.4062 496
1757584232488 499418656979.837 497
1757584232564 498879652364.2679 498
1757584232641 498341936722.59247 499
