1757575772717 144704118795.13165 0
1757575773223 23289959361.310856 1
1757575773737 3239529284248.7256 2
1757575774215 8069698556.309065 3
1757575774718 1137289265442.4849 4
1757575775218 75296599760.5522 5
1757575775711 39202660177.138885 6
1757575776230 88747064723.62299 7
1757575776748 16522583981.194271 8
1757575777259 24306150222.38909 9
1757575777762 11243351.953824556 10
1757575778295 49605590822.30867 11
1757575778831 516457618.0281949 12
1757575779361 484706084750.6379 13
1757575779886 3780984968.8681407 14
1757575780405 25549282776.55345 15
1757575780945 17266078868.104214 16
1757575781471 215790074664.1279 17
1757575781987 1743372284.0044515 18
1757575782504 79478912340.0977 19
1757575783040 32979379009.77317 20
1757575783568 480914481728.79297 21
1757575784091 90662259293.75717 22
1757575784599 18985901502.428936 23
1757575785110 22529453304.87088 24
1757575785617 3020135508.3862267 25
1757575786113 249113151425.59915 26
1757575786621 474614666123.8392 27
1757575787152 23276148447.268513 28
1757575787679 118173153081.53203 29
1757575788234 7426684674.205895 30
1757575788767 470369219450.0036 31
1757575789282 80499145389.97621 32
1757575789775 261343537446.25586 33
1757575790252 118714256529.55408 34
1757575790737 54282825635.445946 35
1757575791234 202255318891.29 36
1757575791744 1850022790.193524 37
1757575792247 61847773726.46812 38
1757575792758 65123262166.231544 39
1757575793306 140386481144.65155 40
