1757530144448 1019580805238.1156 0
1757530144467 830199856582.563 1
1757530144487 694948073150.4094 2
1757530144507 595469362819.0382 3
1757530144526 520548894901.923 4
1757530144547 463072472860.95184 5
1757530144567 418349040042.0799 6
1757530144589 383168268140.66327 7
1757530144609 355258663534.21594 8
1757530144629 332966965057.40906 9
1757530144650 315062072547.77545 10
1757530144670 300610709110.7202 11
1757530144690 288895595188.10095 12
1757530144710 279359656868.8731 13
1757530144730 271566756221.5495 14
1757530144749 265173294301.60132 15
1757530144771 259907220749.30206 16
1757530144792 255552247471.93546 17
1757530144817 251935816282.98776 18
1757530144836 248919833057.66013 19
1757530144858 246393475498.6945 20
1757530144880 244267575717.73154 21
1757530144900 242470211020.568 22
1757530144919 240943228958.06342 23
1757530144938 239639499302.16144 24
1757530144957 238520734439.35413 25
1757530144977 237555756058.23404 26
1757530144997 236719113458.61145 27
1757530145017 235989979723.76474 28
1757530145038 235351268053.9782 29
1757530145058 234788922962.34454 30
1757530145078 234291350662.06323 31
1757530145097 233848960479.8844 32
1757530145117 233453795001.75854 33
1757530145137 233099231264.19406 34
1757530145161 232779738930.46484 35
1757530145181 232490684251.08237 36
1757530145200 232228170869.70557 37
1757530145220 231988910328.02725 38
1757530145239 231770116546.4739 39
1757530145258 231569419689.95834 40
1757530145280 231384795730.5285 41
1757530145300 231214508739.44586 42
1757530145319 231057063517.61414 43
1757530145338 230911166634.9857 44
1757530145358 230775694319.97745 45
1757530145378 230649665937.50754 46
1757530145397 230532222033.68033 47
1757530145417 230422606118.01855 48
1757530145437 230320149509.72437 49
1757530145460 230224258700.1107 50
1757530145482 230134404784.9647 51
1757530145503 230050114602.88058 52
1757530145524 229970963282.29623 53
1757530145549 229896567954.10025 54
1757530145578 229826582430.6576 55
1757530145602 229760692687.8895 56
1757530145623 229698613016.18417 57
1757530145643 229640082729.6869 58
1757530145664 229584863342.9228 59
1757530145690 229532736139.5728 60
1757530145710 229483500071.2115 61
1757530145730 229436969934.4608 62
1757530145753 229392974783.75546 63
1757530145773 229351356544.0969 64
1757530145794 229311968794.0881 65
1757530145816 229274675694.41858 66
1757530145837 229239351040.99487 67
1757530145857 229205877425.2434 68
1757530145878 229174145486.87527 69
1757530145901 229144053246.69208 70
1757530145922 229115505508.92065 71
1757530145942 229088413324.15228 72
1757530145963 229062693505.2904 73
1757530145985 229038268190.0199 74
1757530146006 229015064444.24545 75
1757530146027 228993013901.72644 76
1757530146047 228972052435.7997 77
1757530146068 228952119859.63654 78
1757530146088 228933159651.9537 79
1757530146108 228915118705.50052 80
1757530146128 228897947095.98294 81
1757530146149 228881597869.38028 82
1757530146169 228866026845.85712 83
1757530146190 228851192438.68954 84
1757530146210 228837055486.80716 85
1757530146230 228823579099.7135 86
1757530146250 228810728513.68372 87
1757530146271 228798470958.2596 88
1757530146291 228786775532.16525 89
1757530146312 228775613087.8579 90
1757530146333 228764956124.00882 91
1757530146354 228754778685.27823 92
1757530146374 228745056268.81067 93
1757530146395 228735765736.93152 94
1757530146416 228726885235.57306 95
1757530146437 228718394118.0024 96
1757530146458 228710272873.46072 97
1757530146479 228702503060.3579 98
1757530146501 228695067243.69672 99
1757530146523 228687948936.4281 100
1757530146544 228681132544.4646 101
1757530146566 228674603315.09924 102
1757530146586 228668347288.59885 103
1757530146607 228662351252.75806 104
1757530146628 228656602700.21713 105
1757530146650 228651089788.36118 106
1757530146670 228645801301.63184 107
1757530146691 228640726616.09604 108
1757530146712 228635855666.12607 109
1757530146733 228631178913.05682 110
1757530146755 228626687315.695 111
1757530146776 228622372302.56418 112
1757530146796 228618225745.77728 113
1757530146817 228614239936.43503 114
1757530146838 228610407561.45752 115
1757530146860 228606721681.75974 116
1757530146881 228603175711.68976 117
1757530146902 228599763399.65295 118
1757530146923 228596478809.8504 119
1757530146944 228593316305.06442 120
1757530146965 228590270530.42883 121
1757530146987 228587336398.1248 122
1757530147008 228584509072.9476 123
1757530147033 228581783958.6926 124
1757530147054 228579156685.31174 125
1757530147075 228576623096.79605 126
