1757537177729 30914961199.38723 0
1757537178215 78115380117.11314 1
1757537178688 8602358038.339846 2
1757537179183 158007745716.51657 3
1757537179644 434348524690.69696 4
1757537180112 6122932823.768623 5
1757537180594 43859297885.142914 6
1757537181089 82277228987.83777 7
1757537181559 17842614544.511795 8
1757537182047 11770202039.516872 9
1757537182528 637957876585.4948 10
1757537183002 94917626840.82927 11
1757537183501 1786893223.849976 12
1757537183979 163400663.61218846 13
1757537184449 9731199306433.125 14
1757537184939 242593680368.28537 15
1757537185440 24634500420.951042 16
1757537185922 30862272917.77806 17
1757537186464 162770935875.09232 18
1757537186941 45361296736.10942 19
1757537187405 1183680518.1293085 20
1757537187879 61131216812.392365 21
1757537188350 981312784.58568 22
1757537188832 20922294461.12416 23
1757537189302 49590066057.75361 24
1757537189770 83493415522.47237 25
1757537190236 253837343642.9594 26
1757537190720 13545095538.644459 27
1757537191211 52486955950.51285 28
1757537191693 82301202250.70013 29
1757537192185 214695171146.70346 30
1757537192652 9410650947.269096 31
1757537193126 81345844471.77864 32
1757537193605 2963955545235.1997 33
1757537194077 59520323996.96308 34
1757537194537 1042706935.4157102 35
1757537195046 19318812066.40068 36
1757537226884 123059011735.72954 37
1757537227412 75613729448.18082 38
1757537227884 18555121071.26389 39
1757537228375 1279387583.8103826 40
1757537228846 39635581829.64611 41
1757537229317 90743508707.73073 42
1757537229784 13667717156.37854 43
1757537230254 3424356773.24917 44
1757537230723 9730157542.449774 45
1757537231184 4246024754.3893876 46
1757537231671 8105635822.029046 47
1757537232130 5723724469.65168 48
1757537232614 8042505380.126198 49
1757537233109 19873953813.85311 50
1757537233569 3403583112.343117 51
1757537234034 65938440031.18133 52
1757537234520 43486006.090203665 53
1757537235001 6400085053.140107 54
1757537235479 140671286805.37952 55
1757537235941 172645250591.08588 56
1757537236419 26845351913.236706 57
1757537236918 766083839839.6261 58
1757537237413 192498579398.95984 59
1757537237895 1081729895.7418983 60
1757537238379 14704666320.394073 61
1757537238861 28160628524.19437 62
1757537239340 72278834435.95137 63
1757537239812 11395505095.236193 64
1757537240285 1195638438264.3462 65
1757537240758 1703995711.8379107 66
1757537241242 122013701284.8989 67
1757537241709 6123643165.738498 68
1757537242196 8803659467.7737 69
1757537242677 7534426832.696926 70
1757537243167 6331994237.563725 71
1757537243652 49716834808.24934 72
1757537244139 19494789715.397022 73
1757537244637 433027309688.99475 74
1757537245106 423114027.0963917 75
1757537245577 3238723826.8547564 76
1757537246047 221376104879.26575 77
1757537246518 74018304747.76064 78
1757537246990 96610163.83842869 79
1757537247453 18334166575.514732 80
1757537247933 20506151950.795013 81
1757537248399 354666378297.53735 82
1757537248882 1588999859616.796 83
1757537249375 3171250917.394223 84
1757537249882 8841820358752.424 85
1757537250355 6358903753.874269 86
1757537250846 60875219035.683784 87
1757537251303 5674176597.837542 88
1757537251787 2957501547.715765 89
1757537252264 72170915913.69818 90
1757537252746 41599753.94120503 91
1757537253244 21924502178.996796 92
1757537253735 150526044027.48944 93
1757537254216 3147765047.709572 94
1757537254693 42546719113.57507 95
1757537255157 115191207036.02606 96
1757537255629 29972055510.93752 97
1757537256108 219308063680.40128 98
1757537256584 21142113275.08015 99
1757537257066 13998679389.120731 100
1757537257535 16965257191.922031 101
1757537258035 6243868613.192766 102
1757537350880 5668291604.667592 103
1757537351395 529648138903.81525 104
1757537351876 730348511960.6344 105
1757537352356 38061806095.59448 106
1757537352828 170291204577.7164 107
1757537353302 30878381433.61321 108
1757537353767 20108207260.180336 109
1757537354248 228591327269.32224 110
1757537354722 79902409557.43436 111
1757537355192 208427967348.94995 112
1757537355662 124390153.48640122 113
1757537356125 53371292413.40086 114
1757537356604 92913280128.94177 115
1757537357081 13109285889.850159 116
1757537357554 33172886487.99944 117
1757537358025 12601894572.624052 118
1757537358490 353633001735.49396 119
1757537358961 52686208298.329994 120
1757537359439 685308562.0649242 121
1757537359928 12072375126.970524 122
1757537360396 417781779918.4608 123
1757537360874 19909509683.188297 124
1757537361353 6902040098012.368 125
1757537361833 4881314197.887831 126
1757537362310 324449145.7289137 127
1757537362799 92494923717.20593 128
1757537363274 47961523272.904076 129
1757537363756 6786961676374.46 130
1757537364245 42806412.36436088 131
1757537364730 103970526722.4457 132
1757537365195 158147615267.698 133
1757537365663 97341883.38012758 134
1757537366135 237731855.1438775 135
1757537366614 412396467462.1045 136
1757537367077 1021512336171.1797 137
1757537367544 6141968528.186867 138
1757537368019 183810020683.70282 139
1757537368482 413923215832.04126 140
1757537368951 46609696950.90355 141
1757537369434 31525595708.872684 142
1757537369906 10386530946177.525 143
1757537370377 39948065143.12454 144
1757537370858 96160852707.17175 145
1757537371337 10008673414.455727 146
1757537371813 6462226625.681671 147
1757537372299 347946943.6560214 148
1757537372769 1296848450.1401105 149
1757537373237 9794418983654.244 150
1757537373708 12792204647.685595 151
1757537374190 1385143524.4076333 152
1757537374692 491851594522.7746 153
1757537375173 3184296201.0145884 154
1757537375648 157366746000.12946 155
1757537376127 72575734000.5026 156
1757537376604 90792573.90580142 157
1757537377067 16616462340.563389 158
1757537377543 1073800627.5126736 159
1757537378018 94192176866.0893 160
1757537378499 15313171436.442343 161
1757537378980 113210107115.79265 162
1757537379467 20895579686.8201 163
1757537379939 67397311823.85387 164
1757537380407 195391805835.09018 165
1757537380881 305781125.64564484 166
1757537381345 15389848896.489016 167
1757537381816 7615190369.3925705 168
1757537382322 35882934385.47163 169
1757537382795 415453913399.43195 170
1757537383262 30512029733.63407 171
1757537383754 6870856440.376384 172
1757537384232 115015078028.74548 173
1757537384713 8072230132.906714 174
1757537385189 180195898218.61707 175
1757537385659 184021512500.67966 176
1757537386133 143087861111.1028 177
1757537386610 30333896688.738575 178
1757537387087 1524651004.217435 179
1757537387554 7083474834.824227 180
1757537388022 12180419665.40946 181
1757537388503 15298457092.025675 182
1757537388981 259093693786.42642 183
1757537389469 358484097.8507072 184
1757537389951 326033924.7874359 185
1757537390437 110889951061.91185 186
1757537390914 219247610.02642182 187
1757537391394 179625477315.0804 188
1757537391873 57803597037.74351 189
1757537392348 297831029.78328604 190
1757537392829 35108717238.84004 191
1757537393299 3048740932.1044636 192
1757537393763 64947708010.78383 193
1757537394242 4254950290.4847965 194
1757537394723 63166608175.633995 195
1757537395193 12085990218.508307 196
1757537395666 765553994.5105178 197
1757537396144 913943935.8276103 198
1757537396633 10387669058.754753 199
1757537397105 105411710034.78957 200
1757537397581 2327601628.713121 201
1757537398052 80398559021.24628 202
1757537398518 21301252357.6391 203
1757537399000 12358738383.814358 204
1757537399497 9055691296.761044 205
1757537399982 53205698689.32151 206
1757537400453 346228858815.37976 207
1757537400920 652602810324.1398 208
1757537401396 1021529842353.209 209
1757537401875 21120100282.860397 210
1757537402339 3471493.2368620383 211
1757537402806 87762978084.39777 212
1757537403269 22896691803.91614 213
1757537403747 104588840825.71939 214
1757537404213 44209513371.845146 215
1757537404768 1002621843.1413327 216
1757537405250 28029545899.19539 217
1757537405728 211157261.14399073 218
1757537406210 90842422139.53 219
1757537406686 653130322190.4512 220
1757537407165 146492283364.31134 221
1757537407642 32760688369.160877 222
1757537408113 56677161898.62415 223
1757537408585 103353076.21817486 224
1757537409064 89240378803.22339 225
1757537409536 15335626671.314999 226
1757537410026 37358958336.66274 227
1757537410512 78051360353.88602 228
1757537410993 698599344.9323585 229
1757537411468 2171757575.5503206 230
1757537411946 5432698962.262248 231
1757537412417 163067871310.4677 232
1757537412885 44446062057.7468 233
1757537413378 24923101158.36576 234
1757537413855 1633969439440.2927 235
1757537414328 1955455166596.826 236
1757537414804 6048170328.229413 237
1757537415273 46132817778.25085 238
1757537415739 6268429765.734044 239
1757537416216 763748262289.6462 240
1757537416698 2048611113.3626873 241
1757537417170 2000447438.6478353 242
1757537417646 23791404407.49768 243
1757537418110 60827260179.23466 244
1757537418581 21535601360.165688 245
1757537419056 710011355631.5222 246
1757537419528 102198225604.65771 247
1757537420002 416243861.9776274 248
1757537420472 3384443425218.012 249
1757537420958 267462262655.66147 250
1757537421435 63191828266.95669 251
1757537421916 70997309771.28505 252
1757537422404 8487319392.02977 253
1757537422878 18622174863.53085 254
1757537423347 434624887304.9827 255
1757537423824 6911858022.571105 256
1757537424307 3811289850.5253186 257
1757537424780 1833815484317.7366 258
1757537425249 181518846.7300981 259
1757537425718 25477899469.592083 260
1757537426198 4340647.269444811 261
1757537426690 1577077424.170506 262
1757537427159 21608915274.57904 263
1757537427629 118444826757.13528 264
1757537428103 36132958177.57016 265
1757537428568 42267287.984641045 266
1757537429036 53879905442.584175 267
1757537429513 5980381213.779258 268
1757537429991 957590818.4789258 269
1757537430464 41827894563.79971 270
1757537430938 518019180743.48 271
1757537431424 2982240781.8944206 272
1757537431904 6994996036.392814 273
1757537432386 34808180852.41983 274
1757537432862 218509047.9395111 275
1757537433340 23660394199.48278 276
1757537433806 1165239617.4566848 277
1757537434282 17566542133.831795 278
1757537434760 74641301730.23897 279
1757537435236 121317401569.45091 280
1757537435713 37850482441.93057 281
1757537436193 47901474572.73827 282
1757537436670 536540970.68216217 283
1757537437147 222729236414.97897 284
1757537437620 34104867009.877144 285
1757537438093 827339117.8438591 286
1757537438570 1974761470.61831 287
1757537439051 2136517822.4485908 288
1757537439522 21462917837.54047 289
1757537440002 48294789092.4189 290
1757537440477 7599029471.991213 291
1757537440967 93194338713.0819 292
1757537441439 10704430.399049034 293
1757537441922 82080944969.1515 294
1757537442407 491116942912.9654 295
1757537442892 64058816721.20636 296
1757537443415 12851690490.32099 297
1757537443900 28524337615.53226 298
1757537444388 762627892.0425804 299
1757537444876 34294276297.408558 300
1757537445364 5873419858.3296 301
1757537445844 1695470819.1972907 302
1757537446326 402439582989.3243 303
1757537446805 6923953270.272845 304
1757537447281 173728150770.781 305
1757537447756 5100434742.203546 306
1757537448232 9684455677.969082 307
1757537448704 11689548499.119257 308
1757537449188 61773037200.429054 309
1757537449661 33475337356.554184 310
1757537450151 8164908785.981436 311
1757537450634 4182024325.3158684 312
1757537451109 428045666881.4797 313
1757537451583 6184030393.659339 314
1757537452065 3980844309.3996897 315
1757537452542 747985240.2225976 316
1757537453057 8611641.983069174 317
1757537453545 216017134146.13547 318
1757537454014 1658810325.2256281 319
1757537454484 2267782216.391799 320
1757537454974 65668555330.420975 321
1757537455452 31043912760.319866 322
1757537455927 606296966.9409088 323
1757537456416 672702167.2851619 324
1757537456891 1054583191.9770042 325
1757537457362 112560355881.44258 326
1757537457837 383567373911.10657 327
1757537458311 3319949743.598126 328
1757537458782 88762331816.69437 329
1757537459262 67500678397.75755 330
1757537459742 112688693652.85858 331
1757537460229 3098417813.3679276 332
1757537460707 53286294960.32554 333
1757537461182 13157093596.561815 334
1757537461656 2215497373.2034197 335
1757537462139 336182802361.6314 336
1757537462617 19573485975.551247 337
1757537463100 16746245627.940212 338
1757537463572 24632008991.469017 339
1757537464053 2716172824.484661 340
1757537464530 30501989028.559402 341
1757537465007 102124522569.74326 342
1757537465489 70693317931.71153 343
1757537465984 30582349328.869446 344
1757537466471 3766744753.323644 345
1757537466944 40514845161.86278 346
1757537467423 53756327291.93458 347
1757537467897 180359104836.56903 348
1757537468378 1163157445833.9246 349
1757537468851 5740591585.7232485 350
1757537469326 8011559821.527274 351
1757537469817 62632846361.57167 352
1757537470288 47088985194.516884 353
1757537470753 8621890131.101688 354
1757537471232 74505698534.82562 355
1757537471708 13634462866.689901 356
1757537472180 96782267249.07854 357
1757537472652 34741461904.9471 358
1757537473126 972146251.67666 359
1757537473600 40156201039.19954 360
1757537474074 436901034682.89386 361
1757537474544 483634957.28054774 362
1757537475020 314409772079.563 363
1757537475500 760204196287.3177 364
1757537475966 24348671918.09373 365
1757537476443 90221016325.94241 366
1757537476914 287464238628.9261 367
1757537477382 86864517604.17177 368
1757537477851 4579552017.706523 369
1757537478335 142474685485.96786 370
1757537478816 7806257922.1657715 371
1757537479293 492061431569.0813 372
1757537479767 635793751261.2845 373
1757537480235 59103325.95860345 374
1757537480713 1238727159498.0457 375
1757537481180 10856236698.075874 376
1757537481658 9812432219.701998 377
1757537482133 46665586000.078476 378
1757537482604 14637849633.752178 379
1757537483073 16612771227.662756 380
1757537483546 5917635625.885584 381
1757537484018 21592810194.002712 382
1757537484516 90509208705.76425 383
1757537485003 2051683512.2996895 384
1757537485474 114566326967.39807 385
1757537485949 9258881623.42888 386
1757537486431 945777416.4177749 387
1757537486904 77487510364.76642 388
1757537487373 78434819850.79884 389
1757537487848 43735763518.043724 390
1757537488319 23683596465.437878 391
1757537488790 144775447987.33768 392
1757537489277 5848730243988.08 393
1757537489756 329447406.9305249 394
1757537490222 5890592985304.567 395
1757537490686 74598644453.64479 396
1757537491160 48795601757.470024 397
1757537491635 484274724812.58386 398
1757537492108 5899366446346.177 399
1757537492584 30003823.672951594 400
1757537493059 15833627562.005136 401
1757537493538 61611453654.342476 402
1757537494022 119722410763.27165 403
1757537494498 630966024415.2867 404
1757537494989 541310003251.47406 405
1757537495468 27418625007.310238 406
1757537495951 116562502529.96078 407
1757537496441 6713293563.576059 408
1757537496918 11264782989.352036 409
1757537497398 18727399959.938847 410
1757537497878 59663876428.4757 411
1757537498362 2728070786.656853 412
1757537498839 5370754185.189111 413
1757537499314 37112301994.73382 414
1757537499796 11399829355.494333 415
1757537500269 3900860863.5173388 416
1757537500740 25940966905.228058 417
1757537501198 8636338769.260164 418
1757537501667 183905173764.7222 419
1757537502129 15590609351.057747 420
1757537502597 495019546533.23706 421
1757537503075 145906493909.76746 422
1757537503543 44449412525.740685 423
1757537504010 1046855311538.4192 424
1757537504507 132029196484.52911 425
1757537504975 124435624428.08943 426
1757537505439 38918289788.39117 427
1757537505932 183717420606.13553 428
1757537506485 45977821640.303894 429
1757537507020 14493690718.119505 430
1757537507482 50811750773.71044 431
1757537507951 50398187781.79415 432
1757537508423 3409776389002.2573 433
1757537508892 475897568063.90625 434
1757537509372 94607424046.61322 435
1757537509856 102442705.5313879 436
1757537510335 40049219948.12381 437
1757537510802 1379402.1300715127 438
1757537511276 185768074085.02017 439
1757537511737 7479935911.139154 440
1757537512201 93074257.88322301 441
1757537512670 25712899544.670044 442
1757537513151 10830872341.223303 443
1757537513627 15633970171.544073 444
1757537514096 6112263521.403887 445
1757537514588 101739661554.6919 446
1757537515062 16168965199.51553 447
1757537515530 10419503705.484436 448
1757537515992 51216045577.95448 449
1757537516478 454627401238.1208 450
1757537516952 94839993861.92987 451
1757537517429 364245172538.7331 452
1757537517906 2380460858.457972 453
1757537518375 12335609101.006372 454
1757537518845 74596257433.25241 455
1757537519325 90249845741.42268 456
1757537519799 1078503.5866927353 457
1757537520278 100480319468.31139 458
1757537520750 378181194652.1197 459
1757537521219 6808204923.861411 460
1757537521685 16240463141.093302 461
1757537522160 518749131374.01416 462
1757537522634 91204293315.3143 463
1757537523117 63122104064.83108 464
1757537523591 8448795392.541305 465
1757537524072 71947533965.49521 466
1757537524551 178738912513.19342 467
1757537525030 11485137950.928604 468
1757537525523 164200483683.37643 469
1757537526002 3391651082.4495225 470
1757537526500 103484967.88139099 471
1757537526974 13082369853.647974 472
1757537527453 174988321406.24014 473
1757537527936 6699000096.9115505 474
1757537528416 8630171332.888586 475
1757537528893 87683086397.77492 476
1757537529367 260679647029.22922 477
1757537529838 9142353942.971172 478
1757537530318 3754834170.505669 479
1757537530792 2069398520.453147 480
1757537531270 512386503.5328003 481
1757537531736 138651942162.38098 482
1757537532205 7351470363.566559 483
1757537532682 31710316578.55613 484
1757537533157 9746467386.703146 485
1757537533628 1770343464.3045595 486
1757537534104 15054677415.831877 487
1757537534587 114038721787.05748 488
1757537535060 58360843261.635185 489
1757537535539 162626490800.26114 490
1757537536015 69970949196.50723 491
1757537536504 3111445942.7950325 492
1757537536981 30771529168.550537 493
1757537537457 187028374195.6376 494
1757537537924 115270842509.36168 495
1757537538414 8703992636.859585 496
1757537538894 41538857419.91568 497
1757537539387 7545175781.6082535 498
