1757549237720 5673497804.190711 0
1757549238183 9539775453.659122 1
1757549238680 213577666150.7236 2
1757549239159 434405277037.2605 3
1757549239649 6300685112.171822 4
1757549240135 1498100081818.5369 5
1757549240628 986582615044.8921 6
1757549241135 10449437681.599607 7
1757549241622 65349695496.27581 8
1757549242093 820933808240.93 9
1757549242572 3379306999.9725766 10
1757549243043 87170397688.74261 11
1757549243520 388961835899.94836 12
1757549243990 143109028519.3562 13
1757549244483 30293179955.619995 14
1757549244964 2872476980.815063 15
1757549245435 82137995208.87833 16
1757549245912 161932718044.40356 17
1757549246379 10007531.083057728 18
1757549246862 5542239148.741925 19
1757549247327 81141308799.78363 20
1757549247809 45084583791.990585 21
1757549248289 1309810116224.4988 22
1757549248786 547028461.5770347 23
1757549249277 49514922611.99346 24
1757549249759 131758596.00314792 25
1757549250228 23806682020.561848 26
1757549250720 233780173875.52652 27
1757549251199 14891711549.292614 28
1757549251666 19824158400.52087 29
1757549252147 17734830329.409946 30
1757549252652 30237377910.715004 31
1757549253137 5386666870.81761 32
1757549253623 9406318706.503841 33
1757549254121 42743388377.55137 34
1757549254604 54432339764.47577 35
1757549255074 2519104983.2885485 36
1757549255585 18589595137.519855 37
1757549256082 40711287905.60159 38
1757549256580 89837927192.7016 39
1757549257057 255604133428.2117 40
1757549257533 928052864.3518885 41
1757549258006 125913832795.12173 42
1757549258559 388944135660.4144 43
1757549259091 3036703171589.907 44
1757549259611 23090304013.50781 45
1757549260099 616117845769.4202 46
1757549260588 57489757.61151123 47
1757549261087 147296091975.77856 48
1757549261585 1426268299.5506797 49
1757549262101 75599625153.63046 50
1757549262597 2163365267.718718 51
1757549263087 25333239032.545067 52
1757549263578 11813341100.177496 53
1757549264067 22307321882.037548 54
1757549264541 264940005799.5647 55
1757549265014 743524324801.1433 56
1757549265492 8498511752.07737 57
1757549266001 75809336468.34482 58
1757549266489 695692408836.7083 59
1757549266963 42023053319.91953 60
1757549267501 110569157473.03668 61
1757549268028 60318676120.3212 62
1757549268577 242831605610.33878 63
1757549269140 246415956001.15985 64
1757549269668 78755499484.58047 65
1757549270151 124648193627.69815 66
1757549270636 532594468.4960338 67
1757549271127 6129241170317.38 68
1757549271601 248257348.84743118 69
1757549272106 29997091752.320404 70
1757549272596 8886553837.486437 71
1757549273097 118494982142.03612 72
1757549273598 2086853287955.3086 73
1757549274111 1299174968262.6416 74
1757549274590 105384428.10700111 75
1757549275071 1373844559.4480324 76
1757549275553 26188491902.71082 77
1757549276036 213006105008.3766 78
1757549276525 95736628241.73361 79
1757549277013 3394922457.788466 80
1757549277512 198474923326.71585 81
1757549278007 10880518755.153458 82
1757549278511 243373656579.196 83
1757549279002 10915293342.440565 84
1757549279482 750346894163.0553 85
1757549279959 345578533567.0079 86
1757549280440 716691931.3410817 87
1757549280933 123287208267.8965 88
1757549281435 29940914957.54011 89
1757549281916 72514236139.56061 90
1757549282394 309515552974.2151 91
1757549282891 2603394968.433632 92
1757549283370 205250045342.8131 93
1757549283877 37110426127.12044 94
1757549284388 146011137132.24725 95
1757549284899 2395734330.1055546 96
1757549285422 2242270288.5320764 97
1757549285937 1106253882.911973 98
1757549286460 21186451609.897568 99
1757549286953 937116628.1007807 100
1757549287454 1118757160.3789594 101
1757549287928 31918988225.28672 102
1757549288435 107252629321.50836 103
1757549288915 408028775141.1256 104
1757549289407 3755386003.7265544 105
1757549289894 150169772006.92776 106
1757549290397 3342239679543.053 107
1757549290878 176529857929.57678 108
1757549291366 81115768140.32233 109
1757549291852 4084555534.774419 110
1757549292343 135373323784.94557 111
1757549292844 1176460936.460306 112
1757549293328 67028769338.175026 113
1757549293820 5179153595.160135 114
1757549294327 2163105409134.3435 115
1757549294832 39685214751.20875 116
1757549295314 3700527477.600442 117
1757549295802 16297127650.97705 118
1757549296309 11377469836.129652 119
1757549296814 1556061117.5332377 120
1757549297317 293545037099.4903 121
1757549297817 31904577517.23642 122
1757549298325 19864587580.030567 123
1757549298816 6760950037.286693 124
1757549299328 411040552604.4103 125
1757549299820 31665909840.815117 126
1757549300383 33755828168.929626 127
1757549300996 577617227593.2393 128
1757549301530 5768687076.598039 129
1757549302009 42217600073.08701 130
1757549302499 1458861943245.2964 131
1757549302983 30069302680.33119 132
1757549303463 52654977840.806206 133
1757549303937 51842481657.42548 134
1757549304439 131263916951.88052 135
1757549304928 782703054.7302183 136
1757549305413 20099574.812787227 137
1757549305908 23462374693.250443 138
1757549306392 3817091554.7241664 139
1757549306887 200045060.55711368 140
1757549307386 229435797320.7952 141
1757549307891 7143488330.754863 142
1757549308415 117298947821.66634 143
1757549308954 372889926286.10004 144
1757549309449 79584663018.47076 145
1757549309934 1480829030669.2463 146
1757549310429 3678586944.094094 147
1757549310916 35826817489.95647 148
1757549311417 30175797092.51814 149
1757549311902 20975529551.438557 150
1757549312383 103912153149.75772 151
1757549312849 43565817500.084656 152
1757549313338 916056012.8196619 153
1757549313809 265116066129.78104 154
1757549314295 683386334.0981182 155
1757549314777 384270754046.8968 156
1757549315275 459529858.6968901 157
1757549315752 30695144272.102856 158
1757549316246 32533435316.93616 159
1757549316738 70832409725.61298 160
1757549317227 63345709638.73594 161
1757549317742 5224742467.614145 162
1757549318272 135393543618.92601 163
1757549318797 13012047370.795681 164
1757549319296 2486780942.447409 165
1757549319788 2822007805.8293805 166
1757549320329 336381158499.9615 167
1757549320821 25151777313.424942 168
1757549321333 85160233682.29413 169
1757549321824 1051402395.4896258 170
1757549322318 167577563022.3171 171
1757549322823 1291492416728.3567 172
1757549323307 17633289853.596226 173
1757549323789 867493749.3958734 174
1757549324263 118478450642.03624 175
1757549324737 41155898380.81823 176
1757549325223 80327995.8078779 177
1757549325714 224756889873.28555 178
1757549326217 96224484700.95393 179
1757549326694 6978534264.423695 180
1757549327194 25529134550.349274 181
1757549327674 34683513605.08265 182
1757549328163 5559118883.310294 183
1757549328654 334288740054.2952 184
1757549329137 97799826062.59244 185
1757549329636 4051348822.4233155 186
1757549330121 15422797458.50953 187
1757549330598 437355608.42202437 188
1757549331087 46283625942.35594 189
1757549331577 158540186268.06894 190
1757549332144 178645340.03709614 191
1757549332671 301451370153.534 192
1757549333209 710699975445.3252 193
1757549333731 22012153855.23667 194
1757549334232 6257660262.511577 195
1757549334711 160538762342.16605 196
1757549335198 963359572.1199857 197
1757549335681 156664119.93333 198
1757549336186 72539272676.26013 199
1757549336673 1169983906935.427 200
1757549337164 6023640487.713365 201
1757549337648 510519544998.4342 202
1757549338121 14740217970.50313 203
1757549338674 28378324648.690845 204
1757549339198 126271333083.64218 205
1757549339683 83143176237.96832 206
1757549340169 319246015183.33154 207
1757549340666 7815581666.786724 208
1757549341151 186434647633.95117 209
1757549341656 230422069948.9312 210
1757549342142 290387576523.22687 211
1757549342621 146338614732.79828 212
1757549343122 1557787788526.6528 213
1757549343654 261230215033.45508 214
1757549344136 778901222351.87 215
1757549344629 31312231388.548687 216
1757549345133 9018413803.584505 217
1757549345638 4607021580.419447 218
1757549346163 185807257217.8721 219
1757549346671 6481081846.761586 220
1757549347175 6448913286.97598 221
1757549347668 4754471158.973595 222
1757549348153 4772108441.1877775 223
1757549348639 1219339958.457821 224
1757549349142 268213836.0800541 225
1757549349638 592575661324.3513 226
1757549350167 6562149779.239889 227
1757549350650 9574424.586662387 228
1757549351145 19690511093.647816 229
1757549351645 5809540256.133154 230
1757549352136 37281173961.910286 231
1757549352618 82405537248.49965 232
1757549353117 1211255102.092112 233
1757549353610 346635023882.0015 234
1757549354091 17287997374.40465 235
1757549354590 86581062300.55505 236
1757549355124 462570737812.30524 237
1757549355606 621673501675.3894 238
1757549356126 357027116220.7837 239
1757549356636 412518108028.03265 240
1757549357144 2742763063.6388597 241
1757549357651 95291115459.70534 242
1757549358148 20723692973.655617 243
1757549358637 5988460360.707226 244
1757549359138 13303225084.80668 245
1757549359634 18419010674.39073 246
1757549360143 58888129590.98997 247
1757549360631 9312472835694.752 248
1757549361114 463632408756.2823 249
1757549361603 19393470962.18375 250
1757549362093 24162498381.920525 251
1757549362578 20405117514.067184 252
1757549363060 3163561100.701182 253
1757549363559 3551724058.4371004 254
1757549364113 53600097365.335434 255
1757549364722 45147262422.84796 256
1757549365281 9159589335.838707 257
1757549365763 8701998898.373266 258
1757549366264 444968577029.1191 259
1757549366763 598512962.5949967 260
1757549367261 5064560639.737347 261
1757549367768 77676902.33330032 262
1757549368268 447213888184.112 263
1757549368768 70124007477.62608 264
1757549369255 8500964813.582997 265
1757549369757 80980248832.86205 266
1757549370249 5909687402.913301 267
1757549370729 2305021330.5180187 268
1757549371222 2883018643337.9375 269
1757549371695 68935208307.6854 270
1757549372183 249901881937.6273 271
1757549372670 2993700667.9786386 272
1757549373193 10761734141582.639 273
1757549373688 67969545817.22877 274
1757549374179 1662626423391.7158 275
1757549374704 21796779059.293896 276
1757549375192 90697129519.9857 277
1757549375677 411164159806.6131 278
1757549376188 46370755694.11846 279
1757549376664 4337469179.505205 280
1757549377151 93193528374.85574 281
1757549377634 100490609212.61766 282
1757549378127 490566527319.89075 283
1757549378637 21966869220.59341 284
1757549379115 33174320738.68213 285
1757549379615 181825022.94699934 286
1757549380116 40861175392.99886 287
1757549380608 22793187838.840145 288
1757549381102 31908882569.454887 289
1757549381648 1098647943776.0214 290
1757549382168 6164653227.388206 291
1757549382756 182058396428.57336 292
1757549383303 10382229776.662636 293
1757549383854 747352813664.1067 294
1757549384430 447914128203.7889 295
1757549384959 802787215987.5249 296
1757549385463 201808526655.48715 297
1757549385958 576892637803.4324 298
1757549386454 303891403163.1189 299
1757549386941 374475852179.27045 300
1757549387443 96844745189.74387 301
1757549387950 38920813.39460217 302
1757549388448 11232863467.227982 303
1757549388968 1563493732953.6716 304
1757549389463 4196546554.101197 305
1757549389947 10689106411342.744 306
1757549390451 26869623940.263092 307
1757549390950 17392111098.486084 308
1757549391448 146016691270.52197 309
1757549391941 433856467546.77405 310
1757549392428 6765619886.716358 311
1757549392914 140021937650.94727 312
1757549393404 83419907835.26543 313
1757549393908 32317128721.682457 314
1757549394405 2211760855.207468 315
1757549394955 149954215811.9606 316
1757549395443 82472488964.00058 317
1757549395947 256715166.3486307 318
1757549396585 107519767.7929455 319
1757549397163 5677215837.6769085 320
1757549397729 13019375375.820202 321
1757549398219 12371513369.865887 322
1757549398725 87301225747.15477 323
1757549399242 390361254995.2791 324
1757549399731 1322423259.9644916 325
1757549400240 29748006340.301823 326
1757549400733 190445566794.85153 327
1757549401220 33877080.45650557 328
1757549401712 59456337025.69405 329
1757549402191 7591429154.893239 330
1757549402672 632233301.960386 331
1757549403170 2840420351.631908 332
1757549403667 100808562050.70442 333
1757549404174 77146801578.9783 334
1757549404667 43554122217.29982 335
1757549405164 402124870413.9271 336
1757549405657 16201104936.986149 337
1757549406163 127734411073.61707 338
1757549406637 25158545687.22468 339
1757549407128 833101437671.9032 340
1757549407619 109817100951.22739 341
1757549408137 5195714617.593873 342
1757549408623 1957313944.972435 343
1757549409119 170713536793.34866 344
1757549409620 537275181022.1917 345
1757549410122 574458036215.3859 346
1757549410600 1187812499.2687566 347
1757549411080 383661771400.78455 348
1757549411576 55269228591.75369 349
1757549412069 41647041862.00338 350
1757549412550 2195516070881.773 351
1757549413059 31595167022.36326 352
1757549413546 239755615914.23846 353
1757549414051 808397294669.2507 354
1757549414547 2425502647389.042 355
1757549415035 28870389146.431793 356
1757549415537 253478047712.93704 357
1757549416042 44877708748.42002 358
1757549416549 66586175.51615007 359
1757549417036 33068670319.187428 360
1757549417528 20832236875.35457 361
1757549418024 33380304057.067036 362
1757549418528 35943362134.84854 363
1757549419022 87526782240.36497 364
1757549419536 276401434229.5876 365
1757549420054 86133524502.73116 366
1757549420557 22434160546.069065 367
1757549421028 13214627229.922283 368
1757549421514 14104058.044453466 369
1757549421995 83645975504.01007 370
1757549422478 408164698780.41095 371
1757549422960 8432077328.346555 372
1757549423444 17820446462.74119 373
1757549423936 43159219162.55266 374
1757549424441 5865021619708.293 375
1757549424919 43630831755.00135 376
1757549425398 430765199.1692469 377
1757549425889 190225925540.1243 378
1757549426385 196353001341.43915 379
1757549426872 41299502112.67538 380
1757549427359 13689827289.353481 381
1757549427860 18466756237.957726 382
1757549428456 54582576856.83264 383
1757549429002 4608247167.2786255 384
1757549429537 366418340.11735123 385
1757549430036 96999541785.08356 386
1757549430531 88847519961.01804 387
1757549431035 338173640515.1652 388
1757549431552 768113535139.2064 389
1757549432047 6895658355.829964 390
1757549432534 48856186600.73834 391
1757549433015 22639647899.078487 392
1757549433495 953600241437.7023 393
1757549433984 33665051049.63253 394
1757549434477 196506390304.61606 395
1757549434958 383907470677.68036 396
1757549435450 11327345992.452402 397
1757549435961 55357097212.32301 398
1757549436460 41947209748.34958 399
1757549436959 1782121825122.7954 400
1757549437432 495281290804.7609 401
1757549437923 280260334196.0383 402
1757549438413 30837369.842017215 403
1757549438924 67965454470.50375 404
1757549439436 4622543408.065446 405
1757549439919 154686649838.20013 406
1757549440412 120568326163.69476 407
1757549440907 8859232312.406069 408
1757549441396 110613825388.9353 409
1757549441900 6387150608588.755 410
1757549442392 7553198710.625806 411
1757549442892 48977810298.243 412
1757549443370 359079231030.58636 413
1757549443861 303522136113.7709 414
1757549444368 38667207745.56316 415
1757549444866 173407759216.7536 416
1757549445406 3441372563.2951193 417
1757549445925 42121214809.47936 418
1757549446458 556524836277.1755 419
1757549446988 2169711788.1543527 420
1757549447503 38387463622.762085 421
1757549448049 153352337698.0029 422
1757549448594 10175232466.196695 423
1757549449110 30515713926.13345 424
1757549449660 127132351062.79646 425
1757549450150 30337583631.50811 426
1757549450649 77336584156.76434 427
1757549451153 57182582121.82013 428
1757549451667 4543657791.263041 429
1757549452167 248743499097.13144 430
1757549452675 31299335748.262413 431
1757549453173 118840905985.52444 432
1757549453667 18969514418.332153 433
1757549454160 261236386240.2045 434
1757549454661 706498325272.3241 435
1757549455151 269903618758.97043 436
1757549455672 11261709.890064249 437
1757549456196 2152746816.178915 438
1757549456693 3840065283.05696 439
1757549457193 106378743053.85522 440
1757549457693 448577551062.95605 441
1757549458187 239163435.99665436 442
1757549458684 3203451667.4766264 443
1757549459170 6050014.543397684 444
1757549459679 809653363.5454175 445
1757549460187 554599052593.9268 446
1757549460723 33840328255.52356 447
1757549461267 5961694399.354362 448
1757549461829 110491021946.4936 449
1757549462385 145288974.79622695 450
1757549462880 9439094303.452627 451
1757549463374 102411395297.81165 452
1757549463852 24386715846.109074 453
1757549464347 45765600676.18215 454
1757549464848 200553025463.9015 455
1757549465336 3324211757.5779943 456
1757549465831 108925745125.00732 457
1757549466337 1920341054092.0996 458
1757549466821 5594835761.050697 459
1757549467316 24522587858.049374 460
1757549467807 516737211411.69147 461
1757549468310 381436887168.22437 462
1757549468812 2652211577834.0073 463
1757549469303 2057609634.767414 464
1757549469782 12777248601.22213 465
1757549470300 95149624529.69336 466
1757549470789 67286729126.28914 467
1757549471264 19678004882.37712 468
1757549471744 97424985167.43248 469
1757549472227 994430.379351002 470
1757549472728 123302264573.60422 471
1757549473241 16691595794.501102 472
1757549473731 88175053129.33995 473
1757549474230 866622548.5688478 474
1757549474729 164426980051.3627 475
1757549475214 168862621317.05963 476
1757549475709 1179281754.8538806 477
1757549476211 720922917488.3853 478
1757549476708 215698275988.92676 479
1757549477203 401916485069.10034 480
1757549477701 161270579703.18222 481
1757549478200 1477951813.9787 482
1757549478743 22530685524.046387 483
1757549479236 111170911477.83243 484
1757549479728 663671838740.4707 485
1757549480228 2377975966400.303 486
1757549480724 1164546341631.8933 487
1757549481224 36539308112.242325 488
1757549481718 183023891493.54382 489
1757549482209 1366641772112.1687 490
1757549482717 23555092884.22315 491
1757549483209 319109212387.9315 492
1757549483703 20969661844.29572 493
1757549484194 37358636685.11566 494
1757549484674 16220687679.38427 495
1757549485158 2558656310.8941426 496
1757549485657 47637577939.08278 497
1757549486163 15058896257.004301 498
1757549486647 73877873944.64229 499
