1757559899831 271170617013.3001 0
1757559900394 114073825090559.0 1
1757559900961 242119991715229.4 2
1757559901479 1.5745873311128776e+16 3
1757559901994 6.201095099974511e+20 4
1757559902529 6.991516329834151e+19 5
1757559903058 1.691865641058546e+22 6
1757559903567 2.6945560543848773e+26 7
1757559904077 1.56264415788689e+23 8
1757559904596 8.437488505366793e+28 9
1757559905101 3.770588835288668e+32 10
1757559905604 5.856529593984175e+30 11
1757559906108 2.3734604956756944e+37 12
1757559906623 1.7259618011066483e+39 13
1757559907147 9.539991525003402e+41 14
1757559907661 7.223977171990462e+43 15
1757559908186 2.576032419888819e+46 16
1757559908697 2.614292230913007e+44 17
1757559909191 9.806227906636657e+47 18
1757559909714 1.2833807825947227e+51 19
1757559910203 1.1779852020105293e+51 20
1757559910697 2.1844790678030282e+49 21
1757559911210 1.6666533348807737e+52 22
1757559911699 7.178808781616425e+53 23
1757559912217 2.4160224383792332e+55 24
1757559912733 1.641684260908535e+56 25
1757559913248 2.389498244160184e+59 26
1757559913769 1.1106454412179224e+64 27
1757559914274 2.2234531069743153e+65 28
1757559914782 6.035382221872963e+66 29
1757559915274 7.105905421916072e+67 30
1757559915783 2.232020230828346e+68 31
1757559916285 7.499410100488773e+70 32
1757559916811 9.496726266506462e+74 33
1757559917320 3.9804958826088486e+73 34
1757559917823 7.10769759563826e+79 35
1757559918321 1.9788207026471257e+81 36
1757559918832 3.664556858655192e+81 37
1757559919330 8.761094559105768e+84 38
1757559919831 1.429769065799407e+82 39
1757559920332 6.189676721820012e+86 40
1757559920843 6.9372178379487105e+90 41
1757559921371 1.2456523051021987e+94 42
1757559921874 2.6136126161824427e+94 43
1757559922382 5.405306375035909e+98 44
1757559922890 1.751971547748125e+100 45
1757559923398 5.955195846796054e+101 46
1757559923910 4.628345933341115e+101 47
1757559924417 3.597290867692314e+102 48
1757559924915 1.6943120846375511e+103 49
1757559925418 3.5685950077836806e+104 50
1757559925921 1.131653976504195e+109 51
1757559926418 5.825545524094891e+109 52
1757559926919 3.234782797371789e+111 53
1757559927420 2.8214331914140023e+113 54
1757559927915 1.7930453910345744e+117 55
1757559928413 1.3727879551655625e+120 56
1757559928917 2.2901458360287883e+122 57
1757559929425 3.8298415523168166e+124 58
1757559929931 1.568775084413043e+128 59
1757559930441 1.142853513165603e+129 60
1757559930952 5.791077799698254e+129 61
1757559931492 3.126081334420197e+133 62
1757559932006 2.858885494548616e+136 63
1757559932540 8.966017557216498e+137 64
1757559933065 3.0576692582861736e+144 65
1757559933594 1.920624614300779e+147 66
1757559934105 6.840413951604467e+148 67
1757559934613 1.1713866844521563e+151 68
1757559935117 8.606500870985849e+149 69
1757559935623 5.062105697937202e+151 70
1757559936132 3.62462768750365e+152 71
1757559936634 7.8614761683694755e+155 72
1757559937148 5.136771497341227e+156 73
1757559937661 2.4958392236890973e+163 74
1757559938155 6.271189902173377e+164 75
1757559938657 1.0102840561476663e+169 76
1757559939170 6.881963284485359e+167 77
1757559939676 2.184893411549167e+171 78
1757559940178 1.1928159365062776e+173 79
1757559940679 7.030659685346106e+177 80
1757559941178 3.344440640797671e+180 81
1757559941678 2.550945133448688e+182 82
1757559942195 1.4959233323824806e+185 83
1757559942706 1.3166522157735078e+187 84
1757559943211 3.760018833057089e+190 85
1757559943737 3.7064625491114675e+192 86
1757559944259 4.401718603450102e+195 87
1757559944783 6.5831840112645575e+196 88
1757559945284 3.452456588480257e+200 89
1757559945812 1.9071836930188838e+203 90
1757559946305 4.626188646391459e+205 91
1757559946790 2.7494617544099486e+207 92
1757559947281 1.9721027724490327e+207 93
1757559947772 3.0826381455573137e+212 94
1757559948262 2.148408589205303e+213 95
1757559948749 1.6198441609655177e+217 96
1757559949235 1.1918948376212271e+214 97
1757559949724 2.3614238441916047e+222 98
1757559950208 1.994496070979697e+221 99
1757559950692 3.555126238489189e+227 100
1757559951198 5.697694182201216e+229 101
1757559951712 2.151949315905338e+233 102
1757559952221 5.558770660109897e+233 103
1757559952745 2.0588770687531662e+237 104
1757559953255 6.030020813921184e+239 105
1757559953787 5.36059455203066e+240 106
1757559954310 9.852242661307909e+240 107
1757559954821 1.642297777400698e+246 108
1757559955322 2.9813922413209244e+247 109
1757559955842 2.0925557958823985e+250 110
1757559956350 2.4081400839556644e+254 111
1757559956882 1.1687724388420899e+254 112
1757559957394 9.504153012153253e+258 113
1757559957901 1.6816800632995896e+261 114
1757559958426 5.3173023096908425e+262 115
1757559958944 5.63629526050319e+265 116
1757559959461 4.0419563335245474e+267 117
1757559959969 4.0183737210677063e+272 118
1757559960499 1.9138265139318807e+273 119
1757559961018 3.286401329669378e+275 120
1757559961529 4.321257608642987e+276 121
1757559962019 4.014226076210007e+279 122
1757559962556 1.1912115240533169e+281 123
1757559963063 8.440998719224706e+281 124
1757559963576 2.840978615482436e+282 125
1757559964116 9.952959771094702e+281 126
1757559964656 2.3946276779558294e+283 127
1757559965200 2.0338537661556347e+285 128
1757559965779 4.175986188498221e+286 129
1757559966305 1.2403038239215099e+288 130
1757559966873 1.0464378472522156e+291 131
1757559967377 1.7532021583960544e+291 132
1757559967871 4.134619715298547e+292 133
1757559968364 3.9014645945517956e+297 134
1757559968863 2.173871001792017e+301 135
1757559969390 6.893428461313124e+301 136
1757559969912 3.1687075459096275e+304 137
1757559970416 9.366556665361827e+306 138
