1757580756957 326939426073.8319 0
1757580757625 114962214.02069852 1
1757580758306 6621413661.832947 2
1757580758987 31295356104.79113 3
1757580759658 189610171234.1736 4
1757580760353 1251096486.0614574 5
1757580761053 38686019105.094025 6
1757580761735 221471721310.4441 7
1757580762393 106496812517.928 8
1757580763057 497794379253.6177 9
1757580763718 91918854764.74133 10
1757580764378 20318162583.702885 11
1757580765062 5554584426.642092 12
1757580765731 17614065956.31468 13
1757580766401 8890256066448.451 14
1757580767066 50946263055.312965 15
1757580767742 3177736.5791714173 16
1757580768407 206971508917.03207 17
1757580769092 559673359085.7876 18
1757580769700 280327659.0855121 19
1757580770212 155975338485.97845 20
1757580770704 1590144199229.0522 21
1757580771208 30129942714.595913 22
1757580771707 73349999892.96576 23
1757580772194 576692235.8692614 24
1757580772694 92688713202.65811 25
1757580773186 8362586272620.463 26
1757580773681 34875251011.95833 27
1757580774172 453801473602.6847 28
1757580774672 44766964141.84868 29
1757580775158 268055233658.62744 30
1757580775684 57766192883.90667 31
1757580776200 91616698186.17346 32
1757580776692 13986913321.442753 33
1757580777178 60168222837.97176 34
1757580777679 47227803.680635944 35
1757580778173 1015087585.9267776 36
1757580778639 13481992434.705788 37
1757580779117 29407029421.346867 38
1757580779599 28131245498.42986 39
1757580780086 2447046664.092658 40
1757580780567 69733141217.85226 41
1757580781065 233517087556.22214 42
1757580781583 33241375126.69268 43
1757580782080 2134197097542.651 44
1757580782577 44620290588.306526 45
1757580783065 1949313631419.1611 46
1757580783546 186850325632.28925 47
1757580784045 428236577.81263036 48
1757580784528 32318744472.868217 49
1757580785011 12157744956.480772 50
1757580785493 464723166759.4459 51
1757580785997 58381396033.83314 52
1757580786648 991044054725.4587 53
1757580787274 11344527683.969425 54
1757580787909 927077151865.2949 55
1757580788567 45123403944.40555 56
1757580789236 1357684001.4232736 57
1757580789927 358872985622.9742 58
1757580790606 65568917306.29658 59
1757580791289 93358463979.28462 60
1757580791965 1985414871.1947265 61
1757580792631 17399117393.241436 62
1757580793285 212677244702.99255 63
1757580793964 166926649065.39966 64
1757580794643 2599655740.5312924 65
1757580795309 2471198834.6845975 66
1757580795955 7811695966.440001 67
1757580796530 17960513502.009087 68
1757580797205 1040626.9366098621 69
1757580797879 60740948068.21122 70
1757580798555 531168245976.46704 71
1757580799222 648458558.2635481 72
1757580799890 17813553054.026627 73
1757580800566 21544073371.602825 74
1757580801233 107751941262.35669 75
1757580801905 1756998315.0323322 76
1757580802581 699655214383.1985 77
1757580803253 348544119344.9727 78
1757580803928 253869769.7242703 79
1757580804469 234998345216.78256 80
1757580805142 35195913330.03161 81
1757580805821 84510089975.07811 82
1757580806484 4402297227.546361 83
1757580807160 169811891261.5103 84
1757580807822 13155471396.17629 85
1757580808486 138782620993.03058 86
1757580809158 106859726.93683596 87
1757580809806 16696199641.572556 88
1757580810472 307918697861.85504 89
1757580810989 246105316.1367238 90
1757580811477 68607449525.779564 91
1757580811978 406762379.22227526 92
1757580812472 124056101.14132005 93
1757580812956 166143560668.3761 94
1757580813440 133507028151.45595 95
1757580813947 844121139920.0333 96
1757580814430 130184205415.08395 97
1757580814941 75417505221.46912 98
1757580815433 61488272873.34389 99
1757580815901 663404142730.8538 100
1757580816385 256653354953.44232 101
1757580816880 710121669.2764566 102
1757580817368 38234389486.609566 103
1757580817849 319662852.2643745 104
1757580818343 18641400505.05824 105
1757580818823 14061526481.094538 106
1757580819299 38675274372.53387 107
1757580819771 12640822135.092117 108
1757580820236 66193167560.36076 109
1757580820703 345939828218.0481 110
1757580821162 3329490468.29927 111
1757580821654 11930519617.496754 112
1757580822150 273086485219.14612 113
1757580822623 9877550528.446077 114
1757580823104 38986787.56738881 115
1757580823581 323383651738.6607 116
1757580824057 43942956576.25103 117
1757580824552 432060316827.58185 118
1757580825049 112276164369.7469 119
1757580825543 6064761026.041281 120
1757580826017 2525826651.6267858 121
1757580826485 13265772548.404726 122
1757580826976 21239156.36017758 123
1757580827464 9744754373.049152 124
1757580827954 36677811031.607254 125
1757580828441 9722937475.912348 126
1757580828919 52606295145.43986 127
1757580829426 19535302814701.605 128
1757580829909 138615526170.96622 129
1757580830393 184869121137.71008 130
1757580830885 9439174825.973785 131
1757580831371 122696349139.29648 132
1757580831869 22194446760.612125 133
1757580832346 55409319515.02109 134
1757580832825 860771335184.9387 135
1757580833296 39111870704.19811 136
1757580833757 22670529311.601765 137
1757580834218 11157972624.182806 138
1757580834688 156057381046.55832 139
1757580835168 100082497941.21892 140
1757580835646 46309737023.70758 141
1757580836133 1989054648.4516425 142
1757580836614 66727592676.981255 143
1757580837100 472232462359.2847 144
1757580837575 14279994869.337036 145
1757580838063 235321521342.58337 146
1757580838553 63249399463.395195 147
1757580839019 216974215418.72736 148
1757580839491 17302813159.43879 149
1757580839972 186336286073.64664 150
1757580840438 160568818119.1214 151
1757580840921 4117278407.6998377 152
1757580841416 9990184358.751022 153
1757580841906 41330749833.561295 154
1757580842406 27929899104.34768 155
1757580842879 34235124354.319874 156
1757580843362 678960422.9331329 157
1757580843834 14532734462.523354 158
1757580844319 2292199148.3442082 159
1757580844805 65950306809.923416 160
1757580845284 14224789306.835003 161
1757580845772 50458605830.53 162
1757580846242 7127414205.736767 163
1757580846702 2127386934837.1436 164
1757580847174 5385895378.8342285 165
1757580847640 99649380439.04001 166
1757580848104 45837727020.96954 167
1757580848569 286645802084.8492 168
1757580849033 152108733781.13608 169
1757580849505 108164884100.16661 170
1757580849969 67673783940.774574 171
1757580850451 5171568518.72583 172
1757580850919 695673602.6199586 173
1757580851391 80091336172.88098 174
1757580851859 11025607690.051619 175
1757580852367 2927760500.3767776 176
1757580852862 66191218021.429405 177
1757580853333 2716331145252.3086 178
1757580853813 208610725056.56723 179
1757580854312 4457409642.22513 180
1757580854785 118080953466.55347 181
1757580855265 182686291154.58536 182
1757580855737 230906114902.31326 183
1757580856220 2242232.2007401744 184
1757580856734 635229601.1943249 185
1757580857209 1618006641.1801066 186
1757580857675 15652685423.577782 187
1757580858144 119278685044.14426 188
1757580858627 2306316744697.222 189
1757580859122 36558363900.8251 190
1757580859597 18281447342.15627 191
1757580860064 7581053263.155906 192
1757580860539 163523079288.14185 193
1757580861027 156753977257.2689 194
1757580861534 281622884800.36383 195
1757580862016 1554759144892.3708 196
1757580862511 539083540.6122222 197
1757580862980 7975307641.535945 198
1757580863465 6535437080.574339 199
1757580863953 30384656767.660065 200
1757580864434 10460814950.37645 201
1757580864939 92647079150.66537 202
1757580865436 32385058854.971195 203
1757580865918 5843796787.629118 204
1757580866385 46135239375.18849 205
1757580866858 416209948.5290918 206
1757580867341 2226975010.608822 207
1757580867814 95239976498.62073 208
1757580868327 248742990307.103 209
1757580868831 324958645554.66254 210
1757580869327 136521228579.27582 211
1757580869807 164515913736.57303 212
1757580870271 10387235732.209745 213
1757580870749 139070258.48086962 214
1757580871220 59567966581.87113 215
1757580871694 222433078242.55405 216
1757580872155 172377191911.20676 217
1757580872633 694771001.2865303 218
1757580873116 2857049051.8134465 219
1757580873610 130849627116.87566 220
1757580874109 1746823770.2255962 221
1757580874586 2675991442.624285 222
1757580875075 943045218174.9774 223
1757580875550 209219873531.62518 224
1757580876029 9388759.247204887 225
1757580876490 160212314.96625528 226
1757580877022 241713443696.33276 227
1757580877514 107105174136.33545 228
1757580878021 110026611329.3835 229
1757580878623 133372428301.1181 230
1757580879313 55328836738.34668 231
1757580879851 19519509538.186405 232
1757580880513 64496911198.524826 233
1757580881142 25050456315.924572 234
1757580881825 26978019216.892998 235
1757580882496 35151110588.160484 236
1757580883178 1868306674.9469473 237
1757580883811 2085511090498.1467 238
1757580884470 6993160883.447082 239
1757580885149 18821648952.37889 240
1757580885832 22581192733.59479 241
1757580886509 958200174.0735122 242
1757580887204 34643558993.59615 243
1757580887786 75796275069.78209 244
1757580888454 3965104473.4612107 245
1757580888963 8164942203288.821 246
1757580889640 417149413008.5942 247
1757580890320 37654787954.469246 248
1757580891004 392915426954.14966 249
1757580891680 72066471425.21442 250
1757580892360 35281089971.29463 251
1757580893000 704773862791.542 252
1757580893670 19492633748.234066 253
1757580894255 1904284303.198136 254
1757580894939 115569686785.34694 255
1757580895611 27920934357.55554 256
1757580896276 710830397.4599984 257
1757580896961 466371107229.75806 258
1757580897652 3203728436.754568 259
1757580898336 8741226040597.679 260
1757580899018 2261553766.3148723 261
1757580899701 13841954953.601637 262
1757580900383 192016045048.0933 263
1757580901056 2371841630411.8286 264
1757580901731 9873809380.730518 265
1757580902414 48970275922.88738 266
1757580903087 22529590790.540417 267
1757580903751 1467678762.9537385 268
1757580904426 15216177376.996178 269
1757580905088 133991607603.47086 270
1757580905764 211593119150.71707 271
1757580906435 172086665600.72433 272
1757580907106 103571587.31107871 273
1757580907785 30344149619.743595 274
1757580908436 2620855839.8549237 275
1757580909075 186096550712.32523 276
1757580909663 4656035524.663184 277
1757580910231 80523602087.8424 278
1757580910904 62704080066.119354 279
1757580911580 1844429507.0806687 280
1757580912260 49477445555.71538 281
1757580912926 1117281433.6163619 282
1757580913606 1332676156.0146372 283
1757580914278 4900055663.002803 284
1757580914864 15706590336.758183 285
1757580915487 9525423671.08916 286
1757580916093 24682149336.84552 287
1757580916691 104088815163.2035 288
1757580917240 8446.958468758265 289
1757580917781 535520174.58941376 290
1757580918370 314847761261.90027 291
1757580918938 105009896662.64824 292
1757580919503 82924977753.04205 293
1757580920184 31306126517.444607 294
1757580920857 48216564942.679474 295
1757580921534 76881536010.8675 296
1757580922178 17440073967.2363 297
1757580922781 2290826455.026789 298
1757580923472 11272854340.771843 299
1757580924160 17306396.00642554 300
1757580924851 4786694501.363947 301
1757580925526 920786118.305122 302
1757580926215 31132975570.842857 303
1757580926884 23520492503.844646 304
1757580927556 19431883131.13341 305
1757580928223 283686723684.90234 306
1757580928907 4878522076.727575 307
1757580929589 139286175970.39236 308
1757580930262 41264920512.30477 309
1757580930907 313293914462.84186 310
1757580931555 53725003448.64564 311
1757580932222 1428549680.8279629 312
1757580932894 8128520008.3142605 313
1757580933565 324987139094.1913 314
1757580934242 26680643035.91257 315
1757580934872 3225464372.164278 316
1757580935386 13988527832.240618 317
1757580935887 62827006914.172775 318
1757580936395 396930216558.5721 319
1757580936877 210617087706.96255 320
1757580937372 254158740.97055432 321
1757580937858 14363181859.193476 322
1757580938374 260493990689.49213 323
1757580938883 882184583055.976 324
1757580939374 28238837837.071564 325
1757580939883 33357238441.037025 326
1757580940391 34070105207.72486 327
1757580940906 6144793808.42181 328
1757580941431 24620678146.309418 329
1757580941951 528277343.42761797 330
1757580942465 28540426771.176987 331
1757580942952 17064344397.56275 332
1757580943460 186641719174.36234 333
1757580943983 230371646732.09433 334
1757580944528 565865476531.5564 335
1757580945060 599908495.2260636 336
1757580945567 454594758.09152555 337
1757580946062 4899024837.357924 338
1757580946558 187599075421.91037 339
1757580947059 47719617371.85172 340
1757580947532 278551912748.92126 341
1757580948000 27860428955.46677 342
1757580948468 185214889154.4739 343
1757580948936 874730591.3213836 344
1757580949439 124147793198.96494 345
1757580949958 72545643917.31186 346
1757580950482 2195904951.139948 347
1757580951018 111491718347.71457 348
1757580951530 3771703785.83676 349
1757580952041 10703767466.552586 350
1757580952574 29165651015.064957 351
1757580953097 177536110999.44662 352
1757580953634 35506651153.082405 353
1757580954168 203555840310.62357 354
1757580954690 30894836591.72885 355
1757580955203 175597737611.9579 356
1757580955751 55394027874.08107 357
1757580956263 95875605291.60175 358
1757580956768 83037001268.34544 359
1757580957276 74224327962.32501 360
1757580957798 8003356198.438203 361
1757580958298 46431522631.579796 362
1757580958805 698164410.0507343 363
1757580959338 142294332516.8286 364
1757580959844 34871707155.40195 365
1757580960347 211036209867.80704 366
1757580960839 20935053444.760586 367
1757580961319 208045932605.33328 368
1757580961821 503317258.18923414 369
1757580962313 48074585635.527374 370
1757580962787 88596277438.74483 371
1757580963279 2355110641.49843 372
1757580963769 542396653079.5045 373
1757580964286 59655326182.12241 374
1757580964793 28704848.5797771 375
1757580965290 10739569689.850544 376
1757580965774 14971842381.490522 377
1757580966263 90477155217.76099 378
1757580966780 1372979708986.3728 379
1757580967270 1676478387.7572238 380
1757580967759 353284268881.2482 381
1757580968249 171180484063.03058 382
1757580968742 23882225219.475945 383
1757580969240 13648708259.710176 384
1757580969730 30792240128.67056 385
1757580970234 6126355850.026622 386
1757580970722 1801191214886.9346 387
1757580971201 14343026072.672773 388
1757580971678 328755031224.2274 389
1757580972153 2312027006.309107 390
1757580972613 41255529688.53648 391
1757580973090 6359874991.656869 392
1757580973574 47361956717.091545 393
1757580974053 140599786770.15192 394
1757580974540 107228189080.01257 395
1757580975010 118283739.89869337 396
1757580975500 2328405049291.5044 397
1757580975989 899619095.0778933 398
1757580976508 3265853672141.9824 399
1757580976997 160648397806.79282 400
1757580977484 20710358741.14993 401
1757580977948 107380208997.77715 402
1757580978415 521422890.0221737 403
1757580978920 53126316515.40567 404
1757580979401 350083662.83764577 405
1757580979877 324345768013.42267 406
1757580980369 182839737198.74677 407
1757580980862 4161926095.148832 408
1757580981347 128674754818.63545 409
1757580981842 3779533096726.99 410
1757580982353 13040580513.96218 411
1757580982861 94812818593.63852 412
1757580983424 220341609.75900942 413
1757580983950 54009431405.23152 414
1757580984465 229246374516.5462 415
1757580984976 6388637192.96489 416
1757580985438 88547765279.69122 417
1757580985901 8341460092.2098675 418
1757580986373 61748941810.147026 419
1757580986841 34184903699.72128 420
1757580987311 105606868149.01576 421
1757580987779 49337306482.44689 422
1757580988243 7691953479.683365 423
1757580988708 19740126620.041435 424
1757580989172 3405586577.161202 425
1757580989636 23604914672.25566 426
1757580990107 92066029482.0618 427
1757580990581 114032811526.83664 428
1757580991045 587553133.7652296 429
1757580991519 131295187837.90671 430
1757580991995 40337762261.20555 431
1757580992459 88502787168.2955 432
1757580992931 43109715644.392784 433
1757580993402 12206408672.69057 434
1757580993875 8601206875.185318 435
1757580994351 5234449584.062484 436
1757580994841 65501569353.32561 437
1757580995321 10273418401.4638 438
1757580995792 648306800483.7397 439
1757580996269 23644574525.20432 440
1757580996741 1305424131.926464 441
1757580997219 51545960318.36266 442
1757580997710 472167418619.0905 443
1757580998244 107127650692.88084 444
1757580998754 61827457783.07475 445
1757580999246 209467333210.233 446
1757580999812 681154040981.2971 447
1757581000323 19978671341.129536 448
1757581000863 131074627384.79901 449
1757581001377 226733540210.87122 450
1757581001881 2111534822.7943091 451
1757581002360 144949852906.7128 452
1757581002888 180372879144.29034 453
1757581003377 131110455875.44983 454
1757581003863 48894026013.32773 455
1757581004367 56789630782.725746 456
1757581004900 12374450820.17518 457
1757581005441 1071857242498.4113 458
1757581005970 253173268408.97528 459
1757581006522 469175267288.15454 460
1757581007036 410602811.49058634 461
1757581007552 2268749330.1319814 462
1757581008062 121885789879.30215 463
1757581008567 5251042.283121333 464
1757581009089 10326962769.303003 465
1757581009585 8418873298.523504 466
1757581010091 209744396799.43256 467
1757581010587 4425603649.62258 468
1757581011068 3283873639.1912513 469
1757581011574 82249435.66021568 470
1757581012100 2092712509316.0132 471
1757581012626 42532451738.75235 472
1757581013133 125090063207.85324 473
1757581013633 2165799491.291212 474
1757581014151 107167777495.42784 475
1757581014679 600635611.0984273 476
1757581015236 1073785586.1216714 477
1757581015765 467141808668.777 478
1757581016324 59827753543.01466 479
1757581016844 150677835969.8668 480
1757581017369 58039813845.73261 481
1757581017880 119027256291.01086 482
1757581018389 9797910804.899181 483
1757581018884 92651685740.23206 484
1757581019367 174164288217.38535 485
1757581019859 74002199966.95123 486
1757581020336 8578657341.7000065 487
1757581020807 3884760772.754228 488
1757581021296 46928992543.792656 489
1757581021790 742798003267.6937 490
1757581022283 17821582236.35765 491
1757581022781 10966882174.408007 492
1757581023268 8058544740.120585 493
1757581023753 5858891441.234319 494
1757581024256 474603752911.2194 495
1757581024747 152245901907.48288 496
1757581025256 15160355812.805986 497
1757581025756 8875453094922.752 498
1757581026253 14010724682.264267 499
