1757586415798 1053302995747.4856 0
1757586415857 3132116013567.9194 1
1757586415917 6795551997013406.0 2
1757586415976 2.0622754474289672e+19 3
1757586416036 6.258781027999855e+22 4
1757586416095 1.8994717875023798e+26 5
1757586416156 5.7646897305200014e+29 6
1757586416215 1.749520467098915e+33 7
1757586416274 5.309603825845394e+36 8
1757586416333 1.6114068579134872e+40 9
1757586416396 4.890444083777174e+43 10
1757586416458 1.4841964472907276e+47 11
1757586416518 4.504374360311754e+50 12
1757586416580 1.367028496454797e+54 13
1757586416639 4.1487824071312725e+57 14
1757586416698 1.2591102165287709e+61 15
1757586416761 3.82126219645089e+64 16
1757586416821 1.1597114043185922e+68 17
1757586416880 3.519597641208046e+71 18
1757586416945 1.0681595015680438e+75 19
1757586417010 3.2417476004401244e+78 20
1757586417079 9.83835044254379e+81 21
1757586417139 2.9858320683929926e+85 22
1757586417202 9.061674711333896e+88 23
1757586417271 2.7501194539123167e+92 24
1757586417335 8.34631263173391e+95 25
1757586417403 2.533014864046776e+99 26
1757586417469 7.68742387756566e+102 27
1757586417530 2.33304931258688e+106 28
1757586417590 7.0805502358817965e+109 29
1757586417651 2.1488697805215748e+113 30
1757586417710 6.521585441535636e+116 31
1757586417769 1.9792300611592383e+120 32
1757586417830 6.006747393121605e+123 33
1757586417891 1.8229823279685099e+127 34
1757586417952 5.532552562291861e+130 35
1757586418012 1.6790693680850055e+134 36
1757586418074 5.095792423296009e+137 37
1757586418139 1.5465174289336714e+141 38
1757586418200 4.693511743260196e+144 39
1757586418269 1.4244296295652107e+148 40
1757586418341 4.322988586311506e+151 41
1757586418405 1.3119798921259346e+155 42
1757586418466 3.981715896250921e+158 43
1757586418526 1.2084073523998415e+162 44
1757586418587 3.6673845331579895e+165 45
1757586418652 1.1130112116031015e+169 46
1757586418714 3.377867649148524e+172 47
1757586418784 1.0251459945969511e+176 48
1757586418853 3.11120629756788e+179 49
1757586418917 9.442171824347537e+182 50
1757586418977 2.865596178247551e+186 51
1757586419037 8.696771896919398e+189 52
1757586419099 2.6393754291402204e+193 53
1757586419191 8.010216593603828e+196 54
1757586419266 2.4310133817282473e+200 55
1757586419331 7.377860502374958e+203 56
1757586419394 2.239100204121758e+207 57
1757586419456 6.795424937194474e+210 58
1757586419519 2.0623373617688003e+214 59
1757586419581 6.258968987307314e+217 60
1757586419643 1.899528831232341e+221 61
1757586419709 5.764862852012948e+224 62
1757586419774 1.749573007584107e+228 63
1757586419851 5.3097632804882225e+231 64
1757586419918 1.6114552506586753e+235 65
1757586419996 4.890590950481401e+238 66
1757586420076 1.4842410197338256e+242 67
1757586420152 4.504509632815756e+245 68
1757586420229 1.3670695501845603e+249 69
1757586420305 4.148907000724043e+252 70
1757586420378 1.2591480293254376e+256 71
1757586420449 3.821376954165141e+259 72
1757586420520 1.159746232033392e+263 73
1757586420586 3.519703339524366e+266 74
1757586420652 1.0681915798543657e+270 75
1757586420719 3.241844954540856e+273 76
1757586420787 9.83864590162268e+276 77
1757586420850 2.985921737001343e+280 78
1757586420912 9.061946845781523e+283 79
1757586420979 2.750202043749443e+287 80
1757586421044 8.346563282882861e+290 81
1757586421122 2.533090933937039e+294 82
1757586421190 7.687654741386897e+297 83
1757586421252 2.33311937723896e+301 84
1757586421313 inf 85
1757586421376 inf 86
