1757554537324 997697179760.5656 0
1757554537391 3.5995375186784628e+16 1
1757554537460 5.387332395276925e+19 2
1757554537528 7.559252194807636e+24 3
1757554537596 5.959445957259151e+28 4
1757554537663 2.0889568662233453e+33 5
1757554537728 1.900881682096642e+39 6
1757554537802 2.2906370540602177e+42 7
1757554537863 1.8311472574286817e+46 8
1757554537929 5.483672709982185e+50 9
1757554537998 3.574628188158466e+55 10
1757554538066 2.1364907070139908e+60 11
1757554538137 5.445833573666104e+64 12
1757554538214 7.079557475803928e+67 13
1757554538286 2.228310901638537e+72 14
1757554538351 7.839445036287656e+77 15
1757554538417 3.701696690378981e+81 16
1757554538487 7.054951136314339e+85 17
1757554538561 9.101885651921704e+90 18
1757554538637 2.128453969945587e+94 19
1757554538706 2.7403467171995394e+99 20
1757554538779 3.1422609176256157e+103 21
1757554538864 2.2600993556416373e+106 22
1757554538931 8.977961457818073e+111 23
1757554538996 1.453699895914442e+115 24
1757554539066 3.0186127819040925e+119 25
1757554539134 4.192769228997399e+123 26
1757554539199 9.629896537522604e+127 27
1757554539276 3.216359406972156e+132 28
1757554539347 5.303534636339184e+136 29
1757554539413 1.0009017123783377e+141 30
1757554539480 4.821714973318796e+145 31
1757554539555 8.793368890597984e+149 32
1757554539615 9.169886000176402e+153 33
1757554539689 1.679897943136499e+158 34
1757554539757 3.1083184579205306e+162 35
1757554539824 4.5618323673127435e+167 36
1757554539892 2.783553547679196e+171 37
1757554539958 3.1417409417817428e+175 38
1757554540027 5.621862587963324e+180 39
1757554540099 3.3616766616125344e+185 40
1757554540172 2.246521245029144e+189 41
1757554540241 8.685803517454968e+192 42
1757554540313 5.925269972688473e+197 43
1757554540377 1.2022570828212763e+202 44
1757554540446 3.499784504756239e+206 45
1757554540518 2.693998415168653e+210 46
1757554540588 5.526957749530772e+215 47
1757554540656 5.330054384352384e+219 48
1757554540725 1.2013003315314905e+224 49
1757554540803 1.794472709240034e+228 50
1757554540872 9.866210131935093e+232 51
1757554540938 1.0900027287372183e+237 52
1757554541011 1.27040260260584e+241 53
1757554541081 1.2377168443178289e+246 54
1757554541151 5.82090084708993e+250 55
1757554541213 6.046321092194088e+254 56
1757554541281 2.6664593093729136e+258 57
1757554541349 1.23609251636091e+264 58
1757554541420 6.518772806447039e+269 59
1757554541487 1.3225467932208346e+272 60
1757554541559 1.2979267512222898e+276 61
1757554541628 6.1839612363030986e+280 62
1757554541696 9.233592568593494e+284 63
1757554541760 4.1890641930132645e+289 64
1757554541826 1.182075056695006e+294 65
1757554541891 6.08132245538863e+298 66
1757554541960 1.4051453842618323e+302 67
1757554542028 inf 68
1757554542099 inf 69
