1757568469616 448174853118.433 0
1757568469697 32263243358268.074 1
1757568469780 2.6863331409142176e+16 2
1757568469877 7.638794028637038e+19 3
1757568469960 1.0248539274789363e+24 4
1757568470049 2.2360765237328987e+26 5
1757568470115 1.4657716042054323e+29 6
1757568470205 2.3518643106450053e+31 7
1757568470293 1.4767215236992847e+35 8
1757568470364 5.7227004595125315e+37 9
1757568470439 8.747489373097383e+40 10
1757568470506 1.3272831024070452e+43 11
1757568470578 4.817780894772916e+46 12
1757568470645 2.1111402214722006e+49 13
1757568470722 8.181988094862898e+52 14
1757568470788 3.000272580346839e+55 15
1757568470857 5.3994309104614785e+59 16
1757568470927 1.8968673925148022e+61 17
1757568471007 6.091429680167602e+64 18
1757568471075 2.032025469018663e+67 19
1757568471150 9.696034232296803e+69 20
1757568471220 5.53424404160679e+74 21
1757568471299 1.0480479171595743e+78 22
1757568471366 1.1238902837334117e+80 23
1757568471444 5.5862755140252065e+82 24
1757568471511 2.2505708953897865e+85 25
1757568471578 7.058208816260833e+88 26
1757568471647 1.6320980281125518e+91 27
1757568471716 1.5947095347611057e+94 28
1757568471786 3.36264999422194e+97 29
1757568471855 2.2152293283244646e+100 30
1757568471933 1.566491905699031e+103 31
1757568472005 3.228037637116105e+106 32
1757568472078 2.2136579415885043e+109 33
1757568472149 1.2031317868335298e+112 34
1757568472217 3.8130732948095317e+114 35
1757568472286 4.9251217015885176e+117 36
1757568472361 1.2549608517297854e+121 37
1757568472448 1.0696587945467307e+124 38
1757568472517 1.134874852880918e+127 39
1757568472597 6.679339892453489e+129 40
1757568472668 2.7336489795520153e+132 41
1757568472738 9.179647954223536e+135 42
1757568472804 3.8410311570660115e+138 43
1757568472877 3.2243622281124306e+142 44
1757568472950 4.5868027293303136e+145 45
1757568473025 4.519641023209822e+147 46
1757568473114 6.88089131219062e+150 47
1757568473186 1.3325660355160172e+153 48
1757568473266 4.147511753306726e+156 49
1757568473337 6.144559118888268e+159 50
1757568473409 2.5671353210428253e+162 51
1757568473481 1.2405854658709963e+165 52
1757568473555 4.182241129303046e+168 53
1757568473627 2.798059515905555e+171 54
1757568473698 2.651257292636691e+176 55
1757568473768 7.213810971344976e+176 56
1757568473851 1.4912831446931458e+181 57
1757568473925 1.4329344648205187e+185 58
1757568473998 1.3807624261020149e+187 59
1757568474064 1.3351262711287046e+189 60
1757568474130 1.672548758494239e+192 61
1757568474199 2.726649102274108e+195 62
1757568474275 1.1946625276544207e+198 63
1757568474347 6.401421730221443e+202 64
1757568474420 1.1483458314577638e+205 65
1757568474499 1.1788305359128411e+209 66
1757568474585 1.6720349468375882e+210 67
1757568474676 2.855054346551163e+213 68
1757568474753 7.86677867019323e+215 69
1757568474823 7.030331899830472e+218 70
1757568474896 8.965110805427971e+221 71
1757568474968 7.557848828368156e+224 72
1757568475042 6.945442419564165e+227 73
1757568475114 1.4844968876139e+231 74
1757568475183 7.894811448350674e+235 75
1757568475262 3.841431932467875e+236 76
1757568475349 8.698303260916646e+239 77
1757568475435 2.107489018074725e+243 78
1757568475501 1.3393108323374275e+246 79
1757568475574 3.782173697473581e+249 80
1757568475650 1.3697208872524777e+252 81
1757568475719 5.470562113525744e+254 82
1757568475792 1.8399498485378798e+258 83
1757568475868 6.485731130345549e+261 84
1757568475936 1.9961122514709877e+263 85
1757568476010 1.886730794866703e+266 86
1757568476081 1.5391969961881407e+269 87
1757568476150 1.3929021051131385e+272 88
1757568476228 1.7495731623954992e+276 89
1757568476314 4.124829034360884e+278 90
1757568476394 1.6594850802768163e+281 91
1757568476464 1.1995334362960812e+285 92
1757568476539 4.379192692281754e+287 93
1757568476608 1.398874836759908e+291 94
1757568476682 1.3087443167752612e+294 95
1757568476752 9.945524754623712e+295 96
1757568476837 1.9126111016438197e+299 97
1757568476902 5.956497112431557e+301 98
1757568476976 1.2579137028607103e+305 99
1757568477043 inf 100
