1757529895887 1053297981671.3892 0
1757529895908 859254798401.378 1
1757529895926 651021641948.2015 2
1757529895946 498122087913.3451 3
1757529895967 400312152459.1858 4
1757529895987 340060888338.8234 5
1757529896009 303554091103.7774 6
1757529896027 282205185892.6307 7
1757529896049 270258658595.87274 8
1757529896072 263693408656.30673 9
1757529896091 259968499011.2495 10
1757529896114 257705310416.71048 11
1757529896142 256233316634.04312 12
1757529896162 255222939557.2241 13
1757529896181 254491796801.80322 14
1757529896205 253930155319.6238 15
1757529896228 253473169276.83118 16
1757529896248 253084606597.38776 17
1757529896274 252744801260.5312 18
1757529896293 252443056779.37167 19
1757529896312 252173625616.2739 20
1757529896335 251933507114.2789 21
1757529896356 251720956883.45605 22
1757529896375 251534438582.73965 23
1757529896393 251372053524.5494 24
1757529896416 251231411715.30096 25
1757529896435 251109790223.3762 26
1757529896460 251004400087.22745 27
1757529896481 250912631575.08704 28
1757529896508 250832214197.7568 29
1757529896528 250761280339.96722 30
1757529896547 250698351846.28506 31
1757529896565 250642280419.38748 32
1757529896586 250592171204.6872 33
1757529896605 250547310577.82614 34
1757529896626 250507109104.9763 35
1757529896647 250471062335.53748 36
1757529896670 250438726948.434 37
1757529896692 250409707690.72647 38
1757529896712 250383650601.30872 39
1757529896731 250360239137.368 40
1757529896751 250339191185.16296 41
1757529896774 250320256060.177 42
1757529896795 250303211314.37494 43
1757529896816 250287859499.54596 44
1757529896836 250274025104.92456 45
1757529896855 250261551824.08997 46
1757529896881 250250300208.26535 47
1757529896903 250240145684.85992 48
1757529896922 250230976879.30902 49
1757529896943 250222694170.56787 50
1757529896963 250215208422.71817 51
1757529896984 250208439853.9067 52
1757529897016 250202317020.48727 53
1757529897039 250196775905.0096 54
1757529897064 250191759101.53458 55
