1757543638751 1064043941011.4706 0
1757543638810 823653538571.5048 1
1757543638869 583177489214.9694 2
1757543638925 425153177165.1116 3
1757543638981 343427024054.65515 4
1757543639034 305077434043.3823 5
1757543639090 284610383295.4121 6
1757543639148 270962950998.99973 7
1757543639203 260491980074.31528 8
1757543639259 252246761390.29892 9
1757543639314 245765853434.14288 10
1757543639372 240473837241.8644 11
1757543639427 235895615133.28082 12
1757543639488 231739170429.6751 13
1757543639546 227863837785.94617 14
1757543639603 224221572637.33676 15
1757543639665 220795713995.76974 16
1757543639725 217574002329.72272 17
1757543639805 214542154101.65063 18
1757543639866 211683961072.2311 19
1757543639924 208983610506.36572 20
1757543640014 206426841437.18573 21
1757543640081 204001111543.0287 22
1757543640154 201695468465.7083 23
1757543640231 199500289833.9073 24
1757543640299 197407071799.9055 25
1757543640371 195408268680.16202 26
1757543640436 193497146381.40796 27
1757543640497 191667651921.4465 28
1757543640564 189914300892.01926 29
1757543640624 188232088498.20114 30
1757543640686 186616425226.7275 31
1757543640749 185063090668.94894 32
1757543640813 183568198576.55 33
1757543640875 182128168213.89508 34
1757543640931 180739699350.42606 35
1757543640997 179399749704.00183 36
1757543641058 178105514077.45715 37
1757543641140 176854404694.49005 38
1757543641210 175644032587.30255 39
1757543641278 174472190152.2933 40
1757543641350 173336835056.6398 41
1757543641427 172236075580.07904 42
1757543641491 171168157350.60617 43
1757543641552 170131451368.71002 44
1757543641614 169124443205.52255 45
1757543641687 168145723266.09753 46
1757543641755 167193978009.0233 47
1757543641825 166267982012.43274 48
1757543641905 165366590783.8498 49
1757543641981 164488734226.9597 50
1757543642045 163633410694.99686 51
1757543642109 162799681572.5398 52
1757543642174 161986666334.90082 53
1757543642242 161193538039.56943 54
1757543642314 160419519209.078 55
1757543642390 159663878069.27863 56
1757543642460 158925925110.83316 57
1757543642523 158205009944.64536 58
1757543642592 157500518424.40472 59
1757543642660 156811870011.748 60
1757543642730 156138515361.8546 61
1757543642802 155479934109.4683 62
1757543642865 154835632837.28165 63
1757543642935 154205143210.33652 64
1757543642998 153588020261.64194 65
1757543643063 152983840815.62234 66
1757543643131 152392202037.29102 67
1757543643200 151812720096.189 68
1757543643276 151245028935.1458 69
1757543643356 150688779134.83212 70
1757543643422 150143636865.89325 71
1757543643490 149609282921.20163 72
1757543643562 149085411821.43753 73
1757543643625 148571730987.82065 74
1757543643697 148067959976.3645 75
1757543643773 147573829768.5282 76
1757543643847 147089082113.59427 77
1757543643920 146613468918.5139 78
1757543643987 146146751681.33722 79
1757543644048 145688700964.68622 80
1757543644106 145239095906.0366 81
1757543644168 144797723761.85596 82
1757543644227 144364379482.90228 83
1757543644290 143938865318.2171 84
1757543644351 143520990445.56052 85
1757543644406 143110570626.22675 86
1757543644470 142707427882.35385 87
1757543644530 142311390195.0012 88
1757543644593 141922291221.4131 89
1757543644657 141539970030.0186 90
1757543644719 141164270851.84027 91
1757543644777 140795042847.09186 92
1757543644835 140432139885.84802 93
1757543644891 140075420341.75818 94
1757543644950 139724746897.86298 95
1757543645014 139379986363.64566 96
1757543645074 139041009502.5221 97
1757543645134 138707690869.03632 98
1757543645190 138379908655.08688 99
1757543645245 138057544544.56265 100
1757543645310 137740483575.81528 101
1757543645365 137428614011.44057 102
1757543645423 137121827214.8818 103
1757543645482 136820017533.40483 104
1757543645543 136523082187.03043 105
1757543645604 136230921163.03941 106
1757543645662 135943437115.6961 107
1757543645720 135660535270.86119 108
1757543645776 135382123335.19014 109
1757543645835 135108111409.63528 110
1757543645892 134838411906.99005 111
1757543645950 134572939473.23332 112
1757543646011 134311610912.4479 113
1757543646068 134054345115.10551 114
1757543646127 133801062989.52168 115
1757543646184 133551687396.30199 116
1757543646255 133306143085.60912 117
1757543646316 133064356637.095 118
1757543646380 132826256402.35167 119
1757543646443 132591772449.74342 120
1757543646506 132360836511.49356 121
1757543646566 132133381932.90675 122
1757543646625 131909343623.6146 123
1757543646691 131688658010.74103 124
1757543646751 131471262993.88992 125
1757543646829 131257097901.86266 126
1757543646892 131046103451.0207 127
1757543646954 130838221705.21219 128
1757543647022 130633396037.18692 129
1757543647106 130431571091.42877 130
1757543647169 130232692748.33879 131
1757543647227 130036708089.70572 132
1757543647299 129843565365.40485 133
1757543647367 129653213961.2694 134
1757543647425 129465604368.08167 135
1757543647480 129280688151.63417 136
1757543647540 129098417923.81393 137
1757543647602 128918747314.66501 138
1757543647662 128741630945.38835 139
1757543647718 128567024402.23799 140
1757543647775 128394884211.27669 141
1757543647835 128225167813.95546 142
1757543647897 128057833543.48232 143
1757543647958 127892840601.94933 144
1757543648021 127730149038.1866 145
1757543648083 127569719726.31459 146
1757543648143 127411514344.96742 147
1757543648210 127255495357.16055 148
1757543648271 127101625990.77867 149
1757543648331 126949870219.65913 150
1757543648394 126800192745.24936 151
1757543648453 126652558978.81607 152
1757543648516 126506935024.18584 153
1757543648586 126363287660.99771 154
1757543648663 126221584328.44922 155
1757543648737 126081793109.51735 156
1757543648796 125943882715.63821 157
1757543648852 125807822471.82837 158
1757543648911 125673582302.23306 159
1757543648975 125541132716.08553 160
1757543649039 125410444794.0639 161
1757543649101 125281490175.0312 162
1757543649166 125154241043.14655 163
1757543649239 125028670115.33357 164
1757543649298 124904750629.09514 165
1757543649359 124782456330.6622 166
1757543649426 124661761463.4662 167
1757543649486 124542640756.92363 168
1757543649551 124425069415.52365 169
1757543649614 124309023108.20766 170
1757543649674 124194477958.03268 171
1757543649730 124081410532.1085 172
1757543649794 123969797831.8003 173
1757543649852 123859617283.18845 174
1757543649916 123750846727.77736 175
1757543649980 123643464413.44534 176
1757543650041 123537448985.62846 177
1757543650103 123432779478.73097 178
1757543650163 123329435307.75514 179
1757543650224 123227396260.14458 180
1757543650283 123126642487.83359 181
1757543650347 123027154499.49727 182
1757543650411 122928913152.99576 183
1757543650471 122831899648.00725 184
1757543650531 122736095518.84396 185
1757543650593 122641482627.44577 186
1757543650656 122548043156.5465 187
1757543650716 122455759603.0075 188
1757543650781 122364614771.31393 189
1757543650841 122274591767.22919 190
1757543650901 122185673991.60266 191
1757543650965 122097845134.3266 192
1757543651024 122011089168.438 193
1757543651088 121925390344.36124 194
1757543651167 121840733184.28761 195
1757543651233 121757102476.68805 196
1757543651296 121674483270.95505 197
1757543651361 121592860872.17072 198
1757543651423 121512220835.99686 199
1757543651485 121432548963.68446 200
1757543651544 121353831297.19872 201
1757543651608 121276054114.45686 202
1757543651668 121199203924.6757 203
1757543651733 121123267463.82567 204
1757543651792 121048231690.18904 205
1757543651852 120974083780.01892 206
1757543651922 120900811123.29694 207
1757543651988 120828401319.58672 208
1757543652050 120756842173.98051 209
1757543652113 120686121693.1372 210
1757543652177 120616228081.40816 211
1757543652239 120547149737.05 212
1757543652296 120478875248.52104 213
1757543652363 120411393390.85965 214
1757543652423 120344693122.14255 215
1757543652490 120278763580.0206 216
1757543652549 120213594078.33075 217
1757543652611 120149174103.78146 218
1757543652671 120085493312.71043 219
1757543652733 120022541527.91254 220
1757543652794 119960308735.53587 221
1757543652858 119898785082.04517 222
1757543652918 119837960871.24979 223
1757543652983 119777826561.3955 224
1757543653041 119718372762.31816 225
1757543653102 119659590232.6577 226
1757543653165 119601469877.13136 227
1757543653226 119544002743.8641 228
1757543653285 119487180021.77544 229
1757543653352 119430993038.02094 230
1757543653423 119375433255.48714 231
1757543653482 119320492270.33878 232
1757543653541 119266161809.61691 233
1757543653599 119212433728.88667 234
1757543653663 119159300009.93387 235
1757543653733 119106752758.50845 236
1757543653802 119054784202.11502 237
1757543653864 119003386687.8479 238
1757543653923 118952552680.27065 239
1757543653991 118902274759.33864 240
1757543654050 118852545618.3639 241
1757543654114 118803358062.02074 242
1757543654175 118754705004.39214 243
1757543654238 118706579467.0548 244
1757543654302 118658974577.20302 245
1757543654361 118611883565.80989 246
1757543654423 118565299765.82524 247
1757543654483 118519216610.40913 248
1757543654544 118473627631.20078 249
1757543654604 118428526456.62125 250
1757543654665 118383906810.21002 251
1757543654727 118339762508.99393 252
1757543654791 118296087461.8881 253
1757543654852 118252875668.12854 254
1757543654916 118210121215.73451 255
1757543654979 118167818280.00174 256
1757543655043 118125961122.02393 257
1757543655114 118084544087.24368 258
1757543655176 118043561604.03067 259
1757543655237 118003008182.28767 260
1757543655299 117962878412.08296 261
1757543655362 117923166962.30927 262
1757543655450 117883868579.36784 263
1757543655541 117844978085.87814 264
1757543655627 117806490379.4114 265
1757543655687 117768400431.24869 266
1757543655769 117730703285.16217 267
1757543655842 117693394056.2194 268
1757543655910 117656467929.60995 269
1757543655991 117619920159.49435 270
1757543656052 117583746067.87416 271
1757543656120 117547941043.48341 272
1757543656180 117512500540.70055 273
1757543656242 117477420078.48051 274
1757543656305 117442695239.30675 275
1757543656366 117408321668.16243 276
1757543656431 117374295071.52069 277
1757543656491 117340611216.35335 278
1757543656557 117307265929.15785 279
1757543656620 117274255095.00226 280
1757543656680 117241574656.58693 281
1757543656742 117209220613.32417 282
1757543656806 117177189020.43404 283
1757543656867 117145475988.05663 284
1757543656931 117114077680.38043 285
1757543656995 117082990314.78653 286
1757543657060 117052210161.00783 287
1757543657127 117021733540.30379 288
1757543657185 116991556824.64978 289
1757543657251 116961676435.9406 290
1757543657316 116932088845.20876 291
1757543657375 116902790571.85622 292
1757543657440 116873778182.89978 293
1757543657562 116845048292.23021 294
1757543657629 116816597559.88387 295
1757543657689 116788422691.32764 296
1757543657756 116760520436.75621 297
1757543657816 116732887590.40164 298
1757543657881 116705520989.85521 299
1757543657948 116678417515.40079 300
1757543658008 116651574089.36018 301
1757543658072 116624987675.44945 302
1757543658133 116598655278.14674 303
1757543658200 116572573942.07092 304
1757543658272 116546740751.37079 305
1757543658332 116521152829.12508 306
1757543658394 116495807336.75252 307
1757543658458 116470701473.43216 308
1757543658520 116445832475.5336 309
1757543658582 116421197616.05685 310
1757543658644 116396794204.08182 311
1757543658710 116372619584.22717 312
1757543658774 116348671136.11835 313
1757543658845 116324946273.8644 314
1757543658903 116301442445.54396 315
1757543658967 116278157132.69977 316
1757543659030 116255087849.8416 317
1757543659094 116232232143.95753 318
1757543659158 116209587594.03363 319
1757543659221 116187151810.58131 320
1757543659283 116164922435.17291 321
1757543659348 116142897139.98462 322
1757543659410 116121073627.34749 323
1757543659472 116099449629.30539 324
1757543659531 116078022907.18063 325
1757543659601 116056791251.14642 326
1757543659668 116035752479.80676 327
1757543659730 116014904439.78293 328
1757543659793 115994245005.30682 329
1757543659859 115973772077.821 330
1757543659923 115953483585.58525 331
1757543659985 115933377483.28958 332
1757543660058 115913451751.67339 333
1757543660119 115893704397.15092 334
1757543660184 115874133451.44287 335
1757543660248 115854736971.21373 336
1757543660312 115835513037.71506 337
1757543660375 115816459756.43471 338
1757543660437 115797575256.75131 339
1757543660504 115778857691.59467 340
1757543660565 115760305237.11125 341
1757543660630 115741916092.33536 342
1757543660693 115723688478.86528 343
1757543660753 115705620640.54468 344
1757543660819 115687710843.14908 345
1757543660882 115669957374.07729 346
1757543660939 115652358542.04768 347
1757543661001 115634912676.7993 348
1757543661064 115617618128.79773 349
1757543661136 115600473268.94534 350
1757543661219 115583476488.29654 351
1757543661290 115566626197.77692 352
1757543661357 115549920827.9073 353
1757543661421 115533358828.5318 354
1757543661484 115516938668.55016 355
1757543661551 115500658835.65428 356
1757543661618 115484517836.06888 357
1757543661687 115468514194.29611 358
1757543661753 115452646452.86417 359
1757543661816 115436913172.07964 360
1757543661877 115421312929.78389 361
1757543661939 115405844321.11302 362
1757543661997 115390505958.26155 363
1757543662066 115375296470.24983 364
1757543662135 115360214502.69478 365
1757543662199 115345258717.58432 366
1757543662262 115330427793.05519 367
1757543662327 115315720423.17407 368
1757543662391 115301135317.72214 369
1757543662454 115286671201.9828 370
1757543662515 115272326816.53267 371
1757543662576 115258100917.0357 372
1757543662640 115243992274.04033 373
1757543662705 115229999672.77994 374
1757543662765 115216121912.9759 375
1757543662835 115202357808.64398 376
1757543662966 115188706187.90334 377
1757543663034 115175165892.78844 378
1757543663104 115161735779.06409 379
1757543663167 115148414716.04263 380
1757543663230 115135201586.40439 381
1757543663295 115122095286.02042 382
1757543663360 115109094723.77823 383
1757543663428 115096198821.40959 384
1757543663494 115083406513.3214 385
1757543663554 115070716746.4287 386
1757543663617 115058128479.99025 387
1757543663684 115045640685.44658 388
1757543663767 115033252346.26016 389
1757543663842 115020962457.75835 390
1757543663910 115008770026.9782 391
1757543663973 114996674072.51372 392
1757543664036 114984673624.36537 393
1757543664097 114972767723.79175 394
1757543664158 114960955423.16336 395
1757543664224 114949235785.8184 396
1757543664292 114937607885.92099 397
1757543664357 114926070808.32104 398
1757543664419 114914623648.41635 399
1757543664486 114903265512.01668 400
1757543664550 114891995515.20976 401
1757543664615 114880812784.22908 402
1757543664680 114869716455.32379 403
1757543664746 114858705674.6304 404
1757543664808 114847779598.04613 405
1757543664871 114836937391.10431 406
1757543664938 114826178228.85135 407
1757543665004 114815501295.72565 408
1757543665069 114804905785.43793 409
1757543665136 114794390900.85378 410
1757543665195 114783955853.87714 411
1757543665257 114773599865.33595 412
1757543665325 114763322164.86949 413
1757543665386 114753121990.81671 414
1757543665453 114742998590.10667 415
1757543665519 114732951218.15053 416
1757543665586 114722979138.73442 417
1757543665670 114713081623.91463 418
1757543665738 114703257953.91377 419
1757543665801 114693507417.01839 420
1757543665867 114683829309.47815 421
1757543665942 114674222935.40642 422
1757543666008 114664687606.68214 423
1757543666071 114655222642.85307 424
1757543666143 114645827371.04047 425
1757543666205 114636501125.84479 426
1757543666271 114627243249.2532 427
1757543666338 114618053090.54785 428
1757543666396 114608930006.21567 429
1757543666472 114599873359.85934 430
1757543666541 114590882522.10959 431
1757543666606 114581956870.53842 432
1757543666668 114573095789.57373 433
1757543666732 114564298670.41513 434
1757543666800 114555564910.95085 435
1757543666864 114546893915.67555 436
1757543666926 114538285095.60965 437
1757543666991 114529737868.21951 438
1757543667055 114521251657.33864 439
1757543667123 114512825893.09013 440
1757543667191 114504460011.81007 441
1757543667257 114496153455.97194 442
1757543667321 114487905674.11208 443
1757543667390 114479716120.7561 444
1757543667456 114471584256.3465 445
1757543667521 114463509547.17076 446
1757543667592 114455491465.29108 447
1757543667656 114447529488.47437 448
1757543667723 114439623100.12358 449
1757543667794 114431771789.21004 450
1757543667858 114423975050.20622 451
1757543667922 114416232383.01985 452
1757543667990 114408543292.92876 453
1757543668066 114400907290.51636 454
1757543668133 114393323891.60838 455
1757543668202 114385792617.21019 456
1757543668265 114378312993.44489 457
1757543668329 114370884551.49237 458
1757543668391 114363506827.5292 459
1757543668454 114356179362.66907 460
1757543668519 114348901702.9042 461
1757543668585 114341673399.04768 462
1757543668650 114334494006.67607 463
1757543668717 114327363086.07318 464
1757543668781 114320280202.17445 465
1757543668845 114313244924.5121 466
1757543668917 114306256827.16078 467
1757543668995 114299315488.68423 468
1757543669076 114292420492.08246 469
1757543669160 114285571424.73952 470
1757543669244 114278767878.37228 471
1757543669325 114272009448.9795 472
1757543669414 114265295736.79178 473
1757543669492 114258626346.22194 474
1757543669571 114252000885.81644 475
1757543669652 114245418968.20702 476
1757543669774 114238880210.06306 477
1757543669855 114232384232.04475 478
1757543669933 114225930658.75658 479
1757543670014 114219519118.70148 480
1757543670092 114213149244.23596 481
1757543670179 114206820671.52513 482
1757543670259 114200533040.49872 483
1757543670338 114194285994.80763 484
1757543670420 114188079181.78111 485
1757543670501 114181912252.38408 486
1757543670576 114175784861.17537 487
1757543670646 114169696666.26656 488
1757543670728 114163647329.2809 489
1757543670803 114157636515.31316 490
1757543670881 114151663892.88979 491
1757543670949 114145729133.92964 492
1757543671013 114139831913.70518 493
1757543671082 114133971910.80414 494
1757543671157 114128148807.09172 495
1757543671233 114122362287.67316 496
1757543671299 114116612040.85698 497
1757543671364 114110897758.11842 498
1757543671432 114105219134.06352 499
