1757530155872 344287709699.81525 0
1757530155899 83401429789.81398 1
1757530155926 251117957621.80762 2
1757530155954 412894783715.9568 3
1757530155980 375400503022.3096 4
1757530156007 304705969681.01904 5
1757530156033 110995440011.46765 6
1757530156061 118173389264.70367 7
1757530156088 113839529237.41742 8
1757530156115 186480239405.45605 9
1757530156142 129994981377.10889 10
1757530156168 1216453567897.093 11
1757530156194 402847874127.63947 12
1757530156220 182437661449.09317 13
1757530156248 595032309029.1492 14
1757530156275 155803123294.31815 15
1757530156303 78008023010.41258 16
1757530156330 309943749090.8769 17
1757530156364 283948821828.0368 18
1757530156392 311617338661.3016 19
1757530156423 275093506312.51624 20
1757530156453 234921699072.15567 21
1757530156482 145729609031.6049 22
1757530156509 405422235487.8667 23
1757530156535 227273890403.3187 24
1757530156562 223153591417.86172 25
1757530156592 529993348213.8586 26
1757530156620 865389412678.3702 27
1757530156648 105065413926.67241 28
1757530156676 173773998156.0478 29
1757530156706 126024836511.94444 30
1757530156733 169996346469.19443 31
1757530156760 122005338112.07988 32
1757530156788 322339258384.8095 33
1757530156817 321886563807.7184 34
1757530156843 442499404083.35614 35
1757530156871 123501130798.54095 36
1757530156898 290041247197.68427 37
1757530156925 308448704530.40656 38
1757530156951 256865987688.40854 39
1757530156979 313522626810.7492 40
1757530157008 139459647786.21655 41
1757530157037 199333614911.00616 42
1757530157064 268328486335.5061 43
1757530157092 160827771795.2881 44
1757530157127 443731913319.18713 45
1757530157155 352607555153.5783 46
1757530157182 92724474190.27705 47
1757530157210 122450750308.70535 48
1757530157237 103960280675.1488 49
1757530157267 166994900303.1593 50
1757530157297 371901579159.4395 51
1757530157328 267107388507.64603 52
1757530157357 536854522898.46826 53
1757530157392 144157682252.9921 54
1757530157429 389685340165.08374 55
1757530157457 120137804907.9839 56
1757530157486 126044436365.66183 57
1757530157515 325550775672.5589 58
1757530157544 180846496141.83002 59
1757530157573 183582659165.97723 60
1757530157602 405542196999.1418 61
1757530157632 156765742825.05722 62
1757530157663 133632492594.9463 63
1757530157692 202367776193.0699 64
1757530157724 316131909377.6174 65
1757530157752 199657670244.90894 66
1757530157781 536253117849.99194 67
1757530157810 407877913574.59924 68
1757530157841 268665623364.83615 69
1757530157868 528810238023.92816 70
1757530157899 398494399672.7428 71
1757530157927 167381040974.14856 72
1757530157954 190596928704.01834 73
1757530157981 135126724766.71442 74
1757530158009 177276988746.39584 75
1757530158036 465304393593.33484 76
1757530158065 161245848106.54962 77
1757530158092 218255112192.09842 78
1757530158120 129971868859.99562 79
1757530158148 169415452823.6044 80
1757530158177 347096706807.69904 81
1757530158205 80965641955.97285 82
1757530158234 136584854939.21776 83
1757530158262 180435898736.79425 84
1757530158289 228064102057.6228 85
1757530158317 101288317851.81743 86
1757530158345 96242425553.39647 87
1757530158372 329503718129.6226 88
1757530158400 82762810118.5132 89
1757530158428 433734285611.3733 90
1757530158456 455651814773.23517 91
1757530158484 114555330578.33533 92
1757530158513 403530055965.8279 93
1757530158541 101255352388.57884 94
1757530158570 437209093832.4727 95
1757530158598 113840186405.64241 96
1757530158626 113119214971.57405 97
1757530158653 102838744693.95898 98
1757530158682 253269810793.0304 99
1757530158711 282226086189.7291 100
1757530158738 283764735607.54785 101
1757530158766 477145082142.50696 102
1757530158796 261755710839.21823 103
1757530158824 625894735392.0908 104
1757530158852 1089365362820.2648 105
1757530158881 147983497321.4934 106
1757530158909 74260907233.9582 107
1757530158936 389169095250.3648 108
1757530158964 473657393411.99084 109
1757530158993 79496586569.77481 110
1757530159022 154814484133.41998 111
1757530159050 334197447113.28986 112
1757530159078 380808004184.66907 113
1757530159108 506825161385.9543 114
1757530159137 107720332686.44937 115
1757530159165 118561382290.38374 116
1757530159194 426281656026.2539 117
1757530159223 153098185059.4582 118
1757530159251 979040228047.5579 119
1757530159280 134902400856.90425 120
1757530159310 258654555555.86624 121
1757530159338 157771161474.29962 122
1757530159366 155009545307.26468 123
1757530159394 99510394786.25809 124
1757530159423 353984981294.08264 125
1757530159451 382797998287.6621 126
1757530159480 497705336957.5228 127
1757530159509 170581396396.27005 128
1757530159538 376944706349.641 129
1757530159567 503656528572.4992 130
1757530159597 357447841031.20624 131
1757530159626 517819392301.1671 132
1757530159655 475541763970.8211 133
1757530159685 271365779870.10236 134
1757530159714 276073581128.914 135
1757530159744 373999232996.4964 136
1757530159774 385691869895.8243 137
1757530159804 217599191868.68997 138
1757530159834 582012374042.7076 139
1757530159863 103744492634.91743 140
1757530159891 109738937511.82677 141
1757530159920 289126401719.7611 142
1757530159949 275366233428.1485 143
1757530159979 149696929685.3959 144
1757530160007 125853773235.98338 145
1757530160036 342866897019.10974 146
1757530160065 323702173024.2677 147
1757530160094 162094697686.15173 148
1757530160123 239592222102.02374 149
1757530160156 289527571567.1795 150
1757530160186 260714566299.1399 151
1757530160215 414616368307.1598 152
1757530160246 370106284141.7134 153
1757530160276 125698085707.43446 154
1757530160312 432999788942.6428 155
1757530160345 159802742689.32217 156
1757530160375 164547104062.80225 157
1757530160404 167915340773.29272 158
1757530160432 366499861208.69476 159
1757530160461 321605169625.61316 160
1757530160491 457414327579.0682 161
1757530160525 194364484765.0614 162
1757530160561 416149613042.29126 163
1757530160609 272229254579.68448 164
1757530160656 141723797701.68558 165
1757530160701 353500869742.9637 166
1757530160745 140988236704.67316 167
1757530160789 122606875128.94376 168
1757530160832 491302091594.9078 169
1757530160877 225238993879.81458 170
1757530160921 393782452234.5289 171
1757530160965 89169923136.56961 172
1757530161009 128756779772.62325 173
1757530161054 286202886167.91364 174
1757530161098 228326996031.49567 175
1757530161144 500222329936.0793 176
1757530161190 514577484414.5508 177
1757530161234 229381237569.52972 178
1757530161281 310993931659.8141 179
1757530161326 320077803724.24817 180
1757530161371 144450628970.42194 181
1757530161418 164034020628.33694 182
1757530161462 450548103783.5336 183
1757530161508 446596081502.45465 184
1757530161552 435214058871.3356 185
1757530161598 549770483842.2618 186
1757530161641 170922594432.44684 187
1757530161684 100054636398.5637 188
1757530161729 163397645344.3461 189
1757530161775 204425133681.88934 190
1757530161819 245613050871.02017 191
1757530161864 317761488653.0958 192
1757530161913 209545622721.25192 193
1757530161957 76223169435.2122 194
1757530162002 110955441591.1284 195
1757530162047 173304596280.72125 196
1757530162092 264435276442.72885 197
1757530162137 142247770749.78006 198
1757530162182 250321401486.14343 199
1757530162228 113001115879.65077 200
1757530162274 71522466832.88062 201
1757530162319 79824698378.02173 202
1757530162364 136227577453.31657 203
1757530162408 75668346102.94948 204
1757530162452 66316967277.12349 205
1757530162498 321430956540.3162 206
1757530162542 340514584543.47003 207
1757530162588 127594296427.60594 208
1757530162632 313928159515.71295 209
1757530162677 264980393444.15268 210
1757530162724 225129414080.78116 211
1757530162771 127382333833.18115 212
1757530162815 133835532381.70876 213
1757530162860 189895373223.7292 214
1757530162907 182194156608.87833 215
1757530162945 593458349727.4991 216
1757530162977 150894624488.8126 217
1757530163009 220676452966.51355 218
1757530163040 252113244576.07822 219
1757530163084 212025370454.22656 220
1757530163118 327695394043.01697 221
1757530163150 248298887823.552 222
1757530163182 78217771486.6436 223
1757530163228 206476234717.25284 224
1757530163274 161655786619.41986 225
1757530163308 323158748677.6609 226
1757530163340 166811953665.35434 227
1757530163370 144137907415.51392 228
1757530163400 199730242654.89972 229
1757530163438 391047150342.0517 230
1757530163483 347623858922.9459 231
1757530163528 86049955333.42494 232
1757530163575 819090860417.6715 233
1757530163621 102404744673.07304 234
1757530163667 136803704340.60736 235
1757530163710 112961842146.01341 236
1757530163757 224765834802.71802 237
1757530163802 322379372850.01465 238
1757530163848 209101413215.76886 239
1757530163893 237838310377.61017 240
1757530163939 131660296853.89278 241
1757530163984 276349582732.0301 242
1757530164030 66167349265.30102 243
1757530164076 277515910638.1732 244
1757530164122 230718718359.50882 245
1757530164168 185001144843.57373 246
1757530164214 156872497898.60233 247
1757530164261 123897404377.25064 248
1757530164308 88275459890.20009 249
1757530164355 222412225078.16568 250
1757530164403 424709503993.10596 251
1757530164450 99226655827.91644 252
1757530164498 412817560526.4839 253
1757530164546 254812870899.91394 254
1757530164594 201071710488.64114 255
1757530164643 145649056022.00604 256
1757530164689 270923588567.69327 257
1757530164736 850040738535.7054 258
1757530164785 346424147923.6971 259
1757530164837 205103908645.31946 260
1757530164883 98174479193.30904 261
1757530164931 152038814914.1284 262
1757530164979 352997083150.0839 263
1757530165025 181497517734.12747 264
1757530165074 349130060955.49567 265
1757530165121 86749949938.31212 266
1757530165168 146861737825.93478 267
1757530165217 422908029912.29425 268
1757530165266 331672954752.5759 269
1757530165313 349757464643.98615 270
1757530165361 142326041119.8597 271
1757530165407 293126766685.1549 272
1757530165453 177934800008.74863 273
1757530165500 425450077021.3663 274
1757530165545 84071859372.97673 275
1757530165597 544992659403.937 276
1757530165646 272555389253.2255 277
1757530165692 408122538809.9894 278
1757530165741 294251165042.288 279
1757530165789 141934048459.48386 280
1757530165839 191986586129.38217 281
1757530165889 312607103494.56635 282
1757530165940 176602048263.6145 283
1757530165983 792908429394.227 284
1757530166031 181687745902.44086 285
1757530166079 159953397840.1371 286
1757530166131 150183457251.56085 287
1757530166173 193133294982.5193 288
1757530166222 326746961942.1919 289
1757530166267 84901678939.26917 290
1757530166316 443678489254.2843 291
1757530166364 352206667892.2125 292
1757530166411 103045925188.4017 293
1757530166459 212323623200.01453 294
1757530166506 87069702642.30981 295
1757530166551 217908422011.11502 296
1757530166599 319552244008.3078 297
1757530166646 146653662117.50848 298
1757530166693 192182684100.52237 299
1757530166741 356078702400.2458 300
1757530166787 197916533488.9941 301
1757530166833 239448916933.87662 302
1757530166882 333168337781.8195 303
1757530166928 733999069121.3844 304
1757530166976 279393728047.278 305
1757530167023 381865136448.8379 306
1757530167069 153382387706.9265 307
1757530167116 289273556379.2537 308
1757530167164 243169234471.1092 309
1757530167210 196534649255.49194 310
1757530167256 424051719137.207 311
1757530167302 290904396023.7002 312
1757530167349 987264471984.4404 313
1757530167396 284567933667.71606 314
1757530167442 101391852770.67264 315
1757530167489 258451334244.30035 316
1757530167536 406661217379.34595 317
1757530167583 251365380424.30945 318
1757530167631 143603832067.94052 319
1757530167678 384234696550.7745 320
1757530167725 139047486236.52072 321
1757530167772 100390535120.5331 322
1757530167819 287299406735.7126 323
1757530167869 287674964079.68146 324
1757530167916 422567050425.1972 325
1757530167963 189775245651.14487 326
1757530168011 297526154735.14813 327
1757530168058 164808839778.1644 328
1757530168105 133221161937.65523 329
1757530168153 161140653783.32578 330
1757530168200 1064179490852.463 331
1757530168248 302545978844.84357 332
1757530168295 99134573479.35538 333
1757530168348 90947816587.48752 334
1757530168396 195357584670.33017 335
1757530168444 145211197439.99847 336
1757530168491 277196375967.31995 337
1757530168538 81655237895.61795 338
1757530168587 351298529300.5221 339
1757530168635 239601688035.18085 340
1757530168682 205425034177.74265 341
1757530168730 422561297827.04517 342
1757530168779 548469833168.5957 343
1757530168827 118933139323.53734 344
1757530168875 389552839076.6207 345
1757530168925 83377718984.51607 346
1757530168975 130207947129.79277 347
1757530169026 285971496767.406 348
1757530169075 167847039502.2642 349
1757530169123 220847879614.89508 350
1757530169172 247909174821.29102 351
1757530169219 116895364302.57388 352
1757530169266 171987479852.167 353
1757530169314 199753795866.37152 354
1757530169361 267598556225.2351 355
1757530169410 1180157694911.312 356
1757530169458 155184035971.64075 357
1757530169505 426702330507.09656 358
1757530169548 177094355552.19833 359
1757530169598 159519851028.85922 360
1757530169638 336264698781.0898 361
1757530169677 166652569820.44522 362
1757530169709 265560887634.19965 363
1757530169742 84399017712.38155 364
1757530169775 243217192182.56113 365
1757530169809 480111308011.29816 366
1757530169846 62916342902.50054 367
1757530169879 150916083952.6624 368
1757530169912 121860086783.6291 369
1757530169945 389901161295.51904 370
1757530169980 219104465144.34332 371
1757530170017 185183675314.34866 372
1757530170066 155723215530.7469 373
1757530170113 110774129873.7661 374
1757530170162 162478161070.43396 375
1757530170209 267132072477.46954 376
1757530170257 306280968701.8194 377
1757530170305 190831640428.3684 378
1757530170354 213522392193.66806 379
1757530170402 104154434826.4911 380
1757530170451 557780596132.5164 381
1757530170499 145164646193.9001 382
1757530170553 297038045866.52704 383
1757530170602 505434800077.2582 384
1757530170651 256639221274.09003 385
1757530170699 210274423256.08478 386
1757530170747 158644122870.4855 387
1757530170796 438392179371.6042 388
1757530170844 397480069461.14044 389
1757530170892 226762822888.6877 390
1757530170940 190707485699.67218 391
1757530170989 230811841486.16522 392
1757530171039 415813109482.12744 393
1757530171089 256946050574.2229 394
1757530171138 318363991796.72034 395
1757530171188 651037140133.5461 396
1757530171239 650669963815.0062 397
1757530171288 241758442358.5303 398
1757530171337 347823550657.0366 399
1757530171385 112678946395.59889 400
1757530171435 422424442605.78595 401
1757530171484 159945993262.67188 402
1757530171534 207266327960.78024 403
1757530171577 83250236339.14668 404
1757530171610 621489466681.3866 405
1757530171644 131465148167.27692 406
1757530171683 687269270739.1506 407
1757530171717 85960922909.23463 408
1757530171755 172957757001.5901 409
1757530171789 120844526190.13243 410
1757530171822 134073687245.39043 411
1757530171855 113296712948.65732 412
1757530171888 342682266599.70746 413
1757530171930 88948733273.6268 414
1757530171966 282800242818.85175 415
1757530172000 94474180057.3669 416
1757530172035 386048571474.0582 417
1757530172077 465815016922.67584 418
1757530172126 172478095911.83563 419
1757530172175 173112116947.72333 420
1757530172224 401652675294.01086 421
1757530172273 732152537573.576 422
1757530172323 527449184499.58 423
1757530172371 108612372136.53786 424
1757530172421 107748651422.82529 425
1757530172470 145739057287.5681 426
1757530172521 136547570658.26866 427
1757530172571 298335404384.3466 428
1757530172621 403967931590.3555 429
1757530172671 196864853967.52792 430
1757530172720 285432502385.1932 431
1757530172770 277589113037.5941 432
1757530172819 173749945429.83813 433
1757530172869 216261884406.22827 434
1757530172918 525690787463.62994 435
1757530172969 194600219660.57816 436
1757530173019 248308295096.23914 437
1757530173070 262066570869.422 438
1757530173114 189961144702.70078 439
1757530173167 117718464580.51138 440
1757530173217 119212994308.76552 441
1757530173269 451122795956.28973 442
1757530173320 89070760129.13547 443
1757530173369 273091310812.35352 444
1757530173419 355163527763.83167 445
1757530173468 1428011124098.3938 446
1757530173518 514301258856.03577 447
1757530173569 262448958969.78964 448
1757530173614 163329660489.3888 449
1757530173655 204991656124.66034 450
1757530173692 473710527051.83636 451
1757530173741 149682464669.9874 452
1757530173781 160029395027.85696 453
1757530173816 78164237373.51762 454
1757530173850 250023557935.2257 455
1757530173885 197004085897.86444 456
1757530173919 99417161606.26591 457
1757530173954 131488958286.22028 458
1757530173988 193959835688.66946 459
1757530174031 291895559170.96967 460
1757530174068 205906666692.78232 461
1757530174102 140058129225.50565 462
1757530174153 211920281779.3674 463
1757530174203 222735147585.0666 464
1757530174253 429995981042.44794 465
1757530174303 107958680016.63564 466
1757530174353 170056479108.92242 467
1757530174402 355479628334.03424 468
1757530174456 526513652722.1317 469
1757530174507 112408114264.18584 470
1757530174558 138355908055.61655 471
1757530174612 204229288958.51346 472
1757530174652 617797251862.8867 473
1757530174686 146395216208.88632 474
1757530174732 204492226444.7598 475
1757530174770 223262311958.95352 476
1757530174806 204756959794.91193 477
1757530174841 249686110013.35257 478
1757530174876 335501267364.5288 479
1757530174911 346378284473.17346 480
1757530174945 136487037929.0422 481
1757530174983 131223602353.94104 482
1757530175018 209633446389.9372 483
1757530175054 154620918527.27042 484
1757530175089 179096210026.31647 485
1757530175123 130770372557.9738 486
1757530175181 552974515313.3921 487
1757530175231 342713144501.1419 488
1757530175282 316513463970.5521 489
1757530175333 451745990478.6446 490
1757530175383 174625469152.36343 491
1757530175434 308026485071.2242 492
1757530175485 390029162975.23 493
1757530175537 421812917403.952 494
1757530175587 253702647164.64572 495
1757530175638 326098870121.24786 496
1757530175678 248302721219.05966 497
1757530175713 241628848846.27917 498
1757530175747 281708499531.37225 499
