1757591639194 1053300370735.4888 0
1757591639272 859257044453.2039 1
1757591639344 720344375394.3612 2
1757591639417 617953020642.1211 3
1757591639497 540713536011.4131 4
1757591639575 481397788294.905 5
1757591639648 435221849468.447 6
1757591639723 398897531980.656 7
1757591639813 370088472313.21045 8
1757591639889 347088289938.87506 9
1757591639964 328623190716.60626 10
1757591640046 313726138426.19275 11
1757591640119 301653520291.8994 12
1757591640191 291827934701.0972 13
1757591640265 283797673295.08234 14
1757591640344 277207274375.7836 15
1757591640420 271775678572.74905 16
1757591640493 267279764554.0951 17
1757591640573 263541788188.99524 18
1757591640645 260419710467.1623 19
1757591640724 257799696312.7012 20
1757591640799 255590264114.19748 21
1757591640874 253717701798.2648 22
1757591640954 252122461498.8454 23
1757591641031 250756314536.32346 24
1757591641108 249580099779.0849 25
1757591641182 248561936864.06873 26
1757591641258 247675804784.2489 27
1757591641335 246900408482.60358 28
1757591641412 246218273075.3003 29
1757591641486 245615018428.1244 30
1757591641560 245078776960.88788 31
1757591641639 244599725448.2361 32
1757591641715 244169707743.61847 33
1757591641782 243781930171.64413 34
1757591641867 243430715114.1818 35
1757591641942 243111301288.50458 36
1757591642034 242819681559.40408 37
1757591642112 242552470978.8556 38
1757591642189 242306799212.9356 39
1757591642265 242080222678.95032 40
1757591642335 241870652640.54028 41
1757591642400 241676296245.1818 42
1757591642466 241495608076.38586 43
1757591642533 241327250262.8989 44
1757591642601 241170059563.62793 45
1757591642674 241023020149.00027 46
1757591642744 240885241042.13388 47
1757591642815 240755937378.51608 48
1757591642884 240634414800.34036 49
1757591642951 240520056428.77615 50
1757591643016 240412311960.2386 51
1757591643079 240310688515.96243 52
1757591643145 240214743224.3102 53
1757591643210 240124075850.25577 54
1757591643273 240038324191.96777 55
1757591643339 239957159102.79184 56
1757591643401 239880280513.71365 57
1757591643464 239807414034.76712 58
1757591643531 239738308041.49802 59
1757591643598 239672731168.79593 60
1757591643658 239610470147.69797 61
1757591643719 239551327931.68954 62
1757591643790 239495122068.00635 63
1757591643862 239441683276.84763 64
1757591643934 239390854207.51428 65
1757591644009 239342488345.53867 66
1757591644085 239296449049.0487 67
1757591644161 239252608696.07736 68
1757591644236 239210847927.4075 69
1757591644308 239171054971.93713 70
