1757561263363 15012836818.9437 0
1757561263874 849938038563.3245 1
1757561264399 479838114500.9202 2
1757561264902 494914863373.6581 3
1757561265382 71672838161.0484 4
1757561265898 3577382933.4472346 5
1757561266376 143254541073.14908 6
1757561266889 210251354717.82248 7
1757561267397 47038708100.00938 8
1757561267883 9311745018.254215 9
1757561268367 1010494401.3917052 10
1757561268851 363339863174.5647 11
1757561269353 286779569117.28314 12
1757561269850 149939550647.67627 13
1757561270331 26761998864.91847 14
1757561270813 609373547926.558 15
1757561271297 6479346940.619232 16
1757561271792 142285543160.15408 17
1757561272290 49407826328.299484 18
1757561272799 610298256890.2137 19
1757561273347 54099343190.51498 20
1757561273874 20547376136.439533 21
1757561274406 9887887771.908587 22
1757561274916 1081016031262.0778 23
1757561275420 56208283618.068214 24
1757561275927 10439790169.450335 25
1757561276436 41803522.15446139 26
1757561276942 53577205792.89821 27
1757561277444 14088241604.333107 28
1757561277933 118398556423.1209 29
1757561278414 18835518735.242977 30
1757561278895 15784703536.899704 31
1757561279379 391646450141.60547 32
1757561279861 27794575540.758965 33
1757561280345 5405758442385.215 34
1757561280837 5709913913.818459 35
1757561281334 3652433485.196716 36
1757561281836 1445412026.0496438 37
1757561282328 30874307252.18027 38
1757561282826 12568471559.686419 39
1757561283332 936856071.1611466 40
1757561283846 370281415.89220685 41
1757561284357 197411135665.9459 42
1757561284859 104970240.08495468 43
1757561285345 6761052896.456803 44
1757561285831 1117240723849.853 45
1757561286320 37673332288.94717 46
1757561286801 1711741625.5395257 47
1757561287300 12252347197.001673 48
1757561287794 44598351859.31671 49
1757561288283 82787621626.62189 50
1757561288762 828066151773.0936 51
1757561289257 168087261.49841288 52
1757561289753 7961814770.531068 53
1757561290239 753230470.4747674 54
1757561290731 16988941425.767328 55
1757561291218 115613081682.62009 56
1757561291707 2068571349.1889067 57
1757561292193 2664729648.8163724 58
1757561292685 15728047716.392035 59
1757561293194 44693903197.1649 60
1757561293681 39862553157.57888 61
1757561294166 43026221947.44881 62
1757561294655 374096619172.96924 63
1757561295141 33468537.149332568 64
1757561295625 314994459697.1726 65
1757561296113 2014983114.1449132 66
1757561296594 15500065302.519857 67
1757561297083 2532642377.9010954 68
1757561297571 325536023146.28094 69
1757561298074 95452770183.77657 70
1757561298559 30518530514.008606 71
1757561299042 891638847.2943344 72
1757561299536 169045775925.1451 73
1757561300033 329990865561.07404 74
1757561300526 1976341090403.69 75
1757561301011 5323603108.277758 76
1757561301513 122060110522.17976 77
1757561302023 18489004190.462643 78
1757561302548 124849700529.97447 79
1757561303092 14473667887.708572 80
1757561303612 104818952391.18175 81
1757561304151 102302031326.59953 82
1757561304652 3728033109347.3525 83
1757561305150 143628153780.41055 84
1757561305657 181954800744.65668 85
1757561306154 5564892464.496428 86
1757561306650 134326482540.27098 87
1757561307146 351591672573.9398 88
1757561307649 10403505551.644493 89
1757561308151 201686364355.7245 90
1757561308681 150693377997.8438 91
1757561309202 11410563629.970797 92
1757561309711 114395296295.97444 93
1757561310215 46149746055.41558 94
1757561310724 332086350988.3712 95
1757561311210 4485063386.154032 96
1757561311701 9612190386.270796 97
1757561312193 26679420.18530529 98
1757561312739 14502502149.7049 99
1757561313279 28670718017.59338 100
1757561313790 156242692489.19424 101
1757561314302 108259240.82637246 102
1757561314834 973087341.2758644 103
1757561315352 2562311212.02472 104
1757561315869 36455039890.13725 105
1757561316401 20159777100.111034 106
1757561316963 27588769361.959408 107
1757561317497 44840446.22046137 108
1757561318025 174963723316.64218 109
1757561318566 14068400174087.934 110
1757561319084 6281165426.393054 111
1757561319589 56232164172.79705 112
1757561320106 89673888469.97018 113
1757561320618 5955769023.815742 114
1757561321123 730970441900.2037 115
1757561321640 72486955299.8147 116
1757561322194 30985424560.007214 117
1757561322736 45241349566.59249 118
1757561323252 232661179704.64844 119
1757561323759 200070760880.93173 120
1757561324261 38944943916.861984 121
1757561324800 1527143466.4512959 122
1757561325291 130971510113.81145 123
1757561325791 67346571205.44602 124
1757561326317 602961490.7491413 125
1757561326849 90834402003.4769 126
1757561327373 311020155679.2737 127
1757561327897 586818561459.8109 128
1757561328438 231073172647.71463 129
1757561328960 168398989499.84366 130
1757561329463 156476910469.14987 131
1757561329988 346663126525.3247 132
1757561330518 10219056435.624441 133
1757561331035 16494029466.460056 134
1757561331548 14453562495.330153 135
1757561332046 44691043371.19078 136
1757561332541 38916509449.7683 137
1757561333044 182453687942.00134 138
1757561333560 758938439927.4016 139
1757561334095 403695797277.27686 140
1757561334618 1890892086.6594589 141
1757561335134 12767553.031362787 142
1757561335663 836420928648.5531 143
1757561336180 12833404.162980234 144
1757561336711 128461310905.75392 145
1757561337222 47200561455.07207 146
1757561337753 637078463350.5753 147
1757561338257 431908182797.03735 148
1757561338778 48651624.662278295 149
1757561339297 39485848725.10276 150
1757561339800 96194171774.50882 151
1757561340303 153775959904.99417 152
1757561340802 68799892039.96272 153
1757561341309 50513493053.39133 154
1757561341817 177752435259.39725 155
1757561342328 114706309978.17264 156
1757561342836 214779693515.46475 157
1757561343382 9601718488.669525 158
1757561343898 190448905123.93192 159
1757561344421 1065364134050.492 160
1757561344933 45391743408.276054 161
1757561345446 110150979291.69838 162
1757561345947 80735045091.16367 163
1757561346463 13846857522.86397 164
1757561346974 51494818.88559629 165
1757561347499 41268924040.22247 166
1757561348013 12289500276.098495 167
1757561348543 13562966449.014467 168
1757561349088 56084163667.30227 169
1757561349663 6982351190.115323 170
1757561350190 469597371324.67596 171
1757561350755 110410210072.75475 172
1757561351271 2630356899748.673 173
1757561351811 246984302017.77435 174
1757561352366 104232817834.74747 175
1757561352897 118775505165.27043 176
1757561353405 11108800860.951052 177
1757561353929 212079178247.85425 178
1757561354448 200863410318.7178 179
1757561354948 139816785783.02933 180
1757561355494 8883532174400.383 181
1757561356035 145678519.741296 182
1757561356579 1172460472.4673882 183
1757561357103 74417424098.77051 184
1757561357632 69395917279.43047 185
1757561358161 118453925868.05826 186
1757561358686 92918796672.40854 187
1757561359211 47968814814.463104 188
1757561359720 3590421970.868268 189
1757561360227 299884056835.9025 190
1757561360729 104427340811.07697 191
1757561361258 4642610331.914845 192
1757561361780 34783933590.639626 193
1757561362293 3279132732.811938 194
1757561362800 32933164471.83111 195
1757561363331 102250467625.56465 196
1757561363851 157129432022.29953 197
1757561364380 4382927816.908904 198
1757561364909 22193630698.780605 199
1757561365413 136542376756.58961 200
1757561365954 5894315624.408127 201
1757561366497 177272308022.6912 202
1757561367053 369175919.2475819 203
1757561367571 159835870798.93237 204
1757561368109 77013259677.27321 205
1757561368644 125834154716.15285 206
1757561369178 133195391836.29922 207
1757561369717 195230224991.25247 208
1757561370226 1357574387.905006 209
1757561370744 324185373352.2995 210
1757561371263 1454277968.2891676 211
1757561371787 38064646196.40833 212
1757561372303 27595220696.372616 213
1757561372838 2223276662.8499646 214
1757561373362 2302019419.914807 215
1757561373883 11250910251.468113 216
1757561374404 152748505027.0467 217
1757561374915 211757563627.4646 218
1757561375433 127941629161.89888 219
1757561375953 129333865380.33589 220
1757561376459 835856714662.9778 221
1757561376969 372420203304.6999 222
1757561377489 4108657303.20502 223
1757561378006 18094392595.34531 224
1757561378525 3739231151.224561 225
1757561379058 38554946132.557945 226
1757561379567 7961313464.713526 227
1757561380096 54491191895.87968 228
1757561380607 96528299486.50792 229
1757561381131 124880935935.51074 230
1757561381643 1000768678.2193849 231
1757561382170 36893636959.57625 232
1757561382712 218629527146.53043 233
1757561383235 13085077951.142527 234
1757561383760 7851089245.558694 235
1757561384307 91195986969.99347 236
1757561384817 16980767462.75812 237
1757561385335 101677383930.93675 238
1757561385847 3266319568.607836 239
1757561386361 123229484699.19112 240
1757561386903 1273979283.652018 241
1757561387425 291137071810.4156 242
1757561387940 1950483987.7250185 243
1757561388448 107134050972.06279 244
1757561388982 121380372813.03334 245
1757561389519 200467524.87541872 246
1757561390032 59608294454.27381 247
1757561390557 178770579780.9877 248
1757561391071 20222778322.106106 249
1757561391594 448978828282.80695 250
1757561392112 103625000718.83417 251
1757561392620 92327818703.16835 252
1757561393126 606341188352.0975 253
1757561393630 3726381886846.093 254
1757561394130 86836335247.5916 255
1757561394628 246478452408.9411 256
1757561395120 10402768887.36316 257
1757561395624 84344425924.0346 258
1757561396121 20072282454.963043 259
1757561396615 801382761.3064212 260
1757561397129 4233519245.690129 261
1757561397626 23108189899.670967 262
1757561398125 356511.95797161997 263
1757561398617 454067777.11863124 264
1757561399120 3370358167.2302055 265
1757561399610 1045015546829.2502 266
1757561400116 13561800572.978685 267
1757561400614 206548842788.25903 268
1757561401112 268203155111.97986 269
1757561401606 681353135000.9764 270
1757561402094 78728697127.29285 271
1757561402581 4304481.898347912 272
1757561403070 77540197216.14302 273
1757561403559 45937773080.941635 274
1757561404049 31910133661.048965 275
1757561404541 708835677462.1177 276
1757561405036 50123727787.061935 277
1757561405535 14665445556.8239 278
1757561406030 13679626806.272865 279
1757561406529 127143973156.53255 280
1757561407027 73857620071.30658 281
1757561407528 53718439649.53484 282
1757561408017 12548613534.34471 283
1757561408519 1296792163.225303 284
1757561409019 44210858715.43406 285
1757561409514 5839744165.133904 286
1757561410008 18305146850.6627 287
1757561410508 910806348459.4996 288
1757561411021 30739282932.263668 289
1757561411539 68438188663.67332 290
1757561412027 32231948667.905277 291
1757561412519 182625930371.0842 292
1757561413009 37921503672.90302 293
1757561413503 3336812101.941737 294
1757561413994 399450193322.1828 295
1757561414486 98713239327.93906 296
1757561414987 19451546084.06425 297
1757561415526 16426946122486.477 298
1757561416051 12852100599.866558 299
1757561416573 2454505.100993962 300
1757561417077 188563265165.1369 301
1757561417581 29531160709.18275 302
1757561418084 477182493718.0839 303
1757561418576 107882160323.45247 304
1757561419070 2061931871.2550495 305
1757561419588 33769799569.26995 306
1757561420119 2774443866.0333366 307
1757561420641 97289966808.70787 308
1757561421136 27616933704.201626 309
1757561421650 15198831143.699976 310
1757561422150 25538761297.880623 311
1757561422648 90056633267.54933 312
1757561423145 587839153.3458499 313
1757561423642 10162160130.997494 314
1757561424133 68859903525.36165 315
1757561424628 99168934446.90907 316
1757561425117 35121142719.14651 317
1757561425629 292529054.7819967 318
1757561426116 295054311305.4038 319
1757561426618 15173345507.306671 320
1757561427110 93715759077.907 321
1757561427617 556308957.3504332 322
1757561428109 1795153776.340447 323
1757561428605 176177630215.61 324
1757561429102 4186238.114991418 325
1757561429600 90005281613.03487 326
1757561430100 96076438717.01382 327
1757561430600 3094072859.890885 328
1757561431096 111289668343.69376 329
1757561431601 206925730654.02347 330
1757561432101 3731556155.419826 331
1757561432601 26628987230.278515 332
1757561433112 28409722858.616154 333
1757561433599 110045375102.86156 334
1757561434096 158939093526.7586 335
1757561434595 66242815583.81259 336
1757561435090 4102674463.502613 337
1757561435585 334477586218.247 338
1757561436079 135780873591.52896 339
1757561436578 828190043862.0684 340
1757561437074 12467869480.868021 341
1757561437573 39929304625.81316 342
1757561438062 175513000175.4209 343
1757561438559 325411428894.536 344
1757561439047 18511860240.36817 345
1757561439546 15534821639.152306 346
1757561440057 70130728994.05394 347
1757561440557 8739863372.790049 348
1757561441047 9501469097505.277 349
1757561441549 3095888176.5494614 350
1757561442053 3224572429.136671 351
1757561442564 56384842517.81267 352
1757561443062 1481058770249.3625 353
1757561443559 5022150731.649887 354
1757561444068 4297851989.30404 355
1757561444572 243562863425.13272 356
1757561445076 5278774494.257311 357
1757561445574 3946775363.3558393 358
1757561446081 113999508853.31227 359
1757561446579 3714032779577.9404 360
1757561447073 1520282916.5556262 361
1757561447570 66985373833.22261 362
1757561448069 56019263116.104706 363
1757561448581 21147450768.269527 364
1757561449087 43202549946.11518 365
1757561449607 37112418762.59554 366
1757561450111 97195126973.02428 367
1757561450609 44323800134.38308 368
1757561451107 8602570134.453362 369
1757561451598 808047501860.9221 370
1757561452090 7748748298.777656 371
1757561452589 88247167514.9417 372
1757561453091 5259190815.688336 373
1757561453593 104541380519.71211 374
1757561454090 46868897084.497955 375
1757561454609 14009764130.424015 376
1757561455107 105028761617.00685 377
1757561455602 491702205578.43835 378
1757561456098 44642662327.45892 379
1757561456596 502147309778.2981 380
1757561457097 493078990.3474657 381
1757561457597 528802217.53368 382
1757561458087 172885931998.59427 383
1757561458582 139878327.47407767 384
1757561459080 59762879896.36381 385
1757561459581 946494866.1010259 386
1757561460078 267188805202.665 387
1757561460572 9950399537.455736 388
1757561461074 47272310967.28704 389
1757561461572 172918139308.73154 390
1757561462069 338927625.92604035 391
1757561462564 795983168.5765445 392
1757561463057 1473112098.2923944 393
1757561463550 86437020343.895 394
1757561464040 124986342582.72232 395
1757561464533 36020418288.735596 396
1757561465032 491094726.3146885 397
1757561465522 33304251124.428974 398
1757561466024 1053461784713.1505 399
1757561466526 23362079994.42352 400
1757561467032 1071094768460.7756 401
1757561467579 28490687811.947735 402
1757561468099 16964319146.943531 403
1757561468622 81618332291.0973 404
1757561469153 98270601666.28885 405
1757561469662 716468713173.2817 406
1757561470185 2751111133301.2793 407
1757561470687 20688478233.97456 408
1757561471208 5680174017.487958 409
1757561471742 11400739987.350637 410
1757561472239 7928692989.852468 411
1757561472749 9547836019.25545 412
1757561473249 26403817321.852432 413
1757561473738 166134399866.5686 414
1757561474228 187966231952.49432 415
1757561474723 213938742860.97308 416
1757561475221 23831970214.224 417
