1757552053818 512602752114.1128 0
1757552054338 6546698430.1016035 1
1757552054829 5459358753.291732 2
1757552055310 8131152110.742508 3
1757552055794 323917507286.9091 4
1757552056265 290243792216.0817 5
1757552056744 87056966359.24408 6
1757552057220 65307468779.80949 7
1757552057690 12430814788.65967 8
1757552058163 206484171941.3664 9
1757552058638 18332261875.317497 10
1757552059118 155218633867.70865 11
1757552059592 1276161048.6561785 12
1757552060091 3781644063.117174 13
1757552060568 447091691710.7614 14
1757552061056 26527360678.873066 15
1757552061564 2527795374933.551 16
1757552062077 21841362273.605377 17
1757552062618 91302216994.8496 18
1757552063100 484893804457.33545 19
1757552063574 328220139.9311501 20
1757552064062 105669587424.27107 21
1757552064540 245520632921.868 22
1757552065020 168663173178.1623 23
1757552065520 17962441059.42228 24
1757552066005 20846736524.240692 25
1757552066485 364483463577.88257 26
1757552066958 42152639372.551346 27
1757552067452 840302999.6804211 28
1757552067925 39976940579.4359 29
1757552068405 147116955416.8274 30
1757552068879 1007806250.6039579 31
1757552069365 26583915040.727306 32
1757552069839 105922056688.1314 33
1757552070328 86461910099.76418 34
1757552070799 308407053912.93567 35
1757552071272 48828010142.815346 36
1757552071741 804646637.4049965 37
1757552072214 9425349961.15287 38
1757552072686 329937457370.79614 39
1757552073173 196268485353.53717 40
1757552073664 181014273247.91003 41
1757552074179 35050125417.89148 42
1757552074689 31814165381.683773 43
1757552075209 47392386658.73073 44
1757552075677 266864421672.47144 45
1757552076176 62322050319.34439 46
1757552076673 18991571871.935535 47
1757552077170 87695004248.0416 48
1757552077665 12106995223.734692 49
1757552078139 102293075285.22717 50
1757552078615 90003844556.42134 51
1757552079097 8144286479.420115 52
1757552079583 465346773155.96735 53
1757552080055 43655360051.48423 54
1757552080532 573428209953.1808 55
1757552081002 59734475142.70752 56
1757552081482 1185790565.7223706 57
1757552081959 251461207281.32346 58
1757552082453 49478997956.733536 59
1757552082934 5666469033.838419 60
1757552083412 94116637850.8864 61
1757552083892 1996457491.5898826 62
1757552084373 113535247747.04057 63
1757552084862 8075321166.192726 64
1757552085335 6274748020.12347 65
1757552085823 618768920677.9575 66
1757552086334 217480666091.8341 67
1757552086839 1046428954107.9003 68
1757552087333 38512747009.281334 69
1757552087828 33740518933.69927 70
1757552088304 134453640472.07681 71
1757552088778 2149960122.9611444 72
1757552089266 145748283.42684364 73
1757552089759 3112496870.5826864 74
1757552090234 118327083763.87874 75
1757552090703 121770984682.85168 76
1757552091174 794670243.6814295 77
1757552091651 66312727283.46875 78
1757552092128 1115325659.1175346 79
1757552092632 736329346.6047586 80
1757552093147 60404837006.65063 81
1757552093696 128743235726.49406 82
1757552094261 61638322121.27031 83
1757552094833 1426731037.3428617 84
1757552095327 58468833689.08928 85
1757552095794 2734155729.3999715 86
1757552096277 380955541677.0441 87
1757552096758 33732015481.381817 88
1757552097244 15534893548.02785 89
1757552097738 16180352083.348167 90
1757552098252 319288351638.6294 91
1757552098718 2114617833.157646 92
1757552099212 3006971181.481759 93
1757552099718 89015044624.80801 94
1757552100198 34712635999.7146 95
1757552100702 11384764911.559383 96
1757552101190 15969712961.021154 97
1757552101664 743039135097.6616 98
1757552102137 91127107843.51483 99
1757552102617 40565060744.21451 100
1757552103086 1516550783749.6104 101
1757552103560 12902190861.97269 102
1757552104045 2278340397.2308803 103
1757552104516 2391413105.4805884 104
1757552104989 526797306.0427611 105
1757552105454 42356774174.0777 106
1757552105931 121861455885.21126 107
1757552106406 364900659523.87915 108
1757552106875 10727209195.331827 109
1757552107336 163729558.771078 110
1757552107848 47572386609.23934 111
1757552108326 97124887527.91751 112
1757552108807 62158965.04375996 113
1757552109289 114534914894.4235 114
1757552109774 4798905622.131788 115
1757552110284 14328484994.539778 116
1757552110774 26957958916.2174 117
1757552111255 67193470364.918045 118
1757552111735 22103201080.30619 119
1757552112207 2130416402.9383016 120
1757552112706 122736307247.16437 121
1757552113189 1945003379673.6265 122
1757552113673 33087556517.802727 123
1757552114155 286132612.43597287 124
1757552114646 4779814279.428884 125
1757552115112 2895329227.6976166 126
1757552115589 4390121909.81183 127
1757552116054 27266634405.049305 128
1757552116540 60771982514.50572 129
1757552117023 14291568914.61102 130
1757552117506 6637329830.141868 131
1757552117995 361512113235.91534 132
1757552118467 22245001131.50514 133
1757552118969 44043295642.02123 134
1757552119462 275606007100.9169 135
1757552119945 84204674.68975902 136
1757552120435 73224083714.62308 137
1757552120977 189734712003.27335 138
1757552121472 340080808.6858763 139
1757552121967 1473579084144.1555 140
1757552122441 160875024808.04007 141
1757552122927 15674837.032971902 142
1757552123400 7743300623.314478 143
1757552123889 2751367874.4350805 144
1757552124395 3487882791.5379887 145
1757552124866 72057671520.12071 146
1757552188893 16727419850.069159 147
1757552189464 10307851653.246717 148
1757552189995 212111292860.38837 149
1757552190510 19124872692.521305 150
1757552191011 65449960373.37581 151
1757552191495 9389025456.746317 152
1757552191981 766174994918.53 153
1757552192477 408900883049.14886 154
1757552192981 86947061271.64124 155
1757552193467 291183235502.49066 156
1757552193942 63648095690.28425 157
1757552194439 77845524132.93015 158
1757552194932 3046174243.788449 159
1757552195427 144905596.63008842 160
1757552195911 25615916846.29871 161
1757552196402 193870160093.41232 162
1757552196883 1842108108780.267 163
1757552197375 15499025371.642403 164
1757552197863 18050571539.22445 165
1757552198348 12460359582.290842 166
1757552198823 288352891072.9744 167
1757552199347 41105993123.752556 168
1757552199847 76536297159.10593 169
1757552200352 16205552837.731983 170
1757552200832 176022329974.27335 171
1757552201319 38874559069.25991 172
1757552201804 345528439.06065995 173
1757552202305 10798177088.403322 174
1757552202794 45912700952.86904 175
1757552203291 3127642799.276899 176
1757552203783 108924126695.51094 177
1757552204295 29337771541.612328 178
1757552204776 15154625455.65907 179
1757552205276 24092899037.0336 180
1757552205767 84095921322.25664 181
1757552206254 1183048796.3684533 182
1757552206772 8536812044.202147 183
1757552207259 925736438631.6235 184
1757552207750 32333343600.80775 185
1757552208238 369859391959.42755 186
1757552208720 11063234038.259848 187
1757552209209 9634964354.700796 188
1757552209708 44185448275.983604 189
1757552210199 595143739775.8042 190
1757552210716 90407346623.79315 191
1757552211205 85067105065.9704 192
1757552211687 422803397718.6854 193
1757552212166 38624899891.433784 194
1757552212654 295716309637.4875 195
1757552213133 81393880625.56488 196
1757552213619 208036039354.60513 197
1757552214102 19814697867.01507 198
1757552214600 673832397092.0364 199
1757552215085 30372394696.924625 200
1757552215585 227258382383.98932 201
1757552216075 81087882420.47604 202
1757552216565 31080502184.982132 203
1757552217061 166077758.64491978 204
1757552217563 542631163311.1335 205
1757552218064 24282057.867372934 206
1757552218556 13548766640.780313 207
1757552219050 1400888042766.7825 208
1757552219559 1142626799.3772495 209
1757552220062 27108621673.630768 210
1757552220575 37894581675.508156 211
1757552221178 51811496371.737175 212
1757552221692 969466482.1384498 213
1757552222197 60108238603.64349 214
1757552222684 1674792695845.1375 215
1757552223155 69051793304.08731 216
1757552223630 359770245913.4953 217
1757552224131 28619681623.32782 218
1757552224615 144041888764.00516 219
1757552225091 149560703613.81378 220
1757552225585 323964664067.4751 221
1757552226072 23924066179.820797 222
1757552226557 4511513005.148032 223
1757552227058 41351901270.53184 224
1757552227553 2836263777.561898 225
1757552228045 8935950203.465115 226
1757552228545 293833081.20537126 227
1757552229052 2245812388.855083 228
1757552229549 21430855436.58202 229
1757552230072 5094197744.718476 230
1757552230601 132184511745.12616 231
1757552231097 39120638677.991356 232
1757552231581 92063339.01152767 233
1757552232072 2729599563.7042956 234
1757552232557 588829612113.3473 235
1757552233052 47841892666.0389 236
1757552233534 84716039739.33458 237
1757552234033 32615010672.976135 238
1757552234531 224251975824.3891 239
1757552235031 1429342145.1002495 240
1757552235513 2576544430.3849483 241
1757552235995 48383304560.34314 242
1757552236471 8978971151.883858 243
1757552236964 83972090881.94016 244
1757552237465 549020875657.7421 245
1757552237949 9459497622.7986 246
1757552238425 5766657063.374823 247
1757552238909 121717510821.74083 248
1757552239408 26812452177.364002 249
1757552239910 4376245399943.2 250
1757552240421 14444052031.094414 251
1757552240920 8504482634.27095 252
1757552241425 359983107235.9919 253
1757552241919 950053932.2682476 254
1757552242411 15564303427.467545 255
1757552242906 15607233709.143152 256
1757552243386 15512319122.323967 257
1757552243884 180237037458.04752 258
1757552244393 1120640713753.7927 259
1757552244892 44625290949.4613 260
1757552245384 15342982760.58754 261
1757552245885 15238646914.231344 262
1757552246372 433477696650.5761 263
1757552246868 120456859278.5466 264
1757552247351 62961478.45980387 265
1757552247840 640235035257.8547 266
1757552248323 46346913987.14155 267
1757552248807 51330196084.182236 268
1757552249299 1078587083.705483 269
1757552249806 1890710364279.8564 270
1757552250303 446096609.3891861 271
1757552250796 118015276222.83527 272
1757552251313 2022578351977.1155 273
1757552251814 45884539060.9887 274
1757552252319 64645487112.133675 275
1757552252888 8536337929.544809 276
1757552253462 624057288676.8113 277
1757552253987 3568535870476.9937 278
1757552254498 354965863283.1961 279
1757552254993 13573147181.182192 280
1757552255487 17507549700.478752 281
1757552255978 1367263509.7925713 282
1757552256460 11497310195.76916 283
1757552256956 201353718125.81537 284
1757552257453 2310529544.8592668 285
1757552257935 509568127817.0274 286
1757552258446 19170948161.967865 287
1757552258953 4817467014.638897 288
1757552259450 44084394808.79172 289
1757552259930 39172220684.85062 290
1757552260422 1295098628.7768567 291
1757552260926 81686077026.69875 292
1757552261414 118226546794.34229 293
1757552261919 17116949175.455719 294
1757552262418 12620901229.729504 295
1757552262908 267699876276.8393 296
1757552263397 60689032964.565445 297
1757552263900 2668201172936.7573 298
1757552264405 3036257894941.899 299
1757552264914 51059333426.95961 300
1757552265411 148873072721.9941 301
1757552265906 37925445906.130424 302
1757552266392 149385750684.45435 303
1757552266884 651722209.9788411 304
1757552267382 19575269085.408714 305
1757552267878 176687498043.0227 306
1757552268371 8291101274214.6875 307
1757552268857 17255280556.689552 308
1757552269355 710570444992.5875 309
1757552269934 98270474314.42801 310
1757552270459 45896439199.004456 311
1757552270971 111360643734.25229 312
1757552271466 111258476622.61957 313
1757552271953 21212902386.24508 314
1757552272466 54809711883.86474 315
1757552272973 110842791.87292537 316
1757552273469 36652925871.20989 317
1757552273969 16705157638.61691 318
1757552274453 156796779960.89044 319
1757552274948 139722865848.6809 320
1757552275440 75499715430.84583 321
1757552275932 821942776.3340249 322
1757552276412 591970888835.5521 323
1757552276913 13559851790.766256 324
1757552277411 14887363336.351059 325
1757552277906 589886539625.1129 326
1757552278401 306412886448.86237 327
1757552278906 3955729020.3801703 328
1757552279418 881781892847.3063 329
1757552279912 187890851.8412343 330
1757552280412 74398210120.25699 331
1757552280914 36889202412.53111 332
1757552281427 3115702781.764962 333
1757552281902 1202101675.8363953 334
1757552282402 43483189782.88634 335
1757552282892 1908255144.7208626 336
1757552283386 218935997031.47955 337
1757552283888 241383625880.08292 338
1757552284410 10481906763.784456 339
1757552284945 479951300388.2543 340
1757552285493 7926604441.476301 341
1757552286043 3552462111.351593 342
1757552286554 157981880385.29147 343
1757552287065 169798470964.88425 344
1757552287545 40366842968.84855 345
1757552288076 66536895106.99122 346
1757552288565 89167941665.07675 347
1757552289053 13748306043.995935 348
1757552289539 8081401583.322123 349
1757552290052 99814786446.94957 350
1757552290530 122953063001.79813 351
1757552291029 298525824282.21936 352
1757552291547 161458248799.14777 353
1757552292046 24515637343.55414 354
1757552292547 474044413959.08484 355
1757552293031 31190616072.8815 356
1757552293522 41017023055.020546 357
1757552294022 20415968300.12402 358
1757552294542 1386589824.506622 359
1757552295033 845064067.9052078 360
1757552295521 12972712158.70662 361
1757552296002 71096187742.23308 362
1757552296485 14175715234.451626 363
1757552296975 29388660120.55626 364
1757552297467 143540713881.53958 365
1757552297956 14811025119.381973 366
1757552298467 561804218.1246133 367
1757552298967 22910059924.12352 368
1757552299452 1140567672269.8408 369
1757552299946 87004644360.12479 370
1757552300447 745237047204.7804 371
1757552300940 1928150680.008091 372
1757552301476 22846698324.0989 373
1757552301994 14880853107.848127 374
1757552302486 123713193766.3481 375
1757552302977 46325649474.699196 376
1757552303473 945198263882.5443 377
1757552303971 13757569541.664024 378
1757552304474 209439303127.62543 379
1757552304975 177682783974.71332 380
1757552305485 109935869605.1577 381
1757552305974 5362803890.905102 382
1757552306474 5386048491.106421 383
1757552306957 130560813865.21713 384
1757552307454 159033824382.52835 385
1757552307952 65275404291.89266 386
1757552308430 5667368525.7463045 387
1757552308919 2469576267.8622594 388
1757552309425 94574149366.20816 389
1757552309923 72565714889.19356 390
1757552310416 2852416857352.34 391
1757552310896 2499625961600.715 392
1757552311400 77752265007.85446 393
1757552311920 35947323983.18994 394
1757552312421 5966209372.265307 395
1757552312915 230929231.06960633 396
1757552313396 22234742918.83783 397
1757552313889 68870917369.28996 398
1757552314400 1769026150.8674655 399
1757552314899 33641277812.576015 400
1757552315406 2808514605.210508 401
1757552315906 7704414559.610656 402
1757552316457 216252340163.6598 403
1757552317018 16814326941.135984 404
1757552317564 135625663717.44478 405
1757552318092 2295198071.443195 406
1757552318600 13451706300.349289 407
1757552319090 746656635615.7058 408
1757552319597 274984776082.93774 409
1757552320221 3072669391.390378 410
1757552320706 42061053459.74761 411
1757552321209 836293283372.4248 412
1757552321707 250155452896.29346 413
1757552322236 5128468.380824814 414
1757552322724 192715463593.82098 415
1757552323218 7973517101.347106 416
1757552323722 63634960780.532616 417
1757552324226 153130444808.8335 418
1757552324726 31788552886.68775 419
1757552325234 931656430075.0881 420
1757552325744 6276452474.578456 421
1757552326248 4177799194.3099155 422
1757552326739 98776651251.33482 423
1757552327237 4310540592.903529 424
1757552327737 10271094673.466724 425
1757552328234 795121.2747921299 426
1757552328722 24948677601.82521 427
1757552329229 77041350.88088809 428
1757552329711 104661117529.2896 429
1757552330215 107003903417.77107 430
1757552330707 2409297.8175340514 431
1757552331199 163412349492.54105 432
1757552331688 81859421761.14993 433
1757552332199 66520193864.619286 434
1757552332692 792370789171.432 435
1757552333175 377499412053.99817 436
1757552333661 13258988110.369318 437
1757552334171 2855519546.029812 438
1757552334654 342741551.7758782 439
1757552335161 43752591547.22335 440
1757552335672 74937094.60683598 441
1757552336192 16231925324.620123 442
1757552336696 8252169968.915137 443
1757552337205 12453964369.866364 444
1757552337696 154474334183.2118 445
1757552338201 55207937289.40224 446
1757552338699 16373842809.4479 447
1757552339201 159567284532.79773 448
1757552339680 100074831112.75304 449
1757552340182 674973927.2764517 450
1757552340668 762438876422.6356 451
1757552341165 128013.5545943379 452
1757552341673 273283001209.97046 453
1757552342160 25121588696.296494 454
1757552342679 93844398578.79079 455
1757552343185 14575357348.495317 456
1757552343664 215713980880.7551 457
1757552344165 1944305339.2655876 458
1757552344651 26731435871.955822 459
1757552345145 10695220190.862076 460
1757552345640 8062997066.576372 461
1757552346161 24114118026.808014 462
1757552346664 386271020953.83 463
1757552347149 32024798049.592525 464
1757552347645 5996808114.793201 465
1757552348174 71277916504.31332 466
1757552348693 865071799.8004028 467
1757552349302 66173901269.44323 468
1757552349822 562461105.2404572 469
1757552350403 176997577055.7147 470
1757552350894 25633441664.97189 471
1757552351400 62575380414.161644 472
1757552351888 683611328.5958083 473
1757552352388 603360287118.1719 474
1757552352906 261944107153.0765 475
1757552353399 217531494796.72754 476
1757552353894 11943607696.936993 477
1757552354407 15342538804.576397 478
1757552354903 35046926779.33615 479
1757552355398 303585059095.48956 480
1757552355890 38585414129.49892 481
1757552356390 267218995619.83435 482
1757552356880 1536087370.9500735 483
1757552357386 93844883577.4551 484
1757552357892 3091280.1203201995 485
1757552358403 14448876529.032381 486
1757552358908 32247404112.03452 487
1757552359398 4103895082.2155385 488
1757552359894 2701653861.764935 489
1757552360394 3678537907.281191 490
1757552360892 10940465617.742846 491
1757552361388 11430979239.718184 492
1757552361870 1623420372.9663367 493
1757552362359 42528962277.20376 494
1757552362873 3337036962619.4404 495
1757552363370 121828931202.8578 496
1757552363875 510969982341.0206 497
1757552364372 241521609814.7552 498
1757552364865 99551812021.95079 499
