1757542738435 774068011807.5977 0
1757542738504 234175792188.97818 1
1757542738569 238946516773.1293 2
1757542738631 124804599895.22945 3
1757542738703 212748773308.41675 4
1757542738768 290837371058.19006 5
1757542738834 335890667755.94525 6
1757542738898 617291243149.8436 7
1757542738960 73938980589.90182 8
1757542739027 163792293536.91995 9
1757542739091 74036210391.5069 10
1757542739162 293541248056.72784 11
1757542739220 69416805531.82787 12
1757542739281 320845837560.2286 13
1757542739348 81723527768.39688 14
1757542739408 54217963710.39909 15
1757542739474 67291674397.27653 16
1757542739536 58500403483.46299 17
1757542739602 137023062096.44345 18
1757542739671 269180991948.61145 19
1757542739741 192600350020.2224 20
1757542739809 99608191539.64905 21
1757542739877 376199788117.5639 22
1757542739969 96905315086.46887 23
1757542740061 59075658017.622314 24
1757542740148 230287309561.63104 25
1757542740236 498951288359.08875 26
1757542740319 213221206194.72296 27
1757542740406 310068920947.6181 28
1757542740491 82388411305.19426 29
1757542740564 125761545092.68008 30
1757542740627 159250318551.941 31
1757542740693 299766831269.889 32
1757542740763 185674136619.88235 33
1757542740823 128259158135.29146 34
1757542740890 233753073135.4316 35
1757542740959 132925063838.42772 36
1757542741022 335608448095.33154 37
1757542741084 475204743586.3657 38
1757542741149 465961290976.6643 39
1757542741216 143998452912.94647 40
1757542741286 281304982034.16327 41
1757542741348 140448864352.9714 42
1757542741409 252727492844.2857 43
1757542741475 82208157946.47437 44
1757542741540 151607639910.4958 45
1757542741604 141675682572.21942 46
1757542741678 265268991472.67392 47
1757542741751 266356812931.8471 48
1757542741856 605756659678.7974 49
1757542741932 100746667424.84267 50
1757542742006 150809635202.02032 51
1757542742085 106596689216.83388 52
1757542742163 259440896235.21426 53
1757542742231 74188769493.53313 54
1757542742312 126383123080.44516 55
1757542742381 124306684113.47873 56
1757542742461 142176111407.53622 57
1757542742542 422954474752.38947 58
1757542742636 276160883889.50134 59
1757542742738 348641494183.93164 60
1757542742839 195756496697.16232 61
1757542742926 645805517022.8804 62
1757542743029 123896802669.76425 63
1757542743138 74941869595.98624 64
1757542743255 496519104017.84143 65
1757542743377 75240487130.17654 66
1757542743471 301444006019.93756 67
1757542743578 228627649360.3154 68
1757542743675 210370139629.76685 69
1757542743772 217068179637.49023 70
1757542743892 306963710854.2964 71
1757542743952 116493010980.66678 72
1757542744016 101880001722.6741 73
1757542744081 70943789463.85542 74
1757542744147 248956786969.34354 75
1757542744234 117707519534.27078 76
1757542744316 167398203596.18024 77
1757542744382 182233076932.25723 78
1757542744447 96525360866.38228 79
1757542744518 111017736674.34885 80
1757542744583 130431578367.6781 81
1757542744646 201341239761.74448 82
1757542744720 272670675336.7753 83
1757542744791 535786340825.3554 84
1757542744859 207719558535.91937 85
1757542744924 187083250895.11142 86
1757542744989 168413031653.6311 87
1757542745059 240374113593.93204 88
1757542745124 275028905184.2905 89
1757542745195 82028959636.51584 90
1757542745258 128839327918.87955 91
1757542745323 75756721818.7144 92
1757542745392 123158556601.30489 93
1757542745460 637238337341.8243 94
1757542745526 361088065213.24506 95
