1757556769932 1064042674632.7378 0
1757556770004 1037581857734.5426 1
1757556770077 1012166735797.0673 2
1757556770149 987739734121.8212 3
1757556770221 964248633256.6569 4
1757556770302 941645812692.2424 5
1757556770366 919887622478.2029 6
1757556770432 898933857979.4847 7
1757556770519 878747319958.6727 8
1757556770585 859293445285.1396 9
1757556770670 840539996140.756 10
1757556770746 822456797710.2489 11
1757556770818 805015516091.2876 12
1757556770889 788189469608.6565 13
1757556770961 771953467856.2102 14
1757556771025 756283673886.6748 15
1757556771099 741157485631.2083 16
1757556771169 726553433400.669 17
1757556771244 712451090832.323 18
1757556771313 698830997105.5192 19
1757556771394 685674588624.4275 20
1757556771474 672964138675.0566 21
1757556771537 660682703820.9266 22
1757556771601 648814076000.6735 23
1757556771679 637342739493.362 24
1757556771754 626253832024.0027 25
1757556771818 615533109439.8748 26
1757556771881 605166913402.1938 27
1757556771979 595142141800.4519 28
1757556772053 585446221430.0599 29
1757556772127 576067082699.928 30
1757556772196 566993136116.4196 31
1757556772278 558213250338.9034 32
1757556772361 549716731633.7184 33
1757556772425 541493304579.5984 34
1757556772488 533533093899.4006 35
1757556772565 525826607311.11304 36
1757556772659 518364719306.2234 37
1757556772725 511138655776.1348 38
1757556772791 504139979417.85706 39
1757556772855 497360575859.018 40
1757556772917 490792640449.6586 41
1757556772980 484428665674.50073 42
1757556773039 478261429144.64734 43
1757556773100 472283982132.1271 44
1757556773181 466489638614.47974 45
1757556773262 460871964799.8122 46
1757556773323 455424769105.51587 47
1757556773385 450142092566.216 48
1757556773447 445018199648.5813 49
1757556773514 440047569452.4056 50
1757556773577 435224887278.93646 51
1757556773639 430545036548.7906 52
1757556773702 426003091053.01056 53
1757556773796 421594307521.88837 54
1757556773871 417314118497.1407 55
1757556773971 413158125493.8852 56
1757556774040 409122092439.6426 57
1757556774113 405201939394.9877 58
1757556774195 401393736461.7494 59
1757556774269 397693698031.6794 60
1757556774356 394098177203.2315 61
1757556774427 390603660436.8346 62
1757556774496 387206762423.4999 63
1757556774561 383904221157.88806 64
1757556774632 380692893207.37427 65
1757556774705 377569749169.0295 66
1757556774773 374531869306.8026 67
1757556774848 371576439361.5224 68
1757556774911 368700746526.6693 69
1757556774974 365902175607.39355 70
1757556775038 363178205236.0884 71
1757556775103 360526404376.8848 72
1757556775167 357944428876.57184 73
1757556775229 355430018173.52625 74
1757556775289 352980992135.9776 75
1757556775376 350595248024.3931 76
1757556775442 348270757572.9904 77
1757556775503 346005564185.58594 78
1757556775566 343797780241.1921 79
1757556775626 341645584504.9547 80
1757556775686 339547219640.2146 81
1757556775750 337500989817.6398 82
1757556775809 335505258417.5452 83
1757556775871 333558445821.67737 84
1757556775932 331659027290.886 85
1757556776014 329805530925.2583 86
1757556776091 327996535703.4243 87
1757556776162 326230669597.88 88
1757556776230 324506607763.2988 89
1757556776293 322823070794.9292 90
1757556776364 321178823054.28827 91
1757556776449 319572671059.4804 92
1757556776524 318003461937.57245 93
1757556776622 316470081936.5642 94
1757556776710 314971454994.5895 95
1757556776773 313506541364.0838 96
1757556776835 312074336288.73804 97
1757556776902 310673868731.1526 98
1757556776979 309304200149.187 99
1757556777058 307964423319.082 100
1757556777130 306653661203.5053 101
1757556777203 305371065862.7543 102
1757556777276 304115817407.40857 103
1757556777355 302887122990.80646 104
1757556777426 301684215839.77405 105
1757556777501 300506354322.1049 106
1757556777578 299352821049.3474 107
1757556777648 298222922013.5129 108
1757556777719 297115985756.37537 109
1757556777791 296031362570.086 110
1757556777872 294968423727.8766 111
1757556777943 293926560743.6751 112
1757556778008 292905184659.50507 113
1757556778070 291903725359.5826 114
1757556778131 290921630910.0712 115
1757556778194 289958366923.49567 116
1757556778256 289013415946.8528 117
1757556778319 288086276872.50104 118
1757556778382 287176464370.9419 119
1757556778445 286283508344.64484 120
1757556778510 285406953402.10046 121
1757556778591 284546358351.3177 122
1757556778705 283701295716.9435 123
1757556778782 282871351255.5849 124
1757556778876 282056123518.13617 125
1757556778940 281255223408.85156 126
1757556779003 280468273765.36804 127
1757556779067 279694908954.08575 128
1757556779129 278934774480.3169 129
1757556779191 278187526612.63654 130
1757556779254 277452832020.8911 131
1757556779316 276730367427.342 132
1757556779378 276019819270.4429 133
1757556779441 275320883380.7678 134
1757556779502 274633264668.628 135
1757556779569 273956676822.93115 136
1757556779635 273290842020.85757 137
1757556779704 272635490647.94095 138
1757556779771 271990361056.31628 139
1757556779833 271355199219.60565 140
1757556779910 270729758567.10544 141
1757556779988 270113799713.1864 142
1757556780063 269507090223.78604 143
1757556780128 268909404391.16122 144
1757556780194 268320523016.5888 145
1757556780259 267740233200.71725 146
1757556780330 267168328141.28323 147
1757556780392 266604606937.91592 148
1757556780455 266048874403.76654 149
1757556780525 265500940883.7072 150
1757556780591 264960622078.85513 151
1757556780654 264427738877.18744 152
1757556780715 263902117190.02042 153
1757556780806 263383587794.1362 154
1757556780871 262871986179.34805 155
1757556780939 262367152401.30365 156
1757556781007 261868930939.33368 157
1757556781070 261377170559.16022 158
1757556781133 260891724180.2858 159
1757556781198 260412448747.8933 160
1757556781261 259939205109.09015 161
1757556781327 259471857893.33957 162
1757556781390 259010275396.9255 163
1757556781451 258554329471.3052 164
1757556781515 258103895415.20807 165
1757556781577 257658851870.34543 166
1757556781642 257219080720.60083 167
1757556781776 256784466994.57468 168
1757556781905 256354898771.36377 169
1757556782037 255930267089.45813 170
1757556782144 255510465858.64496 171
1757556782273 255095391774.8107 172
1757556782355 254684944237.53912 173
1757556782443 254279025270.40497 174
1757556782519 253877539443.86798 175
1757556782594 253480393800.67505 176
1757556782663 253087497783.6814 177
1757556782745 252698763166.00586 178
1757556782867 252314103983.43854 179
1757556782946 251933436469.02042 180
1757556783020 251556678989.7201 181
1757556783095 251183751985.13428 182
1757556783170 250814577908.13992 183
1757556783245 250449081167.43277 184
1757556783315 250087188071.8843 185
1757556783388 249728826776.65576 186
1757556783489 249373927231.0078 187
1757556783565 249022421127.7479 188
1757556783644 248674241854.25854 189
1757556783723 248329324445.0532 190
1757556783797 247987605535.80627 191
1757556783868 247649023318.8083 192
1757556783946 247313517499.79712 193
1757556784021 246981029256.1184 194
1757556784113 246651501196.17065 195
1757556784183 246324877320.09177 196
1757556784253 246001102981.64456 197
1757556784324 245680124851.26175 198
1757556784407 245361890880.21155 199
1757556784487 245046350265.84573 200
1757556784560 244733453417.89502 201
1757556784637 244423151925.77704 202
1757556784715 244115398526.88226 203
1757556784793 243810147075.80734 204
1757556784873 243507352514.50266 205
1757556784946 243206970843.30646 206
1757556785018 242908959092.8342 207
1757556785103 242613275296.69675 208
1757556785192 242319878465.02042 209
1757556785271 242028728566.75052 210
1757556785340 241739786480.47272 211
1757556785419 241453013994.60837 212
1757556785491 241168373775.681 213
1757556785556 240885829345.47107 214
1757556785622 240605345058.8295 215
1757556785687 240326886082.1286 216
1757556785752 240050418372.33066 217
1757556785819 239775908656.65402 218
1757556785885 239503324412.81824 219
1757556785949 239232633849.84985 220
1757556786013 238963805889.43127 221
1757556786076 238696810147.77615 222
1757556786141 238431616918.01367 223
1757556786225 238168197153.0675 224
1757556786312 237906522449.0128 225
1757556786391 237646565028.8971 226
1757556786461 237388297727.01093 227
1757556786532 237131693973.59357 228
1757556786607 236876727779.96164 229
1757556786694 236623373724.0468 230
1757556786773 236371606936.3308 231
1757556786842 236121403086.16492 232
1757556786905 235872738368.463 233
1757556786984 235625589490.75693 234
1757556787076 235379933660.6025 235
1757556787146 235135748573.32642 236
1757556787229 234893012400.1037 237
1757556787302 234651703776.3558 238
1757556787367 234411801790.45938 239
1757556787432 234173285972.75775 240
1757556787495 233936136284.86456 241
1757556787570 233700333109.25253 242
1757556787676 233465857239.1178 243
1757556787760 233232689868.51236 244
1757556787826 233000812582.73685 245
1757556787897 232770207348.98584 246
1757556787969 232540856507.2383 247
1757556788036 232312742761.3867 248
1757556788106 232085849170.59683 249
1757556788173 231860159140.89352 250
1757556788248 231635656416.96295 251
1757556788313 231412325074.1689 252
1757556788380 231190149510.7738 253
1757556788445 230969114440.36044 254
1757556788512 230749204884.4482 255
1757556788579 230530406165.29858 256
1757556788644 230312703898.90414 257
1757556788715 230096083988.15634 258
1757556788780 229880532616.18692 259
1757556788845 229666036239.87814 260
1757556788910 229452581583.53717 261
1757556789001 229240155632.73004 262
1757556789066 229028745628.27075 263
1757556789130 228818339060.36142 264
1757556789198 228608923662.8788 265
1757556789261 228400487407.8046 266
1757556789327 228193018499.79312 267
1757556789392 227986505370.87567 268
1757556789457 227780936675.29492 269
1757556789521 227576301284.4682 270
1757556789601 227372588282.07474 271
1757556789666 227169786959.26425 272
1757556789739 226967886809.98294 273
1757556789808 226766877526.41486 274
1757556789874 226566748994.53415 275
1757556789943 226367491289.76657 276
1757556790009 226169094672.75665 277
1757556790077 225971549585.2375 278
1757556790142 225774846646.00134 279
1757556790210 225578976646.9675 280
1757556790275 225383930549.34534 281
1757556790343 225189699479.8899 282
1757556790444 224996274729.80072 283
1757556790527 224803647743.4967 284
1757556790597 224611810122.79306 285
1757556790677 224420753620.9517 286
1757556790760 224230470139.3652 287
1757556790840 224040951724.31934 288
1757556790906 223852190563.83313 289
1757556790976 223664178984.57336 290
1757556791042 223476909448.84308 291
1757556791109 223290374551.64035 292
1757556791175 223104567017.7876 293
1757556791242 222919479699.1276 294
1757556791329 222735105571.78644 295
1757556791409 222551437733.4997 296
1757556791483 222368469401.00266 297
1757556791556 222186193907.48035 298
1757556791631 222004604700.07794 299
1757556791744 221823695337.46918 300
1757556791821 221643459487.4811 301
1757556791896 221463890924.7743 302
1757556791980 221284983528.5769 303
1757556792053 221106731280.47116 304
1757556792131 220929128262.23117 305
1757556792203 220752168653.71045 306
1757556792291 220575846730.7785 307
1757556792361 220400156863.30466 308
1757556792428 220225093513.18832 309
1757556792498 220050651232.43457 310
1757556792564 219876824661.27344 311
1757556792630 219703608526.3228 312
1757556792698 219530997638.79294 313
1757556792767 219358986892.732 314
1757556792842 219187571263.3112 315
1757556792912 219016745805.1499 316
1757556792978 218846505650.6776 317
1757556793044 218676846008.534 318
1757556793114 218507762162.0045 319
1757556793178 218339249467.49167 320
1757556793248 218171303353.02097 321
1757556793326 218003919316.78024 322
1757556793391 217837092925.69202 323
1757556793458 217670819814.01755 324
1757556793528 217505095703.70276 325
1757556793597 217339916337.75934 326
1757556793662 217175277544.4029 327
1757556793730 217011175213.91144 328
1757556793798 216847605297.3793 329
1757556793863 216684563805.4987 330
1757556793960 216522046807.3682 331
1757556794062 216360050429.3281 332
1757556794174 216198570853.8213 333
1757556794254 216037604318.27936 334
1757556794331 215877147114.03387 335
1757556794415 215717195585.25092 336
1757556794494 215557746127.8899 337
1757556794570 215398795188.68478 338
1757556794645 215240339264.14835 339
1757556794722 215082374899.59744 340
1757556794801 214924898688.20062 341
1757556794874 214767907270.04608 342
1757556794956 214611397331.2302 343
1757556795028 214455365602.96582 344
1757556795107 214299808860.7104 345
1757556795188 214144723923.3129 346
1757556795274 213990107652.17932 347
1757556795351 213835956950.4563 348
1757556795431 213682268762.2327 349
1757556795501 213529040071.75842 350
1757556795566 213376267902.6799 351
1757556795634 213223949317.2928 352
1757556795702 213072081415.80975 353
1757556795795 212920661335.64557 354
1757556795871 212769686250.7158 355
1757556795943 212619153370.75247 356
1757556796012 212469059940.633 357
1757556796120 212319403239.7243 358
1757556796211 212170180581.2407 359
1757556796306 212021389311.61578 360
1757556796416 211873026809.88754 361
1757556796530 211725090487.09665 362
1757556796620 211577577785.69754 363
1757556796691 211430486178.9825 364
1757556796776 211283813170.5172 365
1757556796875 211137556293.589 366
1757556796953 210991713110.66663 367
1757556797024 210846281212.87106 368
1757556797098 210701258219.45828 369
1757556797225 210556641777.31238 370
1757556797318 210412429560.44955 371
1757556797400 210268619269.53262 372
1757556797471 210125208631.39584 373
1757556797543 209982195398.57938 374
1757556797645 209839577348.874 375
1757556797737 209697352284.87503 376
1757556797817 209555518033.5457 377
1757556797890 209414072445.78964 378
1757556797962 209273013396.03247 379
1757556798034 209132338781.81186 380
1757556798107 208992046523.37634 381
1757556798185 208852134563.29214 382
1757556798281 208712600866.05872 383
1757556798360 208573443417.73184 384
1757556798439 208434660225.5545 385
1757556798516 208296249317.59576 386
1757556798603 208158208742.3968 387
1757556798683 208020536568.62424 388
1757556798780 207883230884.73093 389
1757556798865 207746289798.62308 390
1757556798951 207609711437.3351 391
1757556799025 207473493946.71042 392
1757556799101 207337635491.08893 393
1757556799187 207202134253.00116 394
1757556799270 207066988432.8684 395
1757556799351 206932196248.70898 396
1757556799442 206797755935.85062 397
1757556799527 206663665746.64862 398
1757556799650 206529923950.20944 399
1757556799764 206396528832.1206 400
1757556799905 206263478694.18512 401
1757556800013 206130771854.16217 402
1757556800114 205998406645.51227 403
1757556800224 205866381417.1482 404
1757556800323 205734694533.19034 405
1757556800430 205603344372.7274 406
1757556800540 205472329352.1926 407
1757556800641 205341647857.2008 408
1757556800788 205211298310.3562 409
1757556800910 205081279148.32013 410
1757556801015 204951588821.59485 411
1757556801126 204822225794.31116 412
1757556801266 204693188544.02036 413
1757556801420 204564475561.49033 414
1757556801535 204436085350.50577 415
1757556801643 204308016427.6722 416
1757556801759 204180267322.2238 417
1757556801875 204052836575.83487 418
1757556801984 203925722742.43585 419
1757556802103 203798924388.03168 420
1757556802231 203672440090.52438 421
1757556802344 203546268439.5393 422
1757556802443 203420408036.25427 423
1757556802541 203294857493.23206 424
1757556802661 203169615434.25674 425
1757556802759 203044680494.17227 426
1757556802865 202920051318.72498 427
1757556802964 202795726564.4085 428
1757556803217 202671704898.31213 429
1757556803300 202547984997.9719 430
1757556803374 202424565551.22443 431
1757556803444 202301445256.06345 432
1757556803518 202178622820.49954 433
1757556803585 202056096962.42215 434
1757556803655 201933866409.46423 435
1757556803725 201811929898.86942 436
1757556803792 201690286177.3621 437
1757556803860 201568934001.01923 438
1757556804007 201447872135.1453 439
1757556804077 201327099354.14914 440
1757556804144 201206614441.42316 441
1757556804211 201086416189.2249 442
1757556804278 200966503398.5608 443
1757556804344 200846874879.0719 444
1757556804411 200727529448.922 445
1757556804480 200608465934.6876 446
1757556804548 200489683171.24994 447
1757556804615 200371180001.68915 448
1757556804682 200252955277.1802 449
1757556804763 200135007856.89062 450
1757556804854 200017336607.88058 451
1757556804924 199899940405.00418 452
1757556804993 199782818130.81287 453
1757556805061 199665968675.46045 454
1757556805134 199549390936.6101 455
1757556805208 199433083819.3427 456
1757556805277 199317046236.06686 457
1757556805347 199201277106.4308 458
1757556805417 199085775357.23557 459
1757556805485 198970539922.34976 460
1757556805550 198855569742.62616 461
1757556805624 198740863765.8192 462
1757556805690 198626420946.50433 463
1757556805757 198512240245.99893 464
1757556805827 198398320632.2839 465
1757556805895 198284661079.92752 466
1757556805964 198171260570.0099 467
1757556806032 198058118090.0492 468
1757556806101 197945232633.92886 469
1757556806168 197832603201.82635 470
1757556806236 197720228800.1426 471
1757556806307 197608108441.43353 472
1757556806374 197496241144.34164 473
1757556806444 197384625933.5299 474
1757556806516 197273261839.61572 475
1757556806587 197162147899.107 476
1757556806678 197051283154.33817 477
1757556806750 196940666653.4086 478
1757556806826 196830297450.12073 479
1757556806896 196720174603.92026 480
1757556806973 196610297179.83664 481
1757556807063 196500664248.42502 482
1757556807136 196391274885.70868 483
1757556807214 196282128173.12314 484
1757556807296 196173223197.46008 485
1757556807375 196064559050.81342 486
1757556807448 195956134830.5252 487
1757556807518 195847949639.1331 488
1757556807588 195740002584.31827 489
1757556807662 195632292778.85458 490
1757556807731 195524819340.55777 491
1757556807800 195417581392.2365 492
1757556807870 195310578061.6433 493
1757556807939 195203808481.4269 494
1757556808012 195097271789.0847 495
1757556808103 194990967126.91666 496
1757556808174 194884893641.97937 497
1757556808272 194779050486.0411 498
1757556808354 194673436815.5375 499
