1757570800937 1053300496920.496 0
1757570800996 1032371887450.653 1
1757570801061 1012113574121.0505 2
1757570801123 992499089154.736 3
1757570801187 973503191289.2996 4
1757570801244 955101801585.7805 5
1757570801304 937271944422.2437 6
1757570801368 919991691639.4806 7
1757570801427 903240109666.2113 8
1757570801489 886997209460.7157 9
1757570801549 871243899114.8728 10
1757570801608 855961938975.1046 11
1757570801665 841133899142.7853 12
1757570801724 826743119224.2806 13
1757570801795 812773670207.9648 14
1757570801856 799210318352.3446 15
1757570801916 786038490975.8291 16
1757570801974 773244244044.731 17
1757570802040 760814231461.7911 18
1757570802108 748735675962.9258 19
1757570802187 736996341534.9741 20
1757570802253 725584507272.0475 21
1757570802310 714488942592.6177 22
1757570802367 703698883743.773 23
1757570802429 693204011523.1252 24
1757570802493 682994430152.6777 25
1757570802554 673060647242.5735 26
1757570802612 663393554786.0642 27
1757570802681 653984411196.5874 28
1757570802745 644824824010.6456 29
1757570802807 635906733838.4491 30
1757570802864 627222398901.3198 31
1757570802925 618764380409.5792 32
1757570802989 610525528681.4512 33
1757570803054 602498969963.4548 34
1757570803118 594678093914.9315 35
1757570803182 587056541721.3799 36
1757570803248 579628194803.2153 37
1757570803312 572387164088.3848 38
1757570803375 565327779818.9941 39
1757570803432 558444581863.7263 40
1757570803500 551732310509.3727 41
1757570803573 545185897706.2452 42
1757570803635 538800458743.6138 43
1757570803718 532571284332.60315 44
1757570803779 526493833075.2134 45
1757570803843 520563724299.28265 46
1757570803908 514776731240.3031 47
1757570803984 509128774552.0344 48
1757570804055 503615916128.8358 49
1757570804128 498234353223.5571 50
1757570804215 492980412845.70526 51
1757570804285 487850546425.422 52
1757570804356 482841324729.5859 53
1757570804419 477949433017.09424 54
1757570804502 473171666421.06647 55
1757570804581 468504925546.37335 56
1757570804639 463946212271.516 57
1757570804703 459492625744.4648 58
1757570804766 455141358562.6228 59
1757570804835 450889693127.60455 60
1757570804904 446734998166.0146 61
1757570804966 442674725407.88 62
1757570805034 438706406414.83344 63
1757570805097 434827649550.56366 64
1757570805163 431036137086.44354 65
1757570805226 427329622435.6237 66
1757570805289 423705927509.2304 67
1757570805357 420162940188.6435 68
1757570805415 416698611908.1472 69
1757570805492 413310955342.5424 70
1757570805550 409998042194.5974 71
1757570805610 406758001077.4771 72
1757570805669 403589015487.54755 73
1757570805733 400489321863.1905 74
1757570805797 397457207725.48987 75
1757570805858 394491009896.86597 76
1757570805921 391589112793.9377 77
1757570805978 388749946791.08203 78
1757570806040 385971986651.34705 79
1757570806102 383253750021.5383 80
1757570806162 380593795988.471 81
1757570806224 377990723693.5261 82
1757570806290 375443171002.7974 83
1757570806358 372949813230.258 84
1757570806419 370509361911.49664 85
1757570806484 368120563625.7084 86
1757570806544 365782198863.7305 87
1757570806603 363493080940.03656 88
1757570806666 361252055029.7403 89
1757570806728 359057996914.33167 90
1757570806792 356909812261.32166 91
1757570806857 354806435611.08875 92
1757570806921 352746829480.73706 93
1757570806980 350729983501.3716 94
1757570807054 348754913587.32574 95
1757570807116 346820661135.9478 96
1757570807177 344926292256.62 97
1757570807239 343070897027.7526 98
1757570807304 341253588780.5495 99
1757570807367 339473503408.4081 100
1757570807427 337729798700.8628 101
1757570807484 336021653701.0413 102
1757570807548 334348268085.647 103
1757570807617 332708861566.5288 104
1757570807690 331102673312.94714 105
1757570807764 329528961393.6813 106
1757570807833 327987002238.17017 107
1757570807908 326476090115.9115 108
1757570807985 324995536633.38055 109
1757570808051 323544670247.7681 110
1757570808109 322122835796.86584 111
1757570808174 320729394044.4573 112
1757570808236 319363721240.60785 113
1757570808303 318025208696.26697 114
1757570808366 316713262371.6288 115
1757570808425 315427302477.71924 116
1757570808501 314166763090.7016 117
1757570808564 312931091778.417 118
1757570808627 311719749238.6949 119
1757570808692 310532208948.99274 120
1757570808752 309367956826.9403 121
1757570808813 308226490901.3843 122
1757570808874 307107320993.5452 123
1757570808935 306009968407.9183 124
1757570808997 304933965632.5615 125
1757570809059 303878856048.433 126
1757570809121 302844193647.4521 127
1757570809186 301829542758.97363 128
1757570809252 300834477784.37665 129
1757570809313 299858582939.48315 130
1757570809379 298901452004.53156 131
1757570809446 297962688081.4438 132
1757570809508 297041903358.134 133
1757570809567 296138718879.6173 134
1757570809630 295252764325.68787 135
1757570809688 294383677794.942 136
1757570809752 293531105594.9368 137
1757570809817 292694702038.2747 138
1757570809882 291874129244.42194 139
1757570809944 291069056947.06836 140
1757570810006 290279162306.8495 141
1757570810068 289504129729.2547 142
1757570810139 288743650687.55457 143
1757570810205 287997423550.5865 144
1757570810267 287265153415.24176 145
1757570810332 286546551943.50696 146
1757570810395 285841337203.91425 147
1757570810457 285149233517.26294 148
1757570810522 284469971306.47955 149
1757570810583 283803286950.4874 150
1757570810647 283148922641.96246 151
1757570810709 282506626248.8565 152
1757570810775 281876151179.57306 153
1757570810838 281257256251.6848 154
1757570810900 280649705564.0866 155
1757570810965 280053268372.4804 156
1757570811031 279467718968.09424 157
1757570811099 278892836559.53766 158
1757570811175 278328405157.70215 159
1757570811259 277774213463.61835 160
1757570811345 277230054759.18134 161
1757570811423 276695726800.6637 162
1757570811490 276171031714.9335 163
1757570811560 275655775898.3009 164
1757570811619 275149769917.91846 165
1757570811692 274652828415.6611 166
1757570811757 274164770014.41772 167
1757570811823 273685417226.7241 168
1757570811887 273214596365.67426 169
1757570811952 272752137458.04385 170
1757570812019 272297874159.5668 171
1757570812079 271851643672.3037 172
1757570812141 271413286664.0452 173
1757570812214 270982647189.69513 174
1757570812279 270559572614.5785 175
1757570812344 270143913539.62213 176
1757570812403 269735523728.3582 177
1757570812467 269334260035.7004 178
1757570812528 268939982338.44598 179
1757570812596 268552553467.45688 180
1757570812657 268171839141.47623 181
1757570812722 267797707902.53568 182
1757570812780 267430031052.91214 183
1757570812843 267068682593.5935 184
1757570812904 266713539164.21277 185
1757570812964 266364479984.41336 186
1757570813029 266021386796.6072 187
1757570813100 265684143810.09036 188
1757570813165 265352637646.48093 189
1757570813236 265026757286.44403 190
1757570813305 264706394017.67313 191
1757570813368 264391441384.09262 192
1757570813428 264081795136.25323 193
1757570813513 263777353182.8878 194
1757570813579 263478015543.59918 195
1757570813647 263183684302.65115 196
1757570813717 262894263563.83514 197
1757570813783 262609659406.38428 198
1757570813851 262329779841.91013 199
1757570813927 262054534772.336 200
1757570813989 261783835948.80115 201
1757570814058 261517596931.51328 202
1757570814139 261255733050.5242 203
1757570814208 260998161367.40677 204
1757570814275 260744800637.81146 205
1757570814337 260495571274.87894 206
1757570814405 260250395313.4896 207
1757570814472 260009196375.32864 208
1757570814538 259771899634.74713 209
1757570814600 259538431785.3988 210
1757570814666 259308721007.63513 211
1757570814730 259082696936.6394 212
1757570814794 258860290631.2815 213
1757570814860 258641434543.67725 214
1757570814935 258426062489.43414 215
1757570815000 258214109618.56766 216
1757570815068 258005512387.07208 217
1757570815126 257800208529.12927 218
1757570815194 257598137029.94165 219
1757570815258 257399238099.17297 220
1757570815323 257203453144.9838 221
1757570815386 257010724748.6461 222
1757570815452 256820996639.72485 223
1757570815516 256634213671.81192 224
1757570815585 256450321798.7998 225
1757570815646 256269268051.68234 226
1757570815717 256091000515.87015 227
1757570815793 255915468309.00867 228
1757570815860 255742621559.2866 229
1757570815928 255572411384.224 230
1757570815995 255404789869.9283 231
1757570816055 255239710050.8076 232
1757570816115 255077125889.73004 233
1757570816179 254916992258.62006 234
1757570816245 254759264919.48032 235
1757570816307 254603900505.82916 236
1757570816369 254450856504.54608 237
1757570816438 254300091238.11264 238
1757570816504 254151563847.24292 239
1757570816571 254005234273.89178 240
1757570816632 253861063244.63428 241
1757570816701 253719012254.40652 242
1757570816768 253579043550.60065 243
1757570816830 253441120117.50433 244
1757570816899 253305205661.07867 245
1757570816964 253171264594.06573 246
1757570817029 253039262021.41833 247
1757570817099 252909163726.0451 248
1757570817163 252780936154.86307 249
1757570817232 252654546405.15115 250
1757570817297 252529962211.19867 251
1757570817363 252407151931.23965 252
1757570817424 252286084534.66925 253
1757570817488 252166729589.53476 254
1757570817549 252049057250.29404 255
1757570817614 251933038245.83762 256
1757570817678 251818643867.76617 257
1757570817738 251705845958.91937 258
1757570817805 251594616902.14954 259
1757570817869 251484929609.3349 260
1757570817934 251376757510.62714 261
1757570818002 251270074543.9281 262
1757570818069 251164855144.59024 263
1757570818136 251061074235.3358 264
1757570818203 250958707216.39056 265
1757570818282 250857729955.82623 266
1757570818343 250758118780.10812 267
1757570818407 250659850464.8423 268
1757570818471 250562902225.71896 269
1757570818535 250467251709.64676 270
1757570818597 250372876986.07437 271
1757570818666 250279756538.49524 272
1757570818731 250187869256.1308 273
1757570818793 250097194425.7893 274
1757570818856 250007711723.89526 275
1757570818917 249919401208.68665 276
1757570818988 249832243312.57556 277
1757570819052 249746218834.6695 278
1757570819124 249661308933.44836 279
1757570819188 249577495119.5958 280
1757570819257 249494759248.9793 281
1757570819318 249413083515.77783 282
1757570819421 249332450445.75204 283
1757570819492 249252842889.65527 284
1757570819558 249174244016.7817 285
1757570819621 249096637308.64825 286
1757570819686 249020006552.80865 287
1757570819752 248944335836.79498 288
1757570819817 248869609542.18576 289
1757570819885 248795812338.7964 290
1757570819956 248722929178.9902 291
1757570820025 248650945292.10712 292
1757570820095 248579846179.0075 293
1757570820166 248509617606.7285 294
1757570820231 248440245603.25095 295
1757570820296 248371716452.3739 296
1757570820370 248304016688.6949 297
1757570820435 248237133092.69318 298
1757570820501 248171052685.9145 299
1757570820563 248105762726.25427 300
1757570820631 248041250703.3381 301
1757570820694 247977504333.9964 302
1757570820757 247914511557.8322 303
1757570820819 247852260532.8794 304
1757570820886 247790739631.34998 305
1757570820950 247729937435.46783 306
1757570821015 247669842733.38788 307
1757570821082 247610444515.19833 308
1757570821150 247551731969.0042 309
1757570821215 247493694477.09122 310
1757570821285 247436321612.16666 311
1757570821361 247379603133.6777 312
1757570821428 247323528984.20355 313
1757570821499 247268089285.92184 314
1757570821573 247213274337.1454 315
1757570821642 247159074608.9303 316
1757570821708 247105480741.75168 317
1757570821770 247052483542.2474 318
1757570821842 247000073980.0269 319
1757570821909 246948243184.5451 320
1757570821974 246896982442.03864 321
1757570822044 246846283192.52435 322
1757570822111 246796137026.85797 323
1757570822171 246746535683.85223 324
1757570822237 246697471047.4521 325
1757570822306 246648935143.9677 326
1757570822375 246600920139.3624 327
1757570822441 246553418336.59485 328
1757570822506 246506422173.01468 329
1757570822573 246459924217.8104 330
1757570822636 246413917169.50797 331
1757570822701 246368393853.51932 332
1757570822766 246323347219.74023 333
1757570822840 246278770340.1958 334
1757570822907 246234656406.73257 335
1757570822974 246190998728.75748 336
1757570823036 246147790731.02042 337
1757570823104 246105025951.44247 338
1757570823169 246062698038.9858 339
1757570823235 246020800751.56674 340
1757570823307 245979327954.0098 341
1757570823372 245938273616.04263 342
1757570823439 245897631810.33 343
1757570823506 245857396710.54712 344
1757570823570 245817562589.4914 345
1757570823636 245778123817.23026 346
1757570823701 245739074859.28683 347
1757570823765 245700410274.86057 348
1757570823828 245662124715.0831 349
1757570823896 245624212921.3085 350
1757570823967 245586669723.43713 351
1757570824038 245549490038.27234 352
1757570824113 245512668867.9093 353
1757570824182 245476201298.15582 354
1757570824256 245440082496.98364 355
1757570824336 245404307713.0104 356
1757570824403 245368872274.01096 357
1757570824474 245333771585.4581 358
1757570824542 245299001129.09155 359
1757570824614 245264556461.51523 360
1757570824676 245230433212.8212 361
1757570824748 245196627085.241 362
1757570824830 245163133851.82315 363
1757570824898 245129949355.13586 364
1757570824966 245097069505.99594 365
1757570825032 245064490282.22104 366
1757570825099 245032207727.40738 367
1757570825166 245000217949.73032 368
1757570825232 244968517120.7685 369
1757570825304 244937101474.35062 370
1757570825373 244905967305.42456 371
1757570825437 244875110968.94827 372
1757570825509 244844528878.80237 373
1757570825571 244814217506.7228 374
1757570825641 244784173381.25555 375
1757570825703 244754393086.72992 376
1757570825771 244724873262.25253 377
1757570825836 244695610600.72043 378
1757570825901 244666601847.85278 379
1757570825966 244637843801.242 380
1757570826031 244609333309.42163 381
1757570826097 244581067270.95377 382
1757570826160 244553042633.53262 383
1757570826223 244525256393.10577 384
1757570826296 244497705593.0123 385
1757570826360 244470387323.13702 386
1757570826425 244443298719.08096 387
1757570826494 244416436961.34784 388
1757570826567 244389799274.5458 389
1757570826633 244363382926.60452 390
1757570826699 244337185228.00674 391
1757570826780 244311203531.03503 392
1757570826847 244285435229.03244 393
1757570826914 244259877755.6772 394
1757570826980 244234528584.27112 395
1757570827051 244209385227.04156 396
1757570827122 244184445234.4568 397
1757570827190 244159706194.55356 398
1757570827273 244135165732.27826 399
1757570827359 244110821508.83984 400
1757570827443 244086671221.0751 401
1757570827507 244062712600.8263 402
1757570827580 244038943414.32956 403
1757570827649 244015361461.61584 404
1757570827720 243991964575.92245 405
1757570827814 243968750623.11566 406
1757570827891 243945717501.12442 407
1757570827983 243922863139.3844 408
1757570828052 243900185498.2925 409
1757570828119 243877682568.67166 410
1757570828197 243855352371.24548 411
1757570828295 243833192956.1228 412
1757570828390 243811202402.29178 413
1757570828474 243789378817.1233 414
1757570828542 243767720335.88388 415
1757570828610 243746225121.25742 416
1757570828679 243724891362.87585 417
1757570828748 243703717276.85858 418
1757570828815 243682701105.3601 419
1757570828886 243661841116.12692 420
1757570828958 243641135602.06128 421
1757570829028 243620582880.79404 422
1757570829092 243600181294.2653 423
1757570829163 243579929208.31213 424
1757570829242 243559825012.26456 425
1757570829322 243539867118.54877 426
1757570829389 243520053962.29724 427
1757570829456 243500384000.96686 428
1757570829524 243480855713.96317 429
1757570829592 243461467602.272 430
1757570829657 243442218188.0978 431
1757570829729 243423106014.50854 432
1757570829793 243404129645.08682 433
1757570829858 243385287663.58795 434
1757570829929 243366578673.6039 435
1757570830000 243348001298.23306 436
1757570830066 243329554179.7566 437
1757570830137 243311235979.32062 438
1757570830198 243293045376.6236 439
1757570830277 243274981069.6101 440
1757570830345 243257041774.16965 441
1757570830407 243239226223.84113 442
1757570830472 243221533169.52277 443
1757570830546 243203961379.18704 444
1757570830618 243186509637.60092 445
1757570830684 243169176746.051 446
1757570830754 243151961522.07388 447
1757570830827 243134862799.19128 448
1757570830895 243117879426.64935 449
1757570830964 243101010269.16385 450
1757570831032 243084254206.66858 451
1757570831107 243067610134.0694 452
1757570831189 243051076961.0022 453
1757570831260 243034653611.59476 454
1757570831328 243018339024.2339 455
1757570831395 243002132151.33575 456
1757570831462 242986031959.12085 457
1757570831532 242970037427.39285 458
1757570831604 242954147549.32132 459
1757570831676 242938361331.22824 460
1757570831752 242922677792.3786 461
1757570831818 242907095964.7745 462
1757570831890 242891614892.95273 463
1757570831957 242876233633.78638 464
1757570832031 242860951256.2895 465
1757570832099 242845766841.42538 466
1757570832172 242830679481.9187 467
1757570832243 242815688282.0698 468
1757570832308 242800792357.5735 469
1757570832375 242785990835.3403 470
1757570832444 242771282853.3211 471
1757570832512 242756667560.33475 472
1757570832577 242742144115.89886 473
1757570832646 242727711690.06326 474
1757570832722 242713369463.24673 475
1757570832793 242699116626.0763 476
1757570832858 242684952379.2295 477
1757570832932 242670875933.2792 478
1757570832999 242656886508.54144 479
1757570833066 242642983334.9257 480
1757570833135 242629165651.78748 481
1757570833212 242615432707.7841 482
1757570833281 242601783760.7325 483
1757570833355 242588218077.46973 484
1757570833423 242574734933.71558 485
1757570833492 242561333613.93777 486
1757570833560 242548013411.2196 487
1757570833628 242534773627.1296 488
1757570833695 242521613571.59357 489
1757570833764 242508532562.76883 490
1757570833830 242495529926.92038 491
1757570833899 242482604998.2997 492
1757570833965 242469757119.0251 493
1757570834036 242456985638.96417 494
1757570834106 242444289915.61865 495
1757570834175 242431669314.01093 496
1757570834257 242419123206.57236 497
1757570834329 242406650973.03378 498
1757570834405 242394252000.31772 499
