1757545284082 1019578645959.3303 0
1757545284142 1019372642079.9989 1
1757545284202 1019166707243.3918 2
1757545284263 1018960841420.5582 3
1757545284322 1018755044582.562 4
1757545284380 1018549316700.4808 5
1757545284437 1018343657745.4067 6
1757545284495 1018138067688.446 7
1757545284553 1017932546500.7191 8
1757545284610 1017727094153.3613 9
1757545284665 1017521710617.521 10
1757545284722 1017316395864.3612 11
1757545284782 1017111149865.0592 12
1757545284838 1016905972590.807 13
1757545284898 1016700864012.8097 14
1757545284952 1016495824102.287 15
1757545285024 1016290852830.473 16
1757545285100 1016085950168.6158 17
1757545285155 1015881116087.9777 18
1757545285211 1015676350559.8346 19
1757545285276 1015471653555.4773 20
1757545285341 1015267025046.2101 21
1757545285400 1015062465003.352 22
1757545285456 1014857973398.2357 23
1757545285512 1014653550202.2075 24
1757545285569 1014449195386.6289 25
1757545285634 1014244908922.8748 26
1757545285693 1014040690782.334 27
1757545285751 1013836540936.4098 28
1757545285804 1013632459356.5192 29
1757545285862 1013428446014.0938 30
1757545285918 1013224500880.5784 31
1757545285975 1013020623927.4325 32
1757545286033 1012816815126.1295 33
1757545286090 1012613074448.1565 34
1757545286149 1012409401865.0146 35
1757545286202 1012205797348.2197 36
1757545286255 1012002260869.3005 37
1757545286319 1011798792399.801 38
1757545286378 1011595391911.2777 39
1757545286435 1011392059375.3025 40
1757545286489 1011188794763.4597 41
1757545286546 1010985598047.3495 42
1757545286604 1010782469198.5841 43
1757545286662 1010579408188.7911 44
1757545286727 1010376414989.6111 45
1757545286782 1010173489572.6991 46
1757545286841 1009970631909.724 47
1757545286898 1009767841972.3684 48
1757545286954 1009565119732.3289 49
1757545287012 1009362465161.3158 50
1757545287071 1009159878231.054 51
1757545287129 1008957358913.2811 52
1757545287203 1008754907179.7496 53
1757545287272 1008552523002.2253 54
1757545287328 1008350206352.4884 55
1757545287393 1008147957202.3323 56
1757545287454 1007945775523.5646 57
1757545287510 1007743661288.0066 58
1757545287570 1007541614467.4937 59
1757545287633 1007339635033.8743 60
1757545287692 1007137722959.012 61
1757545287752 1006935878214.783 62
1757545287809 1006734100773.0776 63
1757545287869 1006532390605.8005 64
1757545287924 1006330747684.8694 65
1757545287978 1006129171982.2158 66
1757545288035 1005927663469.7856 67
1757545288097 1005726222119.5381 68
1757545288153 1005524847903.446 69
1757545288213 1005323540793.4962 70
1757545288271 1005122300761.6896 71
1757545288328 1004921127780.0398 72
1757545288385 1004720021820.5753 73
1757545288444 1004518982855.3375 74
1757545288513 1004318010856.382 75
1757545288572 1004117105795.7776 76
1757545288627 1003916267645.6073 77
1757545288690 1003715496377.9677 78
1757545288748 1003514791964.9685 79
1757545288810 1003314154378.7339 80
1757545288866 1003113583591.4012 81
1757545288922 1002913079575.1216 82
1757545288978 1002712642302.0598 83
1757545289046 1002512271744.3944 84
1757545289122 1002311967874.3173 85
1757545289197 1002111730664.0342 86
1757545289259 1001911560085.7645 87
1757545289316 1001711456111.7411 88
1757545289379 1001511418714.2102 89
1757545289436 1001311447865.4325 90
1757545289502 1001111543537.6812 91
1757545289557 1000911705703.2437 92
1757545289615 1000711934334.4209 93
1757545289674 1000512229403.5275 94
1757545289735 1000312590882.8909 95
1757545289797 1000113018744.8531 96
1757545289851 999913512961.769 97
1757545289914 999714073506.0077 98
1757545289971 999514700349.9506 99
1757545290031 999315393465.9938 100
1757545290092 999116152826.5465 101
1757545290155 998916978404.0314 102
1757545290210 998717870170.8844 103
1757545290269 998518828099.5557 104
1757545290325 998319852162.5082 105
1757545290384 998120942332.2186 106
1757545290443 997922098581.1771 107
1757545290501 997723320881.8872 108
1757545290559 997524609206.8662 109
1757545290618 997325963528.6445 110
1757545290675 997127383819.7661 111
1757545290735 996928870052.7883 112
1757545290798 996730422200.282 113
1757545290859 996532040234.8315 114
1757545290916 996333724129.0344 115
1757545290973 996135473855.502 116
1757545291028 995937289386.8584 117
1757545291090 995739170695.7418 118
1757545291150 995541117754.8032 119
1757545291206 995343130536.7074 120
1757545291271 995145209014.1327 121
1757545291331 994947353159.7699 122
1757545291406 994749562946.3242 123
1757545291460 994551838346.5133 124
1757545291520 994354179333.069 125
1757545291586 994156585878.736 126
1757545291649 993959057956.2723 127
1757545291707 993761595538.4492 128
1757545291765 993564198598.0518 129
1757545291822 993366867107.8777 130
1757545291878 993169601040.7386 131
1757545291937 992972400369.459 132
1757545291996 992775265066.877 133
1757545292056 992578195105.8434 134
1757545292119 992381190459.223 135
1757545292175 992184251099.8934 136
1757545292234 991987377000.7458 137
1757545292294 991790568134.6843 138
1757545292354 991593824474.6263 139
1757545292422 991397145993.5028 140
1757545292488 991200532664.2573 141
1757545292559 991003984459.8477 142
1757545292617 990807501353.2438 143
1757545292675 990611083317.4292 144
1757545292733 990414730325.4011 145
1757545292795 990218442350.1694 146
1757545292850 990022219364.7568 147
1757545292909 989826061342.2003 148
1757545292968 989629968255.5492 149
1757545293029 989433940077.8662 150
1757545293089 989237976782.2272 151
1757545293154 989042078341.7211 152
1757545293210 988846244729.4502 153
1757545293272 988650475918.5297 154
1757545293331 988454771882.0881 155
1757545293387 988259132593.267 156
1757545293450 988063558025.2208 157
1757545293508 987868048151.1177 158
1757545293567 987672602944.1383 159
1757545293627 987477222377.4766 160
1757545293690 987281906424.3396 161
1757545293750 987086655057.9474 162
1757545293809 986891468251.5338 163
1757545293878 986696345978.3444 164
1757545293940 986501288211.6388 165
1757545293997 986306294924.6896 166
1757545294060 986111366090.7816 167
1757545294123 985916501683.2141 168
1757545294189 985721701675.2981 169
1757545294254 985526966040.3583 170
1757545294322 985332294751.7323 171
1757545294380 985137687782.7706 172
1757545294442 984943145106.8367 173
1757545294502 984748666697.3073 174
1757545294563 984554252527.572 175
1757545294621 984359902571.0332 176
1757545294678 984165616801.1067 177
1757545294735 983971395191.2206 178
1757545294793 983777237714.8167 179
1757545294859 983583144345.3489 180
1757545294920 983389115056.2854 181
1757545294984 983195149821.1058 182
1757545295070 983001248613.3035 183
1757545295141 982807411406.3848 184
1757545295199 982613638173.8687 185
1757545295256 982419928889.2871 186
1757545295315 982226283526.1853 187
1757545295373 982032702058.1204 188
1757545295432 981839184458.664 189
1757545295489 981645730701.3988 190
1757545295550 981452340759.9218 191
1757545295606 981259014607.842 192
1757545295671 981065752218.7822 193
1757545295733 980872553566.3767 194
1757545295800 980679418624.2739 195
1757545295857 980486347366.1345 196
1757545295921 980293339765.6317 197
1757545295988 980100395796.4528 198
1757545296046 979907515432.296 199
1757545296110 979714698646.874 200
1757545296171 979521945413.9116 201
1757545296232 979329255707.1462 202
1757545296293 979136629500.3287 203
1757545296351 978944066767.2223 204
1757545296408 978751567481.6025 205
1757545296467 978559131617.2589 206
1757545296529 978366759147.9926 207
1757545296594 978174450047.618 208
1757545296656 977982204289.9624 209
1757545296713 977790021848.8656 210
1757545296772 977597902698.1802 211
1757545296834 977405846811.7714 212
1757545296898 977213854163.5173 213
1757545296961 977021924727.3091 214
1757545297022 976830058477.0497 215
1757545297083 976638255386.6556 216
1757545297142 976446515430.0558 217
1757545297215 976254838581.1917 218
1757545297272 976063224814.0176 219
1757545297335 975871674102.5009 220
1757545297398 975680186420.6206 221
1757545297457 975488761742.3695 222
1757545297519 975297400041.7526 223
1757545297576 975106101292.7869 224
1757545297634 974914865469.5032 225
1757545297691 974723692545.9445 226
1757545297748 974532582496.1661 227
1757545297809 974341535294.2363 228
1757545297878 974150550914.236 229
1757545297942 973959629330.2583 230
1757545298004 973768770516.4094 231
1757545298061 973577974446.8077 232
1757545298122 973387241095.5848 233
1757545298183 973196570436.8844 234
1757545298240 973005962444.8625 235
1757545298303 972815417093.6885 236
1757545298361 972624934357.5438 237
1757545298421 972434514210.6223 238
1757545298481 972244156627.1305 239
1757545298542 972053861581.2881 240
1757545298603 971863629047.3262 241
1757545298661 971673458999.4891 242
1757545298723 971483351412.0344 243
1757545298786 971293306259.2302 244
1757545298846 971103323515.3591 245
1757545298907 970913403154.7153 246
1757545298969 970723545151.6052 247
1757545299034 970533749480.3484 248
1757545299095 970344016115.2766 249
1757545299154 970154345030.7341 250
1757545299218 969964736201.0775 251
1757545299277 969775189600.6761 252
1757545299337 969585705203.9116 253
1757545299400 969396282985.178 254
1757545299458 969206922918.8817 255
1757545299521 969017624979.442 256
1757545299584 968828389141.2903 257
1757545299642 968639215378.8702 258
1757545299703 968450103666.6381 259
1757545299762 968261053979.0625 260
1757545299825 968072066290.6246 261
1757545299886 967883140575.818 262
1757545299954 967694276809.1484 263
1757545300020 967505474965.1342 264
1757545300098 967316735018.3058 265
1757545300164 967128056943.2063 266
1757545300230 966939440714.3914 267
1757545300289 966750886306.4283 268
1757545300352 966562393693.8973 269
1757545300414 966373962851.3911 270
1757545300474 966185593753.5139 271
1757545300538 965997286374.8833 272
1757545300600 965809040690.1285 273
1757545300660 965620856673.8914 274
1757545300725 965432734300.8254 275
1757545300787 965244673545.5978 276
1757545300848 965056674382.8868 277
1757545300909 964868736787.3833 278
1757545300968 964680860733.791 279
1757545301033 964493046196.8246 280
1757545301095 964305293151.2125 281
1757545301159 964117601571.6946 282
1757545301226 963929971433.0233 283
1757545301288 963742402709.9631 284
1757545301351 963554895377.2906 285
1757545301412 963367449409.7955 286
1757545301476 963180064782.2783 287
1757545301538 962992741469.5531 288
1757545301598 962805479446.4454 289
1757545301660 962618278687.7931 290
1757545301722 962431139168.4467 291
1757545301784 962244060863.2681 292
1757545301848 962057043747.132 293
1757545301906 961870087794.9254 294
1757545301964 961683192981.547 295
1757545302036 961496359281.9082 296
1757545302114 961309586670.9316 297
1757545302198 961122875123.5533 298
1757545302265 960936224614.7208 299
1757545302344 960749635119.3938 300
1757545302422 960563106612.5438 301
1757545302502 960376639069.1552 302
1757545302575 960190232464.224 303
1757545302639 960003886772.7587 304
1757545302695 959817601969.7795 305
1757545302758 959631378030.3187 306
1757545302821 959445214929.4213 307
1757545302882 959259112642.1439 308
1757545302945 959073071143.5552 309
1757545303003 958887090408.736 310
1757545303078 958701170412.7792 311
1757545303141 958515311130.7902 312
1757545303201 958329512537.8857 313
1757545303269 958143774609.1954 314
1757545303332 957958097319.8599 315
1757545303395 957772480645.0325 316
1757545303458 957586924559.8788 317
1757545303518 957401429039.5758 318
1757545303580 957215994059.3131 319
1757545303639 957030619594.292 320
1757545303701 956845305619.726 321
1757545303762 956660052110.8401 322
1757545303823 956474859042.8721 323
1757545303888 956289726391.071 324
1757545303946 956104654130.6985 325
1757545304016 955919642237.0277 326
1757545304092 955734690685.3442 327
1757545304174 955549799450.9451 328
1757545304261 955364968509.1396 329
1757545304341 955180197835.2491 330
1757545304412 954995487404.6068 331
1757545304480 954810837192.5576 332
1757545304552 954626247174.4585 333
1757545304616 954441717325.6786 334
1757545304678 954257247621.5988 335
1757545304742 954072838037.612 336
1757545304806 953888488549.1228 337
1757545304873 953704199131.5477 338
1757545304941 953519969760.3156 339
1757545305030 953335800410.8666 340
1757545305116 953151691058.6531 341
1757545305186 952967641679.1394 342
1757545305269 952783652247.8011 343
1757545305349 952599722740.1268 344
1757545305421 952415853131.6158 345
1757545305488 952232043397.78 346
1757545305557 952048293514.143 347
1757545305625 951864603456.2395 348
1757545305703 951680973199.6172 349
1757545305775 951497402719.8352 350
1757545305843 951313891992.464 351
1757545305925 951130440993.0862 352
1757545306002 950947049697.2965 353
1757545306086 950763718080.701 354
1757545306163 950580446118.9177 355
1757545306250 950397233787.5767 356
1757545306338 950214081062.3191 357
1757545306421 950030987918.7987 358
1757545306495 949847954332.6809 359
1757545306558 949664980279.642 360
1757545306625 949482065735.3712 361
1757545306685 949299210675.5686 362
1757545306747 949116415075.9467 363
1757545306813 948933678912.2291 364
1757545306911 948751002160.1519 365
1757545306980 948568384795.4623 366
1757545307055 948385826793.9191 367
1757545307137 948203328131.2937 368
1757545307202 948020888783.3684 369
1757545307269 947838508725.9373 370
1757545307335 947656187934.8065 371
1757545307410 947473926385.7937 372
1757545307480 947291724054.7281 373
1757545307555 947109580917.4506 374
1757545307627 946927496949.8143 375
1757545307701 946745472127.683 376
1757545307783 946563506426.933 377
1757545307847 946381599823.452 378
1757545307909 946199752293.1394 379
1757545307973 946017963811.9055 380
1757545308041 945836234355.6737 381
1757545308110 945654563900.3777 382
1757545308169 945472952421.9634 383
1757545308238 945291399896.3884 384
1757545308309 945109906299.6215 385
1757545308378 944928471607.6437 386
1757545308438 944747095796.4469 387
1757545308506 944565778842.0353 388
1757545308573 944384520720.4238 389
1757545308634 944203321407.6399 390
1757545308694 944022180879.722 391
1757545308760 943841099112.7205 392
1757545308824 943660076082.6968 393
1757545308889 943479111765.7242 394
1757545308951 943298206137.8876 395
1757545309018 943117359175.2832 396
1757545309082 942936570854.019 397
1757545309148 942755841150.2147 398
1757545309217 942575170040.001 399
1757545309284 942394557499.5201 400
1757545309345 942214003504.9261 401
1757545309416 942033508032.3849 402
1757545309486 941853071058.0731 403
1757545309548 941672692558.1792 404
1757545309616 941492372508.9032 405
1757545309677 941312110886.4567 406
1757545309740 941131907667.0623 407
1757545309804 940951762826.9545 408
1757545309866 940771676342.379 409
1757545309929 940591648189.5938 410
1757545309995 940411678344.8667 411
1757545310055 940231766784.4784 412
1757545310122 940051913484.7203 413
1757545310187 939872118421.8959 414
1757545310250 939692381572.3195 415
1757545310319 939512702912.3167 416
1757545310388 939333082418.2249 417
1757545310457 939153520066.3932 418
1757545310519 938974015833.1814 419
1757545310581 938794569694.9612 420
1757545310643 938615181628.1154 421
1757545310705 938435851609.0383 422
1757545310774 938256579614.1357 423
1757545310840 938077365619.8246 424
1757545310905 937898209602.5333 425
1757545310978 937719111538.7017 426
1757545311039 937540071404.7809 427
1757545311103 937361089177.2333 428
1757545311170 937182164832.5328 429
1757545311238 937003298347.1646 430
1757545311307 936824489697.6251 431
1757545311369 936645738860.4219 432
1757545311433 936467045812.0745 433
1757545311501 936288410529.1129 434
1757545311563 936109832988.0792 435
1757545311627 935931313165.5264 436
1757545311693 935752851038.0187 437
1757545311759 935574446582.1317 438
1757545311821 935396099774.4523 439
1757545311881 935217810591.5787 440
1757545311947 935039579010.1201 441
1757545312007 934861405006.6978 442
1757545312075 934683288557.9431 443
1757545312144 934505229640.4996 444
1757545312209 934327228231.0216 445
1757545312275 934149284306.1748 446
1757545312346 933971397842.6361 447
1757545312413 933793568817.0938 448
1757545312494 933615797206.247 449
1757545312578 933438082986.8065 450
1757545312642 933260426135.4939 451
1757545312705 933082826629.0424 452
1757545312772 932905284444.1959 453
1757545312837 932727799557.7102 454
1757545312904 932550371946.3516 455
1757545312965 932373001586.898 456
1757545313033 932195688456.138 457
1757545313100 932018432530.8718 458
1757545313175 931841233787.9109 459
1757545313239 931664092204.0774 460
1757545313305 931487007756.2052 461
1757545313370 931309980421.1385 462
1757545313437 931133010175.7336 463
1757545313498 930956096996.8574 464
1757545313563 930779240861.3877 465
1757545313631 930602441746.2139 466
1757545313707 930425699628.2362 467
1757545313789 930249014484.3661 468
1757545313864 930072386291.5262 469
1757545313938 929895815026.65 470
1757545314016 929719300666.6826 471
1757545314094 929542843188.5792 472
1757545314171 929366442569.3071 473
1757545314243 929190098785.8441 474
1757545314314 929013811815.1791 475
1757545314388 928837581634.3126 476
1757545314461 928661408220.2554 477
1757545314533 928485291550.0295 478
1757545314606 928309231600.6686 479
1757545314677 928133228349.2166 480
1757545314755 927957281772.729 481
1757545314828 927781391848.272 482
1757545314910 927605558552.9229 483
1757545315000 927429781863.7704 484
1757545315094 927254061757.9133 485
1757545315173 927078398212.4624 486
1757545315253 926902791204.5388 487
1757545315326 926727240711.2753 488
1757545315401 926551746709.8145 489
1757545315473 926376309177.3113 490
1757545315550 926200928090.9309 491
1757545315632 926025603427.8491 492
1757545315709 925850335165.2538 493
1757545315783 925675123280.3425 494
1757545315852 925499967750.3251 495
1757545315919 925324868552.4208 496
1757545315990 925149825663.8612 497
1757545316062 924974839061.888 498
1757545316126 924799908723.754 499
