1757531071157 1019577317678.6177 0
1757531071205 830196925001.6633 1
1757531071261 626415167334.1631 2
1757531071313 476825634976.487 3
1757531071359 381647921553.2313 4
1757531071409 323268301673.05786 5
1757531071457 287612743333.8469 6
1757531071504 266248480766.46103 7
1757531071550 253860138210.3401 8
1757531071596 246782707887.925 9
1757531071644 242610995852.93762 10
1757531071693 239966973755.445 11
1757531071741 238156392831.8668 12
1757531071788 236843577414.1382 13
1757531071835 235850777517.17935 14
1757531071882 235070482178.74146 15
1757531071928 234434593739.69797 16
1757531071977 233901061788.03464 17
1757531072029 233444327143.96024 18
1757531072075 233048228172.35178 19
1757531072122 232701747059.51834 20
1757531072170 232396888761.24347 21
1757531072217 232127626431.37637 22
1757531072264 231889253241.33743 23
1757531072310 231677922175.93872 24
1757531072356 231490341683.1139 25
1757531072403 231323607661.47778 26
1757531072450 231175130085.46005 27
1757531072497 231042607152.26154 28
1757531072543 230924014492.57822 29
1757531072590 230817592773.17532 30
1757531072638 230721828194.21918 31
1757531072685 230635426359.57617 32
1757531072731 230557282512.16977 33
1757531072778 230486451581.38394 34
1757531072825 230422120783.05084 35
1757531072872 230363586324.25168 36
1757531072920 230310234617.18713 37
1757531072966 230261527598.9715 38
1757531073013 230216991358.98038 39
1757531073059 230176207211.39636 40
1757531073105 230138804481.48932 41
1757531073151 230104454476.5897 42
1757531073199 230072865305.20834 43
1757531073249 230043777351.87494 44
1757531073296 230016959303.97537 45
1757531073342 229992204670.52316 46
1757531073388 229969328747.63318 47
1757531073435 229948165986.39835 48
1757531073483 229928567716.2055 49
1757531073532 229910400175.61566 50
1757531073579 229893542805.32922 51
1757531073626 229877886762.83258 52
1757531073672 229863333624.6643 53
1757531073719 229849794248.5329 54
1757531073766 229837187772.92377 55
1757531073817 229825440736.03964 56
1757531073871 229814486298.99313 57
1757531073921 229804263560.3697 58
1757531073970 229794716950.90857 59
1757531074018 229785795698.34756 60
1757531074066 229777453353.61185 61
1757531074113 229769647370.56866 62
1757531074159 229762338732.54678 63
1757531074205 229755491619.7189 64
1757531074252 229749073112.2578 65
1757531074300 229743052924.88818 66
1757531074347 229737403169.06558 67
1757531074394 229732098139.53052 68
1757531074445 229727114122.41852 69
1757531074492 229722429222.47238 70
1757531074540 229718023207.21255 71
1757531074587 229713877366.18582 72
1757531074643 229709974383.64377 73
1757531074691 229706298223.19867 74
1757531074739 229702834023.18195 75
1757531074786 229699568001.57956 76
1757531074836 229696487369.55237 77
