1757586565285 1064051212853.3861 0
1757586565371 1081850765197.1449 1
1757586565458 16740999256726.771 2
1757586565547 957629414753665.8 3
1757586565633 5.579717338084126e+16 4
1757586565718 3.2520738499942144e+18 5
1757586565800 1.8954416582637293e+20 6
1757586565874 1.104740983722022e+22 7
1757586565950 6.438882657572535e+23 8
1757586566014 3.752844376140466e+25 9
1757586566080 2.187311317898916e+27 10
1757586566146 1.2748545694636644e+29 11
1757586566215 7.430374268092591e+30 12
1757586566279 4.3307262715589445e+32 13
1757586566365 2.5241245410354475e+34 14
1757586566455 1.4711631027107018e+36 15
1757586566551 8.574540754987999e+37 16
1757586566635 4.997593334381492e+39 17
1757586566719 2.9128019621721823e+41 18
1757586566805 1.6977002135137016e+43 19
1757586566880 9.894891765367782e+44 20
1757586566950 5.767147949266195e+46 21
1757586567021 3.3613298919686614e+48 22
1757586567090 1.9591206506293406e+50 23
1757586567159 1.1418557080317988e+52 24
1757586567234 6.6552024631354946e+53 25
1757586567308 3.8789244134593707e+55 26
1757586567392 2.2607959244927928e+57 27
1757586567479 1.3176844061379535e+59 28
1757586567563 7.680004087802245e+60 29
1757586567646 4.476220748603447e+62 30
1757586567729 2.608924677794254e+64 31
1757586567809 1.5205880935446347e+66 32
1757586567872 8.862609832739867e+67 33
1757586567938 5.165491784450301e+69 34
1757586568000 3.0106600514732053e+71 35
1757586568065 1.7547359135914684e+73 36
1757586568130 1.0227319171890548e+75 37
1757586568196 5.960900249065735e+76 38
1757586568263 3.4742566631704895e+78 39
1757586568336 2.0249389953264792e+80 40
1757586568422 1.1802173334689504e+82 41
1757586568508 6.878789718778563e+83 42
1757586568592 4.009240218163479e+85 43
1757586568680 2.3367493097017827e+87 44
1757586568767 1.3619531480438497e+89 45
1757586568841 7.938020436189965e+90 46
1757586568906 4.6266032378479975e+92 47
1757586568975 2.6965737481446497e+94 48
1757586569042 1.5716735594913775e+96 49
1757586569105 9.160356839132839e+97 50
1757586569168 5.339030927478563e+99 51
1757586569239 3.1118057675219335e+101 52
1757586569301 1.8136877771104933e+103 53
1757586569388 1.0570914763293678e+105 54
1757586569474 6.161161824161794e+106 55
1757586569560 3.590977306459817e+108 56
1757586569646 2.092968563971091e+110 57
1757586569730 1.2198677507349005e+112 58
1757586569818 7.109888580742095e+113 59
1757586569886 4.1439340945043506e+115 60
1757586569958 2.4152544142686507e+117 61
1757586570032 1.4077091364412577e+119 62
1757586570103 8.204705065906029e+120 63
1757586570184 4.7820379562701716e+122 64
1757586570253 2.78716746446307e+124 65
1757586570324 1.6244752856417133e+126 66
1757586570408 9.468106912510513e+127 67
1757586570504 5.518400267401863e+129 68
1757586570592 3.216349560969025e+131 69
1757586570679 1.8746201792310668e+133 70
1757586570764 1.0926053744362127e+135 71
1757586570855 6.368151359261305e+136 72
1757586570942 3.7116192802353e+138 73
1757586571029 2.1632836445351697e+140 74
1757586571113 1.2608502579005604e+142 75
1757586571203 7.34875140790658e+143 76
1757586571290 4.283153127567351e+145 77
1757586571367 2.496396965401777e+147 78
1757586571436 1.4550023366562897e+149 79
1757586571505 8.480349195323368e+150 80
1757586571583 4.942694637858186e+152 81
1757586571652 2.880804754665586e+154 82
1757586571721 1.6790509312345585e+156 83
1757586571785 9.786196114519071e+157 84
1757586571868 5.703795674703651e+159 85
1757586571954 3.324405593149798e+161 86
1757586572039 1.937599657852382e+163 87
1757586572125 1.1293123925208378e+165 88
1757586572212 6.58209488597207e+166 89
1757586572300 3.836314324970122e+168 90
1757586572388 2.2359610207590377e+170 91
1757586572477 1.3032096076727863e+172 92
1757586572564 7.59563903736622e+173 93
1757586572652 4.427049343887865e+175 94
1757586572739 2.5802655703889025e+177 95
1757586572825 1.5038843926432203e+179 96
1757586572901 8.765253826546933e+180 97
1757586572970 5.108748718959727e+182 98
1757586573046 2.9775878702367822e+184 99
1757586573109 1.7354600926205973e+186 100
1757586573176 1.0114971797084818e+188 101
1757586573252 5.895419600304732e+189 102
1757586573317 3.436091860747851e+191 103
1757586573391 2.002694986271603e+193 104
1757586573477 1.167252614475939e+195 105
1757586573566 6.803226029628348e+196 106
1757586573652 3.965198607072099e+198 107
1757586573737 2.311080055998882e+200 108
1757586573823 1.34699205626415e+202 109
1757586573904 7.850821069262005e+203 110
1757586573973 4.575779877463596e+205 111
1757586574038 2.666951813355869e+207 112
1757586574105 1.5544086833794057e+209 113
1757586574171 9.059730074106485e+210 114
1757586574238 5.2803815298576345e+212 115
1757586574315 3.0776224978878897e+214 116
1757586574405 1.7937643683412175e+216 117
1757586574468 1.0454792981721248e+218 118
1757586574535 6.093481296639053e+219 119
1757586574607 3.5515303246470278e+221 120
1757586574673 2.06997724828408e+223 121
1757586574739 1.2064674708471153e+225 122
1757586574805 7.03178626440863e+226 123
1757586574876 4.098412867576738e+228 124
1757586574957 2.3887227798911514e+230 125
1757586575044 1.3922454139044997e+232 126
1757586575133 8.114576161183673e+233 127
1757586575223 4.729507141344195e+235 128
1757586575313 2.756550355276088e+237 129
1757586575402 1.606630381154917e+239 130
1757586575470 9.364099504692202e+240 131
1757586575536 5.457780492781661e+242 132
1757586575607 3.181017874966196e+244 133
1757586575678 1.8540274263938385e+246 134
1757586575750 1.0806030751578501e+248 135
1757586575829 6.298197046156084e+249 136
1757586575909 3.670847043111987e+251 137
1757586576000 2.1395199158064028e+253 138
1757586576087 1.2469997840747951e+255 139
1757586576174 7.2680251770243e+256 140
1757586576263 4.2361025758357836e+258 141
1757586576351 2.4689739779285545e+260 142
1757586576433 1.4390190970495193e+262 143
1757586576500 8.387192332462613e+263 144
1757586576567 4.888399004985483e+265 145
1757586576629 2.8491590373398147e+267 146
1757586576692 1.660606511820378e+269 147
1757586576758 9.67869448830399e+270 148
1757586576822 5.641139326572686e+272 149
1757586576892 3.2878869087416763e+274 150
1757586576973 1.9163150737570414e+276 151
1757586577059 1.116906865666464e+278 152
1757586577146 6.509790397500382e+279 153
1757586577233 3.794172309443313e+281 154
1757586577323 2.2113989291074652e+283 155
1757586577414 1.288893815256153e+285 156
1757586577505 7.512200739267121e+286 157
1757586577592 4.378418088369067e+288 158
1757586577681 2.551921284045406e+290 159
1757586577769 1.4873641823432508e+292 160
1757586577859 8.668967278687613e+293 161
1757586577944 5.052628977562218e+295 162
1757586578016 2.9448789877963667e+297 163
1757586578086 1.7163960170589776e+299 164
1757586578182 1.0003858561198144e+301 165
1757586578253 5.830658258222848e+302 166
1757586578329 3.398346299701241e+304 167
