1757586906273 1019573665061.9757 0
1757586906343 4123924054325.0054 1
1757586906410 1.3007634729355342e+16 2
1757586906472 5.269119617244067e+19 3
1757586906536 2.1344584087846974e+23 4
1757586906599 8.64644011323872e+26 5
1757586906663 3.502571252960902e+30 6
1757586906728 1.4188504426559148e+34 7
1757586906793 5.747596360596744e+37 8
1757586906856 2.3282837240060138e+41 9
1757586906926 9.431603681557924e+44 10
1757586906997 3.8206317850696485e+48 11
1757586907062 1.547693025484853e+52 12
1757586907125 6.269522518487843e+55 13
1757586907188 2.539709875445897e+59 14
1757586907257 1.0288066168383656e+63 15
1757586907321 4.167574670963441e+66 16
1757586907385 1.688235510326694e+70 17
1757586907448 6.83884360413667e+73 18
1757586907516 2.77033515500398e+77 19
1757586907580 1.1222302066402894e+81 20
1757586907643 4.546022651523166e+84 21
1757586907707 1.841540338682575e+88 22
1757586907769 7.459863443176797e+91 23
1757586907831 3.0219029918539244e+95 24
1757586907895 1.2241373802262056e+99 25
1757586907958 4.958836632766124e+102 26
1757586908022 2.0087664299508086e+106 27
1757586908084 8.137276681862452e+109 28
1757586908152 3.296315132008848e+113 29
1757586908217 1.335298512551447e+117 30
1757586908279 5.409137313080539e+120 31
1757586908341 2.191177942365367e+124 32
1757586908405 8.876204276600599e+127 33
1757586908469 3.5956460147135425e+131 34
1757586908546 1.456553934569519e+135 35
1757586908608 5.9003287743801045e+138 36
1757586908671 2.390153829495301e+142 37
1757586908734 9.682232206206585e+145 38
1757586908797 3.9221584543242194e+149 39
1757586908859 1.5888202857772648e+153 40
1757586908923 6.436124215517673e+156 41
1757586908987 2.6071982645480973e+160 42
1757586909050 1.0561453699531923e+164 43
1757586909113 4.278320746224121e+167 44
1757586909177 1.7330974436201858e+171 45
1757586909240 7.020574022491661e+174 46
1757586909303 2.843952011280358e+178 47
1757586909366 1.1520515297686538e+182 48
1757586909431 4.666825326088313e+185 49
1757586909492 1.8904760821412932e+189 50
1757586909556 7.658096387644109e+192 51
1757586909619 3.102204827475016e+196 52
1757586909684 1.2566667099067237e+200 53
1757586909751 5.090609123554103e+203 54
1757586909813 2.06214591701373e+207 55
1757586909877 8.35351070931856e+210 56
1757586909957 3.3839089947501196e+214 57
1757586910022 1.3707817567022494e+218 58
1757586910088 5.552875764161805e+221 59
1757586910161 2.2494046992859955e+225 60
1757586910228 9.112074024464854e+228 61
1757586910292 3.691194076978786e+232 62
1757586910359 1.4952593314476987e+236 63
1757586910425 6.057119787403334e+239 64
1757586910489 2.453668025828759e+243 65
1757586910554 9.93952074960589e+246 66
1757586910618 4.026383018887699e+250 67
1757586910681 1.6310404317461724e+254 68
1757586910745 6.607153063956775e+257 69
1757586910810 2.676480040646045e+261 70
1757586910873 1.0842106030591456e+265 71
1757586910938 4.392009706532815e+268 72
1757586911001 1.7791515050536858e+272 73
1757586911064 7.207133611809899e+275 74
1757586911129 2.9195251079481633e+279 75
1757586911194 1.1826653028844339e+283 76
1757586911258 4.790838122401801e+286 77
1757586911321 1.9407122081860234e+290 78
1757586911383 7.861597029110363e+293 79
1757586911450 3.1846405452298156e+297 80
1757586911512 1.2900604501563133e+301 81
1757586911576 inf 82
1757586911640 inf 83
