1757569730802 1019578794230.9694 0
1757569730881 992841162433.9773 1
1757569730950 967697075772.5281 2
1757569731012 943577065595.4962 3
1757569731070 920378640268.2355 4
1757569731137 898057384208.3469 5
1757569731199 876577248503.2421 6
1757569731262 855904459394.6068 7
1757569731324 836006725918.0977 8
1757569731392 816853093427.7659 9
1757569731449 798413877723.7462 10
1757569731514 780660611008.7957 11
1757569731581 763565991216.7388 12
1757569731638 747103833598.3398 13
1757569731704 731249024349.4457 14
1757569731767 715977476180.2811 15
1757569731834 701266085742.2897 16
1757569731896 687092692834.2144 17
1757569731981 673436041312.6959 18
1757569732049 660275741635.8457 19
1757569732113 647592234971.292 20
1757569732183 635366758803.0697 21
1757569732240 623581313975.41 22
1757569732312 612218633108.704 23
1757569732398 601262150338.7233 24
1757569732461 590695972315.3235 25
1757569732522 580504850411.795 26
1757569732591 570674154093.3552 27
1757569732653 561189845396.196 28
1757569732716 552038454470.5438 29
1757569732780 543207056143.14136 30
1757569732839 534683247456.4408 31
1757569732899 526455126143.584 32
1757569732962 518511270006.1536 33
1757569733025 510840717126.8684 34
1757569733084 503432946940.45984 35
1757569733145 496277862070.4458 36
1757569733210 489365770926.9628 37
1757569733274 482687371028.54425 38
1757569733333 476233733017.541 39
1757569733390 469996285340.1572 40
1757569733458 463966799563.287 41
1757569733520 458137376301.51215 42
1757569733578 452500431728.7341 43
1757569733659 447048684649.9885 44
1757569733722 441775144110.0151 45
1757569733788 436673097516.1396 46
1757569733861 431736099253.9676 47
1757569733933 426957959775.2888 48
1757569733995 422332735138.4612 49
1757569734062 417854716982.3631 50
1757569734126 413518422915.80554 51
1757569734190 409318587305.04675 52
1757569734258 405250152442.7865 53
1757569734325 401308260082.7099 54
1757569734384 397488243324.3217 55
1757569734446 393785618833.4512 56
1757569734511 390196079384.41766 57
1757569734574 386715486710.44025 58
1757569734636 383339864649.43286 59
1757569734701 380065392572.8641 60
1757569734771 376888399085.88354 61
1757569734831 373805355987.4037 62
1757569734894 370812872479.305 63
1757569734954 367907689614.3845 64
1757569735017 365086674973.102 65
1757569735079 362346817559.59515 66
1757569735151 359685222920.46344 67
1757569735216 357099108414.96045 68
1757569735280 354585798759.3417 69
1757569735344 352142721679.5685 70
1757569735405 349767403794.684 71
1757569735472 347457466642.7953 72
1757569735532 345210622876.67145 73
1757569735599 343024672615.4263 74
1757569735666 340897499945.8012 75
1757569735728 338827069566.8342 76
1757569735797 336811423571.96094 77
1757569735858 334848678362.84424 78
1757569735920 332937021689.46436 79
1757569735986 331074709811.23425 80
1757569736051 329260064774.11847 81
1757569736116 327491471798.9486 82
1757569736181 325767376776.32635 83
1757569736247 324086283863.69806 84
1757569736314 322446753180.3699 85
1757569736387 320847398596.40936 86
1757569736450 319286885611.5467 87
1757569736516 317763929320.35443 88
1757569736581 316277292460.13556 89
1757569736647 314825783538.10333 90
1757569736713 313408255034.5741 91
1757569736782 312023601679.03613 92
1757569736850 310670758796.08276 93
1757569736914 309348700718.32916 94
1757569736978 308056439263.5473 95
1757569737041 306793022273.3729 96
1757569737109 305557532211.0452 97
1757569737180 304349084815.7485 98
1757569737243 303166827811.2237 99
1757569737304 302009939666.4178 100
1757569737370 300877628406.0279 101
1757569737429 299769130468.89087 102
1757569737495 298683709612.2502 103
1757569737557 297620655860.0161 104
1757569737617 296579284493.21313 105
1757569737686 295558935080.8835 106
1757569737750 294558970549.78656 107
1757569737816 293578776291.3052 108
1757569737882 292617759304.0335 109
1757569737945 291675347372.8435 110
1757569738012 290750988271.9062 111
1757569738081 289844149012.2415 112
1757569738142 288954315110.9265 113
1757569738212 288080989891.3523 114
1757569738272 287223693811.2581 115
1757569738347 286381963817.40814 116
1757569738417 285555352725.8247 117
1757569738485 284743428626.53735 118
1757569738556 283945774311.8489 119
1757569738622 283161986727.162 120
1757569738689 282391676443.44836 121
1757569738754 281634467150.48224 122
1757569738819 280889995169.99384 123
1757569738884 280157908987.93567 124
1757569738944 279437868805.08606 125
1757569739010 278729546105.2471 126
1757569739081 278032623240.3257 127
1757569739141 277346793031.6139 128
1757569739206 276671758386.61334 129
1757569739274 276007231930.7781 130
1757569739342 275352935653.57184 131
1757569739409 274708600568.2635 132
1757569739470 274073966384.9079 133
1757569739534 273448781195.9801 134
1757569739602 272832801174.1559 135
1757569739672 272225790281.749 136
1757569739735 271627519991.33868 137
1757569739795 271037769017.138 138
1757569739859 270456323056.6731 139
1757569739923 269882974542.36044 140
1757569739989 269317522402.58676 141
1757569740062 268759771831.9121 142
1757569740130 268209534070.03143 143
1757569740198 267666626189.14694 144
1757569740265 267130870889.41504 145
1757569740329 266602096302.14743 146
1757569740391 266080135800.45856 147
1757569740455 265564827817.06308 148
1757569740522 265056015668.94147 149
1757569740585 264553547388.60004 150
1757569740654 264057275561.66605 151
1757569740721 263567057170.5672 152
1757569740784 263082753444.05563 153
1757569740854 262604229712.34592 154
1757569740920 262131355267.64655 155
1757569740984 261664003229.87292 156
1757569741049 261202050417.33832 157
1757569741113 260745377222.22763 158
1757569741177 260293867490.66748 159
1757569741246 259847408407.21204 160
1757569741311 259405890383.57294 161
1757569741374 258969206951.42764 162
1757569741441 258537254659.1475 163
1757569741513 258109932972.29312 164
1757569741582 257687144177.73135 165
1757569741648 257268793291.2329 166
1757569741709 256854787968.41644 167
1757569741778 256445038418.90964 168
1757569741846 256039457323.60355 169
1757569741911 255637959765.40512 170
1757569741978 255240463120.58047 171
1757569742049 254846887016.50674 172
1757569742117 254457153249.4603 173
1757569742187 254071185715.64255 174
1757569742255 253688910344.6519 175
1757569742319 253310255035.30914 176
1757569742382 252935149593.74612 177
1757569742450 252563525673.6722 178
1757569742514 252195316718.7361 179
1757569742579 251830457906.9033 180
1757569742645 251468886096.77307 181
1757569742717 251110539775.763 182
1757569742781 250755359010.08917 183
1757569742854 250403285396.47537 184
1757569742921 250054262015.52737 185
1757569742985 249708233386.7081 186
1757569743054 249365145424.85635 187
1757569743120 249024945398.18915 188
1757569743188 248687581887.73456 189
1757569743253 248353004748.14096 190
1757569743319 248021165069.81223 191
1757569743385 247692015142.31918 192
1757569743451 247365508419.04172 193
1757569743520 247041599482.99487 194
1757569743583 246720244013.7963 195
1757569743648 246401398755.73312 196
1757569743723 246085021486.88846 197
1757569743786 245771070989.28793 198
1757569743870 245459507020.03085 199
1757569743938 245150290283.3686 200
1757569744008 244843382403.69736 201
1757569744094 244538745899.4312 202
1757569744163 244236344157.7251 203
1757569744230 243936141410.01572 204
1757569744294 243638102708.3523 205
1757569744363 243342193902.4885 206
1757569744429 243048381617.70862 207
1757569744496 242756633233.36157 208
1757569744561 242466916862.07822 209
1757569744622 242179201329.64755 210
1757569744689 241893456155.52835 211
1757569744755 241609651533.97458 212
1757569744831 241327758315.75238 213
1757569744896 241047747990.42883 214
1757569744962 240769592669.21133 215
1757569745040 240493265068.3198 216
1757569745127 240218738492.8725 217
1757569745196 239945986821.26788 218
1757569745263 239674984490.04532 219
1757569745330 239405706479.20895 220
1757569745397 239138128297.99725 221
1757569745464 238872225971.08536 222
1757569745530 238607976025.20316 223
1757569745591 238345355476.15656 224
1757569745659 238084341816.23813 225
1757569745731 237824913002.01306 226
1757569745799 237567047442.4691 227
1757569745861 237310723987.51736 228
1757569745926 237055921916.83264 229
1757569745995 236802620929.02222 230
1757569746060 236550801131.11166 231
1757569746128 236300443028.33737 232
1757569746195 236051527514.23636 233
1757569746264 235804035861.0226 234
1757569746328 235557949710.24115 235
1757569746396 235313251063.6906 236
1757569746463 235069922274.6057 237
1757569746523 234827946040.86453 238
1757569746590 234587305391.35623 239
1757569746654 234347983683.19135 240
1757569746721 234109964592.08063 241
1757569746785 233873232104.69632 242
1757569746850 233637770511.24673 243
1757569746922 233403564398.2581 244
1757569746987 233170598641.556 245
1757569747050 232938858399.44208 246
1757569747118 232708329106.05692 247
1757569747183 232478996464.92667 248
1757569747260 232250846442.6847 249
1757569747339 232023865262.96484 250
1757569747402 231798039400.45996 251
1757569747475 231573355575.14108 252
1757569747543 231349800746.63214 253
1757569747616 231127362108.7351 254
1757569747682 230906027084.10202 255
1757569747747 230685783319.04797 256
1757569747814 230466618678.50204 257
1757569747881 230248521241.09155 258
1757569747948 230031479294.3552 259
1757569748013 229815481330.08188 260
1757569748092 229600516039.77164 261
1757569748162 229386572310.21356 262
1757569748231 229173639219.17923 263
1757569748297 228961706031.2269 264
1757569748362 228750762193.61404 265
1757569748437 228540797332.3136 266
1757569748502 228331801248.13315 267
1757569748568 228123763912.932 268
1757569748637 227916675465.93466 269
1757569748701 227710526210.1368 270
1757569748774 227505306608.80222 271
1757569748842 227301007282.04736 272
1757569748909 227097619003.51108 273
1757569748975 226895132697.1076 274
1757569749041 226693539433.85965 275
1757569749106 226492830428.81006 276
1757569749167 226292997038.00955 277
1757569749235 226094030755.57797 278
1757569749296 225895923210.838 279
1757569749361 225698666165.51843 280
1757569749429 225502251511.0249 281
1757569749502 225306671265.7779 282
1757569749572 225111917572.6136 283
1757569749638 224917982696.24796 284
1757569749704 224724859020.80164 285
1757569749774 224532539047.38333 286
1757569749839 224341015391.73157 287
1757569749901 224150280781.91135 288
1757569749967 223960328056.06613 289
1757569750034 223771150160.2225 290
1757569750107 223582740146.146 291
1757569750173 223395091169.24765 292
1757569750242 223208196486.53903 293
1757569750308 223022049454.63507 294
1757569750371 222836643527.80295 295
1757569750437 222651972256.05612 296
1757569750506 222468029283.2922 297
1757569750574 222284808345.47394 298
1757569750645 222102303268.8511 299
1757569750716 221920507968.22366 300
1757569750788 221739416445.244 301
1757569750851 221559022786.75772 302
1757569750915 221379321163.18195 303
1757569750987 221200305826.92032 304
1757569751054 221021971110.8131 305
1757569751120 220844311426.62274 306
1757569751185 220667321263.5524 307
1757569751248 220490995186.798 308
1757569751332 220315327836.13248 309
1757569751426 220140313924.52063 310
1757569751515 219965948236.76523 311
1757569751586 219792225639.63638 312
1757569751659 219619141046.12674 313
1757569751728 219446689448.72256 314
1757569751799 219274865906.62204 315
1757569751867 219103665544.5225 316
1757569751935 218933083551.43436 317
1757569752004 218763115179.52063 318
1757569752068 218593755742.9608 319
1757569752136 218425000616.84015 320
1757569752208 218256845236.062 321
1757569752291 218089285094.28354 322
1757569752372 217922315742.8743 323
1757569752464 217755932789.89664 324
1757569752543 217590131899.10785 325
1757569752623 217424908788.98358 326
1757569752703 217260259231.76108 327
1757569752783 217096179052.50354 328
1757569752851 216932664128.18332 329
1757569752923 216769710386.78424 330
1757569752986 216607313806.4232 331
1757569753053 216445470414.48932 332
1757569753124 216284176286.80154 333
1757569753198 216123427546.78302 334
1757569753267 215963220364.6529 335
1757569753333 215803550956.6345 336
1757569753403 215644415584.17975 337
1757569753469 215485810553.20987 338
1757569753533 215327732213.37048 339
1757569753601 215170176957.303 340
1757569753669 215013141219.93005 341
1757569753739 214856621477.7556 342
1757569753810 214700614248.179 343
1757569753894 214545116088.8231 344
1757569753965 214390123596.87546 345
1757569754045 214235633408.4431 346
1757569754120 214081642197.9197 347
1757569754187 213928146677.36575 348
1757569754274 213775143595.9007 349
1757569754345 213622629739.10715 350
1757569754409 213470601928.44724 351
1757569754473 213319057020.68967 352
1757569754546 213167991907.3487 353
1757569754616 213017403514.13367 354
1757569754685 212867288800.40964 355
1757569754773 212717644758.66806 356
1757569754840 212568468414.0081 357
1757569754908 212419756823.6276 358
1757569754976 212271507076.32452 359
1757569755041 212123716292.00714 360
1757569755117 211976381621.2143 361
1757569755180 211829500244.6444 362
1757569755251 211683069372.69382 363
1757569755316 211537086245.0035 364
1757569755387 211391548130.01498 365
1757569755456 211246452324.53403 366
1757569755529 211101796153.3028 367
1757569755594 210957576968.58035 368
1757569755668 210813792149.73062 369
1757569755741 210670439102.81824 370
1757569755809 210527515260.21194 371
1757569755874 210385018080.19556 372
1757569755945 210242945046.5855 373
1757569756011 210101293680.1876 374
1757569756080 209960061502.87534 375
1757569756152 209819246072.84225 376
1757569756225 209678844972.356 377
1757569756295 209538855807.41037 378
1757569756363 209399276207.3836 379
1757569756429 209260103824.70282 380
1757569756492 209121336334.51468 381
1757569756560 208982971434.36194 382
1757569756632 208845006843.86584 383
1757569756704 208707440304.41428 384
1757569756772 208570269578.85544 385
1757569756843 208433492451.19714 386
1757569756913 208297106726.3114 387
1757569756978 208161110229.64432 388
1757569757046 208025500806.93103 389
1757569757113 207890276323.91592 390
1757569757181 207755434666.07745 391
1757569757252 207620973738.35812 392
1757569757318 207486891464.89923 393
1757569757395 207353185788.77975 394
1757569757465 207219854671.76068 395
1757569757531 207086896094.03275 396
1757569757597 206954308053.96942 397
1757569757664 206822088567.88397 398
1757569757734 206690235669.79013 399
1757569757805 206558747411.16776 400
1757569757879 206427621860.732 401
1757569757947 206296857104.20648 402
1757569758022 206166451244.10043 403
1757569758089 206036402399.48962 404
1757569758160 205906708705.801 405
1757569758238 205777368314.60077 406
1757569758313 205648379393.38663 407
1757569758385 205519740125.38254 408
1757569758452 205391448709.33817 409
1757569758521 205263503359.33047 410
1757569758590 205135902304.5694 411
1757569758662 205008643789.20663 412
1757569758732 204881726072.14722 413
1757569758796 204755147426.8647 414
1757569758874 204628906141.21902 415
1757569758940 204503000517.27777 416
1757569759008 204377428871.13968 417
1757569759081 204252189532.76193 418
1757569759152 204127280845.7893 419
1757569759224 204002701167.38705 420
1757569759289 203878448868.07556 421
1757569759359 203754522331.56848 422
1757569759427 203630919954.61282 423
1757569759494 203507640146.83218 424
1757569759569 203384681330.57193 425
1757569759633 203262041940.74734 426
1757569759707 203139720424.6937 427
1757569759776 203017715242.0192 428
1757569759857 202896024864.4599 429
1757569759927 202774647775.737 430
1757569759997 202653582471.41647 431
1757569760070 202532827458.77075 432
1757569760140 202412381256.64258 433
1757569760209 202292242395.31116 434
1757569760278 202172409416.3602 435
1757569760345 202052880872.548 436
1757569760454 201933655327.67966 437
1757569760521 201814731356.48105 438
1757569760590 201696107544.47498 439
1757569760660 201577782487.85898 440
1757569760733 201459754793.38538 441
1757569760800 201342023078.24234 442
1757569760870 201224585969.93774 443
1757569760936 201107442106.18414 444
1757569761008 200990590134.7855 445
1757569761081 200874028713.5261 446
1757569761154 200757756510.06027 447
1757569761227 200641772201.80466 448
1757569761293 200526074475.83148 449
1757569761366 200410662028.76358 450
1757569761443 200295533566.67096 451
1757569761513 200180687804.96896 452
1757569761581 200066123468.31772 453
1757569761648 199951839290.52344 454
1757569761718 199837834014.44043 455
1757569761788 199724106391.87552 456
1757569761853 199610655183.49307 457
1757569761932 199497479158.72144 458
1757569762007 199384577095.66138 459
1757569762075 199271947780.99493 460
1757569762139 199159590009.89636 461
1757569762212 199047502585.94366 462
1757569762279 198935684321.03204 463
1757569762351 198824134035.2879 464
1757569762419 198712850556.98444 465
1757569762495 198601832722.45868 466
1757569762566 198491079376.0289 467
1757569762647 198380589369.91397 468
1757569762720 198270361564.15335 469
1757569762791 198160394826.5283 470
1757569762862 198050688032.48444 471
1757569762934 197941240065.05493 472
1757569763001 197832049814.78476 473
1757569763071 197723116179.6569 474
1757569763141 197614438065.0179 475
1757569763210 197506014383.50607 476
1757569763280 197397844054.97952 477
1757569763348 197289926006.4458 478
1757569763421 197182259171.99225 479
1757569763490 197074842492.7173 480
1757569763558 196967674916.6625 481
1757569763625 196860755398.74594 482
1757569763693 196754082900.69608 483
1757569763762 196647656390.98648 484
1757569763832 196541474844.7719 485
1757569763900 196435537243.82462 486
1757569763967 196329842576.47177 487
1757569764036 196224389837.53363 488
1757569764115 196119178028.2628 489
1757569764188 196014206156.2837 490
1757569764277 195909473235.53336 491
1757569764353 195804978286.20276 492
1757569764431 195700720334.67862 493
1757569764505 195596698413.48663 494
1757569764575 195492911561.23477 495
1757569764643 195389358822.55753 496
1757569764710 195286039248.0611 497
1757569764780 195182951894.26877 498
1757569764863 195080095823.56747 499
