1757584650301 1064042967997.902 0
1757584650372 1063830171103.3062 1
1757584650434 1063511073508.6201 2
1757584650507 1063138951940.3435 3
1757584650574 1062740451843.8396 4
1757584650644 1062328897632.9153 5
1757584650718 1061910951856.8572 6
1757584650784 1061489945795.3135 7
1757584650850 1061067545008.7767 8
1757584650920 1060644582177.136 9
1757584650983 1060221473534.794 10
1757584651051 1059798427092.1871 11
1757584651112 1059375546747.5391 12
1757584651179 1058952884342.9836 13
1757584651243 1058530465692.689 14
1757584651308 1058108303596.9355 15
1757584651371 1057686404349.1582 16
1757584651437 1057264770989.4681 17
1757584651515 1056843404931.4146 18
1757584651582 1056422306775.3652 19
1757584651651 1056001476715.1957 20
1757584651723 1055580914741.6359 21
1757584651792 1055160620743.9413 22
1757584651859 1054740594560.7291 23
1757584651930 1054320836005.3971 24
1757584651993 1053901344878.8315 25
1757584652056 1053482120975.7617 26
1757584652123 1053063164087.9376 27
1757584652189 1052644474005.7175 28
1757584652254 1052226050518.8627 29
1757584652320 1051807893416.934 30
1757584652386 1051390002489.4904 31
1757584652449 1050972377526.1885 32
1757584652512 1050555018316.8308 33
1757584652573 1050137924651.3916 34
1757584652644 1049721096320.0287 35
1757584652710 1049304533113.089 36
1757584652772 1048888234821.1124 37
1757584652832 1048472201234.8319 38
1757584652911 1048056432145.1752 39
1757584652984 1047640927343.2642 40
1757584653054 1047225686620.4156 41
1757584653121 1046810709768.1404 42
1757584653188 1046395996578.1437 43
1757584653267 1045981546842.3247 44
1757584653353 1045567360352.777 45
1757584653416 1045153436901.7867 46
1757584653480 1044739776281.8346 47
1757584653547 1044326378285.5942 48
1757584653612 1043913242705.9323 49
1757584653682 1043500369335.908 50
1757584653742 1043087757968.7739 51
1757584653810 1042675408397.9747 52
1757584653878 1042263320417.1481 53
1757584653943 1041851493820.1223 54
1757584654007 1041439928400.9188 55
1757584654071 1041028623953.7505 56
1757584654139 1040617580273.0216 57
1757584654208 1040206797153.3276 58
1757584654278 1039796274389.4554 59
1757584654345 1039386011776.3828 60
1757584654413 1038976009109.2776 61
1757584654480 1038566266183.4995 62
1757584654545 1038156782794.597 63
1757584654614 1037747558738.31 64
1757584654685 1037338593810.5675 65
1757584654754 1036929887807.4888 66
1757584654821 1036521440525.3827 67
1757584654892 1036113251760.7467 68
1757584654961 1035705321310.2684 69
1757584655044 1035297648970.8235 70
1757584655119 1034890234539.4774 71
1757584655190 1034483077813.4833 72
1757584655261 1034076178590.2832 73
1757584655328 1033669536667.5072 74
1757584655393 1033263151842.9733 75
1757584655456 1032857023914.6875 76
1757584655519 1032451152680.843 77
1757584655587 1032045537939.8212 78
1757584655652 1031640179490.19 79
1757584655719 1031235077130.7048 80
1757584655786 1030830230660.3075 81
1757584655851 1030425639878.1271 82
1757584655918 1030021304583.4784 83
1757584655989 1029617224575.863 84
1757584656058 1029213399654.9688 85
1757584656123 1028809829620.6688 86
1757584656194 1028406514273.0227 87
1757584656263 1028003453412.2745 88
1757584656329 1027600646838.8546 89
1757584656397 1027198094353.378 90
1757584656463 1026795795756.6453 91
1757584656530 1026393750849.6404 92
1757584656598 1025991959433.5333 93
1757584656664 1025590421309.678 94
1757584656724 1025189136279.6116 95
1757584656792 1024788104145.0569 96
1757584656857 1024387324707.9191 97
1757584656922 1023986797770.2881 98
1757584656988 1023586523134.4362 99
1757584657053 1023186500602.8198 100
1757584657118 1022786729978.078 101
1757584657183 1022387211063.0326 102
1757584657259 1021987943660.6885 103
1757584657332 1021588927574.2325 104
1757584657401 1021190162607.0347 105
1757584657468 1020791648562.6462 106
1757584657531 1020393385244.8009 107
1757584657605 1019995372457.4138 108
1757584657671 1019597610004.5818 109
1757584657743 1019200097690.583 110
1757584657810 1018802835319.8772 111
1757584657875 1018405822697.1046 112
1757584657943 1018009059627.0865 113
1757584658007 1017612545914.8246 114
1757584658075 1017216281365.5016 115
1757584658139 1016820265784.4797 116
1757584658204 1016424498977.3018 117
1757584658282 1016028980749.6903 118
1757584658346 1015633710907.5481 119
1757584658409 1015238689256.9562 120
1757584658489 1014843915604.1761 121
1757584658554 1014449389755.6484 122
1757584658630 1014055111517.992 123
1757584658700 1013661080698.0052 124
1757584658763 1013267297102.6647 125
1757584658830 1012873760539.1257 126
1757584658900 1012480470814.7213 127
1757584658963 1012087427736.9634 128
1757584659032 1011694631113.5411 129
1757584659103 1011302080752.3214 130
1757584659166 1010909776461.349 131
1757584659236 1010517718048.8457 132
1757584659300 1010125905323.2106 133
1757584659366 1009734338093.0198 134
1757584659436 1009343016167.0259 135
1757584659510 1008951939354.1586 136
1757584659575 1008561107463.5234 137
1757584659650 1008170520304.4031 138
1757584659714 1007780177686.2552 139
1757584659781 1007390079418.7142 140
1757584659850 1007000225311.59 141
1757584659924 1006610615174.8673 142
1757584659987 1006221248818.7074 143
1757584660058 1005832126053.4459 144
1757584660123 1005443246689.5938 145
1757584660197 1005054610537.8367 146
1757584660272 1004666217409.0349 147
1757584660340 1004278067114.2231 148
1757584660407 1003890159464.6106 149
1757584660467 1003502494271.5803 150
1757584660537 1003115071346.6897 151
1757584660604 1002727890501.669 152
1757584660670 1002340951548.4229 153
1757584660738 1001954254299.0294 154
1757584660800 1001567798565.7391 155
1757584660870 1001181584160.9763 156
1757584660937 1000795610897.3383 157
1757584661006 1000409878587.5938 158
1757584661073 1000024387044.6855 159
1757584661145 999639136081.7277 160
1757584661217 999254125512.0073 161
1757584661289 998869355148.9824 162
1757584661354 998484824806.2834 163
1757584661423 998100534297.7128 164
1757584661488 997716483437.2437 165
1757584661561 997332672039.0206 166
1757584661630 996949099917.3599 167
1757584661699 996565766886.7482 168
1757584661768 996182672761.8429 169
1757584661835 995799817357.4723 170
1757584661902 995417200488.6348 171
1757584661973 995034821970.499 172
1757584662037 994652681618.4042 173
1757584662121 994270779247.8586 174
1757584662186 993889114674.5411 175
1757584662258 993507687714.2992 176
1757584662327 993126498183.1506 177
1757584662393 992745545897.2816 178
1757584662457 992364830673.0477 179
1757584662525 991984352326.9739 180
1757584662594 991604110675.7526 181
1757584662662 991224105536.2452 182
1757584662731 990844336725.4824 183
1757584662799 990464804060.6616 184
1757584662866 990085507359.1492 185
1757584662934 989706446438.4794 186
1757584662999 989327621116.3529 187
1757584663063 988949031210.6394 188
1757584663145 988570676539.3748 189
1757584663218 988192556920.7628 190
1757584663294 987814672173.1738 191
1757584663363 987437022115.1449 192
1757584663436 987059606565.3799 193
1757584663521 986682425342.7494 194
1757584663594 986305478266.2897 195
1757584663663 985928765155.2034 196
1757584663732 985552285828.8594 197
1757584663798 985176040106.7917 198
1757584663869 984800027808.701 199
1757584663944 984424248754.4525 200
1757584664016 984048702764.0767 201
1757584664083 983673389657.7697 202
1757584664155 983298309255.8916 203
1757584664224 982923461378.969 204
1757584664302 982548845847.6915 205
1757584664370 982174462482.9137 206
1757584664444 981800311105.6543 207
1757584664512 981426391537.0966 208
1757584664580 981052703598.587 209
1757584664649 980679247111.6364 210
1757584664717 980306021897.9194 211
1757584664786 979933027779.2728 212
1757584664856 979560264577.6981 213
1757584664923 979187732115.3594 214
1757584664986 978815430214.583 215
1757584665053 978443358697.8594 216
1757584665121 978071517387.8403 217
1757584665191 977699906107.3406 218
1757584665265 977328524679.3375 219
1757584665332 976957372926.9701 220
1757584665404 976586450673.5391 221
1757584665470 976215757742.5076 222
1757584665541 975845293957.5 223
1757584665613 975475059142.3022 224
1757584665684 975105053120.8615 225
1757584665767 974735275717.2858 226
1757584665837 974365726755.8445 227
1757584665905 973996406060.9677 228
1757584665976 973627313457.2458 229
1757584666043 973258448769.4303 230
1757584666118 972889811822.4323 231
1757584666191 972521402441.3232 232
1757584666261 972153220451.3348 233
1757584666329 971785265677.8583 234
1757584666401 971417537946.4447 235
1757584666470 971050037082.8043 236
1757584666534 970682762912.807 237
1757584666601 970315715262.4819 238
1757584666669 969948893958.0166 239
1757584666737 969582298825.7579 240
1757584666808 969215929692.2115 241
1757584666878 968849786384.0413 242
1757584666948 968483868728.0691 243
1757584667015 968118176551.276 244
1757584667079 967752709680.8004 245
1757584667150 967387467943.9386 246
1757584667224 967022451168.1447 247
1757584667295 966657659181.0304 248
1757584667364 966293091810.3649 249
1757584667434 965928748884.0742 250
1757584667501 965564630230.2418 251
1757584667568 965200735677.1082 252
1757584667637 964837065053.07 253
1757584667711 964473618186.6809 254
1757584667778 964110394906.6511 255
1757584667855 963747395041.847 256
1757584667926 963384618421.2909 257
1757584667995 963022064874.161 258
1757584668065 962659734229.7916 259
1757584668133 962297626317.6729 260
1757584668199 961935740967.4498 261
1757584668282 961574078008.9229 262
1757584668349 961212637272.0483 263
1757584668419 960851418586.9368 264
1757584668491 960490421783.8538 265
1757584668558 960129646693.2197 266
1757584668625 959769093145.6096 267
1757584668699 959408760971.7527 268
1757584668766 959048650002.5323 269
1757584668841 958688760068.9862 270
1757584668914 958329091002.3062 271
1757584668979 957969642633.8368 272
1757584669049 957610414795.0773 273
1757584669121 957251407317.6798 274
1757584669187 956892620033.4501 275
1757584669273 956534052774.3468 276
1757584669344 956175705372.4816 277
1757584669431 955817577660.1187 278
1757584669502 955459669469.6758 279
1757584669572 955101980633.722 280
1757584669641 954744510984.9799 281
1757584669708 954387260356.3235 282
1757584669783 954030228580.7788 283
1757584669855 953673415491.5243 284
1757584669918 953316820921.89 285
1757584669987 952960444705.3572 286
1757584670055 952604286675.559 287
1757584670126 952248346666.2794 288
1757584670195 951892624511.4541 289
1757584670279 951537120045.169 290
1757584670350 951181833101.6615 291
1757584670420 950826763515.3195 292
1757584670501 950471911120.681 293
1757584670575 950117275752.4348 294
1757584670646 949762857245.4199 295
1757584670715 949408655434.6252 296
1757584670790 949054670155.1896 297
1757584670859 948700901242.4015 298
1757584670929 948347348531.6995 299
1757584670996 947994011858.6705 300
1757584671066 947640891059.0526 301
1757584671141 947287985968.731 302
1757584671211 946935296423.7408 303
1757584671284 946582822260.2664 304
1757584671359 946230563314.6403 305
1757584671430 945878519423.3435 306
1757584671497 945526690423.0059 307
1757584671572 945175076150.4049 308
1757584671643 944823676442.4667 309
1757584671716 944472491136.2651 310
1757584671786 944121520069.0216 311
1757584671858 943770763078.1057 312
1757584671928 943420220001.0339 313
1757584671994 943069890675.4708 314
1757584672062 942719774939.2272 315
1757584672134 942369872630.2617 316
1757584672213 942020183586.6798 317
1757584672283 941670707646.733 318
1757584672365 941321444648.8204 319
1757584672437 940972394431.4869 320
1757584672508 940623556833.4237 321
1757584672583 940274931693.4685 322
1757584672657 939926518850.6052 323
1757584672737 939578318143.9624 324
1757584672810 939230329412.8157 325
1757584672880 938882552496.5857 326
1757584672952 938534987234.8387 327
1757584673024 938187633467.2858 328
1757584673094 937840491033.7834 329
1757584673172 937493559774.3334 330
1757584673241 937146839529.0817 331
1757584673323 936800330138.3196 332
1757584673399 936454031442.482 333
1757584673470 936107943282.1498 334
1757584673544 935762065498.0465 335
1757584673614 935416397931.0403 336
1757584673702 935070940422.1438 337
1757584673772 934725692812.5127 338
1757584673843 934380654943.4469 339
1757584673911 934035826656.3895 340
1757584673979 933691207792.9271 341
1757584674043 933346798194.7897 342
1757584674109 933002597703.8499 343
1757584674182 932658606162.1237 344
1757584674258 932314823411.7697 345
1757584674334 931971249295.089 346
1757584674408 931627883654.5256 347
1757584674481 931284726332.6659 348
1757584674553 930941777172.2378 349
1757584674619 930599036016.1118 350
1757584674695 930256502707.3005 351
1757584674764 929914177088.9578 352
1757584674835 929572059004.3799 353
1757584674908 929230148297.0038 354
1757584674979 928888444810.4082 355
1757584675046 928546948388.3129 356
1757584675117 928205658874.5792 357
1757584675189 927864576113.2087 358
1757584675259 927523699948.3441 359
1757584675332 927183030224.2689 360
1757584675406 926842566785.4069 361
1757584675475 926502309476.3219 362
1757584675549 926162258141.7188 363
1757584675618 925822412626.4419 364
1757584675696 925482772775.4757 365
1757584675768 925143338433.9445 366
1757584675838 924804109447.1118 367
1757584675908 924465085660.3813 368
1757584675976 924126266919.296 369
1757584676046 923787653069.5376 370
1757584676112 923449243956.9272 371
1757584676183 923111039427.4249 372
1757584676253 922773039327.1299 373
1757584676322 922435243502.2792 374
1757584676398 922097651799.2494 375
1757584676472 921760264064.5544 376
1757584676547 921423080144.8475 377
1757584676613 921086099886.9192 378
1757584676681 920749323137.6985 379
1757584676754 920412749744.2517 380
1757584676821 920076379553.7838 381
1757584676902 919740212413.636 382
1757584676973 919404248171.2882 383
1757584677045 919068486674.3567 384
1757584677120 918732927770.5951 385
1757584677192 918397571307.8945 386
1757584677271 918062417134.2825 387
1757584677341 917727465097.9232 388
1757584677411 917392715047.1179 389
1757584677483 917058166830.3035 390
1757584677556 916723820296.0542 391
1757584677627 916389675293.0798 392
1757584677695 916055731670.2258 393
1757584677765 915721989276.4746 394
1757584677842 915388447960.9437 395
1757584677913 915055107572.886 396
1757584677984 914721967961.6906 397
1757584678050 914389028976.8811 398
1757584678123 914056290468.1174 399
1757584678191 913723752285.1935 400
1757584678267 913391414278.039 401
1757584678344 913059276296.7178 402
1757584678417 912727338191.4288 403
1757584678486 912395599812.5056 404
1757584678556 912064061010.4156 405
1757584678632 911732721635.7611 406
1757584678708 911401581539.2782 407
1757584678783 911070640571.8372 408
1757584678851 910739898584.442 409
1757584678924 910409355428.2306 410
1757584678997 910079010954.4741 411
1757584679069 909748865014.5774 412
1757584679141 909418917460.079 413
1757584679215 909089168142.6498 414
1757584679297 908759616914.0945 415
1757584679368 908430263626.3503 416
1757584679443 908101108131.4875 417
1757584679518 907772150281.7089 418
1757584679587 907443389929.3497 419
1757584679659 907114826926.8774 420
1757584679733 906786461126.8927 421
1757584679809 906458292382.127 422
1757584679880 906130320545.4447 423
1757584679952 905802545469.8416 424
1757584680027 905474967008.4456 425
1757584680105 905147585014.5155 426
1757584680177 904820399341.4429 427
1757584680249 904493409842.7489 428
1757584680325 904166616372.0875 429
1757584680400 903840018783.2427 430
1757584680476 903513616930.13 431
1757584680549 903187410666.7949 432
1757584680624 902861399847.4148 433
1757584680697 902535584326.2969 434
1757584680784 902209963957.8785 435
1757584680858 901884538596.7278 436
1757584680934 901559308097.543 437
1757584681000 901234272315.1522 438
1757584681070 900909431104.5133 439
1757584681146 900584784320.7144 440
1757584681218 900260331818.9724 441
1757584681292 899936073454.6345 442
1757584681370 899612009083.177 443
1757584681439 899288138560.2056 444
1757584681526 898964461741.4542 445
1757584681599 898640978482.7872 446
1757584681671 898317688640.1965 447
1757584681747 897994592069.8032 448
1757584681822 897671688627.8575 449
1757584681893 897348978170.7374 450
1757584681962 897026460554.9491 451
1757584682036 896704135637.1279 452
1757584682108 896382003274.036 453
1757584682180 896060063322.5643 454
1757584682252 895738315639.7317 455
1757584682329 895416760082.6841 456
1757584682400 895095396508.6954 457
1757584682476 894774224775.1667 458
1757584682551 894453244739.6268 459
1757584682625 894132456259.7312 460
1757584682732 893811859193.2627 461
1757584682808 893491453398.1309 462
1757584682881 893171238732.3724 463
1757584682951 892851215054.1503 464
1757584683022 892531382221.7542 465
1757584683093 892211740093.6003 466
1757584683166 891892288528.2311 467
1757584683243 891573027384.3146 468
1757584683316 891253956520.6458 469
1757584683397 890935075796.1449 470
1757584683468 890616385069.8585 471
1757584683555 890297884200.9581 472
1757584683627 889979573048.7415 473
1757584683717 889661451472.6312 474
1757584683787 889343519332.1754 475
1757584683887 889025776487.0475 476
1757584683971 888708222797.0458 477
1757584684044 888390858122.0931 478
1757584684118 888073682322.2375 479
1757584684192 887756695257.6519 480
1757584684267 887439896788.6332 481
1757584684339 887123286775.6028 482
1757584684414 886806865079.1066 483
1757584684487 886490631559.8146 484
1757584684572 886174586078.5206 485
1757584684652 885858728496.1427 486
1757584684725 885543058673.7224 487
1757584684799 885227576472.4253 488
1757584684871 884912281753.5398 489
1757584684947 884597174378.4784 490
1757584685021 884282254208.7764 491
1757584685092 883967521106.0929 492
1757584685162 883652974932.2091 493
1757584685247 883338615549.0302 494
1757584685322 883024442818.5831 495
1757584685399 882710456603.0182 496
1757584685469 882396656764.6082 497
1757584685542 882083043165.7477 498
1757584685621 881769615668.9545 499
