1757550048804 2472901819.777701 0
1757550049291 31218998356.63331 1
1757550049766 11525273131.150942 2
1757550050266 290042239.4409696 3
1757550050756 5997304804.218964 4
1757550051239 6305658814.886049 5
1757550051721 312112319568.17505 6
1757550052234 193522068955.35373 7
1757550052716 69430988888.17851 8
1757550053208 336373066567.57996 9
1757550053687 295085396127.8937 10
1757550054182 102000892751.58316 11
1757550054678 34107484371.962315 12
1757550055180 56801177670.43595 13
1757550055654 115534895807.23616 14
1757550056131 4326110763475.3706 15
1757550056615 11991987167.246367 16
1757550057086 11826329572.127935 17
1757550057574 240500541.87255505 18
1757550058057 398554245.53850394 19
1757550058548 230603613580.98492 20
1757550059046 81797564889.57886 21
1757550059535 16172772618.875729 22
1757550060031 39351677928.49562 23
1757550060533 29039110849.349274 24
1757550061010 198291403359.70132 25
1757550061484 47146708910.86607 26
1757550061950 118934424670.97227 27
1757550062447 38772421713.83824 28
1757550062932 2507890513.9665 29
1757550063419 333834676825.5849 30
1757550063931 44229698444.291664 31
1757550064431 229017019863.796 32
1757550064921 7385882204.965674 33
1757550065407 80186166436.49524 34
1757550065910 444169.49947934964 35
1757550066400 8739260032.220436 36
1757550066907 6735696158.689637 37
1757550067394 151847920184.56073 38
1757550067865 303549026110.8552 39
1757550068349 64679635805.12308 40
1757550068828 27436517274.231613 41
1757550069339 70334007788.91092 42
1757550069888 21963373990.99454 43
1757550070413 81954035567.16602 44
1757550070915 181942947291.6752 45
1757550071426 47522416387.7414 46
1757550071900 2901304318.5123816 47
1757550072384 208810346991.11395 48
1757550072865 113507125092.76529 49
1757550073325 226805616.5667708 50
1757550073809 200335974249.67084 51
1757550074307 22752686599.10917 52
1757550074779 13448779977.193481 53
1757550075270 111720790169.77644 54
1757550075747 4293592382.22028 55
1757550076227 96617949522.57611 56
1757550076739 2019172365.159511 57
1757550077232 24316061155.43418 58
1757550077699 15206085825.214901 59
1757550078210 2375081293.7390237 60
1757550078692 96156983351.07147 61
1757550079188 359616785252.66235 62
1757550079682 31448397546.41079 63
1757550080181 6071301681.737218 64
1757550080679 36468990750.81469 65
1757550081167 2206262386.0082426 66
1757550081641 89025264448.02779 67
1757550082106 77708370445.64696 68
1757550082595 29539793096.553516 69
1757550083082 116035243687.00377 70
1757550083579 13576875821.933037 71
1757550084066 8242657453.488675 72
1757550084622 2669888737.148159 73
1757550085144 33797214743.89921 74
1757550085684 30553806801.781033 75
1757550086236 52623032959.679245 76
1757550086793 7098456677.335014 77
1757550087342 58508147532.51977 78
1757550087833 841050770420.2109 79
1757550088350 12295693870.301575 80
1757550088831 850810529566.3065 81
1757550089327 382281050.02882636 82
1757550089809 429124019908.2424 83
1757550090318 10401485628.80845 84
1757550090833 15008443.520588245 85
1757550091340 186837780083.04843 86
1757550091818 11875493138.9185 87
1757550092299 6549687841.350723 88
1757550092771 108088247123.56718 89
1757550093250 25004180149.256443 90
1757550093728 2119380764676.4858 91
1757550094216 64970037537.334564 92
1757550094695 25737344957.635784 93
1757550095184 275901406826.37805 94
1757550095666 15733616552.870932 95
1757550096139 58565131950.79722 96
1757550096632 385226535149.71936 97
1757550097110 4773907686.765915 98
1757550097600 56429304942.65041 99
1757550098091 13034013321.624708 100
1757550098563 53700601264.0641 101
1757550099041 18829520009.055485 102
1757550099566 29729333409.583256 103
1757550100066 135067267434.81476 104
1757550100558 105071070264.41753 105
1757550101140 51922247927.154655 106
1757550101654 63374724806.30787 107
1757550102221 52451103861.83483 108
1757550102776 17924966885.21162 109
1757550103291 45438779503.48218 110
1757550103774 79775006972.17271 111
1757550104257 6380527554.709647 112
1757550104733 8821293915289.162 113
1757550105201 1402643096.4058497 114
1757550105676 62572834681.53864 115
1757550106150 2717523766.727811 116
1757550106646 318244585102.4195 117
1757550107120 199534999820.7545 118
1757550107597 16007127201.276281 119
1757550108092 262517616973.35553 120
1757550108573 2250001975.0287457 121
1757550109046 3463288896.15656 122
1757550109534 2751937392.3121347 123
1757550110007 3088769897.2133265 124
1757550110504 676851968638.2098 125
1757550111033 1975163032532.1125 126
1757550111532 4039248295.576403 127
1757550112010 474390739912.5492 128
1757550112491 1236963381.9714193 129
1757550112973 693777134.082225 130
1757550113447 6077550189.057357 131
1757550113923 32498857239.308514 132
1757550114396 97086634403.09644 133
1757550114901 384712448830.66907 134
1757550115403 1484728304.2348485 135
1757550115882 27638224048.942272 136
1757550116359 430794986901.3165 137
1757550116874 36387781503.6292 138
1757550117348 77175550979.20737 139
1757550117832 110423155772.95029 140
1757550118296 62627451393.80782 141
1757550118777 189364950444.9961 142
1757550119246 2317097852.469863 143
1757550119724 8385262224.56124 144
1757550120203 109778982120.3548 145
1757550120683 154346814453.09003 146
1757550121171 172441299555.71362 147
1757550121653 79426274457.22928 148
1757550122124 168150355848.76855 149
1757550122615 12903151702.796185 150
1757550123093 59610641174.01758 151
1757550123591 282313.2211666184 152
1757550124068 233969045061.7163 153
1757550124550 2515876329.7524123 154
1757550125050 553810897.3583423 155
1757550125536 3194847761.6386385 156
1757550126042 14793522893.322908 157
1757550126545 1013052538.1693066 158
1757550127053 3368855413.7016454 159
1757550127569 147989929520.7636 160
1757550128064 96712173588.74565 161
1757550128557 594550274.428845 162
1757550129049 210162863704.4993 163
1757550129538 19702601314.92674 164
1757550130071 83996777375.42007 165
1757550130586 514263011.7899438 166
1757550131084 69612112041.8903 167
1757550131568 5286729862.8150015 168
1757550132054 185937641075.6319 169
1757550132548 17083529196.03149 170
1757550133038 3103094097.356137 171
1757550133553 47367205900.71896 172
1757550134127 129588285012.74887 173
1757550134720 499585148772.7218 174
1757550135229 242219472644.75098 175
1757550135700 222284363697.1977 176
1757550136181 600943770.819246 177
1757550136667 12349448879.680962 178
1757550137135 7769731412.005272 179
1757550137606 473181188686.9369 180
1757550138081 7976026432.187918 181
1757550138555 184900988549.70523 182
1757550139061 35355900515.24306 183
1757550139573 1393967317.7867131 184
1757550140057 506267647639.0088 185
1757550140534 68701293885.46741 186
1757550141017 218806492688.9332 187
1757550141486 156862309834.18918 188
1757550141963 826803173706.0184 189
1757550142469 2897610728814.43 190
1757550142959 9483251213.715607 191
1757550143434 60189802.32916892 192
1757550143905 395010529.89797914 193
1757550144384 6449905131.602124 194
1757550144873 50937460663.84723 195
1757550145349 68221750630.45525 196
1757550145822 46905144955.81078 197
1757550146295 164833140428.98572 198
1757550146803 8277203110.54422 199
1757550147266 362362493288.54065 200
1757550147744 217894376.17905045 201
1757550148230 124341925266.0488 202
1757550148770 18295485745.80529 203
1757550149300 166824112249.09555 204
1757550149824 84447539683.9529 205
1757550150361 572769231397.8738 206
1757550150917 2108418712.1787164 207
1757550151433 36747685169.485695 208
1757550151928 655508461.3266423 209
1757550152416 11018104429.899183 210
1757550152907 255162350825.91257 211
1757550153389 64002386519.24894 212
1757550153869 269424954631.38055 213
1757550154373 228917819010.6513 214
1757550154855 576398987066.4319 215
1757550155346 88630009255.25621 216
1757550155811 169082760606.11038 217
1757550156294 65025783650.377304 218
1757550156794 13439091653.45434 219
1757550157279 45348260176.96726 220
1757550157747 1361904795.046389 221
1757550158233 39615557516.131775 222
1757550158700 330876174426.9578 223
1757550159178 38779378756.16717 224
1757550159653 19596827034.001476 225
1757550160147 293492582907.05237 226
1757550160646 35970491273.84321 227
1757550161133 957144500799.5363 228
1757550161620 348728124.30895287 229
1757550162101 8561147644.782414 230
1757550162576 46509195962.58055 231
1757550163081 167435508672.427 232
1757550163555 33758624505.540947 233
1757550164060 71281610592.68465 234
1757550164557 40292055212.90893 235
1757550165051 6668407591.3807335 236
1757550165565 130483929.9170359 237
1757550166117 3806651348.7683873 238
1757550166658 254530160227.323 239
1757550167179 38496887101.90481 240
1757550167659 2178693724.741343 241
1757550168127 289331924.86543214 242
1757550168614 81173628005.24123 243
1757550169106 63045467505.48862 244
1757550169622 313056415.7353321 245
1757550170114 3343214229.835595 246
1757550170607 1355732700.3430133 247
1757550171098 4815939860.201325 248
1757550171578 49803679976.00595 249
1757550172052 4479510768.324764 250
1757550172535 162942141845.1889 251
1757550173046 409049294448.98645 252
1757550173535 96806423727.77458 253
1757550174004 180237419382.8681 254
1757550174496 135175082418.08315 255
1757550175000 190044850863.25143 256
1757550175501 155261863906.9073 257
1757550176019 18974930769.748802 258
1757550176517 117912632260.08153 259
1757550177000 159630723059.02936 260
1757550177464 307149874139.1501 261
1757550177994 115732644857.72304 262
1757550178462 34065644399.77252 263
1757550178970 57073695330.05149 264
1757550179447 121680455478.28682 265
1757550179927 232846967575.24774 266
1757550180400 90414387622.52072 267
1757550180882 8343270429836.137 268
1757550181366 19983203796.487484 269
1757550181854 26353347438.73132 270
1757550182336 1145572465.2221541 271
1757550182818 116166590358.18008 272
1757550183291 11030000429.375523 273
1757550183770 16271224870.0344 274
1757550184275 144401703462.2609 275
1757550184780 372442970354.3849 276
1757550185274 14115086172.212372 277
1757550185783 15563639307.849718 278
1757550186260 241521475099.27515 279
1757550186770 2193879583.5639224 280
1757550187264 12551106544.229197 281
1757550187762 27079595009.25104 282
1757550188237 9887564482.518023 283
1757550188723 126349341195.40248 284
1757550189226 25181923088.496292 285
1757550189701 109534045955.67178 286
1757550190176 74164998534.53035 287
1757550190652 10943762182.226698 288
1757550191131 1040591168.171969 289
1757550191608 56343658548.27741 290
1757550192088 710582868526.3796 291
1757550192563 1044236769.5618455 292
1757550193043 188755704536.342 293
1757550193539 58355989652.28492 294
1757550194013 2527626574.9111185 295
1757550194497 4204982837.4793563 296
1757550194981 55439559164.91581 297
1757550195455 8169452205.081823 298
1757550195956 24335877063.062378 299
1757550196469 517203440.2625616 300
1757550197004 196670638502.5643 301
1757550197492 3644490641.6755185 302
1757550198010 80620755742.45706 303
1757550198522 6527489504.371346 304
1757550199057 181576454616.88873 305
1757550199567 7006938949.905879 306
1757550200036 4212169755.01729 307
1757550200520 3629624653.402729 308
1757550200991 32714882037.406376 309
1757550201478 316562234808.7112 310
1757550201959 94244208767.05539 311
1757550202434 26589690973.253014 312
1757550202903 40717374788.05149 313
1757550203397 668329085659.0826 314
1757550203869 176755540206.09113 315
1757550204361 339370592919.85223 316
1757550204852 2467689943.088339 317
1757550205321 250416456501.02597 318
1757550205794 97224947306.99994 319
1757550206263 72063305289.31612 320
1757550206763 279595066334.5327 321
1757550207260 8274517790.2811365 322
1757550207750 116762290674.22292 323
1757550208259 549948736.2949135 324
1757550208735 8975818395.580137 325
1757550209202 3327464011.9304013 326
1757550209723 285653823.94890434 327
1757550210207 17883389823.513172 328
1757550210702 12263873249.780437 329
1757550211202 5884435146.853161 330
1757550211675 10390429952.872934 331
1757550212165 145705961179.3647 332
1757550212685 217133422512.79617 333
1757550213161 293229775784.9837 334
1757550213655 3429169950026.1494 335
1757550214155 39293220282.47472 336
1757550214634 95156713070.77748 337
1757550215115 166060137070.7313 338
1757550215594 4806102005.898313 339
1757550216069 13215194555.495712 340
1757550216558 491551069.9128565 341
1757550217050 19606503163.527855 342
1757550217538 36347188282.98243 343
1757550218015 16841127180.604557 344
1757550218514 22108689071.85546 345
1757550219000 57519708178.60605 346
1757550219523 978238810.3412925 347
1757550220009 23011909831.27074 348
1757550220500 11477849523.2969 349
1757550220980 8657753239.424246 350
1757550221469 10130671929.27048 351
1757550221959 33709907.063349165 352
1757550222462 5081222279.356344 353
1757550222955 61667115274.290855 354
1757550223432 510057350265.97455 355
1757550223925 12713995608.33326 356
1757550224411 687984046026.4194 357
1757550224899 599581506.8816078 358
1757550225400 8230910779.724022 359
1757550225903 443994842.92879254 360
1757550226386 1449407707.4271123 361
1757550226913 13605083836.57469 362
1757550227406 95477069909.08472 363
1757550227894 757375375912.6141 364
1757550228377 49709666625.50375 365
1757550228879 5260000845.573482 366
1757550229376 97808427648.79706 367
1757550229869 450560573428.153 368
1757550230440 68935205963.23607 369
1757550231024 43035100973.3293 370
1757550231559 54347828.299926266 371
1757550232052 35494832610.630516 372
1757550232541 1969471743.498628 373
1757550233041 925141753.7679025 374
1757550233544 20275118297.107433 375
1757550234044 231356067.74992785 376
1757550234534 495072492042.4893 377
1757550235044 41070907560.905014 378
1757550235538 14269359375.595842 379
1757550236026 320689765557.80786 380
1757550236513 8223301092134.707 381
1757550237016 22512849746.526413 382
1757550237497 129509868558.12634 383
1757550237999 3032249816.5918975 384
1757550238498 71508567083.43604 385
1757550238978 30145319271.671204 386
1757550239501 25234456728.57063 387
1757550240015 245993815022.77094 388
1757550240514 386415030892.3704 389
1757550241019 45548481660.18703 390
1757550241517 67329536449.64822 391
1757550242002 185725717759.16382 392
1757550242501 225448119.85376588 393
1757550242994 11337104365.647839 394
1757550243486 660169294667.8704 395
1757550243979 471448264.94166046 396
1757550244468 204940356870.66226 397
1757550244966 915774292517.614 398
1757550245473 477644057.8190061 399
1757550245977 9753569038.767706 400
1757550246471 3282247134.3481917 401
1757550246981 22023342029.71546 402
1757550247472 16345319.408430489 403
1757550247990 436251933.3998169 404
1757550248494 38777814832.03634 405
1757550249008 1810608153215.2144 406
1757550249520 39570400823.61245 407
1757550250035 623207474892.4987 408
1757550250529 9001576999.738354 409
1757550251032 40093270877.72196 410
1757550251522 3751541472.5475965 411
1757550252021 10689445165.531359 412
1757550252518 150888279.48673397 413
1757550253016 31128442935.281235 414
1757550253520 807009040317.9863 415
1757550254022 84263008783.98294 416
1757550254517 35319059627.6848 417
1757550255031 41107614776.22612 418
1757550255532 265139001117.08328 419
1757550256052 181978492680.69666 420
1757550256558 55623619515.30678 421
1757550257068 33691482190.120865 422
1757550257544 498249281939.2682 423
1757550258031 192233509605.30984 424
1757550258525 2912154077.6097574 425
1757550259016 114857214433.57788 426
1757550259528 72067465250.3261 427
1757550260040 12883047140.68769 428
1757550260546 8428252151.378809 429
1757550261038 67447152266.120865 430
1757550261528 41736352206.57491 431
1757550262041 8569207932.940212 432
1757550262640 127335863794.73894 433
1757550263209 22585795733.311607 434
1757550263803 370606882.6939454 435
1757550264308 44524575102.645485 436
1757550264797 22683813147.24227 437
1757550265297 12410482600.664394 438
1757550265791 3182521153084.1743 439
1757550266278 5370297024.406639 440
1757550266775 213584458464.85388 441
1757550267267 77826181038.41974 442
1757550267757 462664639372.6326 443
1757550268252 681212228616.2253 444
1757550268762 269223388140.47928 445
1757550269297 12874616743.998653 446
1757550269794 159911498351.04388 447
1757550270278 73901644185.98477 448
1757550270772 13619967979.759748 449
1757550271255 391993220049.51483 450
1757550271736 7362534981.038081 451
1757550272219 41333467522.38683 452
1757550272702 57950303927.85749 453
1757550273216 66316241719.05523 454
1757550273706 14182717762.648886 455
1757550274202 30336655853.06783 456
1757550274746 16257799056.102463 457
1757550275253 1976859286.4331355 458
1757550275783 1123308183786.549 459
1757550276299 16693641626.95084 460
1757550276851 80186858190.36752 461
1757550277381 69484229.9078153 462
1757550277965 86822342629.64377 463
1757550278506 225574096382.99042 464
1757550279034 98540281762.42293 465
1757550279558 9360445710.682806 466
1757550280073 73638221933.6055 467
1757550280567 157244016035.49573 468
1757550281078 15930126939.843342 469
1757550281591 1813843364.5147655 470
1757550282083 210823526102.81256 471
1757550282579 24899123515.33841 472
1757550283070 840342446.1474001 473
1757550283589 11006124242.515451 474
1757550284067 20905002232.794777 475
1757550284566 11433885407.966614 476
1757550285061 1753856878.4326565 477
1757550285547 30324529083.593735 478
1757550286064 59101976685.64797 479
1757550286586 14056258477.661022 480
1757550287118 6430516685.138201 481
1757550287636 62640478059.93488 482
1757550288128 494980078206.10364 483
1757550288635 358389754345.9811 484
1757550289141 1390541313148.8232 485
1757550289650 90285541712.49391 486
1757550290162 79863887340.28017 487
1757550290661 8743696958.999346 488
1757550291155 13099598445.887983 489
1757550291661 816626900.1712745 490
1757550292144 34031217060.098183 491
1757550292653 10511839232.79479 492
1757550293141 284588956.1222142 493
1757550293636 508448350949.2073 494
1757550294155 38573070477.44148 495
1757550294715 605509532431.3895 496
1757550295291 514386377.2259222 497
1757550295858 2500803394.237795 498
1757550296391 486837693.51665145 499
