1757589009229 1019577189588.1932 0
1757589009300 804773044138.3645 1
1757589009368 1122168315753.5723 2
1757589009441 14338953915056.953 3
1757589009517 337101909085773.8 4
1757589009586 8136472469365509.0 5
1757589009650 1.9656486022834557e+17 6
1757589009724 4.748870088159436e+18 7
1757589009799 1.147295520747363e+20 8
1757589009864 2.7717900113777446e+21 9
1757589009936 6.696461165231635e+22 10
1757589010007 1.6178206840257215e+24 11
1757589010079 3.908547666174906e+25 12
1757589010154 9.442792399265256e+26 13
1757589010228 2.281316128433081e+28 14
1757589010296 5.511508733634832e+29 15
1757589010365 1.3315440215557402e+31 16
1757589010439 3.2169222023013686e+32 17
1757589010511 7.771871067070347e+33 18
1757589010587 1.8776325967707228e+35 19
1757589010660 4.536236046675606e+36 20
1757589010736 1.095924597099002e+38 21
1757589010806 2.6476812718041982e+39 22
1757589010874 6.396622665117006e+40 23
1757589010947 1.5453816875777774e+42 24
1757589011019 3.733539846463743e+43 25
1757589011091 9.019985093120216e+44 26
1757589011161 2.1791686824280722e+46 27
1757589011235 5.2647272666750965e+47 28
1757589011303 1.2719232529346476e+49 29
1757589011375 3.0728823724567947e+50 30
1757589011448 7.423880374204369e+51 31
1757589011520 1.7935603492180747e+53 32
1757589011590 4.3331230625224424e+54 33
1757589011659 1.0468538448204134e+56 34
1757589011729 2.529129582987941e+57 35
1757589011801 6.110209633554017e+58 36
1757589011871 1.4761861953260924e+60 37
1757589011943 3.5663681182143515e+61 38
1757589012016 8.616109265136517e+62 39
1757589012088 2.081594956213925e+64 40
1757589012155 5.028995603930041e+65 41
1757589012226 1.214972043857538e+67 42
1757589012300 2.9352920217344777e+68 43
1757589012372 7.091471195915307e+69 44
1757589012448 1.7132524924310755e+71 45
1757589012523 4.139104597240677e+72 46
1757589012595 9.999802680916339e+73 47
1757589012666 2.4158861248378207e+75 48
1757589012733 5.836620935853376e+76 49
1757589012807 1.4100889772330964e+78 50
1757589012881 3.406681615213661e+79 51
1757589012953 8.2303172458005e+80 52
1757589013019 1.988390158446689e+82 53
1757589013088 4.803818983071412e+83 54
1757589013163 1.1605708630213976e+85 55
1757589013245 2.8038623704198186e+86 56
1757589013320 6.773945859531096e+87 57
1757589013387 1.6365404733110373e+89 58
1757589013454 3.953773437702828e+90 59
1757589013529 9.55205486916998e+91 60
1757589013599 2.3077132177974834e+93 61
1757589013670 5.575282353942313e+94 62
1757589013746 1.3469513060139824e+96 63
1757589013824 3.2541451815258912e+97 64
1757589013894 7.86179932056004e+98 65
1757589013968 1.8993586674512216e+100 66
1757589014043 4.5887247950830385e+101 67
1757589014111 1.1086055312167964e+103 68
1757589014184 2.678317569101962e+104 69
1757589014262 6.470637931137521e+105 70
1757589014336 1.5632632858363514e+107 71
1757589014405 3.7767406040199395e+108 72
1757589014479 9.124355263305341e+109 73
1757589014554 2.204383824570664e+111 74
1757589014626 5.3256453807438405e+112 75
1757589014696 1.2866406659902885e+114 76
1757589014767 3.1084386680449907e+115 77
1757589014836 7.509782030370117e+116 78
1757589014907 1.8143136206428697e+118 79
1757589014981 4.3832615923314604e+119 80
1757589015053 1.0589669816842574e+121 81
1757589015124 2.5583941197107268e+122 82
1757589015192 6.180910816841677e+123 83
1757589015268 1.4932671331370122e+125 84
1757589015338 3.607634533136076e+126 85
1757589015423 8.715806191578339e+127 86
1757589015489 2.1056810736069615e+129 87
1757589015566 5.087186068950019e+130 88
1757589015639 1.2290304749611725e+132 89
1757589015710 2.969256260553983e+133 90
1757589015782 7.17352654832872e+134 91
1757589015859 1.7330765223334406e+136 92
1757589015935 4.18699814105119e+137 93
1757589016005 1.0115510312009879e+139 94
1757589016095 2.443840322477162e+140 95
1757589016178 5.904156426665348e+141 96
1757589016254 1.426405104700105e+143 97
1757589016343 3.4461002989781425e+144 98
1757589016416 8.325550176093942e+145 99
1757589016485 2.0113978039237988e+147 100
1757589016558 4.8594039313418685e+148 101
1757589016631 1.1739998185279603e+150 102
1757589016704 2.836305837870711e+151 103
1757589016775 6.85232712899938e+152 104
1757589016843 1.6554768690978218e+154 105
1757589016911 3.9995225162551866e+155 106
1757589016981 9.662581614172341e+156 107
1757589017048 2.3344157476568222e+158 108
1757589017119 5.639793898263423e+159 109
1757589017197 1.362536868028586e+161 110
1757589017280 3.291798867523863e+162 111
1757589017359 7.952768133099815e+163 112
1757589017430 1.9213361303092904e+165 113
1757589017507 4.6418208903482644e+166 114
1757589017578 1.1214331963145411e+168 115
1757589017660 2.7093083587330938e+169 116
1757589017733 6.545509627166597e+170 117
1757589017807 1.581351791915068e+172 118
1757589017884 3.82044123717144e+173 119
1757589017955 9.229933099834875e+174 120
1757589018035 2.2298907309068136e+176 121
1757589018104 5.38726837778821e+177 122
1757589018182 1.3015283741062212e+179 123
1757589018250 3.144406385224608e+180 124
1757589018324 7.596677653862938e+181 125
1757589018398 1.8353070279933993e+183 126
1757589018466 4.433980274639075e+184 127
1757589018535 1.0712202795509099e+186 128
1757589018604 2.58799727613704e+187 129
1757589018678 6.252430082915009e+188 130
1757589018750 1.510545714332915e+190 131
1757589018826 3.64937844139112e+191 132
1757589018898 8.81665671030138e+192 133
1757589018969 2.1300458912578817e+194 134
1757589019040 5.146049855341918e+195 135
1757589019115 1.2432515760505945e+197 136
1757589019186 3.0036134992897247e+198 137
1757589019261 7.256531362521518e+199 138
1757589019333 1.7531299359158736e+201 139
1757589019410 4.23544586064659e+202 140
1757589019487 1.0232556795110915e+204 141
1757589019561 2.4721179778977536e+205 142
1757589019628 5.97247337006257e+206 143
1757589019702 1.4429100259381703e+208 144
1757589019779 3.485975095994569e+209 145
1757589019863 8.421885045807477e+210 146
1757589019934 2.034671670669504e+212 147
1757589020004 4.9156320525722695e+213 148
1757589020075 1.1875841603635717e+215 149
1757589020147 2.869124708405364e+216 150
1757589020215 6.931615347464745e+217 151
1757589020292 1.6746323777579208e+219 152
1757589020361 4.0458009570032826e+220 153
1757589020436 9.774387263193641e+221 154
1757589020517 2.36142725226025e+223 155
1757589020591 5.7050519051108536e+224 156
1757589020669 1.3783027704476563e+226 157
1757589020739 3.329888243999718e+227 158
1757589020813 8.044789544989612e+228 159
1757589020885 1.943567894201671e+230 160
1757589020955 4.6955313600766074e+231 161
1757589021033 1.1344092902151572e+233 162
1757589021107 2.7406577425253612e+234 163
1757589021185 6.621247662948521e+235 164
1757589021252 1.5996495999425432e+237 165
1757589021327 3.864647529974493e+238 166
1757589021401 9.336732576605774e+239 167
1757589021474 2.2556927774374992e+241 168
1757589021549 5.449604414003069e+242 169
1757589021621 1.3165883477651291e+244 170
1757589021697 3.180790284551354e+245 171
1757589021774 7.684578745870225e+246 172
1757589021850 1.8565433498804084e+248 173
1757589021925 4.4852858223848446e+249 174
1757589022004 1.0836153602221275e+251 175
1757589022083 2.617942970432583e+252 176
1757589022156 6.324776897802979e+253 177
1757589022236 1.5280242258437076e+255 178
1757589022342 3.6916053680507194e+256 179
1757589022473 8.918674169512013e+257 180
1757589022593 2.1546926340049664e+259 181
1757589022710 5.205594754101534e+260 182
1757589022843 1.2576372293788147e+262 183
1757589022958 3.0383682853403446e+263 184
1757589023070 7.3404966247078e+264 185
1757589023172 1.7734153873749614e+266 186
1757589023279 4.284454168390103e+267 187
1757589023393 1.0350957622064516e+269 188
1757589023518 2.5007228338268053e+270 189
1757589023632 6.041580808226198e+271 190
1757589023739 1.4596059254783854e+273 191
1757589023846 3.526311283945426e+274 192
1757589023962 8.519334605472572e+275 193
1757589024063 2.058214839127791e+277 194
1757589024179 4.972510788911384e+278 195
1757589024294 1.2013256865021026e+280 196
1757589024407 2.902323325809615e+281 197
1757589024528 7.011821009226246e+282 198
1757589024639 1.6940095346445118e+284 199
1757589024760 4.0926148851925395e+285 200
1757589024875 9.88748661442125e+286 201
1757589024982 2.38875130675189e+288 202
1757589025092 5.7710650117961e+289 203
1757589025193 1.3942510999884657e+291 204
1757589025306 3.3684183523242726e+292 205
1757589025410 8.137875735847598e+293 206
1757589025521 1.9660569016434857e+295 207
1757589025626 4.749863313189784e+296 208
1757589025740 1.1475355303870745e+298 209
1757589025848 2.7723698697687774e+299 210
1757589025957 6.6978620628933e+300 211
1757589026058 1.6181591317498648e+302 212
1757589026178 3.9093653334126455e+303 213
1757589026303 inf 214
1757589026430 inf 215
1757589026557 inf 216
