1757582606351 315117857792.66736 0
1757582606418 572480060407.889 1
1757582606488 1486437405893.9958 2
1757582606556 1169995131293.5115 3
1757582606623 701138907312.9084 4
1757582606688 527263034502.7337 5
1757582606754 1513044444940.7017 6
1757582606820 1097268835699.3297 7
1757582606885 543965900464.579 8
1757582606950 452282552855.2951 9
1757582607016 899820230206.918 10
1757582607081 509297502614.865 11
1757582607147 1074240460522.6584 12
1757582607213 358224971321.2276 13
1757582607278 570577424466.3699 14
1757582607344 204296188898.23764 15
1757582607411 338234552529.06976 16
1757582607475 266962235786.39792 17
1757582607547 713962744739.108 18
1757582607619 985718378018.5642 19
1757582607685 887049782215.285 20
1757582607753 368353811294.90936 21
1757582607820 774386513552.8864 22
1757582607885 336871404566.97107 23
1757582607950 1659804278117.5652 24
1757582608016 302147854070.50977 25
1757582608081 535418467336.86456 26
1757582608147 1008161464348.9232 27
1757582608213 466094755980.69226 28
1757582608280 522863914927.7246 29
1757582608346 291821445594.0558 30
1757582608413 1045775996241.958 31
1757582608480 378780880406.86804 32
1757582608546 1077258273590.7041 33
1757582608611 366047451424.2064 34
1757582608679 292801006333.18964 35
1757582608745 738018993667.0833 36
1757582608812 657806823382.2572 37
1757582608878 414682768682.9633 38
1757582608944 952208227509.1017 39
1757582609009 789352095355.2833 40
1757582609074 203855476363.71585 41
1757582609142 1145193734176.7158 42
1757582609207 308909437278.7018 43
1757582609273 804001061299.6758 44
1757582609339 418903850373.65564 45
1757582609405 242491643377.85663 46
1757582609471 680199651283.0648 47
1757582609537 279112159113.57086 48
1757582609605 299330456226.7645 49
1757582609672 890445289564.1818 50
1757582609737 1009914012765.174 51
1757582609803 460945801294.8752 52
1757582609868 133401045515.45866 53
1757582609933 774977533514.8018 54
1757582609999 569352561078.4868 55
1757582610066 725048480170.6992 56
1757582610133 209782621005.73392 57
1757582610199 205514533877.58417 58
1757582610264 239525080582.3955 59
1757582610330 493731941605.9215 60
1757582610396 862149772982.7206 61
1757582610462 569428563649.3406 62
1757582610528 650536503712.7219 63
1757582610593 437720357449.41516 64
1757582610660 194567457935.97855 65
1757582610746 375054602450.2166 66
1757582610816 265421660632.99313 67
1757582610888 888045585137.2816 68
1757582610955 692549384467.2792 69
1757582611022 590346934145.8723 70
1757582611088 815912976827.886 71
1757582611155 804267754007.547 72
1757582611221 340809697262.66626 73
1757582611286 382892271491.6908 74
1757582611352 887349217018.2465 75
1757582611417 213855841619.8393 76
1757582611482 408122100741.5139 77
1757582611549 270622234576.99588 78
1757582611615 589822464151.1016 79
1757582611683 858176385543.2708 80
1757582611750 112608362184.07037 81
1757582611817 479493679743.3169 82
1757582611886 197337686472.514 83
1757582611953 340812408952.58936 84
1757582612020 187475740025.1131 85
1757582612085 160905010540.98514 86
1757582612153 145679682186.8957 87
1757582612220 689135429021.8091 88
1757582612287 161766489533.5213 89
1757582612353 336244500006.5495 90
1757582612419 334590729289.9129 91
1757582612485 105497335073.91142 92
1757582612552 184357712169.8818 93
1757582612619 187821720781.40717 94
1757582612687 582800773055.6489 95
1757582612754 315781483188.5373 96
1757582612822 523604955255.0143 97
1757582612889 123978222887.7366 98
1757582612955 101903040019.21266 99
1757582613023 480174692859.7593 100
1757582613092 265640460567.14288 101
1757582613161 502922347200.27155 102
1757582613228 141589040359.7746 103
1757582613296 466982210003.83124 104
1757582613362 430722372923.866 105
1757582613429 313294855407.0468 106
1757582613495 437922587927.87585 107
1757582613563 492508099671.01733 108
1757582613631 214874808568.75986 109
1757582613698 370650281159.32227 110
1757582613766 210021153711.5472 111
1757582613833 234178869269.28622 112
1757582613912 366676994985.78296 113
1757582613979 321835567122.2083 114
1757582614046 142257409807.16946 115
1757582614113 418209526186.1757 116
1757582614181 417836654811.78687 117
1757582614248 175584757794.90775 118
1757582614316 140122784483.61652 119
1757582614384 378047646644.1972 120
1757582614452 133833115341.46907 121
1757582614522 166452234326.54364 122
1757582614592 101641475994.33711 123
1757582614661 205157209366.4079 124
1757582614734 607623063804.7378 125
1757582614802 520944218146.53564 126
1757582614873 535724451551.62885 127
1757582614945 1115294447449.4526 128
1757582615013 355668699781.2218 129
1757582615080 511595654667.99005 130
1757582615149 409024515981.4707 131
1757582615219 697663598995.7216 132
1757582615288 101489624175.81781 133
1757582615355 388866751374.9028 134
1757582615423 127991707126.2476 135
1757582615490 104741950152.3049 136
1757582615557 131727796883.5078 137
1757582615624 196998793150.06973 138
1757582615692 422505586005.7027 139
1757582615761 173632893724.69022 140
1757582615829 684165529750.823 141
1757582615897 109037712624.05621 142
1757582615963 404282928988.92926 143
1757582616033 108075016158.18933 144
1757582616100 492028720570.02936 145
1757582616167 143092639771.7556 146
1757582616235 181585020265.0822 147
1757582616303 244036255454.82257 148
1757582616371 138417553535.2272 149
1757582616438 407443984328.0746 150
1757582616505 136789724199.38307 151
1757582616573 126954053345.02278 152
1757582616642 132688762791.45349 153
1757582616712 84019268912.2722 154
1757582616781 220534395387.03677 155
1757582616848 164114847507.69208 156
1757582616927 319909314608.7049 157
1757582616994 128818720717.30475 158
1757582617062 187800748806.26392 159
1757582617130 467709563218.7346 160
1757582617199 159389114681.823 161
1757582617267 153156648670.7026 162
1757582617335 385661270680.6312 163
1757582617404 368885568931.95325 164
1757582617474 369405756335.54083 165
1757582617542 905779031907.4198 166
1757582617610 341020271075.7939 167
1757582617678 190369921200.6942 168
1757582617745 502796031234.43555 169
1757582617813 172875085461.9598 170
1757582617882 82842726309.96974 171
1757582617953 138458932306.7785 172
1757582618021 149357190785.6079 173
1757582618089 263632175654.70032 174
1757582618155 276219835242.5366 175
1757582618223 79551290208.254 176
1757582618290 62412596797.83719 177
1757582618357 521954890572.53687 178
1757582618428 112831146683.15143 179
1757582618495 225019019855.2081 180
1757582618562 99524732906.25511 181
1757582618630 139327724105.36624 182
1757582618698 329427435920.4462 183
1757582618766 67796250932.756294 184
1757582618835 311441222947.9502 185
1757582618902 310039213262.6051 186
1757582618969 401128262746.6348 187
1757582619037 297472661678.9547 188
1757582619103 188831334193.68002 189
1757582619170 94138951438.4954 190
1757582619239 241354216446.83353 191
1757582619310 297684259959.11584 192
1757582619378 191343356327.36536 193
1757582619445 104192515309.11172 194
1757582619512 90365016287.34332 195
1757582619580 150811358982.81512 196
1757582619651 213069571803.49258 197
1757582619719 341545718024.9599 198
1757582619788 355430447303.23834 199
1757582619856 241710028858.57 200
1757582619924 87859969001.11002 201
1757582619991 173411574872.4237 202
1757582620060 157548485288.2538 203
1757582620129 288923063494.2968 204
1757582620211 111418851344.65263 205
1757582620279 429041442548.8609 206
1757582620348 108131619652.05891 207
1757582620416 135336201947.48074 208
1757582620483 310273588608.54626 209
1757582620551 428613622079.8216 210
1757582620618 101446397673.2112 211
1757582620689 420189600477.8904 212
1757582620757 572235073205.484 213
1757582620825 144489676516.91812 214
1757582620892 65890804474.865074 215
1757582620960 507350708466.62805 216
1757582621028 125780497034.85106 217
1757582621098 314094201578.32025 218
1757582621165 624324973639.2622 219
1757582621234 102752323585.44595 220
1757582621302 232958292277.31973 221
1757582621371 569823429058.2961 222
1757582621445 105526667556.53596 223
1757582621515 180243723363.1494 224
1757582621584 92892088740.50061 225
1757582621652 290646841378.16565 226
1757582621720 116959636177.04076 227
1757582621792 81160235842.96548 228
1757582621863 345056207203.5196 229
1757582621933 63103100481.23266 230
1757582622001 81261246984.2577 231
1757582622068 95745814294.17459 232
1757582622136 506205170186.42206 233
1757582622208 172894945918.27786 234
1757582622276 93451072163.09647 235
1757582622345 453166230602.0058 236
1757582622414 121398619414.25351 237
1757582622483 147956987332.44504 238
1757582622553 288605845535.42206 239
1757582622622 344451464106.63605 240
1757582622691 95153496508.47299 241
1757582622761 215399346121.15915 242
1757582622834 134293848828.84677 243
1757582622904 189059357901.75507 244
1757582622972 438095525914.17096 245
1757582623041 221619901858.4231 246
1757582623108 421966649973.47107 247
1757582623176 308504548653.2848 248
1757582623247 486860031371.48376 249
1757582623315 575749362886.4631 250
1757582623383 129155108937.3577 251
1757582623452 291481424332.9653 252
1757582623525 148798166691.39276 253
1757582623604 115789699881.8333 254
1757582623673 306958573181.87994 255
1757582623742 89339170051.0384 256
1757582623810 223105273303.9129 257
1757582623879 92943077906.61833 258
1757582623951 426411609632.6241 259
1757582624020 511383515156.465 260
1757582624090 109867681404.46828 261
1757582624163 142850973954.68127 262
1757582624234 112250277854.79727 263
1757582624302 117439422008.52527 264
1757582624437 719728510028.7172 265
1757582624507 95980472628.11562 266
1757582624576 128701930209.95778 267
1757582624644 143888556453.53452 268
1757582624716 88242176360.21182 269
1757582624787 452566014319.1172 270
1757582624858 442482239833.818 271
1757582624933 123026700315.33392 272
1757582625003 139847196591.53162 273
1757582625078 78181372328.7174 274
1757582625153 218357413460.23697 275
1757582625223 344624361765.3963 276
1757582625292 79989486296.95757 277
1757582625361 225625287081.31686 278
1757582625430 134331160061.64171 279
1757582625500 105899756672.10605 280
1757582625569 339404614617.7087 281
1757582625639 76754272050.22691 282
1757582625708 483053354084.2884 283
1757582625779 216692664175.16577 284
1757582625849 92608509388.18944 285
1757582625918 125585894917.01926 286
1757582625989 175156203375.74384 287
1757582626060 111325168310.99947 288
1757582626131 59943942668.2038 289
1757582626203 181730748339.99033 290
1757582626274 73479344192.27356 291
1757582626344 198418230522.52203 292
1757582626416 209989216748.36926 293
1757582626485 331282557731.7391 294
1757582626557 194053552691.31036 295
1757582626627 189144419945.7272 296
1757582626697 287649474414.957 297
1757582626767 373948889153.4108 298
1757582626848 155564173377.01144 299
1757582626918 408493340138.66644 300
1757582626989 68332316965.19515 301
1757582627059 397465027699.16125 302
1757582627128 402245948431.25885 303
1757582627198 306817058322.4089 304
1757582627269 103491856944.02057 305
1757582627340 278995038827.9214 306
1757582627410 105699092874.53656 307
1757582627481 153944634979.00687 308
1757582627550 682308680195.1241 309
1757582627620 211104920644.64786 310
1757582627690 441016970264.17426 311
1757582627761 550129719296.6581 312
1757582627830 211526835857.95016 313
1757582627902 317206118794.4211 314
1757582627972 260178278607.99686 315
1757582628043 290536539759.0799 316
1757582628112 226983927181.45322 317
1757582628183 62195977783.53806 318
1757582628256 543960160853.8017 319
1757582628329 85127077490.58736 320
1757582628400 227433721474.55814 321
1757582628470 208190613840.4167 322
1757582628540 204513333984.4805 323
1757582628611 117427183945.73607 324
1757582628680 102715495792.33812 325
1757582628751 66353997105.9971 326
1757582628821 366892587892.58545 327
1757582628891 136656851822.7429 328
1757582628960 210757806532.9247 329
1757582629032 93507421759.23422 330
1757582629104 50787942300.71373 331
1757582629173 327198587273.86096 332
1757582629245 262911794902.2026 333
1757582629316 431906415238.18365 334
1757582629385 87997413955.58798 335
1757582629455 224967934445.73462 336
1757582629525 190890029230.33286 337
1757582629595 92319588406.18106 338
1757582629667 156596501785.8129 339
1757582629737 267153718314.339 340
1757582629806 466317301332.04376 341
1757582629876 102214766199.55739 342
1757582629947 512219033985.9553 343
1757582630015 311172412476.55096 344
1757582630089 305365537555.9594 345
1757582630175 174430782750.44968 346
1757582630248 208714790246.97787 347
1757582630317 183795985439.47104 348
1757582630387 298288837770.74426 349
1757582630456 97384927172.42601 350
1757582630530 502017422491.81226 351
1757582630601 230281707225.03094 352
1757582630672 487457750522.95856 353
1757582630742 284085025250.4173 354
1757582630812 59719754404.74268 355
1757582630882 332362487916.25116 356
1757582630953 505522517380.99396 357
1757582631023 306199012763.7565 358
1757582631094 450469374629.5288 359
1757582631168 266506629038.36295 360
1757582631240 234760127829.2753 361
1757582631314 292283685728.70197 362
1757582631383 601843542504.177 363
1757582631453 201079881207.02942 364
1757582631523 171736069846.83246 365
1757582631595 340752109398.27704 366
1757582631665 209952521007.20093 367
1757582631736 244812380091.19717 368
1757582631839 170342932786.09406 369
1757582631911 305759748202.78534 370
1757582631981 63609192072.271454 371
1757582632053 290031151717.91455 372
1757582632125 146609853376.10815 373
1757582632196 197610971191.62427 374
1757582632268 364264445300.4275 375
1757582632344 393724359134.8641 376
1757582632416 76167599600.59927 377
1757582632486 279666939373.5994 378
1757582632556 239029375098.4074 379
1757582632627 294869175135.14386 380
1757582632699 203691941909.9247 381
1757582632771 155088348481.8713 382
1757582632843 307237314122.41565 383
1757582632915 372587820294.613 384
1757582632985 514819644928.9998 385
1757582633056 780147314792.2886 386
1757582633131 184295951106.05252 387
1757582633203 190287442699.41464 388
1757582633275 115977864577.01477 389
1757582633348 201339479343.12045 390
1757582633419 194168759355.90027 391
1757582633490 168891172850.47958 392
1757582633562 313529154275.913 393
1757582633640 184591954298.7377 394
1757582633721 90259153364.3386 395
1757582633794 159922152452.4363 396
1757582633866 66733570459.660484 397
1757582633939 106715828340.85687 398
1757582634010 180229749294.3038 399
1757582634082 360578845621.83514 400
1757582634154 248819673841.5561 401
1757582634225 543896032279.2905 402
1757582634298 390662827578.69385 403
1757582634370 129148886489.47954 404
1757582634441 99429437364.86113 405
1757582634511 427394675667.2834 406
1757582634583 201976433721.64636 407
1757582634655 211855495746.10245 408
1757582634729 282815674304.09375 409
1757582634800 138838647825.55963 410
1757582634873 276934298902.6869 411
1757582634950 139377092999.98117 412
1757582635023 175423646538.59714 413
1757582635103 399233968885.85736 414
1757582635175 741683075216.9508 415
1757582635251 136148683747.042 416
1757582635329 192350130730.5026 417
1757582635400 158970925085.27286 418
1757582635472 322761291257.5922 419
1757582635544 90773167015.66835 420
1757582635614 374569536539.32526 421
1757582635686 224972600811.44702 422
1757582635758 274227745915.71887 423
1757582635829 294289900349.7313 424
1757582635900 166659638778.19247 425
1757582635970 490819938032.557 426
1757582636041 78544963177.83319 427
1757582636112 252642031608.65057 428
1757582636186 320267272294.39606 429
1757582636258 184328387179.57425 430
1757582636330 488771199256.1154 431
1757582636401 614256233456.884 432
1757582636489 212941183387.96735 433
1757582636561 187165931754.2655 434
1757582636631 238806357375.33633 435
1757582636703 307393880983.0616 436
1757582636775 268293658583.8492 437
1757582636848 204746699907.32336 438
1757582636919 261579673579.40158 439
1757582636990 300782027351.05566 440
1757582637064 184153117534.7556 441
1757582637145 290839377968.52704 442
1757582637222 142029443207.38544 443
1757582637296 119276615545.69368 444
1757582637369 385165936452.50934 445
1757582637441 177166084469.40518 446
1757582637513 361111647714.1502 447
1757582637585 278089985047.26263 448
1757582637657 211676986127.21454 449
1757582637728 152406686484.6975 450
1757582637805 374724181759.91833 451
1757582637878 123147785072.20119 452
1757582637950 404881799550.4408 453
1757582638023 83939955943.00557 454
1757582638095 256588280179.87714 455
1757582638167 636685941399.8037 456
1757582638240 126775673757.77484 457
1757582638313 94827596866.04868 458
1757582638384 198328262864.32693 459
1757582638457 212967274958.0104 460
1757582638528 205452331033.33755 461
1757582638600 121404954434.5796 462
1757582638674 437444977897.4119 463
1757582638746 212795053432.86197 464
1757582638818 109453660498.79524 465
1757582638891 389918563982.5271 466
1757582638964 169772413438.45065 467
1757582639039 521771212886.05493 468
1757582639112 292606436987.4778 469
1757582639185 112157547040.51393 470
1757582639262 159329564462.26602 471
1757582639337 143863390857.98807 472
1757582639412 261233338331.4625 473
1757582639484 83016936552.03894 474
1757582639555 367920589406.0926 475
1757582639628 277055828097.0107 476
1757582639701 66556487846.202774 477
1757582639774 126518883545.50752 478
1757582639847 483220242817.36115 479
1757582639920 307584799896.303 480
1757582639992 244830228908.47885 481
1757582640068 208133815224.82587 482
1757582640140 312167187999.13025 483
1757582640214 363586016923.37854 484
1757582640288 238257666769.20062 485
1757582640364 524652510705.01105 486
1757582640436 351013128434.1307 487
1757582640508 198268713225.87186 488
1757582640580 409617873436.645 489
1757582640653 426220515419.44495 490
1757582640737 134357126853.0605 491
1757582640810 534087908433.60693 492
1757582640883 70381850539.2977 493
1757582640958 242782979901.27032 494
1757582641030 155096510593.68588 495
1757582641103 129307742606.51274 496
1757582641175 185970871172.10657 497
1757582641247 551087829571.2664 498
1757582641321 164822837115.02237 499
