1757542182017 263703975354.5752 0
1757542182089 388190196488379.44 1
1757542182149 1.5098767779297969e+18 2
1757542182217 2.740340811988515e+19 3
1757542182283 4.842840034384409e+22 4
1757542182345 9.869742953917338e+25 5
1757542182407 1.1486266116149727e+29 6
1757542182472 2.5217159145170726e+31 7
1757542182548 1.4269807091060094e+35 8
1757542182624 2.0432027165877313e+37 9
1757542182690 1.3412475709371695e+41 10
1757542182754 3.307630364918914e+43 11
1757542182822 3.4904641065774025e+46 12
1757542182892 9.91239757880798e+49 13
1757542182968 2.1157566097365165e+52 14
1757542183058 2.1225987316647033e+57 15
1757542183131 2.6599959528474176e+58 16
1757542183197 2.633804642267428e+61 17
1757542183275 1.6136164041920214e+64 18
1757542183344 4.382250573879866e+67 19
1757542183407 1.728514176756844e+70 20
1757542183478 3.0087329297477536e+73 21
1757542183540 5.23080517835228e+76 22
1757542183612 5.967301957075424e+80 23
1757542183678 5.890400838866068e+81 24
1757542183740 4.746267523341205e+84 25
1757542183807 5.2930333166086455e+88 26
1757542183874 3.296350535797492e+91 27
1757542183944 4.228527015561192e+93 28
1757542184019 7.825794796656157e+96 29
1757542184095 2.866824838382051e+100 30
1757542184172 7.020820953565303e+102 31
1757542184237 4.2577026302393606e+105 32
1757542184321 6.116826363472557e+109 33
1757542184387 1.386596990099527e+112 34
1757542184456 5.647712527699002e+115 35
1757542184530 5.88781431849289e+117 36
1757542184594 2.925712834774152e+121 37
1757542184661 5.566552371569213e+123 38
1757542184729 4.326826916654669e+126 39
1757542184796 1.7077748188131627e+129 40
1757542184862 4.7060288452147843e+132 41
1757542184931 4.197669561487063e+135 42
1757542184995 1.1414565410819322e+138 43
1757542185065 6.540430222469717e+140 44
1757542185131 4.531717106983027e+143 45
1757542185199 7.179038817313057e+148 46
1757542185265 2.6003978322083228e+150 47
1757542185333 1.762119560111512e+153 48
1757542185400 1.1825924427621235e+157 49
1757542185462 4.0179769018706325e+159 50
1757542185529 1.2342548623167386e+162 51
1757542185597 1.424507846693634e+165 52
1757542185659 5.595456349347415e+167 53
1757542185727 2.884870927802965e+170 54
1757542185797 3.3961066644467856e+174 55
1757542185863 7.05329604730459e+176 56
1757542185927 4.672046298498013e+181 57
1757542185998 8.321454670670555e+182 58
1757542186062 2.862531606660422e+185 59
1757542186135 1.9678236050999622e+188 60
1757542186201 8.935758448186271e+191 61
1757542186272 1.818342676140084e+196 62
1757542186337 1.596011544822384e+198 63
1757542186409 3.703344832736593e+200 64
1757542186476 2.0048232648473643e+203 65
1757542186540 7.823517229895964e+206 66
1757542186612 1.3001574021923814e+209 67
1757542186684 3.3501688883240154e+213 68
1757542186748 1.290254243377026e+215 69
1757542186816 2.1665010404640006e+218 70
1757542186881 2.0943637378044898e+221 71
1757542186944 1.83225974469154e+226 72
1757542187013 1.891347600538569e+227 73
1757542187071 6.248975364549551e+229 74
1757542187137 1.6004680086322784e+233 75
1757542187198 5.603504710698054e+236 76
1757542187266 7.848636540763369e+238 77
1757542187334 7.893630858138218e+241 78
1757542187401 3.4913350311574963e+244 79
1757542187475 1.597786044247216e+248 80
1757542187546 1.2836980800318137e+251 81
1757542187613 9.087712570170228e+254 82
1757542187721 5.741922891235808e+257 83
1757542187784 1.0258233867716442e+260 84
1757542187853 9.781875661880185e+262 85
1757542187917 1.831266724307926e+265 86
1757542187982 8.499336067569025e+268 87
1757542188043 5.078195675540666e+271 88
1757542188108 7.043759289271216e+274 89
1757542188179 6.422768408931006e+276 90
1757542188243 2.1598114447276732e+281 91
1757542188307 5.22286073424367e+282 92
1757542188375 7.809902148557959e+286 93
1757542188440 1.580174492658879e+290 94
1757542188510 7.328217624159543e+291 95
1757542188575 8.104893943250027e+294 96
1757542188639 4.258923424414687e+297 97
1757542188716 2.2913566993996074e+301 98
1757542188780 6.218157043518178e+305 99
1757542188852 inf 100
