1757542245879 303188887540.2744 0
1757542245944 1250374940427.8958 1
1757542246012 270889727450.83118 2
1757542246078 604961770812.9774 3
1757542246154 252423016750.9579 4
1757542246217 274176312651.4604 5
1757542246286 920202019544.1887 6
1757542246348 187886464678.79004 7
1757542246411 959223510719.6414 8
1757542246476 229982837565534.0 9
1757542246540 98240182640899.55 10
1757542246614 518261921784658.5 11
1757542246682 2221836831381387.8 12
1757542246752 1.9361289938358144e+16 13
1757542246815 1.7704468337291626e+17 14
1757542246884 8.924444561006027e+18 15
1757542246948 2.24973864128818e+19 16
1757542247017 1.7197046164409993e+22 17
1757542247087 2.0030796796156563e+21 18
1757542247150 4.14996668123963e+22 19
1757542247226 2.825949314168664e+24 20
1757542247290 2.71268067245215e+24 21
1757542247356 7.594387266761149e+24 22
1757542247421 1.764756431135666e+26 23
1757542247480 4.1793149078035695e+27 24
1757542247549 4.179141267845558e+28 25
1757542247618 1.1411104339067741e+29 26
1757542247683 8.089955663392829e+29 27
1757542247751 1.3619751808273009e+31 28
1757542247817 5.616173659946767e+31 29
1757542247887 2.0161541725125446e+33 30
1757542247950 1.6439451481402307e+34 31
1757542248020 5.849900270087672e+35 32
1757542248085 1.3534220242080404e+36 33
1757542248152 9.646946221718937e+38 34
1757542248226 2.347768627376339e+38 35
1757542248289 5.667101463774559e+38 36
1757542248357 2.492167345029907e+40 37
1757542248420 2.149725003896972e+41 38
1757542248485 7.059229853411302e+42 39
1757542248602 9.476964749769695e+42 40
1757542248663 8.402101316082948e+43 41
1757542248729 6.920805958394594e+44 42
1757542248797 4.305717440227414e+45 43
1757542248863 1.4064545753644205e+48 44
1757542248925 9.903025760825391e+47 45
1757542248992 2.888573177182345e+49 46
1757542249060 1.448762686026652e+50 47
1757542249127 6.358800081583714e+51 48
1757542249194 4.394142757662514e+51 49
1757542249262 3.4952463221756767e+52 50
1757542249335 8.908282723211572e+53 51
1757542249409 5.915302135660337e+54 52
1757542249470 1.1877896632909494e+56 53
1757542249537 8.098961237591975e+56 54
1757542249605 5.054563574329084e+57 55
1757542249673 5.217142261199519e+59 56
1757542249739 4.786998302376718e+59 57
1757542249815 1.0959901806927343e+62 58
1757542249879 4.835508307945163e+63 59
1757542249944 8.923098751545925e+62 60
1757542250021 7.683273837523464e+63 61
1757542250099 4.204720577263747e+64 62
1757542250165 1.0537336388783577e+66 63
1757542250231 2.9666961967856507e+66 64
1757542250306 1.9212980333332566e+67 65
1757542250370 2.0507511616926707e+68 66
1757542250435 7.720405277643882e+69 67
1757542250499 6.875327825285199e+70 68
1757542250563 5.375321202550694e+71 69
1757542250628 8.733571686948858e+73 70
1757542250698 3.02958406023098e+73 71
1757542250762 3.0919312851250403e+74 72
1757542250829 2.824431603405544e+77 73
1757542250892 5.5293049627103014e+76 74
1757542250961 2.1032580566411087e+81 75
1757542251029 1.7557659012936465e+80 76
1757542251093 8.4216780642847e+79 77
1757542251162 1.0841981200579525e+81 78
1757542251229 2.673574136327729e+82 79
1757542251300 6.850317423423832e+83 80
1757542251359 1.0395808492040911e+85 81
1757542251430 6.342485719630967e+84 82
1757542251494 1.3874520113410635e+85 83
1757542251558 2.087795440875305e+86 84
1757542251623 3.633665860921114e+88 85
1757542251692 1.289161046526828e+88 86
1757542251755 3.315518927035522e+90 87
1757542251825 2.6085293545920477e+90 88
1757542251898 2.985888541800534e+91 89
1757542251961 8.484133712072717e+92 90
1757542252031 1.4797641471495513e+94 91
1757542252096 8.487992533417503e+93 92
1757542252162 1.682177974197513e+95 93
1757542252263 1.4707426388946458e+96 94
1757542252332 2.9839647359461635e+97 95
1757542252400 4.583468880288445e+98 96
1757542252461 1.0720423382314441e+99 97
1757542252528 5.541546739949167e+100 98
1757542252606 5.768833331085737e+101 99
1757542252681 1.6803750258174486e+102 100
1757542252749 7.330629682025885e+104 101
1757542252817 4.849896358966886e+104 102
1757542252891 4.261087472865023e+104 103
1757542252964 8.229243570228405e+105 104
1757542253033 1.668828400860876e+108 105
1757542253102 6.54821785685352e+107 106
1757542253167 1.0993319347026845e+109 107
1757542253235 1.6086134873002206e+110 108
1757542253300 8.011457900725412e+110 109
1757542253374 5.495961416942238e+111 110
1757542253441 4.407201275449103e+112 111
1757542253510 1.383784945022197e+115 112
1757542253577 4.860555405964727e+115 113
1757542253644 2.482461947200538e+116 114
1757542253708 1.406819726376492e+117 115
1757542253778 5.142652059689197e+117 116
1757542253842 7.903767328952158e+118 117
1757542253910 1.3471839947159452e+120 118
1757542253979 2.7227992890362867e+121 119
1757542254050 5.553113269370631e+121 120
1757542254121 5.444158455817128e+122 121
1757542254191 5.683161438505826e+123 122
1757542254260 3.87928474933015e+125 123
1757542254330 5.642499015281428e+125 124
1757542254402 4.422281629020256e+127 125
1757542254476 2.887943863093937e+129 126
1757542254543 8.5892295917041e+128 127
1757542254612 5.022312313378322e+131 128
1757542254681 7.984878545017808e+130 129
1757542254752 8.23201128315836e+131 130
1757542254828 5.394066908263119e+132 131
1757542254894 2.3530447832126717e+134 132
1757542254960 4.2762092273146753e+136 133
1757542255024 4.740080187288335e+136 134
1757542255095 1.6910832170330001e+137 135
1757542255161 5.044783504299135e+137 136
1757542255231 7.031987319826155e+138 137
1757542255297 7.603787341689634e+139 138
1757542255370 1.1359839306090624e+140 139
1757542255436 1.2461810743518025e+141 140
1757542255500 1.7564183781478887e+144 141
1757542255576 1.0838666778515756e+144 142
1757542255642 4.279382695457784e+145 143
1757542255710 2.017491656473241e+145 144
1757542255780 2.992193230187648e+146 145
1757542255849 6.207046360719054e+147 146
1757542255928 1.81925450649884e+148 147
1757542255990 7.701393826374122e+149 148
1757542256056 3.0478906848703625e+150 149
1757542256126 1.7951724610253414e+155 150
1757542256200 5.923154320335074e+152 151
1757542256267 9.836617204808601e+153 152
1757542256338 1.196359242922533e+154 153
1757542256404 6.741744206559541e+155 154
1757542256476 1.879024374182565e+160 155
1757542256547 7.741518058453545e+158 156
1757542256615 2.0311264197509988e+158 157
1757542256685 2.9980799218647365e+161 158
1757542256748 5.879098314855737e+160 159
1757542256820 1.9797344982290904e+161 160
1757542256885 3.694790260868362e+162 161
1757542256958 4.990996508902492e+163 162
1757542257023 1.858837218214109e+164 163
1757542257093 3.206217507023062e+165 164
1757542257157 4.255356505232663e+166 165
1757542257227 4.31450401616459e+168 166
1757542257294 1.1088237640810757e+168 167
1757542257364 4.217436723510733e+169 168
1757542257432 1.8492313913539287e+170 169
1757542257500 8.162424579398927e+171 170
1757542257570 1.798301875297569e+172 171
1757542257637 4.3670682795167955e+174 172
1757542257698 1.8834916662922997e+174 173
1757542257761 1.216526944966685e+177 174
1757542257832 5.202666686293113e+176 175
1757542257900 1.1988101684655493e+177 176
1757542257973 9.272219019468646e+177 177
1757542258039 1.0085723509969438e+183 178
1757542258117 1.530388598068277e+182 179
1757542258185 6.501097340132453e+181 180
1757542258252 2.243901457086124e+183 181
1757542258316 2.1669791143176988e+183 182
1757542258391 1.879400827382593e+184 183
1757542258452 2.1245649839532227e+185 184
1757542258518 3.5906464943301344e+186 185
1757542258585 8.376944824575298e+186 186
1757542258659 1.8133659778485954e+189 187
1757542258723 6.37830210350228e+188 188
1757542258792 2.226857183430001e+190 189
1757542258859 2.3701707120928544e+192 190
1757542258933 1.261549129828652e+192 191
1757542259005 1.6286026206414425e+193 192
1757542259071 1.1752547300783026e+195 193
1757542259139 1.9177631153798163e+195 194
1757542259211 5.68566594873652e+195 195
1757542259278 1.2241321126183391e+197 196
1757542259339 4.1994657517981565e+197 197
1757542259412 4.988173455519333e+198 198
1757542259479 2.9487112850743916e+199 199
1757542259552 1.2428554959325985e+201 200
1757542259624 2.7664125006923856e+202 201
1757542259692 2.044884443355087e+203 202
1757542259766 3.479442262212033e+205 203
1757542259833 1.0475111928806055e+205 204
1757542259898 3.3600045731668706e+205 205
1757542259968 2.605874190246373e+207 206
1757542260052 8.36603814872631e+207 207
1757542260133 8.375685459591841e+208 208
1757542260198 4.7200397172746046e+210 209
1757542260273 2.989421213648681e+210 210
1757542260339 1.2880338417702323e+212 211
1757542260409 2.2610629264969142e+213 212
1757542260479 1.887050426307621e+214 213
1757542260545 3.644968268361769e+214 214
1757542260618 3.286198446564504e+219 215
1757542260690 4.5469813372503183e+216 216
1757542260763 4.460369230494146e+217 217
1757542260836 3.7073211474177273e+222 218
1757542260905 4.940790417723299e+220 219
1757542260972 3.883649570125996e+220 220
1757542261044 3.4208601194416147e+221 221
1757542261114 6.861306618776504e+222 222
1757542261185 4.870115802494301e+223 223
1757542261252 6.123213693605655e+224 224
1757542261321 4.099876537569902e+225 225
1757542261391 5.098656881027287e+226 226
1757542261459 8.546204220843716e+227 227
1757542261529 1.620711196911634e+228 228
1757542261599 7.712451687910971e+229 229
1757542261671 6.370449206788878e+230 230
1757542261738 8.11432551281279e+231 231
1757542261809 2.6290886214020224e+232 232
1757542261882 5.496183528262812e+233 233
1757542261950 2.5832164363176316e+234 234
1757542262029 2.4508908436023647e+239 235
1757542262096 3.6288893673546654e+236 236
1757542262161 3.565683727617769e+237 237
1757542262233 1.0391434760862201e+239 238
1757542262303 5.01855978577858e+239 239
1757542262370 3.0674942411347476e+240 240
1757542262449 2.5676063283505928e+241 241
1757542262517 1.80405508200836e+243 242
1757542262604 3.190264730000342e+243 243
1757542262685 2.4691624860332153e+245 244
1757542262750 1.4595160891790003e+245 245
1757542262831 1.9189818917839533e+246 246
1757542262902 3.58538703098877e+247 247
1757542262970 8.792877961023985e+248 248
1757542263042 2.768851019868032e+249 249
1757542263114 1.5588954178552882e+250 250
1757542263184 2.1132643374368303e+253 251
1757542263255 2.535791945204815e+252 252
1757542263323 1.8358982499624806e+253 253
1757542263394 6.481951281858609e+254 254
1757542263467 1.4502394470912385e+255 255
1757542263541 6.371723010459165e+255 256
1757542263614 3.1843560249828604e+257 257
1757542263683 2.851928081856923e+258 258
1757542263752 4.666246362007412e+259 259
1757542263822 1.6619112813956742e+261 260
1757542263892 4.793077365378465e+261 261
1757542263963 3.792255922055401e+262 262
1757542264033 8.231777010123164e+262 263
1757542264110 3.615458854094189e+264 264
1757542264183 5.040205329722062e+265 265
1757542264274 1.0958679751720258e+267 266
1757542264374 9.483581061125986e+266 267
1757542264478 7.561436564560439e+267 268
1757542264560 9.722257556386334e+268 269
1757542264647 3.5001814251998967e+269 270
1757542264727 3.818852498980449e+271 271
1757542264807 3.935312615290802e+272 272
1757542264889 4.553086583740293e+272 273
1757542265000 5.966639609095596e+273 274
1757542265104 1.0970097973659767e+275 275
1757542265212 5.358926220463297e+276 276
1757542265316 1.116050337498336e+277 277
1757542265423 1.526579266965695e+278 278
1757542265521 2.903724997737758e+279 279
1757542265633 1.0562255464615509e+280 280
1757542265735 3.2299744577978484e+280 281
1757542265840 6.483643261824055e+281 282
1757542265968 1.1469521265007517e+283 283
1757542266051 1.5866349817832358e+284 284
1757542266131 7.884938224423065e+284 285
1757542266196 2.3464205212051178e+287 286
1757542266262 5.811609134833657e+288 287
1757542266334 1.330830752160809e+288 288
1757542266406 9.209673214237907e+288 289
1757542266475 4.0168004771236066e+290 290
1757542266541 1.0991900022237572e+291 291
1757542266611 3.0468983707259287e+291 292
1757542266682 4.368633054939303e+292 293
1757542266748 3.201483972656381e+293 294
1757542266826 1.0889044539428904e+295 295
1757542266899 2.2433395265328557e+297 296
1757542266970 8.386660045048038e+296 297
1757542267045 1.6711455505991652e+298 298
1757542267117 8.527213199361523e+298 299
1757542267184 1.0197822314820351e+300 300
1757542267258 2.5822798812868113e+301 301
1757542267323 1.311351550465263e+301 302
1757542267397 5.5713395059650265e+302 303
1757542267466 3.0221785882946842e+305 304
