1757559380473 2.2180228163710444e+16 0
1757559381004 8.505954443814519e+24 1
1757559381564 6.326413761303679e+29 2
1757559382062 1.8911469245824572e+37 3
1757559382559 1.0440728779973114e+50 4
1757559383060 3.2629448521965977e+62 5
1757559383587 2.1392629986842518e+63 6
1757559384096 6.826110918615007e+70 7
1757559384606 8.270015205354832e+78 8
1757559385110 2.3829934085058747e+90 9
1757559385624 1.1766354270492619e+95 10
1757559386130 7.82567251535895e+106 11
1757559386659 3.417138900047412e+119 12
1757559387163 7.817408345342972e+126 13
1757559387690 2.14393565270482e+134 14
1757559388212 2.265275933430044e+144 15
1757559388746 2.209954464938401e+150 16
1757559389248 6.362446756595335e+155 17
1757559389768 1.778028100369693e+163 18
1757559390365 4.261134802978416e+172 19
1757559390872 1.1150449158373446e+178 20
1757559391443 6.488752420478595e+190 21
1757559391978 3.1614383372464295e+197 22
1757559392510 1.0216341596641186e+206 23
1757559393035 8.763319877596711e+216 24
1757559393545 1.5948317766721324e+222 25
1757559394059 6.564459082178242e+231 26
1757559394569 1.1568573266151668e+242 27
1757559395085 4.965918667117249e+252 28
1757559395626 2.707564643908854e+259 29
1757559396156 2.0740903866011464e+266 30
1757559396704 2.5176822114822536e+274 31
1757559397226 2.186249885579769e+282 32
1757559397750 6.58614662585134e+289 33
1757559398268 9.26922145300074e+297 34
1757559398787 2.4796755662439324e+307 35
1757559399314 inf 36
