1757569232442 500372320436.2455 0
1757569232511 90221281136.36801 1
1757569232587 156243221750.40295 2
1757569232656 177438543670.99814 3
1757569232726 123321176917.88948 4
1757569232801 146675218139.4649 5
1757569232868 331465551812.21857 6
1757569232957 90170509170.93286 7
1757569233020 335753086506.47845 8
1757569233093 81466124785.53284 9
1757569233160 119427972189.83545 10
1757569233229 74141687027.2084 11
1757569233300 157901965341.03906 12
1757569233368 581590690220.4407 13
1757569233437 89773853051.06201 14
1757569233506 156114289822.60068 15
1757569233573 185066405513.07352 16
1757569233655 256178753792.76614 17
1757569233737 258619352521.79688 18
1757569233798 121130318547.48166 19
1757569233869 169994714671.9782 20
1757569233956 471865518827.59656 21
1757569234023 108118384738.7219 22
1757569234095 222869291342.58072 23
1757569234162 314277887309.643 24
1757569234253 220324069487.9999 25
1757569234329 221302379544.77432 26
1757569234406 224146032704.0918 27
1757569234490 456246232614.875 28
1757569234563 190778121719.0151 29
1757569234638 305765047072.83716 30
1757569234706 189263509420.9297 31
1757569234777 255981257337.88022 32
1757569234842 78028056042.66406 33
1757569234913 118853553411.1354 34
1757569234983 203856687995.01248 35
1757569235057 221977572102.5346 36
1757569235131 149383582030.99335 37
1757569235201 112080182452.0544 38
1757569235269 724682443952.8844 39
1757569235336 150881241838.66925 40
1757569235410 90514446061.48428 41
1757569235478 102674636300.15387 42
1757569235547 303812580544.9019 43
1757569235621 202834907476.34882 44
1757569235691 221919538765.9127 45
1757569235761 97004744617.334 46
1757569235849 260318966193.29083 47
1757569235928 425083415354.0191 48
1757569235990 333567252784.45166 49
1757569236058 341030746329.5026 50
1757569236139 146592877143.2572 51
1757569236203 151822252099.4937 52
1757569236281 179464515424.9053 53
1757569236353 241348295930.04056 54
1757569236428 92608480218.04536 55
1757569236495 240763153818.7114 56
1757569236558 300980187717.33545 57
1757569236633 207017500995.4246 58
1757569236702 345708473287.51886 59
1757569236772 89136429380.19283 60
1757569236846 390383540285.89105 61
1757569236915 139963159295.70807 62
1757569236984 97859879857.3118 63
1757569237054 300166535893.9607 64
1757569237128 520779923839.41974 65
1757569237200 120651146921.11273 66
1757569237268 336467764205.95294 67
1757569237342 345060343591.10895 68
1757569237416 260573508948.61078 69
1757569237483 620991037850.4962 70
1757569237556 518799168345.98987 71
1757569237631 87058804918.56287 72
1757569237708 138804445254.4628 73
1757569237777 384037686246.3233 74
1757569237849 219082340491.4618 75
1757569237920 255534214835.5056 76
1757569237994 206313547519.4173 77
1757569238070 156585509796.3551 78
1757569238134 187103518711.46838 79
1757569238202 193040363157.6918 80
1757569238282 345351877925.6825 81
1757569238357 150466130919.83206 82
1757569238432 574252556409.9485 83
1757569238500 85494251887.60538 84
1757569238571 187373933466.28897 85
1757569238638 151807730289.69568 86
1757569238716 232073831616.2246 87
1757569238788 253380802920.19043 88
1757569238859 304576470285.02216 89
1757569238926 95657882908.44994 90
1757569238991 208544201990.94412 91
1757569239074 66970821142.96454 92
1757569239139 153558066473.86792 93
1757569239209 424048693807.65857 94
1757569239282 292310346528.37463 95
1757569239354 184535320493.6288 96
1757569239429 383064576278.76697 97
1757569239499 162324787878.55847 98
1757569239575 89323021544.44255 99
1757569239643 190615941519.72018 100
1757569239717 402985765977.79364 101
1757569239789 303221748651.8833 102
1757569239862 286335277912.67346 103
1757569239934 257990618924.74805 104
1757569240000 127703154791.47275 105
1757569240072 432295227501.6012 106
1757569240144 151451759260.70706 107
1757569240220 100612452984.68033 108
1757569240285 136067885956.00333 109
1757569240355 218055630025.59473 110
1757569240428 394816112888.5195 111
1757569240508 191357480004.2492 112
1757569240575 122584126454.10997 113
1757569240645 175561044925.0757 114
1757569240720 86318963388.24722 115
1757569240794 196571149607.1405 116
1757569240862 149100211430.8295 117
1757569240930 402612367536.0931 118
1757569241004 366844325488.1601 119
1757569241072 404277254025.82947 120
1757569241142 99024192763.38666 121
1757569241211 137338684105.7766 122
1757569241283 92570439642.25786 123
1757569241358 113368432583.76628 124
1757569241423 117005552321.58795 125
1757569241503 141185279626.75577 126
1757569241573 178012015423.4365 127
1757569241643 96264745846.99089 128
1757569241717 162600516121.92047 129
1757569241787 499356900400.97186 130
1757569241854 275756049052.5584 131
1757569241924 308415490998.55774 132
1757569241999 277769566281.01483 133
1757569242074 166487286496.48337 134
1757569242141 209384383982.12164 135
1757569242211 137460552748.8796 136
1757569242285 118507123045.4259 137
1757569242359 114470187730.5193 138
1757569242427 119770527934.46553 139
1757569242502 155026904698.4112 140
1757569242573 491061168534.875 141
1757569242646 192354289279.73456 142
1757569242731 127680919052.06541 143
1757569242802 346292373001.98944 144
1757569242872 209964945466.76257 145
1757569242943 459146036610.0137 146
1757569243020 103972613710.5034 147
1757569243086 184503004640.83478 148
1757569243156 557890328877.5856 149
1757569243236 466137773638.5461 150
1757569243304 102432894881.8771 151
1757569243375 588775855611.2853 152
1757569243451 133637071231.42606 153
1757569243518 224216405698.8152 154
1757569243592 172792637118.909 155
1757569243664 251309381823.4528 156
1757569243739 204978640943.84387 157
1757569243808 437703640123.80493 158
1757569243887 602728106902.2711 159
1757569243960 118344658433.40521 160
1757569244033 154506026489.9889 161
1757569244102 278305834799.10205 162
1757569244167 188853294453.6838 163
1757569244241 90275414676.8505 164
1757569244314 214630278354.469 165
1757569244387 197401323515.3915 166
1757569244477 60110709592.85213 167
1757569244551 129657790929.73412 168
1757569244654 682104540054.1467 169
1757569244736 282871318254.7911 170
1757569244807 105378347087.37679 171
1757569244887 77577961722.78932 172
1757569244958 414651749827.98395 173
1757569245035 346751784111.53156 174
1757569245103 125282795455.00726 175
1757569245175 111582723313.31297 176
1757569245246 425945985854.8548 177
1757569245315 139697627118.5392 178
1757569245386 158834065997.5718 179
1757569245460 157071370103.21436 180
1757569245531 329678044720.7933 181
1757569245603 93987661498.26926 182
1757569245682 238133714987.22562 183
1757569245762 224586755362.0244 184
1757569245833 431934018737.42444 185
1757569245905 71285271214.89085 186
1757569245978 347909800648.65393 187
1757569246045 204410093788.79697 188
1757569246120 121126056025.2348 189
1757569246190 73162598409.24106 190
1757569246264 117840835026.82248 191
1757569246329 95783902663.07295 192
1757569246397 126862525425.50232 193
1757569246468 85861728633.73677 194
1757569246538 436175795983.5469 195
1757569246614 297035445319.0785 196
1757569246682 298017720596.9745 197
1757569246758 495476875853.1775 198
1757569246832 96331371965.06651 199
1757569246907 500364693537.3183 200
1757569246980 127367538690.69852 201
1757569247046 357878556547.74023 202
1757569247120 117025406269.80359 203
1757569247195 164310918209.74628 204
1757569247270 134663908698.90576 205
1757569247336 287747805547.47577 206
1757569247408 224968211844.01816 207
1757569247482 271324501749.8317 208
1757569247557 405918447143.7001 209
1757569247637 162731917506.62704 210
1757569247711 434884135362.2636 211
1757569247781 136736458477.15533 212
1757569247852 194770713967.57053 213
1757569247927 223296621400.7593 214
1757569248004 305312409259.8282 215
1757569248079 124460758056.24387 216
1757569248155 190742791481.78278 217
1757569248234 98450749440.2199 218
1757569248304 111460708498.48523 219
1757569248377 329186518273.6478 220
1757569248449 221006062231.9606 221
1757569248520 82391460484.0265 222
1757569248593 229001191836.21234 223
1757569248667 183446656970.92773 224
1757569248746 228867500701.47214 225
1757569248816 100395907955.28358 226
1757569248889 178428891189.42303 227
1757569248958 247385356993.56186 228
1757569249040 122766697178.5049 229
1757569249106 222252946012.55905 230
1757569249184 156710430483.05396 231
1757569249264 100130231155.79106 232
1757569249338 302298763545.32104 233
1757569249414 206523556841.0361 234
1757569249487 256069690359.7922 235
1757569249559 93677995247.66728 236
1757569249627 303624634628.0369 237
1757569249699 201117487844.34595 238
1757569249766 240613154632.60333 239
1757569249835 192323851363.8468 240
1757569249912 249874051951.7381 241
1757569249988 447411264813.1481 242
1757569250062 152497100616.40894 243
1757569250132 85183720592.8256 244
1757569250210 366575792998.94244 245
1757569250276 113312980186.48947 246
1757569250351 329382874179.6932 247
1757569250423 317052578491.92523 248
1757569250495 687258214262.4758 249
1757569250569 274719520496.2384 250
1757569250646 118230100736.46252 251
1757569250722 460238060408.2593 252
1757569250799 146641560510.35913 253
1757569250869 146508010818.52737 254
1757569250947 310135235830.12836 255
1757569251017 85448667866.42119 256
1757569251092 156900948267.2845 257
1757569251165 201511539186.59015 258
1757569251239 85804171899.60504 259
1757569251307 187378957106.72745 260
1757569251381 108674786581.64302 261
1757569251461 216154110749.6008 262
1757569251536 238310296527.09595 263
1757569251609 92063462861.18965 264
1757569251680 337688611023.2939 265
1757569251752 331172513331.2813 266
1757569251827 331080231056.9756 267
1757569251899 90532453143.81831 268
1757569251972 342493557242.16113 269
1757569252041 80365191101.4272 270
1757569252109 475458522426.7797 271
1757569252187 176154859899.61902 272
1757569252255 87794116418.84067 273
1757569252329 143194130149.12897 274
1757569252408 262475343097.49588 275
1757569252484 144814114542.58908 276
1757569252558 133722011568.72516 277
1757569252629 140281876286.4093 278
1757569252705 298277521826.1209 279
1757569252772 136681296017.70177 280
1757569252848 234395685765.38 281
1757569252915 637132792191.515 282
1757569252983 296550831464.3853 283
1757569253055 144397972081.8594 284
1757569253127 276231346705.0814 285
1757569253199 82121723803.92876 286
1757569253275 135492430245.8922 287
1757569253350 408405916072.40955 288
1757569253420 503591800572.1061 289
1757569253497 848780565217.9482 290
1757569253569 197807565068.75684 291
1757569253653 388743405241.79755 292
1757569253734 189202541642.94214 293
1757569253805 136128643572.22972 294
1757569253877 248757681264.17056 295
1757569253943 180851432061.8348 296
1757569254018 58928184452.74618 297
1757569254088 130960156032.9714 298
1757569254173 328770866260.1484 299
1757569254248 174293570773.48914 300
1757569254324 391791494920.82227 301
1757569254403 96018183076.53957 302
1757569254471 549109845821.27515 303
1757569254544 403805703091.1892 304
1757569254641 135456561822.81604 305
1757569254728 143895842735.8626 306
1757569254810 103292129311.14682 307
1757569254901 382693065307.4012 308
1757569254983 177708079923.541 309
1757569255053 145845921232.96265 310
1757569255131 332963034936.09814 311
1757569255231 136696269376.70625 312
1757569255331 292889644181.7835 313
1757569255429 173627106178.76825 314
1757569255520 317262746682.6503 315
1757569255592 354922864337.04565 316
1757569255664 110690345169.85732 317
1757569255748 320705888298.05096 318
1757569255825 228427459049.45474 319
1757569255912 130005354950.41867 320
1757569255982 185553468385.2002 321
1757569256059 418099141942.46405 322
1757569256132 287950108878.51056 323
1757569256210 285466353158.76263 324
1757569256284 77604406935.85649 325
1757569256358 254958905332.57108 326
1757569256432 188871659196.18042 327
1757569256509 259269424037.3885 328
1757569256586 61653150761.24943 329
1757569256666 481969324197.1667 330
1757569256740 633313930815.5428 331
1757569256815 581920016249.235 332
1757569256889 280470689120.69714 333
1757569256959 126679662212.93729 334
1757569257035 67935584699.714386 335
1757569257103 184374178977.78247 336
1757569257182 374040255859.7744 337
1757569257297 258901961368.11353 338
1757569257369 331977098145.5679 339
1757569257444 275853161755.2999 340
1757569257517 252988436254.9964 341
1757569257591 188265755957.35083 342
1757569257665 259687231302.9531 343
1757569257735 500213479946.84686 344
1757569257802 267986057297.4668 345
1757569257880 261426266540.56036 346
1757569257950 765373093632.889 347
1757569258037 317160415245.44135 348
1757569258141 535391450439.1502 349
1757569258239 137639748277.82233 350
1757569258318 133773860482.90198 351
1757569258393 89617439856.68036 352
1757569258471 273450423286.5995 353
1757569258546 234614192041.1159 354
1757569258618 231036737503.23526 355
1757569258697 258677072343.85437 356
1757569258771 186581900879.94092 357
1757569258851 410147415820.36957 358
1757569258928 99958082944.91635 359
1757569259003 425619313497.4661 360
1757569259081 137065260482.07031 361
1757569259151 188279040618.25778 362
1757569259226 125510784811.23409 363
1757569259310 154574196072.6657 364
1757569259389 211095680646.08215 365
1757569259464 288691357147.51404 366
1757569259538 265114455015.42694 367
1757569259611 121504364875.26302 368
1757569259685 297319347279.40283 369
1757569259764 178876748496.98526 370
1757569259877 93930917821.84169 371
1757569259957 504335556777.06464 372
1757569260044 336268411117.95026 373
1757569260121 309898631759.83405 374
1757569260198 345238226671.04803 375
1757569260282 319293764339.878 376
1757569260361 57970976969.6709 377
1757569260437 109075228510.49095 378
1757569260522 643545521720.7688 379
1757569260592 380755510833.51276 380
1757569260669 461447364584.0063 381
1757569260751 126012776720.03174 382
1757569260831 206958079942.85797 383
1757569260911 162911889845.22488 384
1757569260985 223171185262.95197 385
1757569261056 209957927404.45135 386
1757569261140 161191215955.93942 387
1757569261227 231068437799.18985 388
1757569261319 459937944082.12714 389
1757569261395 350495805909.742 390
1757569261471 399287386913.8542 391
1757569261546 86072509454.18217 392
1757569261620 81251485375.79553 393
1757569261695 317638781933.8995 394
1757569261773 99649724946.03113 395
1757569261855 271612951650.52344 396
1757569261935 294220382991.70654 397
1757569262012 446700535046.7213 398
1757569262085 102918409517.18811 399
1757569262159 134229753758.65996 400
1757569262246 75275919325.89134 401
1757569262345 124820039378.84377 402
1757569262431 472242775161.9785 403
1757569262519 214693208898.72864 404
1757569262594 196327516972.49368 405
1757569262677 134120522802.12941 406
1757569262750 176946504479.97617 407
1757569262823 207648097062.8176 408
1757569262901 270051524535.51236 409
1757569262987 159749933231.4794 410
1757569263059 213142546798.6159 411
1757569263133 160851798285.95508 412
1757569263215 224507122989.07303 413
1757569263291 95739565485.60957 414
1757569263366 382516215749.73474 415
1757569263447 132205872228.35657 416
1757569263521 105732724947.91133 417
1757569263594 208419805911.2653 418
1757569263664 210317165570.01553 419
1757569263740 287659047105.4518 420
1757569263818 317972347529.6113 421
1757569263898 285524862838.5887 422
1757569263977 337307441394.52325 423
1757569264055 335199247430.5467 424
1757569264131 109194525442.1229 425
1757569264210 115593049056.6156 426
1757569264288 192748825487.33145 427
1757569264365 331052581262.56854 428
1757569264439 247955026260.3573 429
1757569264510 143805782855.46918 430
1757569264585 120010271239.5588 431
1757569264664 244743469959.3547 432
1757569264755 123277292986.95274 433
1757569264847 250464762706.3643 434
1757569264935 569753011318.1132 435
1757569265030 412360871947.73865 436
1757569265116 376361261807.8138 437
1757569265193 262525249588.4237 438
1757569265270 240889033967.97278 439
1757569265345 602675653019.5216 440
1757569265428 447317872229.4759 441
1757569265502 279983036176.06866 442
1757569265584 151601273525.2192 443
1757569265654 283560095297.2672 444
1757569265733 377606912801.54767 445
1757569265806 254328113188.23853 446
1757569265887 88975268298.48645 447
1757569265968 312205268888.8286 448
1757569266040 214690189318.23212 449
1757569266121 169973779883.51688 450
1757569266233 45953993316.63262 451
1757569266312 174833556900.945 452
1757569266412 239409073837.18546 453
1757569266494 120615200136.2272 454
1757569266581 114277583774.95726 455
1757569266652 118139132414.99881 456
1757569266727 136562044699.26314 457
1757569266797 90762401517.088 458
1757569266881 230861870937.9983 459
1757569266960 61242098857.89834 460
1757569267035 179504192273.83072 461
1757569267114 140585222135.8049 462
1757569267189 101145991297.83212 463
1757569267270 198358774136.30405 464
1757569267349 275435270975.20483 465
1757569267424 407076255963.2238 466
1757569267503 150143497864.57214 467
1757569267577 185592073671.8533 468
1757569267651 278188289092.43896 469
1757569267723 165098884163.44815 470
1757569267795 466188305848.75116 471
1757569267880 236677396614.40106 472
1757569267961 140283242997.88416 473
1757569268044 266769226691.16342 474
1757569268119 310750252138.0744 475
1757569268201 386273966526.5996 476
1757569268284 396466985177.71643 477
1757569268362 128346948526.13596 478
1757569268439 199237529201.986 479
1757569268516 338845880216.42816 480
1757569268594 314954899925.7802 481
1757569268668 351492488083.9763 482
1757569268743 190639299030.1694 483
1757569268817 100904093297.718 484
1757569268894 172240022336.64142 485
1757569268972 145773123558.12552 486
1757569269051 282015657731.9032 487
1757569269133 199587154922.28778 488
1757569269222 213398364190.86633 489
1757569269294 363001415675.6436 490
1757569269367 323293838489.7227 491
