1757569340560 400627962888.0284 0
1757569340634 1753238056285.1433 1
1757569340701 1178290039819.811 2
1757569340777 615012392141.62 3
1757569340843 695334341639.2362 4
1757569340921 919779193324.5339 5
1757569340990 1184077202908.85 6
1757569341064 981048382986.8977 7
1757569341134 353070522115.4839 8
1757569341200 486514754361.878 9
1757569341274 319273661019.80524 10
1757569341343 990744683182.5609 11
1757569341422 382000521461.53357 12
1757569341491 463981103270.2459 13
1757569341572 1427466618235.051 14
1757569341638 419330622537.592 15
1757569341716 921951320389.1442 16
1757569341787 375758535861.9226 17
1757569341915 320153513525.3283 18
1757569341985 924908251314.0637 19
1757569342056 1123740372350.2603 20
1757569342126 1176366984943.2156 21
1757569342193 1362155040993.099 22
1757569342260 1538385257465.3357 23
1757569342327 349795927592.2625 24
1757569342393 671932853671.6578 25
1757569342463 189495423436.39896 26
1757569342531 287300074693.99365 27
1757569342606 682452601930.155 28
1757569342677 1607725599234.6487 29
1757569342749 217625311817.61542 30
1757569342819 134151542464.6952 31
1757569342893 473871013809.931 32
1757569342957 432279500791.41595 33
1757569343028 1063561891981.4521 34
1757569343100 385986077009.3283 35
1757569343175 619569548644.5007 36
1757569343249 668832798603.1006 37
1757569343319 270897159133.1793 38
1757569343386 138716294810.88666 39
1757569343450 162670129776.4686 40
1757569343525 1480755332946.5596 41
1757569343601 768598077879.5117 42
1757569343673 1312977777589.9526 43
1757569343757 925919501126.3342 44
1757569343826 198539342785.53555 45
1757569343901 223593161110.3365 46
1757569343994 306120151753.2081 47
1757569344083 749248617034.9893 48
1757569344182 685173648322.874 49
1757569344254 191622995237.24927 50
1757569344325 333550272705.33685 51
1757569344398 1370103198425.8948 52
1757569344466 955535566352.2339 53
1757569344540 161584092215.87097 54
1757569344610 900028722602.6411 55
1757569344680 139207733719.24304 56
1757569344763 527355513893.20557 57
1757569344837 523072150377.9149 58
1757569344903 168025509642.31448 59
1757569344972 216298425366.17792 60
1757569345047 1119150004676.3027 61
1757569345113 164153432260.75583 62
1757569345191 1060740609191.321 63
1757569345266 953589516517.0555 64
1757569345343 494909295785.1741 65
1757569345409 177639398880.02115 66
1757569345480 332678824075.2689 67
1757569345549 152334729259.09146 68
1757569345615 1378570860091.2048 69
1757569345681 538502319638.7986 70
1757569345758 834704538148.4543 71
1757569345833 383298767630.60077 72
1757569345905 793046025289.6976 73
1757569345991 506254508508.0145 74
1757569346058 265451404838.8868 75
1757569346131 200715432281.76923 76
1757569346205 252184899248.82376 77
1757569346273 141885867600.62576 78
1757569346355 829519588881.7439 79
1757569346430 574817527532.4089 80
1757569346503 1431649818200.7483 81
1757569346585 376889515339.0752 82
1757569346663 1118857663474.5151 83
1757569346741 120771788671.79259 84
1757569346807 245782017784.90985 85
1757569346875 455469859821.2 86
1757569346944 214747582835.98267 87
1757569347015 921961013111.7959 88
1757569347084 203536363383.20184 89
1757569347153 565219251876.734 90
1757569347227 838902204413.9696 91
1757569347294 461253813321.2372 92
1757569347360 115164320103.91684 93
1757569347439 454677146861.64215 94
1757569347503 544649203463.44885 95
1757569347582 87553401172.25864 96
1757569347657 86843607316.9128 97
1757569347726 389838897180.7272 98
1757569347797 454625112472.2572 99
1757569347866 361178559582.65137 100
1757569347937 726861456899.7087 101
1757569348008 168952637188.57776 102
1757569348081 130875986057.99268 103
1757569348167 663123096415.7418 104
1757569348238 149633581380.3486 105
1757569348311 392379164599.7849 106
1757569348387 930791798249.9502 107
1757569348458 428589836294.86096 108
1757569348523 401642013703.559 109
1757569348589 792049578369.4401 110
1757569348666 389297797499.31506 111
1757569348755 180448746403.78424 112
1757569348824 192398645254.29633 113
1757569348897 295703027481.6999 114
1757569348966 73112708344.33076 115
1757569349037 385996603391.94183 116
1757569349110 119465335661.74554 117
1757569349188 113668875357.09941 118
1757569349255 453835979528.3742 119
1757569349323 313987515961.2207 120
1757569349392 192870243074.18774 121
1757569349458 119444807312.3066 122
1757569349529 711848178201.9623 123
1757569349601 191150323577.64804 124
1757569349675 105562574951.60513 125
1757569349751 939194051217.2053 126
1757569349821 290545675707.1872 127
1757569349888 276785099033.0698 128
1757569349964 584306305181.2412 129
1757569350030 451901650562.9048 130
1757569350106 78422049499.08742 131
1757569350196 72816492620.01778 132
1757569350276 279034011283.2041 133
1757569350360 401965908884.6567 134
1757569350442 108616699989.8597 135
1757569350534 95783312771.40166 136
1757569350605 383752421019.72345 137
1757569350683 64810756007.993065 138
1757569350765 701156605805.0665 139
1757569350835 81739426363.1104 140
1757569350904 291632170915.853 141
1757569350974 319173676264.9951 142
1757569351048 224640346120.66614 143
1757569351118 488826619627.15466 144
1757569351192 143041144067.27103 145
1757569351261 230907332273.71133 146
1757569351338 592378870764.7844 147
1757569351412 620838050150.2684 148
1757569351476 319907554432.85297 149
1757569351546 196554144103.03854 150
1757569351619 208642673215.06525 151
1757569351685 113371577083.00487 152
1757569351801 764881483878.1282 153
1757569351868 394758756634.7845 154
1757569351940 160979312503.3244 155
1757569352018 102728749320.58989 156
1757569352086 297002842241.78864 157
1757569352159 257142194933.65118 158
1757569352229 465572043416.0879 159
1757569352302 151527826786.14658 160
1757569352376 217403986102.9333 161
1757569352442 184275462863.45413 162
1757569352509 101362598712.80426 163
1757569352584 78762055926.55112 164
1757569352659 131731980629.1244 165
1757569352731 616846994045.4252 166
1757569352804 153952319576.336 167
1757569352875 84227810775.20903 168
1757569352944 155360822545.71408 169
1757569353019 131234972829.10999 170
1757569353097 590720759187.2482 171
1757569353174 344245576680.86615 172
1757569353249 1218836466039.916 173
1757569353316 831452688664.1316 174
1757569353391 369044949527.0538 175
1757569353463 355482511618.9337 176
1757569353537 329258694266.3932 177
1757569353615 429464709045.1661 178
1757569353690 171197001351.31107 179
1757569353760 134332099594.76328 180
1757569353832 122097497034.10863 181
1757569353905 197867788686.21286 182
1757569353978 312121383641.0402 183
1757569354046 91346867579.50844 184
1757569354120 99624404590.8156 185
1757569354201 385135644417.4359 186
1757569354269 307723646412.0684 187
1757569354334 256500837078.14597 188
1757569354408 66111359816.16547 189
1757569354476 59885626286.22238 190
1757569354544 154390432353.37115 191
1757569354621 298355416834.316 192
1757569354698 78189659674.53343 193
1757569354786 440665286167.5225 194
1757569354858 77553604400.95622 195
1757569354937 356104310556.07574 196
1757569355012 137180576026.10674 197
1757569355083 139896453300.18027 198
1757569355158 118775644844.4618 199
1757569355234 130343661253.4599 200
1757569355305 104980462512.26917 201
1757569355379 110123973520.2538 202
1757569355456 74529168690.64671 203
1757569355524 109847552229.90196 204
1757569355600 423810977404.7293 205
1757569355675 110970491181.12521 206
1757569355749 334504421494.5252 207
1757569355824 143414717452.96994 208
1757569355893 144354562948.1834 209
1757569355962 656437101660.1688 210
1757569356039 217843947733.44226 211
1757569356109 121480195833.26591 212
1757569356179 574962363613.9188 213
1757569356257 391067832028.23737 214
1757569356328 79969406449.01285 215
1757569356399 428878969523.39014 216
1757569356472 334935816444.9716 217
1757569356559 68187342700.57268 218
1757569356635 290232834658.06 219
1757569356711 228291585717.38986 220
1757569356804 102984132203.50522 221
1757569356875 83836776086.74489 222
1757569356962 385872136237.47327 223
1757569357036 101132131847.77907 224
1757569357104 118041864490.52945 225
1757569357182 527870554938.6153 226
1757569357256 84237402032.92017 227
1757569357330 351476817788.9555 228
1757569357408 93090305984.69951 229
1757569357477 949091398107.4508 230
1757569357561 337826059848.5338 231
1757569357635 94163116258.58319 232
1757569357710 216233639448.755 233
1757569357781 261290464868.77335 234
1757569357856 463025116264.53973 235
1757569357939 100734089018.24983 236
1757569358013 213845859593.38925 237
1757569358081 335322491459.83594 238
1757569358159 101151332748.51846 239
1757569358230 95132146971.32097 240
1757569358303 106317049253.69519 241
1757569358371 78306485678.6887 242
1757569358444 86809997611.34871 243
1757569358518 449115337712.0755 244
1757569358601 268561097433.3009 245
1757569358676 220950295745.00793 246
1757569358752 470215735399.1495 247
1757569358825 296263923372.4126 248
1757569358897 88596030624.24312 249
1757569358970 304962103386.3731 250
1757569359045 301208391474.9698 251
1757569359130 1291817639116.2063 252
1757569359201 151183438129.56 253
1757569359271 106156199527.3627 254
1757569359344 84517124503.0518 255
1757569359419 258618044621.1807 256
1757569359494 168036407528.0405 257
1757569359564 349399474848.33044 258
1757569359636 422794301984.5684 259
1757569359716 77764550083.09436 260
1757569359790 371967453882.2985 261
1757569359866 80397364139.17044 262
1757569359947 260091836554.50198 263
1757569360021 325053990848.1995 264
1757569360090 314568362304.79846 265
1757569360163 248207802582.19293 266
1757569360237 105119809224.37306 267
1757569360305 170379234543.12326 268
1757569360379 144391596883.46826 269
1757569360450 97230060563.86838 270
1757569360523 380221131293.0359 271
1757569360597 78567977859.26004 272
1757569360673 541745667086.08795 273
1757569360752 454224810202.8964 274
1757569360821 318588300485.25336 275
1757569360898 303432969220.04236 276
1757569360971 183910171799.03046 277
1757569361060 123317001038.51062 278
1757569361132 181371094058.34702 279
1757569361204 103879439620.58232 280
1757569361291 547983698618.5196 281
1757569361366 101348083565.80603 282
1757569361442 234853323664.39215 283
1757569361510 486222606139.43787 284
1757569361583 86794247868.477 285
1757569361652 468957768193.3088 286
1757569361726 128951684510.30573 287
1757569361798 53572822178.862366 288
1757569361882 381834304861.34534 289
1757569361956 466982936010.77185 290
1757569362031 109744300815.46811 291
1757569362110 175567817972.314 292
1757569362190 352895748045.2375 293
1757569362267 363813132725.59686 294
1757569362335 703003503448.09 295
1757569362412 329273073342.1459 296
1757569362489 275117911738.50415 297
1757569362564 291182945475.42914 298
1757569362639 64972099878.182434 299
1757569362715 138363588476.1336 300
1757569362785 279969493167.188 301
1757569362863 137106513130.75797 302
1757569362938 298382488161.7758 303
1757569363011 114314069665.04794 304
1757569363084 210362512552.38486 305
1757569363157 695148927314.1813 306
1757569363233 313511309433.66327 307
1757569363301 483924145185.14056 308
1757569363374 399071546500.5582 309
1757569363441 177858105513.04248 310
1757569363526 211949946677.21133 311
1757569363595 319960964405.2703 312
1757569363669 207975515128.4047 313
1757569363753 62383342209.8788 314
1757569363828 471537042386.2723 315
1757569363910 281807068003.3338 316
1757569363986 102745625990.47586 317
1757569364060 142600048186.4314 318
1757569364130 251096321029.49823 319
1757569364200 292905643666.86743 320
1757569364279 137842177674.78818 321
1757569364351 736899169725.5546 322
1757569364425 73256550365.75874 323
1757569364503 355613936149.8641 324
1757569364583 265080434663.3862 325
1757569364653 172968520407.91306 326
1757569364727 134765409372.17546 327
1757569364797 267544138894.71344 328
1757569364870 387405121350.0747 329
1757569364946 182266602626.83716 330
1757569365017 315076412193.8204 331
1757569365092 140507031169.88663 332
1757569365169 460502541964.18256 333
1757569365241 140569758567.94263 334
1757569365316 319331944820.59796 335
1757569365390 199828468690.25687 336
1757569365470 128082887789.9834 337
1757569365537 202196331217.57138 338
1757569365606 572659024914.6077 339
1757569365694 473048260881.95026 340
1757569365771 104220533383.77068 341
1757569365849 419002155213.4318 342
1757569365928 276772515190.726 343
1757569365998 61041040720.59896 344
1757569366071 337393891791.874 345
1757569366144 105868821365.3909 346
1757569366220 199870348360.6047 347
1757569366290 328029884223.3946 348
1757569366360 279156215157.65936 349
1757569366433 99596614419.98476 350
1757569366509 113695386140.85991 351
1757569366586 348298350404.68115 352
1757569366661 494618309126.804 353
1757569366753 280922596792.0718 354
1757569366833 600946839690.5702 355
1757569366917 386909931811.3218 356
1757569367007 200525844567.49796 357
1757569367079 656575305716.0554 358
1757569367152 72113476710.97098 359
1757569367228 233474957401.32266 360
1757569367304 74321882039.8109 361
1757569367382 82064423771.37459 362
1757569367457 66388671326.71893 363
1757569367533 108643845945.97769 364
1757569367600 441392779424.44055 365
1757569367674 100757983394.33951 366
1757569367744 102501425705.16373 367
1757569367815 391499925215.64197 368
1757569367909 257202425333.89008 369
1757569367983 91787137108.32375 370
1757569368063 202204559292.75693 371
1757569368142 162255687641.3905 372
1757569368217 190078583500.78214 373
1757569368291 97564239159.14426 374
1757569368363 345779206655.39923 375
1757569368443 607934247618.1354 376
1757569368518 224586810948.92783 377
1757569368594 48101705297.72292 378
1757569368664 198631795165.0043 379
1757569368740 317241024022.3309 380
1757569368814 213492080615.61337 381
1757569368891 70941210073.81607 382
1757569368972 310812018434.2672 383
1757569369050 289209841433.1754 384
1757569369124 81476375561.26762 385
1757569369199 77552041778.61916 386
1757569369275 191141008269.02048 387
1757569369350 274685828935.99307 388
1757569369424 158071265254.799 389
1757569369498 470571798565.6616 390
1757569369574 317416324089.55524 391
1757569369651 195068874911.88788 392
1757569369724 459893546425.1897 393
1757569369800 151722784659.04425 394
1757569369875 252433777955.45682 395
1757569369956 227391354603.45712 396
1757569370033 317921767160.7243 397
1757569370114 116782520176.23422 398
1757569370197 305681296131.50586 399
1757569370272 290658040660.9197 400
1757569370352 143552608666.03632 401
1757569370427 119459567469.46886 402
1757569370497 312756158533.3294 403
1757569370570 128939919840.09102 404
1757569370645 385824859320.03705 405
1757569370723 137157069092.9938 406
1757569370805 91368336905.44482 407
1757569370874 340169869137.3295 408
1757569370951 161007418722.0871 409
1757569371025 320046283117.35834 410
1757569371094 308300879636.2611 411
1757569371169 152313138207.00125 412
1757569371246 202588190940.70273 413
1757569371315 306176833151.2419 414
1757569371393 228667556480.6392 415
1757569371472 111201188554.95232 416
1757569371546 87748039713.98686 417
1757569371627 201782130664.78882 418
1757569371701 404369306647.5557 419
1757569371768 89520354127.5123 420
1757569371845 97432378171.09793 421
1757569371922 308062349461.1459 422
1757569372003 471168574942.6148 423
1757569372079 376155907184.4493 424
1757569372155 91174986119.70999 425
1757569372241 288558935142.0067 426
1757569372322 114543037751.76372 427
1757569372400 511937019582.21716 428
1757569372478 94502730440.24377 429
1757569372551 179912359627.59366 430
1757569372631 104224459417.12364 431
1757569372707 512524694389.4477 432
1757569372781 114679382129.42801 433
1757569372856 90784898257.22894 434
1757569372930 86692185208.93732 435
1757569373008 95285996239.3267 436
1757569373088 400782062643.66583 437
1757569373164 116151644399.76323 438
1757569373241 279299955886.3793 439
1757569373310 419061615533.64307 440
1757569373387 224068845938.24023 441
1757569373463 181744714606.20792 442
1757569373542 469605188759.3857 443
1757569373615 317467660277.3211 444
1757569373694 108895263073.63548 445
1757569373768 181105129368.59656 446
1757569373842 307414869446.57355 447
1757569373921 418645037838.5746 448
1757569374000 294791850029.9484 449
1757569374072 296766376727.919 450
1757569374142 486654895906.7635 451
1757569374221 342027985650.8736 452
1757569374306 61039499369.36915 453
1757569374381 101153760720.9456 454
1757569374462 75721043050.7576 455
1757569374544 402235863311.2741 456
1757569374621 145722173202.81454 457
1757569374704 308842706888.038 458
1757569374783 67062534176.29441 459
1757569374854 443227756420.6022 460
1757569374937 118255173896.59814 461
1757569375016 240915880947.35968 462
1757569375093 129207942846.71924 463
1757569375165 284603065236.7582 464
1757569375245 117937190691.1646 465
1757569375323 120070323618.3258 466
1757569375397 300051885907.1207 467
1757569375475 188548244221.38748 468
1757569375545 343403726724.0236 469
1757569375624 493541898703.40814 470
1757569375700 118824161927.83366 471
1757569375774 292043047385.7749 472
1757569375850 433527922680.02893 473
1757569375923 485962301599.6041 474
1757569376007 53235560937.96612 475
1757569376081 393478447877.00806 476
1757569376154 165341182623.13034 477
1757569376234 344893046126.64124 478
1757569376320 228968016153.80585 479
1757569376399 288123445822.13513 480
1757569376475 485441734219.7257 481
1757569376551 275973462166.49115 482
1757569376632 99031970298.5402 483
1757569376707 237174468889.38837 484
1757569376781 203976111020.601 485
1757569376855 100364752452.88283 486
1757569376949 120545606401.17102 487
1757569377036 86035647479.06349 488
1757569377118 433089042331.087 489
1757569377209 83576382687.36497 490
1757569377286 392139786827.8049 491
1757569377361 198732589458.16095 492
1757569377439 618536385658.9229 493
1757569377517 267162838825.30533 494
1757569377609 196319369646.56778 495
1757569377687 445021777805.39777 496
1757569377763 269904232434.0029 497
1757569377841 184117392825.05103 498
1757569377921 114396974310.03337 499
