1757531084799 1019580052106.1089 0
1757531084847 4126389922534.614 1
1757531084894 1.3015526217234524e+16 2
1757531084941 5.271488583800417e+19 3
1757531084988 2.1350825089944243e+23 4
1757531085035 8.647609253989822e+26 5
1757531085083 3.502494423271773e+30 6
1757531085130 1.4185963801948996e+34 7
1757531085179 5.745664222991737e+37 8
1757531085227 2.3271353165888994e+41 9
1757531085276 9.425470357360112e+44 10
1757531085330 3.8175473005022594e+48 11
1757531085393 1.5462005437417648e+52 12
1757531085447 6.262492467749618e+55 13
1757531085496 2.536463466356842e+59 14
1757531085547 1.0273300845142326e+63 15
1757531085603 4.1609394992150886e+66 16
1757531085650 1.6852828294534845e+70 17
1757531085697 6.825809930152797e+73 18
1757531085746 2.764620892606001e+77 19
1757531085793 1.1197394533460897e+81 20
1757531085841 4.535220169727935e+84 21
1757531085889 1.83687570590137e+88 22
1757531085939 7.43979836183578e+91 23
1757531085989 3.0133013075924686e+95 24
1757531086039 1.2204611373496943e+99 25
1757531086087 4.943167760979712e+102 26
1757531086135 2.002104513237598e+106 27
1757531086183 8.109015667175965e+109 28
1757531086232 3.2843507746841486e+113 29
1757531086280 1.330242837590299e+117 30
1757531086328 5.387810646170905e+120 31
1757531086377 2.182195817086823e+124 32
1757531086425 8.838429738609212e+127 33
1757531086473 3.5797814124956555e+131 34
1757531086521 1.4498995115919627e+135 35
1757531086569 5.87244960370095e+138 36
1757531086618 2.3784865138786615e+142 37
1757531086666 9.633455335465764e+145 38
1757531086715 3.901786331723894e+149 39
1757531086764 1.5803194231233068e+153 40
1757531086813 6.4006823202883346e+156 41
1757531086860 2.5924337552139924e+160 42
1757531086908 1.0499994280094472e+164 43
1757531086959 4.252755915566911e+167 44
1757531087008 1.7224707361675506e+171 45
1757531087058 6.976430098171006e+174 46
1757531087110 2.8256257649379253e+178 47
1757531087160 1.1444479269668643e+182 48
1757531087210 4.63529556458276e+185 49
1757531087259 1.8774087020267443e+189 50
1757531087309 7.603966964646004e+192 51
1757531087358 3.079793629219262e+196 52
1757531087407 1.2473921628907473e+200 53
1757531087458 5.052245037716059e+203 54
1757531087508 2.0462834929132202e+207 55
1757531087557 8.287951400041451e+210 56
1757531087606 3.35682414715946e+214 57
1757531087654 1.3595963358202709e+218 58
1757531087703 5.506699533069407e+221 59
1757531087754 2.2303487401804345e+225 60
1757531087804 9.033460919651298e+228 61
1757531087853 3.6587738373266956e+232 62
1757531087900 1.4818933863526412e+236 63
1757531087949 6.002032664911111e+239 64
1757531087997 2.4309708405762033e+243 65
1757531088046 9.846029766349647e+246 66
1757531088102 3.987884204191647e+250 67
1757531088156 1.6151911789250335e+254 68
1757531088205 6.541921507487842e+257 69
1757531088253 2.6496390996027306e+261 70
1757531088302 1.0731689993693526e+265 71
1757531088350 4.346598377794528e+268 72
1757531088399 1.7604792412889682e+272 73
1757531088449 7.130373891553255e+275 74
1757531088503 2.887976787282037e+279 75
1757531088552 1.1697016244491821e+283 76
1757531088602 4.737579250166726e+286 77
1757531088651 1.918836110207134e+290 78
1757531088700 7.771758156246705e+293 79
1757531088748 3.147753188398519e+297 80
1757531088797 1.2749174557251274e+301 81
1757531088847 inf 82
1757531088895 inf 83
