1757591600408 1019577764483.4795 0
1757591600473 830197253428.3785 1
1757591600550 694945889048.7512 2
1757591600614 595467536561.1729 3
1757591600677 520547370418.5047 4
1757591600743 463071203252.6433 5
1757591600807 418347983154.7412 6
1757591600870 383167387939.0531 7
1757591600933 355257929677.22723 8
1757591600995 332966352231.5981 9
1757591601056 315061561562.7528 10
1757591601117 300610282486.7442 11
1757591601181 288895238402.7591 12
1757591601246 279359357902.66907 13
1757591601306 271566505147.74863 14
1757591601369 265173082930.4844 15
1757591601430 259907042326.5098 16
1757591601494 255552096426.09845 17
1757591601557 251935688016.3172 18
1757591601620 248919723773.06107 19
1757591601683 246393382057.47144 20
1757591601749 244267495522.68747 21
1757591601812 242470141920.06085 22
1757591601873 240943169167.29962 23
1757591601935 239639447338.63367 24
1757591601997 238520689069.87158 25
1757591602058 237555716255.44608 26
1757591602122 236719078365.30307 27
1757591602183 235989948623.5153 28
1757591602245 235351240347.02954 29
1757591602307 234788898145.7361 30
1757591602370 234291328313.26422 31
1757591602431 233848940243.29224 32
1757591602494 233453776577.54965 33
1757591602558 233099214399.10623 34
1757591602622 232779723410.16602 35
1757591602683 232490669893.84512 36
1757591602748 232228157521.15616 37
1757591602810 231988897856.7802 38
1757591602873 231770104840.49762 39
1757591602935 231569408653.5443 40
1757591602996 231384785281.7599 41
1757591603060 231214498808.07968 42
1757591603122 231057054043.30618 43
1757591603185 230911157565.80112 44
1757591603250 230775685987.6633 45
1757591603312 230649658269.30435 46
1757591603374 230532214963.89716 47
1757591603437 230422599587.2842 48
1757591603513 230320143464.32794 49
1757591603577 230224253091.42032 50
1757591603640 230134399568.91272 51
1757591603704 230050109739.50766 52
1757591603767 229970958735.347 53
1757591603829 229896563690.66263 54
1757591603891 229826578420.8423 55
1757591603954 229760688904.54318 56
1757591604017 229698609434.63345 57
1757591604079 229640079327.50848 58
1757591604143 229584860099.73773 59
1757591604205 229532733036.86127 60
1757591604268 229483497092.14587 61
1757591604330 229436967063.75595 62
1757591604392 229392972083.49173 63
1757591604454 229351353992.30002 64
1757591604518 229311966371.0546 65
1757591604581 229274673382.48642 66
1757591604643 229239348824.3376 67
1757591604705 229205875289.6857 68
1757591604772 229174143419.72763 69
1757591604836 229144051236.60263 70
1757591604900 229115503545.74252 71
1757591604963 229088411398.82474 72
1757591605026 229062691609.73212 73
1757591605089 229038266317.0338 74
1757591605152 229015062587.43253 75
1757591605215 228993012055.40915 76
1757591605277 228972050594.95236 77
1757591605339 228952118019.82315 78
1757591605402 228933157809.2719 79
1757591605464 228915116856.53094 80
1757591605527 228897945237.74335 81
1757591605593 228881595999.28436 82
1757591605656 228866024961.67743 83
1757591605719 228851190538.52316 84
1757591605787 228837053569.04544 85
1757591605858 228823577163.01395 86
1757591605923 228810726556.94492 87
1757591605994 228798468980.5981 88
1757591606059 228786773532.89462 89
1757591606121 228775611066.46985 90
1757591606189 228764954080.15576 91
1757591606252 228754776618.75726 92
1757591606317 228745054179.54938 93
1757591606380 228735763624.97467 94
1757591606443 228726883101.07043 95
1757591606507 228718391961.19794 96
1757591606571 228710270694.68234 97
1757591606636 228702500860.0082 98
1757591606711 228695065022.2446 99
1757591606775 228687946694.40103 100
1757591606845 228681130282.4416 101
1757591606908 228674601033.7043 102
1757591606975 228668344988.49506 103
1757591607039 228662348934.6421 104
1757591607105 228656600364.81448 105
1757591607170 228651087436.4212 106
1757591607234 228645798933.92413 107
1757591607297 228640724233.4063 108
1757591607360 228635853269.25275 109
1757591607422 228631176502.8078 110
1757591607486 228626684892.885 111
1757591607550 228622369868.01202 112
1757591607614 228618223300.3032 113
1757591607677 228614237480.859 114
1757591607743 228610405096.59705 115
1757591607807 228606719208.42792 116
1757591607872 228603173230.694 117
1757591607935 228599760911.79346 118
1757591607998 228596476315.91858 119
1757591608062 228593313805.84204 120
1757591608126 228590268026.6868 121
1757591608189 228587333890.62253 122
1757591608253 228584506562.43185 123
1757591608317 228581781445.89688 124
1757591608381 228579154170.9557 125
1757591608444 228576620581.58496 126
