1757582113141 1307099333691.5427 0
1757582113214 721301960599.9532 1
1757582113286 1413443867624.8384 2
1757582113355 931622308053.0061 3
1757582113425 778041838816.4271 4
1757582113494 448228433262.3737 5
1757582113569 353217189751.7478 6
1757582113694 126010194742.3867 7
1757582113768 522581820403.0643 8
1757582113837 159514752658.33466 9
1757582113907 273174327680.11505 10
1757582113980 93968908600.46553 11
1757582114054 524209072024.1652 12
1757582114122 184273043522.43576 13
1757582114192 150935443866.33075 14
1757582114257 228819481835.38193 15
1757582114327 82053545005.98723 16
1757582114419 336490945593.95276 17
1757582114493 725016994091.7614 18
1757582114566 186825768710.42664 19
1757582114637 325013593365.9034 20
1757582114760 360990933870.2694 21
1757582114837 293804256201.44476 22
1757582114915 206542325322.2051 23
1757582114988 304539347338.64795 24
1757582115062 94045705707.02664 25
1757582115133 148901665478.71237 26
1757582115207 309066351298.82184 27
1757582115282 123239026220.52055 28
1757582115356 231036890627.90182 29
1757582115431 251586094377.31186 30
1757582115500 287856432765.96576 31
1757582115566 644060515646.0325 32
1757582115635 171634525596.99026 33
1757582115703 247625953498.3792 34
1757582115775 122557091486.88464 35
1757582115840 304226567894.8585 36
1757582115905 215942814713.9314 37
1757582115970 382818416095.7287 38
1757582116035 162002546294.19113 39
1757582116098 139009383685.78876 40
1757582116161 156028302396.365 41
1757582116224 164614411633.96356 42
1757582116288 470790042265.5456 43
1757582116356 172478636191.32208 44
1757582116427 326313590070.95044 45
1757582116497 238151710064.15308 46
1757582116561 463532055847.0286 47
1757582116625 149081841315.4691 48
1757582116690 168352390330.8988 49
1757582116755 105586872031.90285 50
1757582116826 64896264419.46839 51
1757582116893 97149680313.04117 52
1757582116959 213243241678.9745 53
1757582117024 559756588439.162 54
1757582117091 741050814676.4269 55
1757582117159 289787422602.77106 56
1757582117229 280132414591.661 57
1757582117320 101817006980.64226 58
1757582117411 621666971702.887 59
1757582117506 354989191532.567 60
1757582117604 204281838528.4544 61
1757582117699 530544248043.7293 62
1757582117774 232421297109.98187 63
1757582117870 359798739853.80756 64
1757582117955 126721678665.13275 65
1757582118025 133966481376.7244 66
1757582118104 130369652872.11543 67
1757582118181 345243668536.4765 68
1757582118262 101189989364.28896 69
1757582118352 209334596302.32327 70
1757582118443 368363690074.36975 71
1757582118540 87417633536.3947 72
1757582118635 174695837178.07007 73
1757582118727 165292364410.49945 74
1757582118809 250882753672.52017 75
1757582118888 145976336935.54425 76
1757582118970 73518030589.04442 77
1757582119051 118240343402.40334 78
1757582119135 142839053195.87338 79
1757582119211 172203173173.08032 80
1757582119314 107301637452.23946 81
1757582119415 198188648049.00464 82
1757582119514 67555053034.111786 83
1757582119624 202672980616.9005 84
1757582119723 178701578761.8325 85
1757582119829 386574776670.76807 86
1757582119936 341188809265.3329 87
1757582120041 405945427801.49713 88
1757582120140 123346550397.66737 89
1757582120237 139166840741.64484 90
1757582120331 148984969111.51355 91
1757582120424 258919851935.92905 92
1757582120521 229283969482.81445 93
1757582120615 156272978095.59177 94
1757582120710 303822323412.57446 95
1757582120805 212975160860.15808 96
1757582120900 186637260370.61514 97
1757582120992 248289705908.30548 98
1757582121083 250893691611.18042 99
1757582121177 215909260455.42554 100
1757582121272 445319204717.1955 101
1757582121342 310929973271.1274 102
1757582121418 460463996516.46594 103
1757582121496 187465435846.56616 104
1757582121578 136820795513.99011 105
1757582121650 204154292887.59332 106
1757582121745 218413674956.59476 107
1757582121831 489076377637.2428 108
1757582121924 623603102459.7517 109
1757582122016 145071239283.17413 110
1757582122110 400594258318.01935 111
1757582122205 91162981201.64822 112
1757582122308 440916363409.77576 113
1757582122403 354140742692.3255 114
1757582122497 376987440745.79425 115
1757582122592 133288328143.2766 116
1757582122686 328405325813.544 117
1757582122778 145864901843.93503 118
1757582122848 88302102865.56007 119
1757582122926 453475210958.2343 120
1757582123002 185036396764.579 121
1757582123070 225292342837.1539 122
1757582123144 299103079277.0214 123
1757582123252 167041057650.25986 124
1757582123359 63432667442.42568 125
1757582123473 245582957016.72333 126
1757582123586 146942940000.2386 127
1757582123686 145106909626.5448 128
1757582123783 408576577029.2879 129
1757582123876 121351646713.69922 130
1757582123971 122970007450.95663 131
1757582124067 214084748607.02344 132
1757582124159 409881529350.31464 133
1757582124255 105095804272.71083 134
1757582124342 531728306167.23596 135
1757582124422 621576728483.4879 136
1757582124502 119078187547.61436 137
1757582124576 252091027163.85275 138
1757582124648 344963818582.3222 139
1757582124740 359760128752.9564 140
1757582124818 188566059390.10852 141
1757582124918 334923305433.57184 142
1757582125016 280037268127.90173 143
1757582125113 164695850475.61884 144
1757582125206 247990211602.26065 145
1757582125303 121010819629.4928 146
1757582125383 138646519604.8285 147
1757582125464 94323535612.0607 148
1757582125542 176626963331.8294 149
1757582125637 256318683915.6191 150
1757582125731 251503978945.76907 151
1757582125807 573338791318.1375 152
1757582125900 89836057579.85558 153
1757582125997 321176531000.7095 154
1757582126092 128220821671.60893 155
1757582126187 299837714605.93713 156
1757582126279 302103647111.6086 157
1757582126374 304843116820.206 158
1757582126472 194673812662.32626 159
1757582126579 372527081706.891 160
1757582126677 319608764830.296 161
1757582126775 263909373602.2446 162
1757582126875 556780487835.2928 163
1757582126976 261710618428.84244 164
1757582127073 289959048697.342 165
1757582127165 156781869916.1146 166
1757582127265 137080911056.97711 167
1757582127360 325958102813.95654 168
1757582127438 173863971190.52286 169
1757582127508 369070399841.8953 170
1757582127584 242365995791.34427 171
1757582127649 219780058287.74942 172
1757582127714 59888010483.25314 173
1757582127780 149512324893.01712 174
1757582127852 107968572284.95561 175
1757582127946 282963446476.9292 176
