1757586243570 1053301838799.6714 0
1757586243656 3133677068712.0366 1
1757586243749 6800294866835933.0 2
1757586243837 2.063714856634326e+19 3
1757586243918 6.263149477973351e+22 4
1757586243989 1.900797564429702e+26 5
1757586244067 5.768713318913459e+29 6
1757586244147 1.7507415822975807e+33 7
1757586244227 5.313309777306135e+36 8
1757586244297 1.6125315737670273e+40 9
1757586244372 4.893857473738163e+43 10
1757586244451 1.4852323739195834e+47 11
1757586244538 4.5075182846586254e+50 12
1757586244624 1.3679826432083909e+54 13
1757586244710 4.151678138475133e+57 14
1757586244814 1.2599890394125894e+61 15
1757586244915 3.823929328064329e+64 16
1757586245007 1.1605208496771946e+68 17
1757586245094 3.5220542195983313e+71 18
1757586245188 1.068905046319581e+75 19
1757586245279 3.2440102474565698e+78 20
1757586245368 9.84521732948851e+81 21
1757586245456 2.9879160936947257e+85 22
1757586245547 9.067999500853837e+88 23
1757586245646 2.752038958557413e+92 24
1757586245738 8.352138119002566e+95 25
1757586245827 2.5347828359036793e+99 26
1757586245915 7.692789479347367e+102 27
1757586246012 2.3346777142137106e+106 28
1757586246146 7.085492257235902e+109 29
1757586246234 2.150369630107942e+113 30
1757586246324 6.526137321466026e+116 31
1757586246413 1.9806115070781452e+120 32
1757586246504 6.010939930833609e+123 33
1757586246599 1.824254717442898e+127 34
1757586246697 5.536414125587759e+130 35
1757586246786 1.6802413104335108e+134 36
1757586246874 5.099349140518996e+137 37
1757586246975 1.547596853823501e+141 38
1757586247070 4.696787680085478e+144 39
1757586247161 1.4254238406663597e+148 40
1757586247262 4.3260059085810256e+151 41
1757586247352 1.3128956165297004e+155 42
1757586247442 3.984495019953151e+158 43
1757586247536 1.2092507861360759e+162 44
1757586247627 3.669944262567834e+165 45
1757586247717 1.1137880615641772e+169 46
1757586247810 3.380225304061984e+172 47
1757586247903 1.0258615171520712e+176 48
1757586247984 3.1133778304922455e+179 49
1757586248050 9.448762189959134e+182 50
1757586248115 2.8675962823402564e+186 51
1757586248177 8.702841994721857e+189 52
1757586248243 2.641217637626563e+193 53
1757586248309 8.0158074954601e+196 54
1757586248370 2.4327101594707338e+200 55
1757586248471 7.383010037783382e+203 56
1757586248574 2.240663031960592e+207 57
1757586248670 6.800167949253064e+210 58
1757586248764 2.0637768142042532e+214 59
1757586248870 6.26333756847121e+217 60
1757586248964 1.90085464797456e+221 61
1757586249035 5.7688865612402655e+224 62
1757586249112 1.7507941594545297e+228 63
1757586249191 5.313469343243728e+231 64
1757586249267 1.6125800002889608e+235 65
1757586249344 4.8940044429511314e+238 66
1757586249415 1.4852769774729662e+242 67
1757586249597 4.507653651578955e+245 68
1757586249693 1.368023725592483e+249 69
1757586249783 4.151802819030668e+252 70
1757586249871 1.2600268786015065e+256 71
1757586249962 3.824044165876186e+259 72
1757586250052 1.1605557017007443e+263 73
1757586250140 3.5221599916890617e+266 74
1757586250230 1.0689371469956335e+270 75
1757586250318 3.244107669507699e+273 76
1757586250406 9.845512994789438e+276 77
1757586250495 2.9880058248892186e+280 78
1757586250565 9.068271825243604e+283 79
1757586250642 2.7521216060399004e+287 80
1757586250739 8.352388945098881e+290 81
1757586250830 2.5348589588885607e+294 82
1757586250921 7.693020504304981e+297 83
1757586251005 2.3347478277689346e+301 84
1757586251100 inf 85
1757586251194 inf 86
