1757572800518 3855217386909158.0 0
1757572801097 5.658919762925227e+18 1
1757572801730 1.7480029099964103e+25 2
1757572802348 2.222018826558159e+32 3
1757572803022 1.3233282928722744e+38 4
1757572803693 8.596495456462082e+43 5
1757572804373 4.5419684307323295e+48 6
1757572805046 1.1418767946562953e+51 7
1757572805754 5.664454591897956e+54 8
1757572806439 1.6501071954282042e+64 9
1757572807133 1.0711680894942014e+68 10
1757572807820 4.62702369388795e+73 11
1757572808437 8.285017748057304e+78 12
1757572809033 4.5565838881246816e+83 13
1757572809727 9.339725896528303e+90 14
1757572810415 1.5621656098997223e+94 15
1757572811022 8.437864963931383e+100 16
1757572811618 6.912700536683746e+106 17
1757572812308 9.610096820560261e+108 18
1757572812992 3.1146028486401416e+111 19
1757572813661 4.937991125845056e+119 20
1757572814348 1.3805892445306041e+125 21
1757572815029 5.714038285860916e+125 22
1757572815710 2.8541008258905657e+129 23
1757572816271 4.948133461905697e+139 24
1757572816939 3.7497830326623157e+143 25
1757572817635 1.2107312052476634e+148 26
1757572818335 7.499754835967379e+150 27
1757572819006 1.0233783317941397e+152 28
1757572819685 3.224585380520028e+166 29
1757572820362 9.702705703254713e+173 30
1757572821028 1.4490751321248418e+175 31
1757572821703 1.2203778137568672e+183 32
1757572822402 7.377882171954906e+187 33
1757572823099 2.748868237645241e+195 34
1757572823790 9.788345617831164e+198 35
1757572824467 7.743002923319697e+203 36
1757572825144 5.519236476627485e+207 37
1757572825833 2.682989311847546e+214 38
1757572826510 1.1945427874628484e+218 39
1757572827120 4.585297511637616e+223 40
1757572827734 1.0711953742292043e+232 41
1757572828410 3.4120667202821e+234 42
1757572829105 7.562578781229604e+242 43
1757572829805 5.709718413215481e+242 44
1757572830490 3.2736250240926523e+249 45
1757572831104 6.270748473533145e+254 46
1757572831743 4.3974420731535774e+260 47
1757572832394 8.564262737830781e+265 48
1757572833064 3.3483483076562585e+268 49
1757572833736 4.932160882365385e+272 50
1757572834416 2.952166264597516e+280 51
1757572835083 4.4004523236814984e+281 52
1757572835750 3.6067628893315093e+285 53
1757572836429 1.96628146712514e+289 54
1757572837100 8.875488735975392e+294 55
1757572837772 2.9221609608889526e+302 56
1757572838459 3.8535191734689464e+304 57
1757572839144 1.3782153918854788e+306 58
