1757591644436 1064044056168.5138 0
1757591644509 868232039965.7618 1
1757591644588 727726652280.937 2
1757591644665 623842259190.3568 3
1757591644744 545214062664.4805 4
1757591644820 484635218029.82275 5
1757591644900 437337860882.67267 6
1757591644979 400039798698.6105 7
1757591645061 370401803338.4813 8
1757591645151 346708508451.91486 9
1757591645240 327673614873.1038 10
1757591645323 312316049618.2784 11
1757591645403 299877981577.48883 12
1757591645489 289768443347.94775 13
1757591645569 281523273791.5821 14
1757591645650 274775879787.32602 15
1757591645730 269235439821.28406 16
1757591645811 264670391816.61453 17
1757591645899 260895772067.80664 18
1757591645979 257763418687.1737 19
1757591646060 255154339152.99774 20
1757591646143 252972732080.58682 21
1757591646219 251141284668.46442 22
1757591646299 249597460524.97516 23
1757591646387 248290560413.46344 24
1757591646470 247179388736.7133 25
1757591646563 246230396395.58514 26
1757591646647 245416199405.81918 27
1757591646733 244714394694.89252 28
1757591646847 244106611501.34775 29
1757591646935 243577749978.83322 30
1757591647016 243115368865.96573 31
1757591647143 242709192095.2761 32
1757591647220 242350710490.20255 33
1757591647291 242032859627.47723 34
1757591647362 241749758821.8014 35
1757591647434 241496499250.43127 36
1757591647504 241268971655.1413 37
1757591647575 241063725976.059 38
1757591647644 240877856793.54428 39
1757591647714 240708909664.43478 40
1757591647784 240554804403.1636 41
1757591647854 240413772127.85666 42
1757591647922 240284303506.8805 43
1757591647994 240165106134.20184 44
1757591648064 240055069357.3744 45
1757591648134 239953235199.77457 46
1757591648207 239858774274.52173 47
1757591648271 239770965793.76276 48
1757591648340 239689180943.536 49
1757591648405 239612869029.11072 50
1757591648468 239541545904.77972 51
1757591648535 239474784290.5641 52
1757591648605 239412205650.16382 53
1757591648669 239353473362.9607 54
1757591648738 239298287062.86798 55
1757591648806 239246377488.4019 56
1757591648872 239197502673.02615 57
1757591648937 239151444344.726 58
1757591649002 239108004953.3656 59
1757591649066 239067005357.5544 60
1757591649136 239028281967.04706 61
1757591649204 238991685585.30542 62
1757591649272 238957079566.1065 63
1757591649336 238924338430.79385 64
1757591649398 238893346671.5162 65
1757591649462 238863997712.32635 66
1757591649536 238836193004.56918 67
1757591649605 238809841236.77423 68
1757591649676 238784857642.41003 69
1757591649742 238761163391.48132 70
1757591649809 238738685054.13278 71
1757591649876 238717354126.25052 72
1757591649947 238697106608.5792 73
1757591650017 238677882632.1539 74
1757591650088 238659626123.92075 75
1757591650160 238642284507.32388 76
1757591650229 238625808433.39816 77
1757591650313 238610151538.54904 78
1757591650381 238595270225.7446 79
1757591650455 238581123466.30322 80
1757591650526 238567672619.8519 81
1757591650596 238554881270.35922 82
1757591650670 238542715076.43103 83
1757591650740 238531141634.2956 84
1757591650820 238520130352.11066 85
1757591650893 238509652334.4009 86
1757591650961 238499680275.58463 87
1757591651027 238490188361.6769 88
1757591651094 238481152179.36984 89
1757591651166 238472548631.7833 90
1757591651235 238464355860.26636 91
1757591651304 238456553171.6978 92
1757591651371 238449120970.79773 93
1757591651437 238442040697.0178 94
1757591651506 238435294765.62106 95
1757591651577 238428866512.60812 96
1757591651643 238422740143.17786 97
1757591651709 238416900683.4453 98
1757591651776 238411333935.1664 99
1757591651845 238406026433.2424 100
1757591651916 238400965405.79968 101
1757591651984 238396138736.6599 102
1757591652052 238391534930.02957 103
1757591652118 238387143077.25745 104
1757591652191 238382952825.51736 105
1757591652260 238378954348.2885 106
1757591652330 238375138317.51505 107
1757591652398 238371495877.33588 108
1757591652466 238368018619.28568 109
1757591652533 238364698558.8738 110
1757591652601 238361528113.45618 111
1757591652667 238358500081.32227 112
1757591652735 238355607621.92145 113
1757591652802 238352844237.16354 114
1757591652869 238350203753.72836 115
1757591652933 238347680306.3262 116
1757591653001 238345268321.8538 117
1757591653065 238342962504.39487 118
1757591653128 238340757821.01752 119
1757591653190 238338649488.32227 120
1757591653253 238336632959.70068 121
1757591653326 238334703913.2632 122
1757591653402 238332858240.40076 123
1757591653477 238331092034.94394 124
1757591653552 238329401582.88885 125
1757591653636 238327783352.6567 126
1757591653723 238326233985.86044 127
1757591653793 238324750288.54987 128
1757591653860 238323329222.9091 129
1757591653926 238321967899.3843 130
1757591653993 238320663569.21655 131
1757591654059 238319413617.35913 132
1757591654122 238318215555.7598 133
1757591654186 238317067016.98758 134
1757591654251 238315965748.18637 135
1757591654318 238314909605.33823 136
1757591654383 238313896547.82034 137
1757591654450 238312924633.24036 138
1757591654516 238311992012.53458 139
1757591654580 238311096925.31674 140
1757591654643 238310237695.46368 141
1757591654707 238309412726.9256 142
1757591654772 238308620499.7488 143
1757591654841 238307859566.30148 144
1757591654904 238307128547.6901 145
1757591654970 238306426130.35785 146
1757591655036 238305751062.8556 147
1757591655100 238305102152.7758 148
1757591655166 238304478263.84183 149
1757591655232 238303878313.14432 150
1757591655296 238303301268.51694 151
1757591655362 238302746146.04434 152
1757591655430 238302212007.69623 153
1757591655492 238301697959.08002 154
1757591655557 238301203147.30704 155
1757591655620 238300726758.9653 156
1757591655683 238300268018.19522 157
1757591655743 238299826184.86057 158
1757591655806 238299400552.81216 159
1757591655871 238298990448.23816 160
1757591655939 238298595228.09686 161
1757591656005 238298214278.6278 162
1757591656072 238297847013.93774 163
1757591656139 238297492874.65643 164
1757591656206 238297151326.6603 165
1757591656277 238296821859.85886 166
1757591656347 238296503987.04224 167
1757591656415 238296197242.7855 168
1757591656482 238295901182.4078 169
1757591656549 238295615380.98264 170
1757591656617 238295339432.3978 171
1757591656685 238295072948.4615 172
1757591656756 238294815558.05258 173
1757591656831 238294566906.31308 174
1757591656906 238294326653.88034 175
1757591656985 238294094476.15717 176
1757591657054 238293870062.6177 177
1757591657121 238293653116.14755 178
1757591657205 238293443352.4164 179
1757591657274 238293240499.28122 180
1757591657343 238293044296.21863 181
1757591657415 238292854493.78555 182
1757591657486 238292670853.10538 183
1757591657553 238292493145.38 184
1757591657620 238292321151.42505 185
1757591657688 238292154661.22797 186
1757591657760 238291993473.52756 187
1757591657833 238291837395.41382 188
1757591657907 238291686241.94727 189
1757591657985 238291539835.7965 190
1757591658063 238291398006.89343 191
1757591658143 238291260592.10492 192
1757591658224 238291127434.92032 193
1757591658301 238290998385.15417 194
1757591658378 238290873298.66278 195
1757591658454 238290752037.07465 196
1757591658532 238290634467.53357 197
1757591658607 238290520462.45422 198
1757591658689 238290409899.289 199
1757591658770 238290302660.30646 200
1757591658847 238290198632.37955 201
1757591658925 238290097706.78442 202
1757591659005 238289999779.00867 203
1757591659078 238289904748.5681 204
1757591659151 238289812518.8328 205
1757591659219 238289722996.86072 206
1757591659286 238289636093.23962 207
1757591659351 238289551721.93585 208
1757591659414 238289469800.15045 209
1757591659476 238289390248.182 210
1757591659543 238289312989.29535 211
1757591659612 238289237949.59723 212
1757591659697 238289165057.91672 213
1757591659771 238289094245.69168 214
1757591659850 238289025446.86038 215
1757591659929 238288958597.75793 216
1757591660001 238288893637.01746 217
1757591660065 238288830505.47568 218
1757591660129 238288769146.0832 219
1757591660191 238288709503.81808 220
1757591660255 238288651525.60413 221
1757591660317 238288595160.23206 222
1757591660381 238288540358.28497 223
1757591660444 238288487072.0665 224
1757591660510 238288435255.53247 225
1757591660575 238288384864.2255 226
1757591660652 238288335855.21252 227
1757591660725 238288288187.02502 228
