1757530949328 1053304731631.7328 0
1757530949391 3131214207290.152 1
1757530949455 6787789961522976.0 2
1757530949522 2.0584262487944258e+19 3
1757530949590 6.242563259635898e+22 4
1757530949655 1.893174291998932e+26 5
1757530949723 5.741405814939568e+29 6
1757530949789 1.7411889053815922e+33 7
1757530949855 5.2804816484755843e+36 8
1757530949901 1.6014050143385606e+40 9
1757530949953 4.856560803859669e+43 10
1757530950010 1.4728430740756762e+47 11
1757530950056 4.466672627940126e+50 12
1757530950105 1.354602178355657e+54 13
1757530950155 4.10808495372563e+57 14
1757530950210 1.2458537463384997e+61 15
1757530950261 3.778284954545607e+64 16
1757530950310 1.145835716246831e+68 17
1757530950358 3.4749615352524073e+71 18
1757530950433 1.0538472051679835e+75 19
1757530950500 3.195989137070265e+78 20
1757530950568 9.69243597570955e+81 21
1757530950636 2.9394128426026464e+85 22
1757530950703 8.914320281207561e+88 23
1757530950768 2.703434676620241e+92 24
1757530950833 8.19867227135654e+95 25
1757530950902 2.4864010066315025e+99 26
1757530950953 7.540476995740732e+102 27
1757530951009 2.2867909549443837e+106 28
1757530951064 6.935122107751674e+109 29
1757530951130 2.103205741016046e+113 30
1757530951201 6.378365543266418e+116 31
1757530951258 1.9343588794063698e+120 32
1757530951310 5.866305794104874e+123 33
1757530951361 1.7790671646467926e+127 34
1757530951432 5.395354567954872e+130 35
1757530951502 1.6362423798502714e+134 36
1757530951571 4.96221164317828e+137 37
1757530951642 1.5048836709600033e+141 38
1757530951714 4.5638417422912296e+144 39
1757530951784 1.3840705331989358e+148 40
1757530951854 4.197453262057799e+151 41
1757530951920 1.2729563605720715e+155 42
1757530951985 3.86047871114707e+158 43
1757530952044 1.1707625132193968e+162 44
1757530952095 3.5505567182690743e+165 45
1757530952155 1.0767728610459248e+169 46
1757530952214 3.265515484710421e+172 47
1757530952278 9.90328765393048e+175 48
1757530952332 3.003357565312207e+179 49
1757530952389 9.108244635848863e+182 50
1757530952456 2.762245871241964e+186 51
1757530952528 8.377028240065685e+189 52
1757530952601 2.5404907964730183e+193 53
1757530952673 7.70451441967863e+196 54
1757530952741 2.3365383777593306e+200 55
1757530952812 7.085990489936597e+203 56
1757530952882 2.1489594051360248e+207 57
1757530952953 6.517122103792021e+210 58
1757530953025 1.9764394066367242e+214 59
1757530953094 5.993922878679256e+217 60
1757530953164 1.8177694370449354e+221 61
1757530953234 5.5127264616770506e+224 62
1757530953305 1.6718376061310738e+228 63
1757530953374 5.070160837299714e+231 64
1757530953448 1.5376212870086812e+235 65
1757530953512 4.663124697877265e+238 66
1757530953566 1.4141799500093771e+242 67
1757530953619 4.2887657109382254e+245 68
1757530953681 1.30064857185944e+249 69
1757530953744 3.944460531302656e+252 70
1757530953798 1.1962315739724561e+256 71
1757530953853 3.6277964178184826e+259 72
1757530953911 1.1001972473801036e+263 73
1757530953975 3.336554325919506e+266 74
1757530954044 1.0118726252335371e+270 75
1757530954114 3.0686933575248866e+273 76
1757530954181 9.30638766944008e+276 77
1757530954248 2.822336459311868e+280 78
1757530954316 8.559264209160442e+283 79
1757530954384 2.5957572691413676e+287 80
1757530954454 7.872120354795253e+290 81
1757530954507 2.3873680184619341e+294 82
1757530954558 7.240140900669825e+297 83
1757530954618 2.195708405917388e+301 84
1757530954679 inf 85
1757530954734 inf 86
