1757584796792 1019577747998.4952 0
1757584796854 1017519209955.5841 1
1757584796921 1015467314677.1958 2
1757584796984 1013422035872.6902 3
1757584797052 1011383347372.4847 4
1757584797120 1009351223127.4469 5
1757584797188 1007325637208.2866 6
1757584797257 1005306563804.9535 7
1757584797322 1003293977226.0383 8
1757584797386 1001287851898.1742 9
1757584797453 999288162365.4447 10
1757584797519 997294883288.7937 11
1757584797586 995307989445.4359 12
1757584797648 993327455728.276 13
1757584797715 991353257145.3243 14
1757584797780 989385368819.121 15
1757584797845 987423765986.1598 16
1757584797921 985468423996.3171 17
1757584797989 983519318312.2819 18
1757584798065 981576424508.9902 19
1757584798131 979639718273.0627 20
1757584798200 977709175402.2438 21
1757584798266 975784771804.8446 22
1757584798331 973866483499.1901 23
1757584798396 971954286613.0656 24
1757584798463 970048157383.1703 25
1757584798522 968148072154.5715 26
1757584798590 966254007380.161 27
1757584798653 964365939620.116 28
1757584798718 962483845541.3628 29
1757584798783 960607701917.0416 30
1757584798844 958737485625.9762 31
1757584798902 956873173652.1442 32
1757584798966 955014743084.1527 33
1757584799034 953162171114.7148 34
1757584799098 951315435040.129 35
1757584799162 949474512259.7622 36
1757584799228 947639380275.5344 37
1757584799289 945810016691.4076 38
1757584799355 943986399212.8751 39
1757584799420 942168505646.4557 40
1757584799488 940356313899.1898 41
1757584799552 938549801978.1373 42
1757584799615 936748947989.8792 43
1757584799677 934953730140.0212 44
1757584799751 933164126732.7004 45
1757584799818 931380116170.0947 46
1757584799882 929601676951.9332 47
1757584799949 927828787675.0115 48
1757584800013 926061427032.708 49
1757584800095 924299573814.5028 50
1757584800161 922543206905.5002 51
1757584800229 920792305285.9528 52
1757584800292 919046848030.787 53
1757584800361 917306814309.134 54
1757584800424 915572183383.8608 55
1757584800488 913842934611.1039 56
1757584800552 912119047439.8063 57
1757584800615 910400501411.257 58
1757584800675 908687276158.6311 59
1757584800737 906979351406.5348 60
1757584800807 905276706970.5515 61
1757584800869 903579322756.7899 62
1757584800934 901887178761.4348 63
1757584801004 900200255070.3016 64
1757584801069 898518531858.3901 65
1757584801139 896841989389.4445 66
1757584801203 895170608015.5115 67
1757584801274 893504368176.5046 68
1757584801341 891843250399.7688 69
1757584801421 890187235299.6461 70
1757584801484 888536303577.047 71
1757584801554 886890436019.0209 72
1757584801618 885249613498.3295 73
1757584801685 883613816973.0248 74
1757584801751 881983027486.0256 75
1757584801815 880357226164.6989 76
1757584801878 878736394220.442 77
1757584801947 877120512948.2681 78
1757584802012 875509563726.3931 79
1757584802081 873903528015.8239 80
1757584802146 872302387359.9515 81
1757584802213 870706123384.1432 82
1757584802285 869114717795.3383 83
1757584802352 867528152381.646 84
1757584802420 865946409011.9456 85
1757584802482 864369469635.4874 86
1757584802548 862797316281.4983 87
1757584802612 861229931058.7858 88
1757584802686 859667296155.3473 89
1757584802773 858109393837.9806 90
1757584802861 856556206451.8948 91
1757584802931 855007716420.3256 92
1757584802996 853463906244.1505 93
1757584803064 851924758501.5087 94
1757584803138 850390255847.4185 95
1757584803202 848860381013.4023 96
1757584803277 847335116807.1086 97
1757584803341 845814446111.94 98
1757584803405 844298351886.6788 99
1757584803466 842786817165.1198 100
1757584803531 841279825055.6995 101
1757584803598 839777358741.1316 102
1757584803666 838279401478.0422 103
1757584803732 836785936596.6074 104
1757584803798 835296947500.1927 105
1757584803867 833812417664.9943 106
1757584803936 832332330639.6826 107
1757584804002 830856670045.0472 108
1757584804071 829385419573.6434 109
1757584804136 827918562989.4417 110
1757584804204 826456084127.4773 111
1757584804274 824997966893.5038 112
1757584804337 823544195263.6464 113
1757584804403 822094753284.0582 114
1757584804478 820649625070.5781 115
1757584804546 819208794808.39 116
1757584804611 817772246751.6847 117
1757584804674 816339965223.3225 118
1757584804746 814911934614.4979 119
1757584804813 813488139384.4069 120
1757584804895 812068564059.914 121
1757584804964 810653193235.2238 122
1757584805029 809242011571.5515 123
1757584805096 807835003796.7971 124
1757584805163 806432154705.2198 125
1757584805237 805033449157.1154 126
1757584805304 803638872078.4943 127
1757584805366 802248408460.762 128
1757584805436 800862043360.401 129
1757584805501 799479761898.6533 130
1757584805567 798101549261.2073 131
1757584805633 796727390697.8826 132
1757584805702 795357271522.319 133
1757584805768 793991177111.6674 134
1757584805834 792629092906.2798 135
1757584805917 791271004409.4033 136
1757584805986 789916897186.8751 137
1757584806067 788566756866.8182 138
1757584806132 787220569139.3396 139
1757584806199 785878319756.2291 140
1757584806288 784539994530.6619 141
1757584806357 783205579336.8994 142
1757584806429 781875060109.9939 143
1757584806497 780548422845.4946 144
1757584806568 779225653599.1545 145
1757584806635 777906738486.6388 146
1757584806707 776591663683.2351 147
1757584806772 775280415423.5653 148
1757584806839 773972980001.2987 149
1757584806912 772669343768.8663 150
1757584806976 771369493137.1775 151
1757584807041 770073414575.3367 152
1757584807112 768781094610.363 153
1757584807180 767492519826.9109 154
1757584807262 766207676866.9913 155
1757584807339 764926552429.6959 156
1757584807408 763649133270.921 157
1757584807476 762375406203.094 158
1757584807540 761105358094.9015 159
1757584807610 759838975871.0173 160
1757584807679 758576246511.834 161
1757584807749 757317157053.1938 162
1757584807817 756061694586.1218 163
1757584807886 754809846256.5612 164
1757584807958 753561599265.1084 165
1757584808025 752316940866.7502 166
1757584808091 751075858370.604 167
1757584808153 749838339139.6554 168
1757584808224 748604370590.5009 169
1757584808304 747373940193.0905 170
1757584808375 746147035470.4716 171
1757584808455 744923643998.5334 172
1757584808522 743703753405.7551 173
1757584808585 742487351372.9517 174
1757584808657 741274425633.0251 175
1757584808721 740064963970.7135 176
1757584808789 738858954222.3438 177
1757584808860 737656384275.5833 178
1757584808930 736457242069.1957 179
1757584808999 735261515592.7958 180
1757584809070 734069192886.606 181
1757584809145 732880262041.2148 182
1757584809208 731694711197.336 183
1757584809283 730512528545.5697 184
1757584809350 729333702326.1628 185
1757584809419 728158220828.7732 186
1757584809487 726986072392.2336 187
1757584809557 725817245404.3162 188
1757584809626 724651728301.5009 189
1757584809692 723489509568.7415 190
1757584809758 722330577739.2355 191
1757584809827 721174921394.1941 192
1757584809892 720022529162.6132 193
1757584809961 718873389721.0472 194
1757584810028 717727491793.381 195
1757584810094 716584824150.6055 196
1757584810163 715445375610.5939 197
1757584810233 714309135037.8788 198
1757584810324 713176091343.4303 199
1757584810403 712046233484.4352 200
1757584810494 710919550464.0778 201
1757584810576 709796031331.3217 202
1757584810653 708675665180.692 203
1757584810719 707558441152.0603 204
1757584810792 706444348430.4285 205
1757584810859 705333376245.7152 206
1757584810929 704225513872.5435 207
1757584811000 703120750630.0288 208
1757584811081 702019075881.5681 209
1757584811150 700920479034.6302 210
1757584811223 699824949540.5483 211
1757584811297 698732476894.3112 212
1757584811365 697643050634.3574 213
1757584811433 696556660342.3705 214
1757584811505 695473295643.0737 215
1757584811575 694392946204.0273 216
1757584811643 693315601735.4269 217
1757584811707 692241251989.9006 218
1757584811775 691169886762.311 219
1757584811847 690101495889.5547 220
1757584811911 689036069250.3641 221
1757584811993 687973596765.1111 222
1757584812062 686914068395.6104 223
1757584812128 685857474144.9247 224
1757584812203 684803804057.1705 225
1757584812276 683753048217.3252 226
1757584812351 682705196751.0337 227
1757584812418 681660239824.4197 228
1757584812486 680618167643.893 229
1757584812551 679578970455.9614 230
1757584812622 678542638547.0432 231
1757584812692 677509162243.2784 232
1757584812759 676478531910.343 233
1757584812828 675450737953.2638 234
1757584812901 674425770816.2338 235
1757584812966 673403620982.4283 236
1757584813038 672384278973.823 237
1757584813106 671367735351.0118 238
1757584813178 670353980713.0264 239
1757584813251 669343005697.1554 240
1757584813321 668334800978.7675 241
1757584813393 667329357271.1313 242
1757584813458 666326665325.2397 243
1757584813529 665326715929.6326 244
1757584813596 664329499910.2224 245
1757584813667 663335008130.1194 246
1757584813736 662343231489.4573 247
1757584813800 661354160925.2228 248
1757584813873 660367787411.081 249
1757584813940 659384101957.206 250
1757584814009 658403095610.1118 251
1757584814075 657424759452.4805 252
1757584814146 656449084602.9962 253
1757584814214 655476062216.1768 254
1757584814286 654505683482.2067 255
1757584814357 653537939626.7719 256
1757584814430 652572821910.8949 257
1757584814499 651610321630.7703 258
1757584814571 650650430117.6012 259
1757584814644 649693138737.4376 260
1757584814710 648738438891.014 261
1757584814783 647786322013.5889 262
1757584814852 646836779574.784 263
1757584814923 645889803078.4271 264
1757584814991 644945384062.3909 265
1757584815065 644003514098.4369 266
1757584815141 643064184792.0592 267
1757584815210 642127387782.3269 268
1757584815280 641193114741.7297 269
1757584815357 640261357376.0238 270
1757584815435 639332107424.0767 271
1757584815518 638405356657.7167 272
1757584815593 637481096881.5785 273
1757584815672 636559319932.9529 274
1757584815739 635640017681.6361 275
1757584815815 634723182029.78 276
1757584815883 633808804911.7421 277
1757584815958 632896878293.9385 278
1757584816028 631987394174.6956 279
1757584816111 631080344584.103 280
1757584816183 630175721583.8683 281
1757584816262 629273517267.1705 282
1757584816331 628373723758.5161 283
1757584816403 627476333213.5955 284
1757584816481 626581337819.1383 285
1757584816556 625688729792.7727 286
1757584816631 624798501382.8823 287
1757584816704 623910644868.4658 288
1757584816772 623025152558.9961 289
1757584816847 622142016794.2817 290
1757584816922 621261229944.326 291
1757584816996 620382784409.1906 292
1757584817067 619506672618.8568 293
1757584817136 618632887033.0896 294
1757584817204 617761420141.3003 295
1757584817277 616892264462.4122 296
1757584817350 616025412544.7253 297
1757584817423 615160856965.7817 298
1757584817491 614298590332.2328 299
1757584817561 613438605279.706 300
1757584817641 612580894472.673 301
1757584817710 611725450604.3177 302
1757584817784 610872266396.4061 303
1757584817883 610021334599.1556 304
1757584817951 609172647991.1055 305
1757584818022 608326199378.988 306
1757584818095 607481981597.6008 307
1757584818162 606639987509.6786 308
1757584818234 605800210005.7664 309
1757584818304 604962642004.0931 310
1757584818379 604127276450.4462 311
1757584818450 603294106318.0461 312
1757584818523 602463124607.4224 313
1757584818595 601634324346.2894 314
1757584818667 600807698589.4227 315
1757584818737 599983240418.5383 316
1757584818807 599160942942.1681 317
1757584818874 598340799295.5406 318
1757584818941 597522802640.459 319
1757584819013 596706946165.1814 320
1757584819080 595893223084.3013 321
1757584819157 595081626638.6284 322
1757584819231 594272150095.0704 323
1757584819300 593464786746.5151 324
1757584819387 592659529911.7131 325
1757584819461 591856372935.1616 326
1757584819533 591055309186.9877 327
1757584819604 590256332062.8334 328
1757584819672 589459434983.7406 329
1757584819743 588664611396.0369 330
1757584819821 587871854771.221 331
1757584819893 587081158605.8512 332
1757584819968 586292516421.4309 333
1757584820035 585505921764.2977 334
1757584820105 584721368205.5117 335
1757584820173 583938849340.744 336
1757584820247 583158358790.1671 337
1757584820321 582379890198.3441 338
1757584820391 581603437234.1202 339
1757584820463 580828993590.5137 340
1757584820538 580056552984.607 341
1757584820607 579286109157.4403 342
1757584820678 578517655873.9031 343
1757584820750 577751186922.6283 344
1757584820825 576986696115.8859 345
1757584820898 576224177289.477 346
1757584820970 575463624302.6299 347
1757584821038 574705031037.8939 348
1757584821111 573948391401.0365 349
1757584821185 573193699320.9396 350
1757584821266 572440948749.496 351
1757584821336 571690133661.5074 352
1757584821402 570941248054.5824 353
1757584821474 570194285949.0348 354
1757584821549 569449241387.7827 355
1757584821624 568706108436.2479 356
1757584821693 567964881182.2559 357
1757584821761 567225553735.9363 358
1757584821826 566488120229.6246 359
1757584821900 565752574817.7623 360
1757584821966 565018911676.7998 361
1757584822044 564287125005.0986 362
1757584822123 563557209022.8344 363
1757584822201 562829157971.8998 364
1757584822276 562102966115.8091 365
1757584822347 561378627739.602 366
1757584822425 560656137149.749 367
1757584822496 559935488674.0557 368
1757584822567 559216676661.5693 369
1757584822639 558499695482.4849 370
1757584822710 557784539528.0518 371
1757584822777 557071203210.4805 372
1757584822850 556359680962.851 373
1757584822921 555649967239.0195 374
1757584822998 554942056513.5288 375
1757584823074 554235943281.5155 376
1757584823149 553531622058.6201 377
1757584823224 552829087380.8969 378
1757584823296 552128333804.7238 379
1757584823367 551429355906.714 380
1757584823441 550732148283.6259 381
1757584823511 550036705552.2753 382
1757584823583 549343022349.44745 383
1757584823656 548651093331.8099 384
1757584823728 547960913175.8237 385
1757584823799 547272476577.6591 386
1757584823871 546585778253.10706 387
1757584823942 545900812937.495 388
1757584824018 545217575385.60046 389
1757584824088 544536060371.5659 390
1757584824163 543856262688.8155 391
1757584824237 543178177149.96906 392
1757584824314 542501798586.75946 393
1757584824389 541827121849.949 394
1757584824459 541154141809.24615 395
1757584824533 540482853353.22345 396
1757584824606 539813251389.23486 397
1757584824678 539145330843.33453 398
1757584824748 538479086660.1948 399
1757584824820 537814513803.02576 400
1757584824893 537151607253.4944 401
1757584824961 536490362011.6444 402
1757584825036 535830773095.8166 403
1757584825114 535172835542.5693 404
1757584825182 534516544406.5993 405
1757584825253 533861894760.6634 406
1757584825331 533208881695.5 407
1757584825405 532557500319.75134 408
1757584825471 531907745759.88574 409
1757584825540 531259613160.12103 410
1757584825611 530613097682.34717 411
1757584825689 529968194506.05 412
1757584825763 529324898828.2357 413
1757584825829 528683205863.35474 414
1757584825901 528043110843.2265 415
1757584825973 527404609016.9648 416
1757584826041 526767695650.9027 417
1757584826112 526132366028.5194 418
1757584826185 525498615450.36505 419
1757584826263 524866439233.98846 420
1757584826344 524235832713.86304 421
1757584826425 523606791241.3149 422
1757584826507 522979310184.4496 423
1757584826577 522353384928.081 424
1757584826664 521729010873.65875 425
1757584826748 521106183439.19727 426
1757584826836 520484898059.2048 427
1757584826911 519865150184.61237 428
1757584826984 519246935282.7041 429
1757584827058 518630248837.04645 430
1757584827128 518015086347.41907 431
1757584827207 517401443329.7453 432
1757584827281 516789315316.0234 433
1757584827359 516178697854.25714 434
1757584827434 515569586508.38855 435
1757584827502 514961976858.22925 436
1757584827574 514355864499.3927 437
1757584827641 513751245043.22736 438
1757584827710 513148114116.7491 439
1757584827782 512546467362.5748 440
1757584827856 511946300438.8562 441
1757584827927 511347609019.21313 442
1757584827998 510750388792.6686 443
1757584828072 510154635463.58264 444
1757584828138 509560344751.5877 445
1757584828215 508967512391.5234 446
1757584828292 508376134133.3727 447
1757584828366 507786205742.1969 448
1757584828438 507197722998.0722 449
1757584828512 506610681696.0264 450
1757584828586 506025077645.9749 451
1757584828665 505440906672.65845 452
1757584828733 504858164615.57983 453
1757584828805 504276847328.94214 454
1757584828877 503696950681.5864 455
1757584828957 503118470556.9297 456
1757584829029 502541402852.9035 457
1757584829099 501965743481.89355 458
1757584829166 501391488370.6776 459
1757584829238 500818633460.36554 460
1757584829315 500247174706.339 461
1757584829386 499677108078.19135 462
1757584829453 499108429559.6678 463
1757584829526 498541135148.60614 464
1757584829600 497975220856.87744 465
1757584829673 497410682710.32715 466
1757584829753 496847516748.71674 467
1757584829828 496285719025.6648 468
1757584829907 495725285608.5896 469
1757584829980 495166212578.65125 470
1757584830050 494608496030.69366 471
1757584830124 494052132073.1877 472
1757584830200 493497116828.17474 473
1757584830273 492943446431.2086 474
1757584830360 492391117031.30084 475
1757584830434 491840124790.863 476
1757584830506 491290465885.652 477
1757584830593 490742136504.71344 478
1757584830663 490195132850.32733 479
1757584830742 489649451137.9523 480
1757584830821 489105087596.17065 481
1757584830890 488562038466.6343 482
1757584830965 488020300004.01013 483
1757584831035 487479868475.9262 484
1757584831105 486940740162.91736 485
1757584831178 486402911358.37256 486
1757584831253 485866378368.4808 487
1757584831328 485331137512.1783 488
1757584831401 484797185121.0962 489
1757584831475 484264517539.5072 490
1757584831550 483733131124.274 491
1757584831623 483203022244.7967 492
1757584831694 482674187282.9613 493
1757584831770 482146622633.0881 494
1757584831846 481620324701.8801 495
1757584831923 481095289908.3728 496
1757584831998 480571514683.8819 497
1757584832070 480048995471.95416 498
1757584832139 479527728728.31604 499
