1757556567475 1019582106771.0106 0
1757556567536 804772691861.939 1
1757556567599 1347622065451.9282 2
1757556567664 22505561300900.89 3
1757556567729 669112266973158.5 4
1757556567831 2.033747270998185e+16 5
1757556567897 6.185434976971388e+17 6
1757556567959 1.8812718845667983e+19 7
1757556568024 5.721805962414411e+20 8
1757556568120 1.740262228828101e+22 9
1757556568180 5.292931369183719e+23 10
1757556568248 1.6098219001292231e+25 11
1757556568318 4.8962028210402704e+26 12
1757556568381 1.4891586493411946e+28 13
1757556568442 4.5292108271702046e+29 14
1757556568503 1.3775396413290917e+31 15
1757556568593 4.189726501688785e+32 16
1757556568658 1.274286970211393e+34 17
1757556568727 3.875688023540456e+35 18
1757556568845 1.1787735421420117e+37 19
1757556568958 3.585188114250495e+38 20
1757556569033 1.0904192667241337e+40 21
1757556569095 3.3164624542770128e+41 22
1757556569159 1.0086875338944024e+43 23
1757556569221 3.0678789676085074e+44 24
1757556569286 9.330819548801866e+45 25
1757556569350 2.8379279095280583e+47 26
1757556569411 8.631433474364484e+48 27
1757556569478 2.6252126973432963e+50 28
1757556569541 7.984469470524299e+51 29
1757556569601 2.4284414283936337e+53 30
1757556569666 7.38599827190679e+54 31
1757556569726 2.246419033820219e+56 32
1757556569787 6.832385128905501e+57 33
1757556569850 2.078040020445489e+59 34
1757556569920 6.3202677324263235e+60 35
1757556569991 1.9222817566807874e+62 36
1757556570056 5.846535793269642e+63 37
1757556570121 1.7781982616848692e+65 38
1757556570193 5.408312152127909e+66 39
1757556570269 1.6449144600523713e+68 40
1757556570343 5.0029353054719855e+69 41
1757556570410 1.521620867138657e+71 42
1757556570476 4.627943241199614e+72 43
1757556570553 1.4075686727430716e+74 44
1757556570632 4.281058485873148e+75 45
1757556570709 1.3020651932917716e+77 46
1757556570780 3.9601742727328255e+78 47
1757556570852 1.2044696648995381e+80 48
1757556570919 3.663341746478449e+81 49
1757556570980 1.1141893517601456e+83 50
1757556571040 3.3887581271091105e+84 51
1757556571103 1.0306759462300259e+86 52
1757556571161 3.134755760935295e+87 53
1757556571225 9.534222387415552e+88 54
1757556571286 2.899791992265903e+90 55
1757556571346 8.819590373210128e+91 56
1757556571406 2.6824397942570807e+93 57
1757556571465 8.158523180022663e+94 58
1757556571527 2.481379102020136e+96 59
1757556571586 7.547005888295033e+97 60
1757556571651 2.2953887953513373e+99 61
1757556571718 6.9813245143959294e+100 62
1757556571780 2.1233392823914027e+102 63
1757556571843 6.45804345414611e+103 64
1757556571906 1.9641856391724559e+105 65
1757556571969 5.9739846170505735e+106 66
1757556572040 1.8169612633861387e+108 67
1757556572146 5.526208124512488e+109 68
1757556572223 1.6807720038298767e+111 69
1757556572294 5.1119944548008015e+112 70
1757556572370 1.55479072987696e+114 71
1757556572458 4.728827926331414e+115 72
1757556572530 1.4382523079888362e+117 73
1757556572594 4.374381418949167e+118 74
1757556572658 1.3304489547599138e+120 75
1757556572741 4.046502240417263e+121 76
1757556572802 1.230725938272223e+123 77
1757556572863 3.7431990522754593e+124 78
1757556572929 1.1384776016524237e+126 79
1757556573009 3.462629775663009e+127 80
1757556573081 1.0531436846808104e+129 81
1757556573156 3.2030904036534115e+130 82
1757556573230 9.74205921111908e+131 83
1757556573301 2.9630046521540345e+133 84
1757556573374 9.011848910409126e+134 85
1757556573441 2.740914386516466e+136 86
1757556573523 8.336371091991453e+137 87
1757556573608 2.5354707657146023e+139 88
1757556573687 7.711523314946008e+140 89
1757556573760 2.3454260503057052e+142 90
1757556573830 7.133510634391611e+143 91
1757556573907 2.1696260244208318e+145 92
1757556573976 6.598822553301768e+146 93
1757556574039 2.00700298576055e+148 94
1757556574098 6.1042117018835415e+149 95
1757556574160 1.8565692610213915e+151 96
1757556574222 5.646674115031013e+152 97
1757556574282 1.7174112073696508e+154 98
1757556574347 5.223430988070544e+155 99
1757556574416 1.5886836635312028e+157 100
1757556574496 4.831911799993401e+158 101
1757556574572 1.4696048167966176e+160 102
1757556574636 4.4697387016765544e+161 103
1757556574702 1.3594514547668442e+163 104
1757556574765 4.1347120742751235e+164 105
1757556574828 1.2575545730015496e+166 106
1757556574891 3.8247971700770933e+167 107
1757556574955 1.1632953118935301e+169 108
1757556575018 3.5381117546847343e+170 109
1757556575080 1.076101198092339e+172 110
1757556575141 3.272914675469173e+173 111
1757556575203 9.954426676497668e+174 112
1757556575269 3.02759528686961e+176 113
1757556575336 9.20829849770928e+177 114
1757556575401 2.8006636683130376e+179 115
1757556575475 8.51809591637359e+180 116
1757556575553 2.590741575344005e+182 117
1757556575617 7.879627062327565e+183 118
1757556575701 2.396554069007087e+185 119
1757556575763 7.289014264563252e+186 120
1757556575836 2.216921772644118e+188 121
1757556575906 6.74267050061538e+189 122
1757556575968 2.050753709078534e+191 123
1757556576043 6.237277611171329e+192 124
1757556576129 1.897040674684412e+194 125
1757556576203 5.769766147592186e+195 126
1757556576273 1.7548491100982242e+197 127
1757556576348 5.337296729950914e+198 128
1757556576420 1.6233154303477543e+200 129
1757556576496 4.937242802367763e+201 130
1757556576568 1.5016407799629109e+203 131
1757556576634 4.5671746809093906e+204 132
1757556576704 1.3890861812140575e+206 133
1757556576777 4.2248447971682355e+207 134
1757556576848 1.2849680460113186e+209 135
1757556576923 3.908174047900763e+210 136
1757556576994 1.188654024206802e+212 137
1757556577061 3.615239167820452e+213 138
1757556577127 1.0995591630848862e+215 139
1757556577190 3.3442610488556656e+216 140
1757556577254 1.0171423547156418e+218 141
1757556577319 3.093593934930683e+219 142
1757556577381 9.40903049594808e+220 143
1757556577446 2.861715426645499e+222 144
1757556577509 8.703782166108965e+223 145
1757556577571 2.6472172351489702e+225 146
1757556577635 8.051395308762163e+226 147
1757556577722 2.4487966290499466e+228 148
1757556577785 7.447907723423314e+229 149
1757556577850 2.2652485224201665e+231 150
1757556577914 6.889654194007918e+232 151
1757556577977 2.095458155836136e+234 152
1757556578075 6.373244228540641e+235 153
1757556578148 1.9383943260092955e+237 154
1757556578218 5.895541467371936e+238 155
1757556578286 1.7931031228851853e+240 156
1757556578351 5.453644634839405e+241 157
1757556578414 1.658702136174742e+243 158
1757556578490 5.044869918686354e+244 159
1757556578555 1.5343750961315018e+246 160
1757556578626 4.6667346702203855e+247 161
1757556578690 1.4193669160262808e+249 162
1757556578751 4.3169423262171876e+250 163
1757556578822 1.3129791062102189e+252 164
1757556578908 3.993368460994028e+253 165
1757556578972 1.2145655319139975e+255 166
1757556579061 3.6940478839418994e+256 167
1757556579126 1.1235284890187297e+258 168
1757556579191 3.417162704154494e+259 169
1757556579257 1.0393150739651434e+261 170
1757556579319 3.1610312896659066e+262 171
1757556579383 9.614138257540566e+263 172
1757556579445 2.9240980542421147e+265 173
1757556579509 8.893516196437399e+266 174
1757556579570 2.7049240096975628e+268 175
1757556579634 8.22690793678349e+269 176
1757556579698 2.502178026357152e+271 177
1757556579762 7.610264905957381e+272 178
1757556579824 2.3146287485852848e+274 179
1757556579886 7.039841989709949e+275 180
1757556579949 2.141137116281578e+277 181
1757556580015 6.512174786621154e+278 182
1757556580079 1.9806494469234704e+280 183
1757556580142 6.024058567435495e+281 184
1757556580205 1.832191036140229e+283 185
1757556580268 5.5725288114881136e+284 186
1757556580331 1.694860237952197e+286 187
1757556580396 5.154843202011695e+287 188
1757556580468 1.5678229887221909e+289 189
1757556580537 4.768464970974306e+290 190
1757556580600 1.4503077415608704e+292 191
1757556580670 4.411047492295255e+293 192
1757556580733 1.3416007804208222e+295 193
1757556580798 4.080420029867327e+296 194
1757556580865 1.2410418854198839e+298 195
1757556580930 3.7745745538275425e+299 196
1757556580995 1.1480203230676649e+301 197
1757556581058 3.491653545006654e+302 198
1757556581123 1.0619711370422283e+304 199
1757556581187 inf 200
1757556581251 inf 201
1757556581313 inf 202
