1757567151514 148625302686.74823 0
1757567152030 19381151397.704887 1
1757567152519 95830025004.03535 2
1757567153023 199222751751.05188 3
1757567153533 9738513283.165192 4
1757567154028 422177743813.70795 5
1757567154519 4407277089.80495 6
1757567155021 24156064499.945267 7
1757567155525 320905445955.83203 8
1757567156039 453486764.0002991 9
1757567156543 12700814823.646795 10
1757567157038 24875416989.959244 11
1757567157528 4766931679.329968 12
1757567158021 66623406539.88725 13
1757567158523 5413428514.718369 14
1757567159006 220772712.62309325 15
1757567159490 185532706498.138 16
1757567159969 1437051907.4722812 17
1757567160454 101873488763.00505 18
1757567160929 93084542924.94107 19
1757567161423 808422663.1857342 20
1757567161913 2666073889.5665965 21
1757567162399 125540214.28135069 22
1757567162883 45602743.32688033 23
1757567163385 202592978745.55942 24
1757567163874 4774998867.859393 25
1757567164369 65703960488.10056 26
1757567164868 8390493375.377175 27
1757567165368 1894591575.0184116 28
1757567165910 36656348769.25913 29
1757567166405 32677588291.1427 30
1757567166897 25110780380.26917 31
1757567167392 42308639794.02322 32
1757567167892 38185087417.11253 33
1757567168375 126775620313.92972 34
1757567168869 2179442090.9891047 35
1757567169363 283455203471.7341 36
1757567169868 14639314497.232882 37
1757567170355 5687974315.126583 38
1757567170842 12872795747.338278 39
1757567171334 11533777681.383106 40
1757567171851 353455806970.3992 41
1757567172360 70312645323.83304 42
1757567172881 205148316028.23624 43
1757567173377 2365090877.450818 44
1757567173872 12233237440.499573 45
1757567174372 5028938813.289687 46
1757567174872 12212289286.736588 47
1757567175357 355873594709.3823 48
1757567175875 40042342378.84908 49
1757567176372 44090826156.465675 50
1757567176873 121205928946.47627 51
1757567177363 96019817034.53085 52
1757567177862 31171141500.25852 53
1757567178346 181602625621.11102 54
1757567178846 15779708451.294312 55
1757567179338 6046208627.877679 56
1757567179835 10174049481977.555 57
1757567180344 14265681129.422503 58
1757567180852 860350918.8060308 59
1757567181341 1460207203.6081834 60
1757567181874 13879886836.709412 61
1757567182374 25273333957.281403 62
1757567182862 121843391650.56602 63
1757567183379 66658853640.15622 64
1757567183870 16332580404.156391 65
1757567184358 803058883.7766458 66
1757567184848 4143007301585.136 67
1757567185356 336094127046.888 68
1757567185858 60282808813.34616 69
1757567186353 2359036640.547558 70
1757567186843 53132195956.3809 71
1757567187327 115219340154.34662 72
1757567187831 13262905039.062153 73
1757567188403 327524424808.64087 74
1757567188890 123931139900.15471 75
1757567189381 86029094.5416298 76
1757567189870 88283334799.48994 77
1757567190360 12972090784.393578 78
1757567190845 110697326409.54913 79
1757567191334 210033237803.69873 80
1757567191824 16293083890.104221 81
1757567192309 11408496685.651373 82
1757567192801 84778866489.6578 83
1757567193292 93468555342.63861 84
1757567193786 112268950415.20619 85
1757567194329 1675472941538.8625 86
1757567194833 27204999260.081047 87
1757567195351 294925273.1392142 88
1757567195847 80194091810.80664 89
1757567196352 261045920881.8404 90
1757567196869 1329149092.644628 91
1757567197383 14513238544.408781 92
1757567197872 267359199.16016087 93
1757567198366 3523834312.909142 94
1757567198867 15530456752.292244 95
1757567199410 4644675338.102416 96
1757567199911 28780263519.68527 97
1757567200410 7184974946.84263 98
1757567200934 83451751333.3788 99
1757567201419 317747557.0120719 100
1757567201902 24869914144.51721 101
1757567202403 10954046972723.23 102
1757567202903 152407323956.46674 103
1757567203415 95709374346.84058 104
1757567203921 58871027569.59934 105
1757567204420 19208710450.96226 106
1757567204931 124226282328.84703 107
1757567205419 13283418261.943985 108
1757567205912 43350085060.219955 109
1757567206429 572359688.3793863 110
1757567206932 45726966409.77841 111
1757567207448 175212402600.41257 112
1757567207937 14988424970.107763 113
1757567208429 23916615875.595375 114
1757567208921 52220514117.13775 115
1757567209441 9707649132.607435 116
1757567209995 21414717805.352676 117
1757567210499 89121459338.35245 118
1757567210996 797599230626.561 119
1757567211481 8001982260956.772 120
1757567211967 210606451384.15652 121
1757567212466 264039291651.5838 122
1757567212975 12928397214.324135 123
1757567213484 1575840021.641017 124
1757567213985 17889821.65982358 125
1757567214485 12733537032.798252 126
1757567214977 10956919060.453886 127
1757567215452 5747318097.9799185 128
1757567215968 4110130051.6030817 129
1757567216490 3602981845.3359694 130
1757567217009 171406205397.346 131
1757567217543 42670454362.50862 132
1757567218040 84817990866.42313 133
1757567218532 141027486488.6385 134
1757567219032 6566340279.867505 135
1757567219531 3586241792.571973 136
1757567220043 257152935153.15753 137
1757567220535 727841822736.2341 138
1757567221074 59522410326.90359 139
1757567221576 973644763266.7074 140
1757567222081 4241666249.922806 141
1757567222563 55520767792.503 142
1757567223055 48284033135.66421 143
1757567223545 172255621193.9731 144
1757567224052 539506023104.27704 145
1757567224565 22998992465.65705 146
1757567225057 18806949224.050694 147
1757567225576 5952034127.010238 148
1757567226119 46488144954.75593 149
1757567226630 38651713301.663956 150
1757567227144 19208072886.722176 151
1757567227654 6636075807.335475 152
1757567228149 77154905654.95335 153
1757567228658 136069645401.05649 154
1757567229173 14244572881.70666 155
1757567229679 4717381625.463469 156
1757567230190 589585280.2457342 157
1757567230739 42783657948.415436 158
1757567231276 6463664421510.445 159
1757567231799 3867785726167.9985 160
1757567232313 13866667561.950924 161
1757567232808 204277289060.22272 162
1757567233305 20390298798.287586 163
1757567233810 7136868188.315676 164
1757567234294 637769346554.2977 165
1757567234786 491713008.86376697 166
1757567235286 11505466962.164612 167
1757567235781 32668246560.030323 168
1757567236264 28361733925.091003 169
1757567236780 3590184801.28728 170
1757567237323 168680498117.92255 171
1757567237826 1896235135.1057343 172
1757567238318 52002412374.26559 173
1757567238815 51374398744.035194 174
1757567239306 79601062080.02621 175
1757567239840 12625266977.527527 176
1757567240383 1370922955.1839662 177
1757567240882 7894208163.642031 178
1757567241382 151447818258.03415 179
1757567241897 7256488904.404723 180
1757567242406 7486847102989.6 181
1757567242918 22626434807.56386 182
1757567243479 174464427279.51035 183
1757567243982 96370413.03848046 184
1757567244479 49916114488.9677 185
1757567244962 14585964737.970224 186
1757567245481 51154981320.57037 187
1757567245978 36862329886.71986 188
1757567246483 74330048370.3234 189
1757567246984 84114198191.50826 190
1757567247504 61733415328.37926 191
1757567248005 46115588078.03999 192
1757567248503 28090427457.515827 193
1757567249005 20176991031.75134 194
1757567249553 42335739037.66437 195
1757567250054 17692882445.263817 196
1757567250553 96341468924.79005 197
1757567251047 15222754839.96589 198
1757567251552 325094056138.9694 199
1757567252043 6545844139.079573 200
1757567252550 68146570.42098266 201
1757567253045 26054970559.33009 202
1757567253549 20537902251.765663 203
1757567254074 43198146264.75101 204
1757567254567 54878582935.7478 205
1757567255059 73765840166.51328 206
1757567255597 124648374152.82446 207
1757567256086 13497417381.208834 208
1757567256587 80053315777.18794 209
1757567257094 23732925457.729843 210
1757567257617 47324407833.26191 211
1757567258107 78535268635.21399 212
1757567258594 185822276640.3579 213
1757567259097 99074751766.62424 214
1757567259586 36614758852.73075 215
1757567260092 45540806289.66706 216
1757567260644 11667185391.386232 217
1757567261156 1679293487.9762166 218
1757567261657 466585187072.6914 219
1757567262166 246097184272.12054 220
1757567262647 96329304286.36304 221
1757567263133 454879022.678587 222
1757567263627 12364572988.525784 223
1757567264120 7961484200.212855 224
1757567264598 333936226.9475233 225
1757567265084 1599317912.6751375 226
1757567265591 88979621104.7957 227
1757567266078 11555365071.452833 228
1757567266559 832226645773.0767 229
1757567267111 63129661926.62249 230
1757567267614 83316284419.87201 231
1757567268134 36721272831.9989 232
1757567268653 3907096278.8802094 233
1757567269135 7956927217.35747 234
1757567269634 12332971387.852488 235
1757567270127 71838298462.84975 236
1757567270626 25740349081.999874 237
1757567271117 55210916923.90732 238
1757567271629 4850196265916.48 239
1757567272133 266177187887.42075 240
1757567272628 54766664891.283035 241
1757567273188 271977896348.70593 242
1757567273707 2456320207.048186 243
1757567274195 8726838222.000196 244
1757567274691 64582459377.4761 245
1757567275189 272203463325.5931 246
1757567275685 235588632357.0273 247
1757567276171 102598641273.96101 248
1757567276661 25369951.003869105 249
1757567277149 32300753548.027466 250
1757567277635 27802983595.201843 251
1757567278160 76580081783.59566 252
1757567278640 53092375842.07096 253
1757567279116 1047636272.9391985 254
1757567279659 4808140521.995586 255
1757567280143 1065069385.4964278 256
1757567280624 4738650860.209326 257
1757567281119 10067736086.112812 258
1757567281621 28855513405.563725 259
1757567282124 191097145.96091446 260
1757567282604 148736172.5452198 261
1757567283137 208518120905.298 262
1757567283677 5379181183.374254 263
1757567284169 438930970.38475406 264
1757567284675 4073119123.6332293 265
1757567285241 134213735505.11667 266
1757567285737 34999262631.9346 267
1757567286237 111802779715.23853 268
1757567286729 113768110786.47464 269
1757567287230 213546250787.562 270
1757567287726 134981533826.81824 271
1757567288240 710992256835.1498 272
1757567288729 87619848.93511125 273
1757567289272 310962448462.0372 274
1757567289792 8215981790.390783 275
1757567290296 13021611.826557819 276
1757567290789 110561008601.31973 277
1757567291277 125345149110.66478 278
1757567291769 10915799256879.14 279
1757567292299 41683617910.10537 280
1757567292791 252204014268.29428 281
1757567293274 64302699400.84661 282
1757567293793 56279648519.672844 283
1757567294297 269179513730.0208 284
1757567294789 104986367.79833952 285
1757567295367 127441333256.18436 286
1757567295871 191874047050.62964 287
1757567296372 19437117421.15608 288
1757567296866 10478541877256.863 289
1757567297376 186173942688.9922 290
1757567297894 909221647704.0555 291
1757567298433 368161731.0159488 292
1757567298927 252951279045.62643 293
1757567299444 16992413833.88562 294
1757567299964 108809352441.7385 295
1757567300462 82942804989.4731 296
1757567300949 1747070499.485181 297
1757567301500 864382820.1790211 298
1757567301989 24446572398.922756 299
1757567302501 19307601582.32406 300
1757567302981 158853301104.46628 301
1757567303464 49173074179.89849 302
1757567303945 19341449596.41005 303
1757567304447 119396820001.99995 304
1757567304935 4551779399.314655 305
1757567305423 507555751298.3595 306
1757567305920 13810281645.890753 307
1757567306422 76905151893.53178 308
1757567306928 4707076870.413588 309
1757567307435 966221410502.4406 310
1757567307958 1074489422.7807643 311
1757567308496 701535986217.3009 312
1757567309023 937599815.8640504 313
1757567309510 84939295523.67433 314
1757567310024 14698909605.184986 315
1757567310510 172916906847.66934 316
1757567311014 5936622002975.418 317
1757567311538 520978342089.4764 318
1757567312043 114693195574.15045 319
1757567312554 5986480623.808105 320
1757567313057 20218799033.89571 321
1757567313570 7098667520.075682 322
1757567314135 3602042440884.453 323
1757567314624 24995098154.65208 324
1757567315114 94257614120.51118 325
1757567315597 8172239102.705989 326
1757567316077 50142714937.47359 327
1757567316564 1139583286964.436 328
1757567317075 92210960212.66217 329
1757567317570 7671019068.13105 330
1757567318056 164026655809.5001 331
1757567318582 70169899358.47191 332
1757567319093 2092892309.8868413 333
1757567319602 2275497972.537344 334
1757567320108 207808468.78438205 335
1757567320595 446009248481.2785 336
1757567321082 28949704398.598366 337
1757567321610 7903967358.57392 338
1757567322093 78767627283.40347 339
1757567322584 2269627154.463862 340
1757567323066 39382074517.192825 341
1757567323571 1951951435216.7693 342
1757567324063 527566.266438782 343
1757567324562 63143606793.40455 344
1757567325039 106433075966.04083 345
1757567325535 784413125170.2307 346
1757567326028 137792110094.71185 347
1757567326513 23120994106.813976 348
1757567326988 73348598667.68684 349
1757567327476 328567604.2014378 350
1757567327962 7374770787.739736 351
1757567328457 119181318507.09872 352
1757567328957 3314909826.226783 353
1757567329442 16586649247.133406 354
1757567329945 54020897753.8843 355
1757567330454 57749219700.088356 356
1757567330953 236173512853.44348 357
1757567331463 291074143.4823483 358
1757567331958 42666649.07706688 359
1757567332448 621668724.9856366 360
1757567332941 838091659696.6648 361
1757567333440 17855671327.488705 362
1757567333952 1082773628571.8541 363
1757567334461 45076942581.223816 364
1757567334957 12639658.225424193 365
1757567335470 42455409156.84625 366
1757567335955 41092756080.834076 367
1757567336458 52080280018.03149 368
1757567336946 186592132414.32846 369
1757567337429 119377897015.31288 370
1757567337912 10932837691.110228 371
1757567338393 167911008934.20395 372
1757567338882 19756323.249573346 373
1757567339364 13511180636.505877 374
1757567339863 153207427689.63858 375
1757567340349 66860319684.604324 376
1757567340857 266770456586.21112 377
1757567341346 343387349893.9165 378
1757567341851 155315255.09062937 379
1757567342353 881100.6229225799 380
1757567342859 670362877345.8192 381
1757567343367 67907376871.6556 382
1757567343865 40014968752.2012 383
1757567344355 137115764257.839 384
1757567344842 24229230987.0408 385
1757567345327 19607971420.98119 386
1757567345824 2006260221.722129 387
1757567346330 55189483394.789566 388
1757567346820 71319235.5478535 389
1757567347317 50397444257.24545 390
1757567347813 62971409133.460785 391
1757567348310 58559600839.0488 392
1757567348813 20601691.92994458 393
1757567349312 666121023.2528497 394
1757567349821 92717192440.86314 395
1757567350329 25886352.238917034 396
1757567350825 89760202873.4587 397
1757567351337 1706717573.1599934 398
1757567351827 180019842308.69934 399
1757567352329 105224195323.04924 400
1757567352833 17603414066.80006 401
1757567353316 153741648998.4844 402
1757567353795 781519782.7097793 403
1757567354295 288876466419.302 404
1757567354774 38257416908.27678 405
1757567355263 4611304424.174356 406
1757567355764 6776633754.934574 407
1757567356289 3244976676.300873 408
1757567356801 16489770743.170847 409
1757567357299 19654006215.919327 410
1757567357797 1537263424292.7004 411
1757567358296 234796221.80939084 412
1757567358799 17332005241.844296 413
1757567359311 32059891587.379513 414
1757567359820 75208478231.33032 415
1757567360312 27864141485.96701 416
1757567360839 2128565432.030773 417
1757567361323 25018521021.38662 418
1757567361836 54626571808.32793 419
1757567362320 18638075289.41 420
1757567362811 2461714163.3965106 421
1757567363314 147879651933.45163 422
1757567363825 1256381256575.5034 423
1757567364316 272350908028.53558 424
1757567364811 35339869813.246056 425
1757567365303 10667796309.743425 426
1757567365792 45852053330.965965 427
1757567366284 2293051.5347149437 428
1757567366785 248955424379.5111 429
1757567367287 7937530229.608791 430
1757567367790 167592917682.97464 431
1757567368303 1362496463.1568675 432
1757567368805 256979757729.4437 433
1757567369303 168409742370.96335 434
1757567369825 4338177671.915938 435
1757567370325 73493848322.08092 436
1757567370822 327993083.879751 437
1757567371307 32585383867.964485 438
1757567371844 50857024741.91901 439
1757567372345 11995282842.776888 440
1757567372855 5195386646.633458 441
1757567373346 313180876386.8442 442
1757567373852 2092046397.6287577 443
1757567374337 98462336496.02655 444
1757567374823 32038106550.150795 445
1757567375314 231760625703.5128 446
1757567375805 9610555379.527323 447
1757567376306 122845584172.74736 448
1757567376804 832103824.7950976 449
1757567377294 55050419659.74862 450
1757567377783 1623400901.693612 451
1757567378271 478261193.1641326 452
1757567378761 6025519137.15689 453
1757567379251 202600268825.30225 454
1757567379756 15111026895.828075 455
1757567380255 17764315433.669033 456
1757567380776 7190810529.605181 457
1757567381292 36627290815.90982 458
1757567381802 5443728126.285438 459
1757567382294 28696494663.017517 460
1757567382790 15424664918.65268 461
1757567383292 361560351568.9768 462
1757567383800 24294475330.609158 463
1757567384306 287655288774.27686 464
1757567384799 8735473608.023792 465
1757567385288 353315657.9116275 466
1757567385777 669411558578.3779 467
1757567386268 67659669183.936516 468
1757567386750 1667920720794.8342 469
1757567387228 91036955.28307885 470
1757567387715 188880778199.3246 471
1757567388192 5086392950.438 472
1757567388681 2726993.572721237 473
1757567389178 27943099839.61978 474
1757567389670 19166938205.924133 475
1757567390173 2699678067571.129 476
1757567390665 41892092868.124 477
1757567391163 371044312429.66943 478
1757567391642 2741172130.930266 479
1757567392143 7046352758.6531 480
1757567392636 25238198854.51698 481
1757567393149 320369618.09853435 482
1757567393654 498429055083.58624 483
1757567394161 28807061197.660744 484
1757567394657 874168758436.1503 485
1757567395144 20052796094.10288 486
1757567395645 73377925586.11137 487
1757567396144 19492613386.057865 488
1757567396634 68414445281.51136 489
1757567397125 78157053685.4102 490
1757567397620 1298606268.8595262 491
1757567398113 104142655085.99594 492
1757567398592 188189935713.40558 493
1757567399096 3011547400.8816524 494
1757567399580 41624499450.77737 495
1757567400091 25493924534.714016 496
1757567400600 25770717576.649567 497
1757567401103 148921627068.8217 498
1757567401594 31850631176.19364 499
