1757554549798 697690473030.8564 0
1757554549867 388931062671.5265 1
1757554549938 1558145120024.3875 2
1757554550011 5269712684947.318 3
1757554550076 126335837769298.89 4
1757554550142 2437310611432984.5 5
1757554550211 4.016939851214976e+16 6
1757554550281 2.62968444550676e+17 7
1757554550350 1.8211334061486383e+19 8
1757554550412 1.280575862945916e+20 9
1757554550480 1.0781211419799387e+21 10
1757554550549 1.1526632109453852e+22 11
1757554550618 6.543100764544401e+23 12
1757554550685 5.468389814352835e+24 13
1757554550756 6.084798653114727e+25 14
1757554550829 1.0716862213736683e+28 15
1757554550900 8.953964907649477e+27 16
1757554550993 5.620933671885377e+29 17
1757554551072 1.7243561622835535e+30 18
1757554551141 2.390298436210487e+32 19
1757554551217 3.011112311945864e+32 20
1757554551289 2.7099205298922157e+35 21
1757554551357 5.764757379196985e+34 22
1757554551431 1.464990001990971e+37 23
1757554551511 1.6575542731690575e+37 24
1757554551605 1.683696985890158e+39 25
1757554551673 1.3993010905279892e+39 26
1757554551739 7.810193107811291e+40 27
1757554551810 7.307608853557467e+41 28
1757554551880 2.2485192910158995e+43 29
1757554551961 1.7526787181547158e+44 30
1757554552028 3.980835056453696e+45 31
1757554552096 3.211975829671811e+46 32
1757554552161 1.7961701793000734e+48 33
1757554552230 5.4933679305568836e+48 34
1757554552303 2.937195210622502e+50 35
1757554552368 4.524357586733641e+51 36
1757554552437 7.88464668546724e+52 37
1757554552500 6.927419977209581e+53 38
1757554552570 1.6988296741955256e+55 39
1757554552636 5.648164509424488e+55 40
1757554552707 1.759783150746153e+56 41
1757554552775 1.3319662884134995e+58 42
1757554552841 1.6768469840260884e+59 43
1757554552910 2.3957359060519594e+60 44
1757554552980 1.6352254142112596e+62 45
1757554553056 2.8668858947459934e+62 46
1757554553123 3.4983568765638636e+63 47
1757554553190 1.6791564997144814e+65 48
1757554553259 6.541245054148782e+66 49
1757554553331 9.282169663108971e+67 50
1757554553402 1.8231641207928452e+68 51
1757554553471 3.0044358481164586e+70 52
1757554553535 1.1922967288939266e+71 53
1757554553610 9.489876955172793e+72 54
1757554553685 3.588576613847294e+73 55
1757554553748 1.1419551591857888e+74 56
1757554553825 3.5796147506061404e+75 57
1757554553892 4.6375130569244804e+76 58
1757554553966 7.666736599019738e+77 59
1757554554031 7.0953034847826626e+78 60
1757554554101 1.7001080871998813e+80 61
1757554554192 3.846843975526751e+81 62
1757554554260 4.9800197667983884e+82 63
1757554554350 3.3029291377871585e+83 64
1757554554423 2.592276216137618e+84 65
1757554554494 4.764278109493062e+85 66
1757554554579 1.8288166507425751e+87 67
1757554554644 6.069939188151741e+87 68
1757554554720 4.5835014418345716e+88 69
1757554554795 1.403080902254361e+90 70
1757554554866 5.189929025204525e+93 71
1757554554935 4.713184619143772e+92 72
1757554554999 1.1765371345491791e+94 73
1757554555068 8.134639205254108e+94 74
1757554555137 4.322563622410702e+96 75
1757554555206 1.3133190711982192e+97 76
1757554555284 3.8924123736366276e+98 77
1757554555350 5.02353836907941e+99 78
1757554555425 2.3481920660847246e+101 79
1757554555489 6.424128911008284e+102 80
1757554555563 1.0095360441175986e+105 81
1757554555626 1.7076055816952204e+104 82
1757554555691 9.360660302554332e+104 83
1757554555764 8.249826670663942e+106 84
1757554555834 1.3365461764657172e+108 85
1757554555905 5.4520771126327155e+109 86
1757554555978 2.9408606226209282e+112 87
1757554556043 1.297015108361395e+111 88
1757554556108 1.0438219199702008e+114 89
1757554556178 1.1642502759541483e+113 90
1757554556249 3.012181029469937e+114 91
1757554556318 1.362034520647416e+117 92
1757554556395 3.541490898674263e+118 93
1757554556465 1.9768272763377895e+119 94
1757554556535 1.1187680973866698e+119 95
1757554556603 8.396300753494795e+119 96
1757554556674 4.739265677679762e+121 97
1757554556744 1.6471731653570631e+122 98
1757554556815 1.533271558201717e+124 99
1757554556883 8.322744242573036e+125 100
1757554556953 2.8037163378229646e+127 101
1757554557025 2.355876848294561e+127 102
1757554557088 7.011902227083246e+129 103
1757554557161 1.688498700708711e+129 104
1757554557231 1.2101397541148666e+131 105
1757554557299 8.047877021454763e+131 106
1757554557363 1.5614282383028847e+133 107
1757554557443 9.20286903185728e+133 108
1757554557521 1.6582372652301875e+135 109
1757554557588 1.1234493668376908e+137 110
1757554557654 1.4717828853961558e+137 111
1757554557727 8.760602056655827e+138 112
1757554557796 1.0322002237358367e+140 113
1757554557870 4.8300903132173285e+140 114
1757554557932 1.2007996636420346e+142 115
1757554557999 3.8392125878818e+143 116
1757554558071 3.587187929250885e+144 117
1757554558139 2.579974857802977e+145 118
1757554558208 2.4089603029674352e+147 119
1757554558272 8.48762778653384e+149 120
1757554558339 6.515546028840835e+148 121
1757554558408 2.396933543067242e+150 122
1757554558477 5.405572278923725e+151 123
1757554558552 5.074587948327403e+153 124
1757554558626 8.595447137379058e+153 125
1757554558696 4.045991188135439e+154 126
1757554558763 1.1491651840241207e+157 127
1757554558828 7.989023570624783e+156 128
1757554558902 1.7505466389647104e+158 129
1757554558970 1.5043427537395625e+159 130
1757554559041 1.7265862167811502e+160 131
1757554559114 2.582393129820902e+162 132
1757554559183 2.245254034487313e+164 133
1757554559257 4.850686756050603e+163 134
1757554559326 2.252249279856762e+165 135
1757554559394 2.2351452674809465e+166 136
1757554559460 1.816108580895418e+167 137
1757554559530 1.8511343515771776e+169 138
1757554559608 9.401846007301061e+169 139
1757554559682 3.3679910133641844e+170 140
1757554559753 6.6182115959577685e+171 141
1757554559822 1.3901296053412892e+174 142
1757554559898 4.655608591635071e+174 143
1757554559969 1.79779713020739e+175 144
1757554560047 3.0099557260789476e+176 145
1757554560114 1.4995447842521746e+179 146
1757554560185 4.66368823793696e+179 147
1757554560256 4.178511169754034e+180 148
1757554560326 2.6439126968073512e+181 149
1757554560398 1.4033765296036278e+183 150
1757554560468 6.694293714810455e+183 151
1757554560539 2.1450050772465742e+185 152
1757554560603 2.1675737805260766e+185 153
1757554560676 9.797287326581884e+186 154
1757554560766 4.3081355874027556e+188 155
1757554560841 4.592497774852863e+191 156
1757554560915 5.103152409178305e+190 157
1757554560985 1.6441438369077805e+193 158
1757554561049 1.3266503876663648e+193 159
1757554561128 5.964107829772822e+193 160
1757554561193 2.4405490213230586e+195 161
1757554561265 1.2606325692165222e+196 162
1757554561330 1.4978376908796052e+199 163
1757554561397 1.0031293783292759e+200 164
1757554561466 2.458040340089167e+199 165
1757554561533 1.3372748949253225e+201 166
1757554561612 2.887782243548991e+202 167
1757554561679 8.023216382222657e+202 168
1757554561752 8.52776164270145e+203 169
1757554561825 2.3979644063133028e+207 170
1757554561889 4.4344594798336994e+206 171
1757554561961 3.703770451747964e+208 172
1757554562033 9.2222645447141e+209 173
1757554562108 2.552903060544601e+212 174
1757554562183 4.874221268204958e+211 175
1757554562253 1.1841345610514746e+213 176
1757554562324 2.6753922898166105e+215 177
1757554562399 1.2370273180615162e+215 178
1757554562468 1.778154755836984e+217 179
1757554562541 8.254145929064005e+216 180
1757554562614 8.462958322172733e+218 181
1757554562685 3.2126734502481744e+219 182
1757554562752 1.0782712605460054e+220 183
1757554562823 2.656750066187108e+221 184
1757554562895 2.0475448576902714e+225 185
1757554562978 5.453392041135724e+223 186
1757554563043 9.077444597737101e+224 187
1757554563116 2.995937514526344e+226 188
1757554563189 1.6424918920656058e+227 189
1757554563264 4.836791424672998e+228 190
1757554563331 1.1860812871523732e+230 191
1757554563399 8.871443163110637e+230 192
1757554563476 1.4563949756426204e+232 193
1757554563544 1.2657759153703912e+235 194
1757554563619 1.1671769566072211e+235 195
1757554563688 1.8319803990984325e+235 196
1757554563757 1.9931376194733336e+236 197
1757554563828 1.9902594581285378e+239 198
1757554563892 7.591781866196424e+238 199
1757554563976 1.1143997293407144e+240 200
1757554564046 7.16747516222844e+241 201
1757554564116 3.355825680204583e+243 202
1757554564188 2.292845161325284e+243 203
1757554564260 1.8845090999264695e+246 204
1757554564326 2.853992825301718e+245 205
1757554564402 6.3138054730115366e+246 206
1757554564481 7.209913139079074e+248 207
1757554564561 1.2940293857445314e+250 208
1757554564632 3.9668452755657256e+250 209
1757554564709 2.6591568872856436e+251 210
1757554564784 6.672681957576462e+252 211
1757554564861 8.520051386350001e+253 212
1757554564932 1.7096240892402602e+255 213
1757554565004 4.159638618165577e+256 214
1757554565075 1.3925599194832636e+257 215
1757554565156 2.4578058261093003e+258 216
1757554565224 9.059159307430036e+260 217
1757554565301 8.996051792702485e+260 218
1757554565373 1.9372900026930142e+262 219
1757554565444 3.4765440139436746e+263 220
1757554565519 1.4351390057881073e+264 221
1757554565587 3.2146854386812765e+265 222
1757554565664 2.5610262334497013e+266 223
1757554565741 9.169710367894941e+267 224
1757554565816 1.1729596018985727e+269 225
1757554565881 7.398757426120501e+269 226
1757554565956 2.6277441606065868e+271 227
1757554566028 2.6927362396215264e+272 228
1757554566097 3.930769381846618e+273 229
1757554566171 2.970861037934921e+274 230
1757554566238 8.453282307548697e+276 231
1757554566314 1.2007302398136086e+278 232
1757554566387 1.349114940391405e+278 233
1757554566463 1.658638772985128e+279 234
1757554566537 4.535220835889106e+280 235
1757554566612 6.463589656672544e+281 236
1757554566681 1.0098591579566246e+284 237
1757554566761 3.9218672505231455e+283 238
1757554566834 6.277599122257084e+284 239
1757554566906 1.124620822028006e+286 240
1757554566980 2.302965620356551e+287 241
1757554567058 3.428977241890981e+288 242
1757554567129 4.877061589133359e+290 243
1757554567208 3.639920870264465e+291 244
1757554567283 8.860528371033848e+291 245
1757554567364 5.69272273637926e+292 246
1757554567436 1.0693067673262372e+295 247
1757554567510 4.439335695759229e+295 248
1757554567580 1.3519110925135256e+296 249
1757554567658 5.914559332935172e+297 250
1757554567731 1.1790486497677115e+299 251
1757554567807 1.712678122770122e+300 252
1757554567874 2.124643749109158e+301 253
1757554567951 6.523571666943749e+302 254
1757554568022 1.204184641381332e+304 255
