1757544188567 1064044748402.8925 0
1757544188636 1042933337444.2625 1
1757544188707 1012251728704.9373 2
1757544188776 978004604431.6492 3
1757544188848 943181008349.609 4
1757544188920 909200591643.1377 5
1757544188991 876687785432.7087 6
1757544189069 845872573575.7017 7
1757544189135 816794157057.4482 8
1757544189216 789403167532.5916 9
1757544189289 763612373136.6149 10
1757544189366 739321450628.2937 11
1757544189434 716428783926.2931 12
1757544189502 694836817448.5997 13
1757544189565 674454239583.3015 14
1757544189637 655196633628.1938 15
1757544189704 636986411046.3428 16
1757544189772 619752429740.642 17
1757544189832 603429493974.4883 18
1757544189888 587957829838.221 19
1757544189946 573282579206.9233 20
1757544190000 559353330081.9453 21
1757544190061 546123689085.173 22
1757544190120 533550896183.05273 23
1757544190177 521595479203.70166 24
1757544190231 510220944749.27997 25
1757544190289 499393501886.70447 26
1757544190349 489081815120.71716 27
1757544190410 479256783416.5234 28
1757544190464 469891342348.97723 29
1757544190519 460960286766.63055 30
1757544190581 452440111652.00775 31
1757544190636 444308869126.6038 32
1757544190700 436546039788.56445 33
1757544190755 429132416783.7341 34
1757544190808 422050001198.7987 35
1757544190868 415281907531.02496 36
1757544190927 408812278135.0402 37
1757544190989 402626205675.50024 38
1757544191043 396709662727.4295 39
1757544191103 391049437765.3547 40
1757544191162 385633076869.75116 41
1757544191221 380448830556.225 42
1757544191275 375485605200.5454 43
1757544191330 370732918592.2662 44
1757544191390 366180859202.1857 45
1757544191448 361820048795.1922 46
1757544191503 357641608060.85614 47
1757544191564 353637124970.1506 48
1757544191634 349798625598.46954 49
1757544191694 346118547183.2021 50
1757544191749 342589713208.9363 51
1757544191808 339205310335.32336 52
1757544191865 335958867002.0607 53
1757544191919 332844233562.6606 54
1757544191979 329855563813.9224 55
1757544192032 326987297801.56366 56
1757544192087 324234145794.46954 57
1757544192148 321591073330.70435 58
1757544192208 319053287247.9167 59
1757544192265 316616222619.23114 60
1757544192323 314275530523.2452 61
1757544192383 312027066583.4787 62
1757544192445 309866880218.62274 63
1757544192515 307791204550.3006 64
1757544192577 305796446919.8628 65
1757544192635 303879179970.0394 66
1757544192690 302036133251.1391 67
1757544192749 300264185314.9544 68
1757544192808 298560356262.6584 69
1757544192866 296921800715.78687 70
1757544192925 295345801181.94226 71
1757544192987 293829761789.1434 72
1757544193043 292371202364.82245 73
1757544193100 290967752837.3452 74
1757544193158 289617147939.6362 75
1757544193222 288317222196.0361 76
1757544193294 287065905174.9278 77
1757544193353 285861216990.9497 78
1757544193412 284701264041.78265 79
1757544193475 283584234965.56903 80
1757544193539 282508396805.99756 81
1757544193592 281472091372.9845 82
1757544193652 280473731787.7038 83
1757544193711 279511799201.47406 84
1757544193767 278584839678.7041 85
1757544193825 277691461234.7398 86
1757544193883 276830331020.04517 87
1757544193938 276000172642.6951 88
1757544194001 275199763621.6622 89
1757544194061 274427932963.84616 90
1757544194136 273683558858.2287 91
1757544194205 272965566480.93536 92
1757544194263 272272925905.36166 93
1757544194323 271604650111.86685 94
1757544194382 270959793091.86118 95
1757544194443 270337448041.41342 96
1757544194502 269736745639.78857 97
1757544194564 269156852408.5838 98
1757544194623 268596969147.37964 99
1757544194683 268056329442.0502 100
1757544194743 267534198242.0915 101
1757544194801 267029870503.528 102
1757544194857 266542669894.14597 103
1757544194916 266071947557.97815 104
1757544194974 265617080936.13235 105
1757544195032 265177472641.2089 106
1757544195087 264752549382.70276 107
1757544195146 264341760940.92065 108
1757544195206 263944579187.0745 109
1757544195269 263560497147.33493 110
1757544195347 263189028108.74384 111
1757544195408 262829704764.99228 112
1757544195471 262482078400.17392 113
1757544195529 262145718108.71964 114
1757544195589 261820210049.8113 115
1757544195650 261505156734.65717 116
1757544195711 261200176345.09424 117
1757544195772 260904902082.05905 118
1757544195832 260618981542.5411 119
1757544195892 260342076123.70242 120
1757544195953 260073860452.91058 121
1757544196013 259814021842.49585 122
1757544196073 259562259768.09998 123
1757544196128 259318285369.53964 124
1757544196193 259081820973.16083 125
1757544196253 258852599634.7089 126
1757544196311 258630364701.7862 127
1757544196371 258414869395.0145 128
1757544196430 258205876407.06085 129
1757544196490 258003157518.72653 130
1757544196545 257806493231.3345 131
1757544196606 257615672414.69165 132
1757544196662 257430491969.92987 133
1757544196721 257250756506.56906 134
1757544196782 257076278033.17078 135
1757544196843 256906875660.9847 136
1757544196900 256742375320.0148 137
1757544196959 256582609486.96127 138
1757544197015 256427416924.5172 139
1757544197074 256276642431.52505 140
1757544197133 256130136603.51892 141
1757544197197 255987755603.2018 142
1757544197257 255849360940.42667 143
1757544197316 255714819261.27026 144
1757544197377 255584002145.80725 145
1757544197446 255456785914.20996 146
1757544197509 255333051440.81607 147
1757544197566 255212683975.82187 148
1757544197625 255095572974.27652 149
1757544197684 254981611932.06357 150
1757544197744 254870698228.57373 151
1757544197801 254762732975.78323 152
1757544197863 254657620873.4673 153
1757544197917 254555270070.28754 154
1757544197979 254455592030.50604 155
1757544198043 254358501406.08868 156
1757544198105 254263915913.97098 157
1757544198161 254171756218.26895 158
1757544198221 254081945817.22864 159
1757544198284 253994410934.71524 160
1757544198339 253909080416.05286 161
1757544198397 253825885628.03265 162
1757544198453 253744760362.9171 163
1757544198519 253665640746.2731 164
1757544198582 253588465148.47632 165
1757544198636 253513174099.73398 166
1757544198695 253439710208.48083 167
1757544198753 253368018083.01035 168
1757544198808 253298044256.20514 169
1757544198867 253229737113.24313 170
1757544198924 253163046822.15344 171
1757544198982 253097925267.1082 172
1757544199040 253034325984.33615 173
1757544199099 252972204100.55325 174
1757544199158 252911516273.80548 175
1757544199217 252852220636.62653 176
1757544199277 252794276741.41705 177
1757544199334 252737645507.95407 178
1757544199393 252682289172.94513 179
1757544199452 252628171241.54343 180
1757544199522 252575256440.7464 181
1757544199581 252523510674.60013 182
1757544199637 252472900981.1377 183
1757544199695 252423395490.98123 184
1757544199756 252374963387.5422 185
1757544199816 252327574868.75354 186
1757544199877 252281201110.2745 187
1757544199938 252235814230.10806 188
1757544200009 252191387254.57507 189
1757544200068 252147894085.59082 190
1757544200125 252105309469.192 191
1757544200184 252063608965.2646 192
1757544200245 252022768918.42545 193
1757544200302 251982766430.01096 194
1757544200361 251943579331.12897 195
1757544200418 251905186156.73346 196
1757544200476 251867566120.6792 197
1757544200540 251830699091.72003 198
1757544200600 251794565570.41187 199
1757544200662 251759146666.88596 200
1757544200725 251724424079.45795 201
1757544200792 251690380074.03952 202
1757544200852 251656997464.32166 203
1757544200915 251624259592.69962 204
1757544200982 251592150311.90973 205
1757544201043 251560653967.35098 206
1757544201103 251529755380.0647 207
1757544201161 251499439830.34647 208
1757544201218 251469693041.96567 209
1757544201280 251440501166.9691 210
1757544201344 251411850771.047 211
1757544201401 251383728819.43762 212
1757544201461 251356122663.3518 213
1757544201517 251329020026.89597 214
1757544201592 251302408994.47507 215
1757544201669 251276277998.65652 216
1757544201729 251250615808.4783 217
1757544201783 251225411518.18253 218
1757544201843 251200654536.3601 219
1757544201901 251176334575.48962 220
1757544201957 251152441641.85513 221
1757544202018 251128966025.8297 222
1757544202080 251105898292.50906 223
1757544202135 251083229272.6836 224
1757544202196 251060950054.13467 225
1757544202254 251039051973.24387 226
1757544202317 251017526606.9021 227
1757544202376 250996365764.70914 228
1757544202436 250975561481.45007 229
1757544202495 250955106009.84103 230
1757544202556 250934991813.53116 231
1757544202617 250915211560.35388 232
1757544202676 250895758115.81595 233
1757544202738 250876624536.81686 234
1757544202797 250857804065.58908 235
1757544202856 250839290123.85107 236
1757544202913 250821076307.16544 237
1757544202972 250803156379.4943 238
1757544203032 250785524267.94437 239
1757544203099 250768174057.6953 240
1757544203163 250751099987.10358 241
1757544203223 250734296442.97635 242
1757544203283 250717757956.0085 243
1757544203346 250701479196.37668 244
1757544203407 250685454969.48486 245
1757544203469 250669680211.85617 246
1757544203527 250654149987.16443 247
1757544203585 250638859482.40192 248
1757544203651 250623804004.17667 249
1757544203715 250608978975.13596 250
1757544203779 250594379930.5104 251
1757544203840 250580002514.77527 252
1757544203900 250565842478.4233 253
1757544203961 250551895674.84644 254
1757544204023 250538158057.32175 255
1757544204087 250524625676.09787 256
1757544204172 250511294675.57816 257
1757544204241 250498161291.59796 258
1757544204300 250485221848.7912 259
1757544204360 250472472758.04416 260
1757544204423 250459910514.033 261
1757544204483 250447531692.8421 262
1757544204540 250435332949.65976 263
1757544204597 250423311016.54953 264
1757544204655 250411462700.29385 265
1757544204719 250399784880.30682 266
1757544204783 250388274506.61557 267
1757544204840 250376928597.90536 268
1757544204900 250365744239.62805 269
1757544204960 250354718582.171 270
1757544205023 250343848839.08386 271
1757544205085 250333132285.3623 272
1757544205146 250322566255.78558 273
1757544205205 250312148143.30643 274
1757544205265 250301875397.49228 275
1757544205330 250291745523.01462 276
1757544205388 250281756078.18552 277
1757544205452 250271904673.54004 278
1757544205510 250262188970.4625 279
1757544205574 250252606679.85486 280
1757544205635 250243155560.84637 281
1757544205696 250233833419.54285 282
1757544205762 250224638107.81378 283
1757544205821 250215567522.11667 284
1757544205882 250206619602.35706 285
1757544205946 250197792330.78256 286
1757544206006 250189083730.91092 287
1757544206067 250180491866.48935 288
1757544206127 250172014840.48566 289
1757544206191 250163650794.10886 290
1757544206256 250155397905.85928 291
1757544206315 250147254390.60648 292
1757544206380 250139218498.694 293
1757544206437 250131288515.07098 294
1757544206497 250123462758.4485 295
1757544206557 250115739580.48065 296
1757544206621 250108117364.9698 297
1757544206684 250100594527.0935 298
1757544206750 250093169512.65506 299
1757544206818 250085840797.3546 300
1757544206882 250078606886.08118 301
1757544206943 250071466312.22476 302
1757544207000 250064417637.008 303
1757544207060 250057459448.83664 304
1757544207122 250050590362.66763 305
1757544207181 250043809019.39587 306
1757544207239 250037114085.25687 307
1757544207302 250030504251.2468 308
1757544207363 250023978232.55798 309
1757544207421 250017534768.0301 310
1757544207484 250011172619.61612 311
1757544207548 250004890571.86313 312
1757544207614 249998687431.407 313
1757544207675 249992562026.48038 314
1757544207739 249986513206.4345 315
1757544207796 249980539841.2733 316
1757544207867 249974640821.19998 317
1757544207928 249968815056.17563 318
1757544207989 249963061475.48962 319
1757544208054 249957379027.34103 320
1757544208114 249951766678.4311 321
1757544208176 249946223413.56638 322
1757544208233 249940748235.27194 323
1757544208299 249935340163.41486 324
1757544208359 249929998234.8369 325
1757544208415 249924721502.99734 326
1757544208483 249919509037.62384 327
1757544208541 249914359924.373 328
1757544208605 249909273264.4994 329
1757544208665 249904248174.53238 330
1757544208725 249899283785.9612 331
1757544208787 249894379244.92865 332
1757544208850 249889533711.931 333
1757544208918 249884746361.52643 334
1757544208981 249880016382.05 335
1757544209039 249875342975.33588 336
1757544209101 249870725356.44635 337
1757544209164 249866162753.40704 338
1757544209224 249861654406.94888 339
1757544209284 249857199570.2562 340
1757544209349 249852797508.72058 341
1757544209412 249848447499.70084 342
1757544209474 249844148832.28888 343
1757544209542 249839900807.08023 344
1757544209603 249835702735.9511 345
1757544209666 249831553941.83975 346
1757544209729 249827453758.53336 347
1757544209800 249823401530.45984 348
1757544209864 249819396612.48404 349
1757544209933 249815438369.7095 350
1757544210004 249811526177.28357 351
1757544210069 249807659420.2081 352
1757544210132 249803837493.1535 353
1757544210198 249800059800.27762 354
1757544210260 249796325755.04852 355
1757544210322 249792634780.07092 356
1757544210384 249788986306.91687 357
1757544210447 249785379775.96036 358
1757544210506 249781814636.21463 359
1757544210574 249778290345.17438 360
1757544210638 249774806368.6604 361
1757544210700 249771362180.66797 362
1757544210763 249767957263.2187 363
1757544210825 249764591106.21536 364
1757544210891 249761263207.29968 365
1757544210954 249757973071.71384 366
1757544211015 249754720212.16415 367
1757544211080 249751504148.68793 368
1757544211143 249748324408.5236 369
1757544211207 249745180525.9829 370
1757544211265 249742072042.3261 371
1757544211328 249738998505.6398 372
1757544211393 249735959470.71738 373
1757544211459 249732954498.94153 374
1757544211521 249729983158.16974 375
1757544211591 249727045022.62207 376
1757544211671 249724139672.77057 377
1757544211732 249721266695.23184 378
1757544211793 249718425682.6613 379
1757544211856 249715616233.64954 380
1757544211920 249712837952.6213 381
1757544211989 249710090449.7357 382
1757544212057 249707373340.78912 383
1757544212119 249704686247.11972 384
1757544212182 249702028795.51395 385
1757544212246 249699400618.11487 386
1757544212308 249696801352.3322 387
1757544212372 249694230640.75455 388
1757544212436 249691688131.06274 389
1757544212499 249689173475.94534 390
1757544212560 249686686333.01556 391
1757544212621 249684226364.7299 392
1757544212688 249681793238.30847 393
1757544212754 249679386625.6564 394
1757544212815 249677006203.2873 395
1757544212875 249674651652.24808 396
1757544212949 249672322658.04456 397
1757544213011 249670018910.56967 398
1757544213072 249667740104.0319 399
1757544213135 249665485936.88574 400
1757544213194 249663256111.76324 401
1757544213258 249661050335.4069 402
1757544213323 249658868318.60364 403
1757544213387 249656709776.12033 404
1757544213451 249654574426.6401 405
1757544213518 249652461992.70044 406
1757544213583 249650372200.63168 407
1757544213647 249648304780.49716 408
1757544213709 249646259466.0344 409
1757544213775 249644235994.5971 410
1757544213840 249642234107.09857 411
1757544213905 249640253547.95584 412
1757544213970 249638294065.035 413
1757544214034 249636355409.5975 414
1757544214104 249634437336.2474 415
1757544214188 249632539602.8794 416
1757544214254 249630661970.6281 417
1757544214325 249628804203.81808 418
1757544214389 249626966069.91443 419
1757544214448 249625147339.4753 420
1757544214514 249623347786.1037 421
1757544214580 249621567186.40146 422
1757544214643 249619805319.92337 423
1757544214712 249618061969.13242 424
1757544214778 249616336919.3554 425
1757544214839 249614629958.74005 426
1757544214901 249612940878.21188 427
1757544214964 249611269471.4327 428
1757544215029 249609615534.7595 429
1757544215093 249607978867.20386 430
1757544215154 249606359270.39227 431
1757544215222 249604756548.52728 432
1757544215292 249603170508.34903 433
1757544215355 249601600959.09738 434
1757544215417 249600047712.47504 435
1757544215480 249598510582.61108 436
1757544215541 249596989386.0253 437
1757544215611 249595483941.59253 438
1757544215672 249593994070.50864 439
1757544215737 249592519596.25598 440
1757544215805 249591060344.57022 441
1757544215877 249589616143.4075 442
1757544215957 249588186822.9117 443
1757544216036 249586772215.38318 444
1757544216110 249585372155.24704 445
1757544216181 249583986479.0225 446
1757544216268 249582615025.29285 447
1757544216342 249581257634.67538 448
1757544216423 249579914149.79227 449
1757544216503 249578584415.24207 450
1757544216580 249577268277.57074 451
