1757526836506 415117160625.25757 0
1757526836532 299415173693.4695 1
1757526836558 138924472036.15552 2
1757526836584 389831454590.6573 3
1757526836609 515252108723.20074 4
1757526836634 240352445380.64346 5
1757526836660 203750010356.52625 6
1757526836687 369340489108.7179 7
1757526836713 63979781984.24479 8
1757526836740 167668100778.31805 9
1757526836766 137753726142.60965 10
1757526836792 1553204833528.6396 11
1757526836819 226544210214.49188 12
1757526836845 244042045829.32065 13
1757526836871 136542065656.1461 14
1757526836897 357416983593.478 15
1757526836924 368062710789.06006 16
1757526836950 119798506608.51453 17
1757526836980 127697740338.72975 18
1757526837006 113957408689.68857 19
1757526837031 849646593797.2797 20
1757526837059 125511845325.63342 21
1757526837085 353536245327.44116 22
1757526837112 2256737534267.3237 23
1757526837138 399264891930.17554 24
1757526837166 219294654261.12012 25
1757526837193 181216467737.1605 26
1757526837220 103808467614.00912 27
1757526837246 274831105744.48593 28
1757526837273 394058071515.184 29
1757526837299 430186680263.9698 30
1757526837325 311279883170.71075 31
1757526837352 707626733784.8447 32
1757526837379 91824024804.9948 33
1757526837405 134586027438.31544 34
1757526837431 67248945421.282875 35
1757526837458 173948565205.6717 36
1757526837486 340381151613.39044 37
1757526837513 215364470707.19455 38
1757526837541 366906971939.9034 39
1757526837568 213773276994.26315 40
1757526837595 177154520919.37866 41
1757526837621 208186089235.59393 42
1757526837648 732917707692.7493 43
1757526837674 209038681875.22678 44
1757526837702 227580156388.0284 45
1757526837729 1745635329350.6665 46
1757526837755 393717046240.9871 47
1757526837782 344097591047.26794 48
1757526837807 85164800664.54951 49
1757526837834 145216745845.0366 50
1757526837864 626708926627.7993 51
1757526837895 136299990666.56586 52
1757526837929 956095636776.191 53
1757526837959 171777768533.95712 54
1757526837986 315856710647.7476 55
1757526838013 96327101069.10867 56
1757526838039 162250109683.88614 57
1757526838065 122167916185.25668 58
1757526838093 169376276602.6533 59
1757526838119 279271020105.3259 60
1757526838146 195563383070.3961 61
1757526838173 478410267805.3895 62
1757526838200 141735032254.355 63
1757526838227 464902319298.47076 64
1757526838262 210676662844.7665 65
1757526838289 151406213589.97662 66
1757526838316 362823776769.4393 67
1757526838342 335020993831.79626 68
1757526838369 344031512678.6638 69
1757526838397 507457238409.68427 70
1757526838424 297481282633.151 71
1757526838451 180749059725.85767 72
1757526838478 593411019529.8643 73
1757526838510 145475463806.75247 74
1757526838538 494868244597.3659 75
1757526838565 124119580960.89204 76
1757526838592 372810181715.31915 77
1757526838619 202677320482.2311 78
1757526838647 312657972773.9789 79
1757526838674 490794254293.60236 80
1757526838701 872761511627.7747 81
1757526838729 133091814242.98111 82
1757526838758 321749321876.24963 83
1757526838785 240855360441.23938 84
1757526838813 122251535606.94835 85
1757526838841 200106043610.2455 86
1757526838869 167870310383.4824 87
1757526838896 657823112772.2478 88
1757526838923 169191637460.36234 89
1757526838951 367543083590.09454 90
1757526838979 239707820441.70206 91
1757526839008 427929692108.5564 92
1757526839036 99837345010.27177 93
1757526839064 111183176874.98064 94
1757526839092 287558367863.78424 95
1757526839118 726593926921.809 96
1757526839146 271918655541.7434 97
1757526839174 261287897067.70972 98
1757526839202 608394854492.2599 99
1757526839230 340574636569.1574 100
1757526839260 164584732803.2294 101
