1757586679160 1064041490240.2074 0
1757586679239 1081863258585.0981 1
1757586679325 16742291246742.59 2
1757586679408 957704779462437.6 3
1757586679491 5.580156606342625e+16 4
1757586679577 3.252329873586689e+18 5
1757586679661 1.8955908792934197e+20 6
1757586679737 1.104827955846203e+22 7
1757586679802 6.439389566712645e+23 8
1757586679871 3.7531398235366758e+25 9
1757586679933 2.1874835167350018e+27 10
1757586679997 1.274954933993961e+29 11
1757586680059 7.430959233657456e+30 12
1757586680122 4.331067213434584e+32 13
1757586680191 2.524323255916373e+34 14
1757586680270 1.4712789218773213e+36 15
1757586680361 8.575215796499405e+37 16
1757586680452 4.9979867762058826e+39 17
1757586680543 2.9130312761722213e+41 18
1757586680630 1.697833867099451e+43 19
1757586680713 9.895670753174075e+44 20
1757586680796 5.767601975246081e+46 21
1757586680882 3.3615945168944234e+48 22
1757586680966 1.959274884867985e+50 23
1757586681050 1.1419456020593655e+52 24
1757586681137 6.65572640232455e+53 25
1757586681223 3.8792297866651963e+55 26
1757586681308 2.2609739084970168e+57 27
1757586681392 1.31778814250105e+59 28
1757586681478 7.680608705788863e+60 29
1757586681563 4.476573144714935e+62 30
1757586681648 2.609130068672688e+64 31
1757586681732 1.5207078037558698e+66 32
1757586681816 8.863307552852023e+67 33
1757586681899 5.165898444291494e+69 34
1757586681988 3.0108970694744903e+71 35
1757586682078 1.7548740573844973e+73 36
1757586682167 1.0228124330462834e+75 37
1757586682257 5.961369528439292e+76 38
1757586682344 3.4745301783984432e+78 39
1757586682429 2.0250984111971504e+80 40
1757586682516 1.1803102475637606e+82 41
1757586682603 6.879331260155732e+83 42
1757586682692 4.009555850645053e+85 43
1757586682772 2.3369332732318574e+87 44
1757586682841 1.362060369519373e+89 45
1757586682905 7.938645366838355e+90 46
1757586682966 4.626967473010212e+92 47
1757586683033 2.6967860393064507e+94 48
1757586683100 1.5717972914702079e+96 49
1757586683161 9.161077999752784e+97 50
1757586683227 5.33945124940719e+99 51
1757586683309 3.112050748347011e+101 52
1757586683393 1.8138305619631677e+103 53
1757586683478 1.0571746971861338e+105 54
1757586683562 6.1616468693798875e+106 55
1757586683654 3.591260010667319e+108 56
1757586683739 2.0931333355551766e+110 57
1757586683808 1.2199637863587131e+112 58
1757586683875 7.110448315668012e+113 59
1757586683936 4.144260330930848e+115 60
1757586684005 2.4154445582118676e+117 61
1757586684072 1.4078199601145378e+119 62
1757586684138 8.205350991637437e+120 63
1757586684202 4.782414428226169e+122 64
1757586684275 2.787386887729181e+124 65
1757586684361 1.624603174502871e+126 66
1757586684446 9.468852301142213e+127 67
1757586684531 5.5188347104074715e+129 68
1757586684615 3.2166027721357823e+131 69
1757586684707 1.8747677610637638e+133 70
1757586684797 1.0926913911692887e+135 71
1757586684887 6.368652699990964e+136 72
1757586684974 3.7119114821339655e+138 73
1757586685060 2.163453951762435e+140 74
1757586685146 1.2609495199238104e+142 75
1757586685233 7.349329947609081e+143 76
1757586685319 4.2834903241873943e+145 77
1757586685406 2.496593497394428e+147 78
1757586685491 1.4551168835462688e+149 79
1757586685577 8.481016821485726e+150 80
1757586685661 4.943083757713597e+152 81
1757586685748 2.881031549645193e+154 82
1757586685833 1.679183116632092e+156 83
1757586685919 9.786966545123462e+157 84
1757586686006 5.7042447131959805e+159 85
1757586686094 3.324667311163659e+161 86
1757586686179 1.937752197823782e+163 87
1757586686270 1.1294012990601016e+165 88
1757586686358 6.582613069675087e+166 89
1757586686445 3.8366163436431036e+168 90
1757586686531 2.2361370496042075e+170 91
1757586686619 1.3033122044891535e+172 92
1757586686704 7.596237013608047e+173 93
1757586686791 4.427397868918613e+175 94
1757586686876 2.580468705043024e+177 95
1757586686967 1.5040027878345682e+179 96
1757586687054 8.76594388218492e+180 97
1757586687140 5.1091509116316483e+182 98
1757586687226 2.977822284588957e+184 99
1757586687314 1.7355967189003482e+186 100
1757586687398 1.0115768110968544e+188 101
1757586687486 5.89588372463174e+189 102
1757586687572 3.436362371403666e+191 103
1757586687657 2.0028526509546484e+193 104
1757586687748 1.1673445079069167e+195 105
1757586687835 6.803761622158882e+196 106
1757586687922 3.965510772322354e+198 107
1757586688008 2.311261998684614e+200 108
1757586688094 1.3470980999088684e+202 109
1757586688180 7.851439135030357e+203 110
1757586688267 4.576140111492733e+205 111
1757586688354 2.667161772493542e+207 112
1757586688440 1.5545310561591149e+209 113
1757586688528 9.060443312757568e+210 114
1757586688616 5.280797234538552e+212 115
1757586688702 3.0778647875920066e+214 116
1757586688796 1.793905584698444e+216 117
1757586688883 1.0455616048455335e+218 118
1757586688970 6.093961013622331e+219 119
1757586689058 3.551809923341178e+221 120
1757586689152 2.0701402098478678e+223 121
1757586689240 1.2065624515170091e+225 122
1757586689328 7.032339850631276e+226 123
1757586689416 4.098735520287285e+228 124
1757586689502 2.3889108350980285e+230 125
1757586689590 1.3923550201767473e+232 126
1757586689676 8.115214991403525e+233 127
1757586689763 4.7298794777456085e+235 128
1757586689852 2.7567673681717074e+237 129
1757586689922 1.6067568651534897e+239 130
1757586689992 9.364836705209685e+240 131
1757586690060 5.458210163419151e+242 132
1757586690125 3.1812683046014755e+244 133
1757586690193 1.854173387036135e+246 134
1757586690263 1.0806881469947983e+248 135
1757586690326 6.2986928796443225e+249 136
1757586690389 3.6711360351649254e+251 137
1757586690475 2.1396883522041987e+253 138
1757586690562 1.2470979557020498e+255 139
1757586690648 7.268597361452597e+256 140
1757586690736 4.2364360683418665e+258 141
1757586690826 2.469168351011975e+260 142
1757586690912 1.4391323856388223e+262 143
1757586690983 8.3878526247336e+263 144
1757586691047 4.8887838503488115e+265 145
1757586691113 2.849383340970462e+267 146
1757586691177 1.6607372451577573e+269 147
1757586691253 9.679456455707418e+270 148
1757586691325 5.641583432365073e+272 149
1757586691388 3.2881457517761045e+274 150
1757586691477 1.9164659380727526e+276 151
1757586691562 1.116994795565e+278 152
1757586691650 6.510302888941465e+279 153
1757586691738 3.7944710104330245e+281 154
1757586691829 2.2115730242710185e+283 155
1757586691914 1.288995285043723e+285 156
1757586691979 7.512792146723793e+286 157
1757586692042 4.378762784842937e+288 158
1757586692112 2.5521221872598646e+290 159
1757586692187 1.4874812769602262e+292 160
1757586692263 8.669649754045764e+293 161
1757586692338 5.053026752136762e+295 162
1757586692428 2.9451108271005497e+297 163
1757586692498 1.716531142495351e+299 164
1757586692569 1.0004646127552333e+301 165
1757586692652 5.831117284131587e+302 166
1757586692728 3.3986138387901944e+304 167
