1757529930211 1053302004451.0571 0
1757529930236 859257871344.9781 1
1757529930261 649965326962.529 2
1757529930293 495769687154.7112 3
1757529930321 397332133646.20496 4
1757529930357 336942132780.5931 5
1757529930404 300211117213.7029 6
1757529930451 278329177335.8197 7
1757529930489 265672470862.84824 8
1757529930516 258402739819.6905 9
1757529930538 254057095552.16937 10
1757529930567 251256133489.384 11
1757529930597 249314075351.54 12
1757529930619 247896246176.33456 13
1757529930641 246819498658.4553 14
1757529930668 245969692713.46573 15
1757529930695 245273650959.90222 16
1757529930720 244686098188.25775 17
1757529930738 244179556097.89163 18
1757529930759 243736767404.2636 19
1757529930779 243346153404.429 20
1757529930808 242999488531.62576 21
1757529930831 242690676908.71402 22
1757529930860 242414984669.77075 23
1757529930884 242168520158.8654 24
1757529930912 241947915697.4904 25
1757529930938 241750168070.67926 26
1757529930963 241572577461.57236 27
1757529930986 241412730906.24973 28
1757529931012 241268496473.43127 29
1757529931044 241138012743.90576 30
1757529931070 241019669499.7136 31
1757529931091 240912081171.52322 32
1757529931115 240814056353.46396 33
1757529931140 240724567613.79694 34
1757529931161 240642723983.3613 35
1757529931192 240567747727.71976 36
1757529931214 240498955667.1204 37
1757529931239 240435744535.64343 38
1757529931262 240377579534.8722 39
1757529931286 240323985224.7661 40
1757529931315 240274538054.7002 41
1757529931343 240228860047.7372 42
1757529931365 240186613336.76056 43
1757529931392 240147495381.85297 44
1757529931420 240111234773.59485 45
1757529931448 240077587560.6764 46
1757529931473 240046334049.7249 47
