1757526807772 1053297578336.3733 0
1757526807792 3133359081606.533 1
1757526807813 6794327918240243.0 2
1757526807833 2.060409006904201e+19 3
1757526807853 6.248576345166343e+22 4
1757526807876 1.8949978728692263e+26 5
1757526807897 5.7469361656616146e+29 6
1757526807919 1.742866087874949e+33 7
1757526807942 5.2855680186850226e+36 8
1757526807962 1.6029475514214282e+40 9
1757526807982 4.861238836629691e+43 10
1757526808002 1.4742617751779376e+47 11
1757526808021 4.470975104892512e+50 12
1757526808040 1.3559069851184318e+54 13
1757526808060 4.1120420247501106e+57 14
1757526808080 1.2470538022808465e+61 15
1757526808101 3.7819243490772056e+64 16
1757526808121 1.1469394308395598e+68 17
1757526808140 3.4783087565872387e+71 18
1757526808162 1.0548623127635661e+75 19
1757526808182 3.1990676410815916e+78 20
1757526808202 9.70177211602512e+81 21
1757526808223 2.942244202109447e+85 22
1757526808243 8.92290690949915e+88 23
1757526808262 2.7060387325601693e+92 24
1757526808282 8.206569558985651e+95 25
1757526808301 2.4887960070975253e+99 26
1757526808322 7.547740283468934e+102 27
1757526808341 2.288993683059512e+106 28
1757526808362 6.94180229354458e+109 29
1757526808383 2.1052316325421654e+113 30
1757526808402 6.384509438964599e+116 31
1757526808422 1.9362221309113657e+120 32
1757526808442 5.871956453460799e+123 33
1757526808462 1.7807808329879213e+127 34
1757526808481 5.400551588334977e+130 35
1757526808501 1.6378184736709423e+134 36
1757526808521 4.966991443044118e+137 37
1757526808541 1.5063332348411551e+141 38
1757526808561 4.568237816404189e+144 39
1757526808582 1.3854037250546285e+148 40
1757526808601 4.201496416195829e+151 41
1757526808623 1.274182522831769e+155 42
1757526808643 3.864197277978262e+158 43
1757526808663 1.1718902382956385e+162 44
1757526808683 3.553976755894639e+165 45
1757526808704 1.0778100515462231e+169 46
1757526808724 3.268660959268553e+172 47
1757526808744 9.91282689497932e+175 48
1757526808764 3.0062505189224153e+179 49
1757526808784 9.117018059801546e+182 50
1757526808804 2.7649065764666103e+186 51
1757526808825 8.385097327266574e+189 52
1757526808846 2.5429378983786515e+193 53
1757526808866 7.71193571478607e+196 54
1757526808887 2.338789024573227e+200 55
1757526808908 7.092815998163333e+203 56
1757526808929 2.151029368413502e+207 57
1757526808949 6.523399655335085e+210 58
1757526808970 1.9783431917813527e+214 59
1757526808995 5.99969646389323e+217 60
1757526809015 1.819520384956105e+221 61
1757526809036 5.518036539339371e+224 62
1757526809056 1.673447986691229e+228 63
1757526809077 5.075044618128241e+231 64
1757526809098 1.5391023850653292e+235 65
1757526809119 4.6676164052868014e+238 66
1757526809140 1.4155421444543936e+242 67
1757526809161 4.2928968208633714e+245 68
1757526809181 1.3019014083598418e+249 69
1757526809202 3.948259992767445e+252 70
1757526809225 1.1973838318622762e+256 71
1757526809246 3.63129085579859e+259 72
1757526809267 1.1012570011821509e+263 73
1757526809288 3.3397682279184935e+266 74
1757526809309 1.0128473012421643e+270 75
1757526809330 3.071649245172024e+273 76
1757526809351 9.315351952653362e+276 77
1757526809373 2.8250550461839256e+280 78
1757526809394 8.567508833303926e+283 79
1757526809415 2.598257605914345e+287 80
1757526809437 7.87970309461397e+290 81
1757526809458 2.3896676264099347e+294 82
1757526809479 7.247114892710876e+297 83
1757526809501 2.1978233996940883e+301 84
1757526809525 inf 85
1757526809546 inf 86
