1757570562493 1019578794230.9694 0
1757570562549 1017520252678.7803 1
1757570562619 1014442054109.0339 2
1757570562684 1010866417671.5574 3
1757570562747 1007055080405.7809 4
1757570562813 1003138993313.6118 5
1757570562880 999183575786.2853 6
1757570562944 995221446224.8986 7
1757570563013 991268813901.1876 8
1757570563076 987333681820.654 9
1757570563137 983419950018.6902 10
1757570563200 979529467733.8005 11
1757570563264 975663059650.701 12
1757570563327 971821039069.8784 13
1757570563390 968003464505.2627 14
1757570563456 964210267983.2378 15
1757570563523 960441319187.2161 16
1757570563588 956696457522.7845 17
1757570563662 952975508142.159 18
1757570563751 949278289947.8666 19
1757570563814 945604619585.8801 20
1757570563878 941954313433.4506 21
1757570563941 938327188584.3171 22
1757570564003 934723063332.6655 23
1757570564066 931141757406.5435 24
1757570564132 927583092076.0835 25
1757570564190 924046890199.2195 26
1757570564261 920532976236.2341 27
1757570564327 917041176248.8158 28
1757570564387 913571317891.4517 29
1757570564448 910123230399.0795 30
1757570564513 906696744572.9525 31
1757570564577 903291692765.6984 32
1757570564640 899907908866.0566 33
1757570564707 896545228283.54 34
1757570564772 893203487933.1414 35
1757570564834 889882526220.1414 36
1757570564894 886582183025.0505 37
1757570564960 883302299688.697 38
1757570565020 880042718997.4653 39
1757570565082 876803285168.6892 40
1757570565143 873583843836.1986 41
1757570565205 870384242036.0203 42
1757570565267 867204328192.2294 43
1757570565329 864043952102.9526 44
1757570565390 860902964926.5209 45
1757570565449 857781219167.7676 46
1757570565507 854678568664.4752 47
1757570565567 851594868573.9637 48
1757570565634 848529975359.8248 49
1757570565697 845483746778.7944 50
1757570565763 842456041867.7662 51
1757570565825 839446720930.944 52
1757570565886 836455645527.1283 53
1757570565944 833482678457.142 54
1757570566007 830527683751.3853 55
1757570566067 827590526657.5256 56
1757570566126 824671073628.3182 57
1757570566189 821769192309.5538 58
1757570566248 818884751528.1373 59
1757570566313 816017621280.291 60
1757570566378 813167672719.8832 61
1757570566440 810334778146.8802 62
1757570566497 807518810995.9229 63
1757570566584 804719645825.0209 64
1757570566676 801937158304.3698 65
1757570566745 799171225205.2845 66
1757570566808 796421724389.2516 67
1757570566869 793688534797.0951 68
1757570566936 790971536438.2592 69
1757570566998 788270610380.204 70
1757570567062 785585638737.9119 71
1757570567121 782916504663.5059 72
1757570567183 780263092335.9781 73
1757570567248 777625286951.0254 74
1757570567315 775002974710.9938 75
1757570567376 772396042814.928 76
1757570567433 769804379448.7253 77
1757570567490 767227873775.3961 78
1757570567553 764666415925.424 79
1757570567612 762119896987.2284 80
1757570567680 759588208997.729 81
1757570567740 757071244933.008 82
1757570567804 754568898699.0708 83
1757570567865 752081065122.7051 84
1757570567929 749607639942.4352 85
1757570567987 747148519799.571 86
1757570568051 744703602229.3524 87
1757570568113 742272785652.1863 88
1757570568189 739855969364.9742 89
1757570568256 737453053532.5337 90
1757570568317 735063939179.107 91
1757570568376 732688528179.9612 92
1757570568442 730326723253.0743 93
1757570568506 727978427950.9105 94
1757570568571 725643546652.2804 95
1757570568629 723321984554.2863 96
1757570568701 721013647664.3534 97
1757570568768 718718442792.342 98
1757570568827 716436277542.7457 99
1757570568892 714167060306.9666 100
1757570568958 711910700255.6757 101
1757570569021 709667107331.251 102
1757570569082 707436192240.2941 103
1757570569146 705217866446.2262 104
1757570569219 703012042161.9615 105
1757570569281 700818632342.6554 106
1757570569358 698637550678.5303 107
1757570569421 696468711587.7749 108
1757570569489 694312030209.5184 109
1757570569576 692167422396.8767 110
1757570569641 690034804710.0724 111
1757570569700 687914094409.6256 112
1757570569771 685805209449.616 113
1757570569835 683708068471.0143 114
1757570569897 681622590795.0837 115
1757570569961 679548696416.85 116
1757570570029 677486305998.6387 117
1757570570090 675435340863.6808 118
1757570570153 673395722989.7816 119
1757570570213 671367375003.0612 120
1757570570277 669350220171.7526 121
1757570570342 667344182400.0697 122
1757570570411 665349186222.1364 123
1757570570478 663365156795.9789 124
1757570570540 661392019897.5808 125
1757570570603 659429701914.998 126
1757570570664 657478129842.5367 127
1757570570721 655537231274.9905 128
1757570570786 653606934401.9368 129
1757570570851 651687168007.9263 130
1757570570913 649777861452.4858 131
1757570570979 647878944674.5353 132
1757570571042 645990348186.2318 133
1757570571105 644112003067.2128 134
1757570571166 642243840959.0659 135
1757570571229 640385794059.9391 136
1757570571287 638537795119.2488 137
1757570571348 636699777432.4631 138
1757570571408 634871674835.9482 139
1757570571472 633053421701.8756 140
1757570571534 631244952933.1808 141
1757570571599 629446203958.5776 142
1757570571666 627657110727.6243 143
1757570571728 625877609705.8376 144
1757570571790 624107637869.8625 145
1757570571851 622347132702.6852 146
1757570571918 620596032188.9001 147
1757570571982 618854274810.024 148
1757570572045 617121799539.8561 149
1757570572109 615398545839.8885 150
1757570572183 613684453654.7617 151
1757570572249 611979463407.7675 152
1757570572313 610283515996.3967 153
1757570572377 608596552787.934 154
1757570572439 606918515615.0963 155
1757570572502 605249346771.716 156
1757570572567 603588989008.4685 157
1757570572629 601937385528.6427 158
1757570572691 600294479983.9558 159
1757570572748 598660216470.4084 160
1757570572814 597034539524.1848 161
1757570572872 595417394117.5919 162
1757570572938 593808725655.0415 163
1757570573001 592208479969.0728 164
1757570573061 590616603316.4148 165
1757570573128 589033042374.0891 166
1757570573192 587457744235.5525 167
1757570573254 585890656406.8774 168
1757570573316 584331726802.9729 169
1757570573379 582780903743.8425 170
1757570573441 581238135950.8796 171
1757570573511 579703372543.2023 172
1757570573574 578176563034.023 173
1757570573635 576657657327.0554 174
1757570573700 575146605712.9598 175
1757570573762 573643358865.82 176
1757570573822 572147867839.6595 177
1757570573881 570660084064.9921 178
1757570573947 569179959345.4052 179
1757570574011 567707445854.1794 180
1757570574075 566242496130.9423 181
1757570574134 564785063078.354 182
1757570574202 563335099958.8286 183
1757570574265 561892560391.2856 184
1757570574327 560457398347.9366 185
1757570574398 559029568151.1025 186
1757570574461 557609024470.0635 187
1757570574522 556195722317.9401 188
1757570574588 554789617048.6053 189
1757570574650 553390664353.6288 190
1757570574711 551998820259.2499 191
1757570574780 550614041123.3821 192
1757570574845 549236283632.64746 193
1757570574912 547865504799.43976 194
1757570574972 546501661959.0172 195
1757570575037 545144712766.6253 196
1757570575096 543794615194.64655 197
1757570575160 542451327529.7796 198
1757570575224 541114808370.24664 199
1757570575285 539785016623.0278 200
1757570575351 538461911501.1233 201
1757570575414 537145452520.8433 202
1757570575475 535835599499.12396 203
1757570575540 534532312550.8706 204
1757570575600 533235552086.3266 205
1757570575666 531945278808.4693 206
1757570575731 530661453710.4307 207
1757570575798 529384038072.94403 208
1757570575860 528112993461.8158 209
1757570575918 526848281725.423 210
1757570575986 525589864992.23376 211
1757570576050 524337705668.35425 212
1757570576111 523091766435.09827 213
1757570576170 521852010246.58154 214
1757570576234 520618400327.3398 215
1757570576297 519390900169.96954 216
1757570576360 518169473532.79285 217
1757570576422 516954084437.5445 218
1757570576487 515744697167.08264 219
1757570576555 514541276263.1204 220
1757570576623 513343786523.9813 221
1757570576699 512152193002.3763 222
1757570576765 510966461003.2013 223
1757570576835 509786556081.3585 224
1757570576901 508612444039.597 225
1757570576961 507444090926.3753 226
1757570577027 506281463033.7452 227
1757570577091 505124526895.2552 228
1757570577158 503973249283.8752 229
1757570577227 502827597209.9413 230
1757570577291 501687537919.12024 231
1757570577356 500553038890.39417 232
1757570577419 499424067834.0642 233
1757570577484 498300592689.77435 234
1757570577550 497182581624.5539 235
1757570577611 496070003030.8792 236
1757570577678 494962825524.75415 237
1757570577763 493861017943.80853 238
1757570577846 492764549345.4163 239
1757570577922 491673389004.8309 240
1757570577998 490587506413.33826 241
1757570578073 489506871276.42926 242
1757570578133 488431453511.988 243
1757570578199 487361223248.49884 244
1757570578266 486296150823.2701 245
1757570578334 485236206780.6745 246
1757570578399 484181361870.4079 247
1757570578480 483131587045.76337 248
1757570578543 482086853461.92194 249
1757570578604 481047132474.2609 250
1757570578669 480012395636.6776 251
1757570578745 478982614699.92847 252
1757570578828 477957761609.9855 253
1757570578897 476937808506.4073 254
1757570578963 475922727720.7267 255
1757570579030 474912491774.85236 256
1757570579099 473907073379.4872 257
1757570579165 472906445432.5606 258
1757570579231 471910581017.6767 259
1757570579300 470919453402.57623 260
1757570579374 469933036037.61414 261
1757570579439 468951302554.2508 262
1757570579514 467974226763.55835 263
1757570579585 467001782654.7402 264
1757570579647 466033944393.6658 265
1757570579726 465070686321.4179 266
1757570579805 464111982952.85516 267
1757570579873 463157808975.1866 268
1757570579935 462208139246.5612 269
1757570580001 461262948794.6694 270
1757570580079 460322212815.3588 271
1757570580149 459385906671.26245 272
1757570580210 458454005890.4402 273
1757570580282 457526486165.0323 274
1757570580350 456603323349.92694 275
1757570580415 455684493461.4387 276
1757570580478 454769972676.0009 277
1757570580539 453859737328.8688 278
1757570580606 452953763912.83636 279
1757570580674 452052029076.96356 280
1757570580738 451154509625.317 281
1757570580799 450261182515.72156 282
1757570580874 449372024858.5234 283
1757570580947 448487013915.36505 284
1757570581014 447606127097.97205 285
1757570581078 446729341966.9503 286
1757570581145 445856636230.5949 287
1757570581212 444987987743.7102 288
1757570581274 444123374506.4405 289
1757570581340 443262774663.1116 290
1757570581400 442406166501.08386 291
1757570581462 441553528449.61475 292
1757570581525 440704839078.7323 293
1757570581591 439860077098.1195 294
1757570581653 439019221356.0084 295
1757570581725 438182250838.08496 296
1757570581788 437349144666.4028 297
1757570581852 436519882098.3086 298
1757570581921 435694442525.3763 299
1757570581983 434872805472.3517 300
1757570582045 434054950596.10565 301
1757570582111 433240857684.59845 302
1757570582179 432430506655.85254 303
1757570582243 431623877556.93494 304
1757570582311 430820950562.94934 305
1757570582377 430021705976.0367 306
1757570582445 429226124224.3856 307
1757570582512 428434185861.2516 308
1757570582577 427645871563.98486 309
1757570582639 426861162133.06726 310
1757570582727 426080038491.1585 311
1757570582805 425302481682.1498 312
1757570582895 424528472870.22705 313
1757570582978 423757993338.943 314
1757570583044 422991024490.29614 315
1757570583114 422227547843.81915 316
1757570583188 421467545035.6758 317
1757570583252 420710997817.76495 318
1757570583321 419957888056.83356 319
1757570583400 419208197733.5976 320
1757570583464 418461908941.86993 321
1757570583527 417719003887.6974 322
1757570583596 416979464888.5048 323
1757570583664 416243274372.24664 324
1757570583730 415510414876.567 325
1757570583798 414780869047.9662 326
1757570583863 414054619640.97516 327
1757570583932 413331649517.3379 328
1757570583993 412611941645.2001 329
1757570584069 411895479098.30566 330
1757570584136 411182245055.20044 331
1757570584203 410472222798.4427 332
1757570584270 409765395713.821 333
1757570584335 409061747289.5786 334
1757570584402 408361261115.64514 335
1757570584471 407663920882.875 336
1757570584536 406969710382.2921 337
1757570584602 406278613504.3422 338
1757570584668 405590614238.1506 339
1757570584736 404905696670.78766 340
1757570584804 404223844986.5398 341
1757570584869 403545043466.18756 342
1757570584944 402869276486.28973 343
1757570585013 402196528518.4738 344
1757570585081 401526784128.73267 345
1757570585145 400860027976.72754 346
1757570585209 400196244815.09705 347
1757570585280 399535419488.7719 348
1757570585354 398877536934.29645 349
1757570585423 398222582179.1553 350
1757570585491 397570540341.10626 351
1757570585557 396921396627.51874 352
1757570585628 396275136334.71875 353
1757570585690 395631744847.3386 354
1757570585760 394991207637.6724 355
1757570585828 394353510265.0383 356
1757570585895 393718638375.14417 357
1757570585959 393086577699.461 358
1757570586026 392457314054.6002 359
1757570586093 391830833341.6971 360
1757570586169 391207121545.79877 361
1757570586240 390586164735.2587 362
1757570586313 389967949061.1352 363
1757570586380 389352460756.5955 364
1757570586447 388739686136.32556 365
1757570586511 388129611595.94385 366
1757570586583 387522223611.42096 367
1757570586648 386917508738.50415 368
1757570586715 386315453612.1461 369
1757570586785 385716044945.9395 370
1757570586863 385119269531.5559 371
1757570586937 384525114238.18933 372
1757570587004 383933566012.0048 373
1757570587068 383344611875.5917 374
1757570587135 382758238927.4215 375
1757570587207 382174434341.3098 376
1757570587278 381593185365.88385 377
1757570587344 381014479324.05383 378
1757570587411 380438303612.4888 379
1757570587478 379864645701.09674 380
1757570587560 379293493132.51013 381
1757570587622 378724833521.57416 382
1757570587690 378158654554.8405 383
1757570587778 377594943990.0652 384
1757570587845 377033689655.7101 385
1757570587915 376474879450.44916 386
1757570587984 375918501342.6787 387
1757570588056 375364543370.0314 388
1757570588126 374812993638.8949 389
1757570588198 374263840323.93396 390
1757570588262 373717071667.6172 391
1757570588339 373172675979.7465 392
1757570588407 372630641636.99243 393
1757570588475 372090957082.43115 394
1757570588541 371553610825.087 395
1757570588609 371018591439.47784 396
1757570588677 370485887565.1649 397
1757570588749 369955487906.30524 398
1757570588811 369427381231.2094 399
1757570588884 368901556371.9014 400
1757570588952 368378002223.68286 401
1757570589016 367856707744.701 402
1757570589087 367337661955.5198 403
1757570589155 366820853938.6942 404
1757570589225 366306272838.34973 405
1757570589295 365793907859.7626 406
1757570589366 365283748268.9459 407
1757570589436 364775783392.238 408
1757570589507 364270002615.8938 409
1757570589587 363766395385.68066 410
1757570589655 363264951206.47644 411
1757570589739 362765659641.8714 412
1757570589813 362268510313.77313 413
1757570589882 361773492902.0149 414
1757570589962 361280597143.9666 415
1757570590042 360789812834.1499 416
1757570590113 360301129823.8549 417
1757570590183 359814538020.7619 418
1757570590253 359330027388.56415 419
1757570590334 358847587946.5953 420
1757570590406 358367209769.45905 421
1757570590476 357888882986.66125 422
1757570590545 357412597782.2465 423
1757570590615 356938344394.4363 424
1757570590683 356466113115.27014 425
1757570590750 355995894290.2507 426
1757570590817 355527678317.99023 427
1757570590882 355061455649.8609 428
1757570590952 354597216789.64764 429
1757570591018 354134952293.2033 430
1757570591087 353674652768.1071 431
1757570591152 353216308873.3259 432
1757570591220 352759911318.8774 433
1757570591285 352305450865.4962 434
1757570591350 351852918324.30365 435
1757570591421 351402304556.4784 436
1757570591488 350953600472.9313 437
1757570591553 350506797033.9812 438
1757570591621 350061885249.0352 439
1757570591690 349618856176.2696 440
1757570591761 349177700922.31445 441
1757570591835 348738410641.9402 442
1757570591903 348300976545.56146 443
1757570591979 347865389879.409 444
1757570592046 347431641938.8734 445
1757570592111 346999724067.2292 446
1757570592176 346569627654.8466 447
1757570592245 346141344138.6504 448
1757570592311 345714865001.7006 449
1757570592385 345290181772.8386 450
1757570592457 344867286026.36383 451
1757570592527 344446169381.72906 452
1757570592597 344026823503.2453 453
1757570592664 343609240099.7926 454
1757570592731 343193410924.53485 455
1757570592802 342779327774.6377 456
1757570592869 342366982490.9898 457
1757570592937 341956366957.92505 458
1757570593011 341547473102.9485 459
1757570593075 341140292896.4634 460
1757570593141 340734818351.5009 461
1757570593212 340331041523.45154 462
1757570593288 339928954509.7992 463
1757570593355 339528549449.85614 464
1757570593426 339129818524.5015 465
1757570593496 338732753955.9205 466
1757570593567 338337348007.3457 467
1757570593637 337943592982.8015 468
1757570593718 337551481226.8493 469
1757570593785 337161005124.33435 470
1757570593856 336772157100.13586 471
1757570593925 336384929618.9181 472
1757570593996 335999315184.88306 473
1757570594066 335615306341.52576 474
1757570594144 335232895671.3909 475
1757570594213 334852075795.83185 476
1757570594282 334472839374.77 477
1757570594349 334095179106.4585 478
1757570594413 333719087727.2443 479
1757570594487 333344558011.3358 480
1757570594554 332971582770.56903 481
1757570594623 332600154854.17694 482
1757570594688 332230267148.56085 483
1757570594755 331861912577.0623 484
1757570594822 331495084099.7383 485
1757570594894 331129774713.13574 486
1757570594960 330765977450.07043 487
1757570595030 330403685379.4057 488
1757570595101 330042891605.83276 489
1757570595172 329683589269.6539 490
1757570595242 329325771546.56616 491
1757570595312 328969431647.4467 492
1757570595380 328614562818.14056 493
1757570595452 328261158339.24866 494
1757570595525 327909211525.9186 495
1757570595588 327558715727.6362 496
1757570595656 327209664328.019 497
1757570595725 326862050744.61053 498
1757570595796 326515868428.67725 499
