1757591919757 1053302911385.5209 0
1757591919817 859258411892.7582 1
1757591919876 720760568496.3799 2
1757591919938 618849064801.8202 3
1757591919998 542034240443.76764 4
1757591920058 483057699529.22614 5
1757591920119 437137620840.5339 6
1757591920180 400997745744.5786 7
1757591920244 372315189346.8506 8
1757591920305 349395887138.9867 9
1757591920366 330976523211.09705 10
1757591920428 316098711013.0644 11
1757591920490 304025852847.46185 12
1757591920551 294186156781.878 13
1757591920612 286132333952.9299 14
1757591920672 279512345688.62 15
1757591920734 274047731538.17578 16
1757591920793 269517297125.47977 17
1757591920859 265744686020.1679 18
1757591920920 262588821612.18314 19
1757591920998 259936502045.4472 20
1757591921059 257696629324.46503 21
1757591921120 255795690045.5362 22
1757591921181 254174201635.32935 23
1757591921242 252783907705.50833 24
1757591921302 251585557435.1268 25
1757591921362 250547142156.65848 26
1757591921426 249642491164.10257 27
1757591921486 248850150684.04062 28
1757591921548 248152486724.7771 29
1757591921610 247534965424.58337 30
1757591921670 246985574496.1628 31
1757591921730 246494357107.38885 32
1757591921794 246053035570.03424 33
1757591921860 245654706922.54813 34
1757591921921 245293596189.10153 35
1757591921988 244964856003.47186 36
1757591922054 244664403577.94058 37
1757591922116 244388787809.00327 38
1757591922176 244135080747.43924 39
1757591922238 243900788800.8491 40
1757591922301 243683779944.889 41
1757591922365 243482223944.03708 42
1757591922429 243294543162.10522 43
1757591922492 243119372006.86478 44
1757591922556 242955523425.71048 45
1757591922618 242801961168.84537 46
1757591922680 242657776777.75333 47
1757591922741 242522170451.38406 48
1757591922802 242394435099.76694 49
1757591922863 242273943022.06085 50
1757591922925 242160134749.20645 51
1757591922987 242052509675.07092 52
1757591923048 241950618168.0165 53
1757591923109 241854054910.1933 54
1757591923171 241762453256.97723 55
1757591923232 241675480445.78537 56
1757591923294 241592833513.5743 57
1757591923355 241514235806.92838 58
1757591923417 241439433988.7905 59
1757591923479 241368195462.41336 60
1757591923542 241300306146.67392 61
1757591923607 241235568548.05127 62
1757591923670 241173800083.74994 63
1757591923735 241114831618.02322 64
1757591923799 241058506180.00116 65
1757591923864 241004677904.69113 66
1757591923934 240953210844.10278 67
1757591924001 240903978266.44516 68
1757591924067 240856861821.93082 69
1757591924131 240811750845.16077 70
1757591924209 240768541731.32806 71
1757591924273 240727137376.64908 72
1757591924339 240687446674.86578 73
1757591924403 240649384062.86395 74
1757591924469 240612869109.4575 75
1757591924535 240577826142.2393 76
1757591924601 240544183908.1077 77
1757591924668 240511875263.6837 78
1757591924735 240480836892.34097 79
1757591924802 240451009045.0037 80
1757591924866 240422335302.23492 81
1757591924936 240394762355.45172 82
1757591925002 240368239805.37003 83
1757591925070 240342719976.01288 84
1757591925134 240318157742.81174 85
1757591925201 240294510373.50128 86
1757591925267 240271737380.6554 87
1757591925332 240249800384.8371 88
1757591925397 240228662987.44788 89
1757591925463 240208290652.45828 90
1757591925529 240188650596.28302 91
1757591925598 240169711685.1417 92
1757591925663 240151444339.30814 93
1757591925729 240133820443.70886 94
1757591925794 240116813264.38428 95
1757591925860 240100397370.367 96
1757591925926 240084548560.57535 97
