1757586587505 1053304369702.9498 0
1757586587580 3131785111831.0654 1
1757586587663 6789531988823512.0 2
1757586587751 2.0589545511198826e+19 3
1757586587838 6.244165435440027e+22 4
1757586587925 1.893660181835766e+26 5
1757586588011 5.742879366923874e+29 6
1757586588098 1.7416357876346977e+33 7
1757586588186 5.281836902652351e+36 8
1757586588277 1.601816020564669e+40 9
1757586588367 4.857807257261509e+43 10
1757586588458 1.4732210844279e+47 11
1757586588549 4.467819015171101e+50 12
1757586588633 1.354949841766361e+54 13
1757586588717 4.109139308169536e+57 14
1757586588804 1.2461734990818625e+61 15
1757586588883 3.7792546646604377e+64 16
1757586588957 1.1461297990111943e+68 17
1757586589027 3.4758533963454566e+71 18
1757586589105 1.054117678757626e+75 19
1757586589194 3.1968093989166894e+78 20
1757586589283 9.694923573473123e+81 21
1757586589371 2.9401672532411837e+85 22
1757586589460 8.916608172842963e+88 23
1757586589553 2.70412852263299e+92 24
1757586589641 8.200776489414606e+95 25
1757586589718 2.487039150189945e+99 26
1757586589788 7.542412285667648e+102 27
1757586589864 2.2873778678813953e+106 28
1757586589933 6.936902031218654e+109 29
1757586590011 2.103745536162575e+113 30
1757586590083 6.380002573204064e+116 31
1757586590162 1.9348553394123463e+120 32
1757586590250 5.867811402107927e+123 33
1757586590342 1.7795237684883035e+127 34
1757586590432 5.396739304670247e+130 35
1757586590529 1.6366623272087085e+134 36
1757586590621 4.963485212239465e+137 37
1757586590701 1.505269904644064e+141 38
1757586590773 4.565013068317033e+144 39
1757586590839 1.3844257597665153e+148 40
1757586590924 4.1985305531922343e+151 41
1757586590995 1.2732830692966628e+155 42
1757586591076 3.8614695165785073e+158 43
1757586591149 1.1710629935338376e+162 44
1757586591238 3.5514679811316134e+165 45
1757586591328 1.0770492185857476e+169 46
1757586591413 3.26635359073839e+172 47
1757586591499 9.905829367518517e+175 48
1757586591587 3.0041283875886276e+179 49
1757586591679 9.110582298851611e+182 50
1757586591746 2.762954811354561e+186 51
1757586591818 8.379178233810131e+189 52
1757586591895 2.5411428223661774e+193 53
1757586591963 7.706491810387071e+196 54
1757586592039 2.337138058547303e+200 55
1757586592107 7.087809134304266e+203 56
1757586592181 2.1495109431213034e+207 57
1757586592277 6.518794746088733e+210 58
1757586592369 1.9769466667579556e+214 59
1757586592455 5.9954612400557315e+217 60
1757586592540 1.818235973960719e+221 61
1757586592625 5.514141322301599e+224 62
1757586592721 1.672266689129477e+228 63
1757586592811 5.0714621119010736e+231 64
1757586592898 1.5380159229169882e+235 65
1757586592988 4.664321505222633e+238 66
1757586593074 1.4145429042646236e+242 67
1757586593158 4.2898664377336695e+245 68
1757586593229 1.3009823878874042e+249 69
1757586593293 3.945472890963447e+252 70
1757586593360 1.1965385910108659e+256 71
1757586593425 3.6287275045214184e+259 72
1757586593492 1.1004796168710165e+263 73
1757586593557 3.337410664315786e+266 74
1757586593632 1.0121323258996994e+270 75
1757586593702 3.0694809484620423e+273 76
1757586593789 9.30877618654888e+276 77
1757586593876 2.8230608218851154e+280 78
1757586593963 8.561460974406898e+283 79
1757586594049 2.5964234793689926e+287 80
1757586594134 7.874140762156082e+290 81
1757586594218 2.3879807448558541e+294 82
1757586594281 7.241999108282239e+297 83
1757586594348 2.1962719421980335e+301 84
1757586594416 inf 85
1757586594483 inf 86
