1757531736068 40041669517508.29 0
1757531736544 7.352449359659467e+24 1
1757531737014 6.147072176739085e+28 2
1757531737489 5.749959855866422e+38 3
1757531737966 6.470852850812763e+45 4
1757531738437 2.4008348859664298e+53 5
1757531738903 1.0513030638798843e+60 6
1757531739359 3.537725254099669e+66 7
1757531739832 3.412798727272754e+73 8
1757531740291 8.479787896298261e+80 9
1757531740750 1.2713881448485582e+89 10
1757531741215 2.1427267574248836e+95 11
1757531741673 6.219406733410769e+100 12
1757531742149 8.903203437912847e+109 13
1757531742607 1.865924661253878e+117 14
1757531743096 1.278424492397372e+126 15
1757531743569 1.3151708881330141e+132 16
1757531744040 7.565567084097767e+134 17
1757531744506 6.1053377228138886e+147 18
1757531744974 4.391383557213432e+156 19
1757531745436 2.8324697808510188e+162 20
1757531745892 1.5274927441280754e+170 21
1757531746345 6.975841465337967e+177 22
1757531746814 9.192127613914927e+186 23
1757531747277 2.282276107416503e+196 24
1757531747746 3.1949415954949764e+202 25
1757531748218 4.970753249620479e+206 26
1757531748695 6.126258070885219e+217 27
1757531749176 8.388739343140489e+221 28
1757531749677 6.178659770934951e+229 29
1757531750169 5.955587735051397e+231 30
1757531750644 5.818733020554305e+240 31
1757531751107 1.3765774557605508e+246 32
1757531751567 1.145729765795108e+254 33
1757531752042 2.0402946642675726e+259 34
1757531752503 5.931794790934286e+267 35
1757531752969 1.3297726905354662e+275 36
1757531753449 5.88560162357755e+283 37
1757531753922 2.2696737446802237e+289 38
1757531754389 1.5071966982432126e+298 39
1757531754854 1.0263148692823392e+302 40
1757531755328 1.3798792540087643e+308 41
1757531755801 inf 42
