1757541672543 128777218919.90947 0
1757541672609 710830689729.7286 1
1757541672671 26744188177657.26 2
1757541672742 96695321673798.67 3
1757541672803 4108183235014458.5 4
1757541672872 1.3942456940119115e+17 5
1757541672935 3.6754962221851566e+18 6
1757541672998 9.270352822638718e+19 7
1757541673076 8.316992709101669e+22 8
1757541673146 4.176699314337078e+22 9
1757541673211 8.217887842635863e+25 10
1757541673276 3.6073240145356244e+26 11
1757541673343 3.33975785276384e+29 12
1757541673404 3.2818579686423757e+31 13
1757541673472 1.3103993524728795e+30 14
1757541673537 1.7808309845650643e+32 15
1757541673614 2.5345846123295848e+33 16
1757541673679 3.146508813440586e+35 17
1757541673754 1.786013570795734e+37 18
1757541673842 3.25454162428233e+39 19
1757541673925 2.197074123529395e+39 20
1757541674001 1.480408922988595e+41 21
1757541674076 1.8807916388155305e+42 22
1757541674138 1.5530316210251228e+44 23
1757541674204 8.693825061101456e+45 24
1757541674270 1.486219051806529e+47 25
1757541674335 2.4610370691171725e+48 26
1757541674396 2.380801889082007e+50 27
1757541674464 7.793545830957493e+51 28
1757541674527 9.262223366404168e+52 29
1757541674595 1.41528870605814e+54 30
1757541674665 1.2535740423135904e+56 31
1757541674727 1.2531664804552812e+58 32
1757541674793 1.3250463723649394e+59 33
1757541674859 2.6186505654834648e+60 34
1757541674925 5.717784206054525e+61 35
1757541674990 1.3999554096791872e+64 36
1757541675056 1.0337920093133811e+65 37
1757541675121 4.7407382938732675e+66 38
1757541675198 9.381510724832666e+67 39
1757541675262 1.9324358075379516e+69 40
1757541675322 1.0067353017139152e+71 41
1757541675391 7.535226262493718e+71 42
1757541675458 1.621225324030821e+74 43
1757541675518 2.9860695253584255e+75 44
1757541675583 2.7593625358693165e+77 45
1757541675651 4.983946789690481e+78 46
1757541675713 1.9680237300374905e+82 47
1757541675780 7.856194328580125e+81 48
1757541675848 1.362340483686642e+83 49
1757541675912 9.090574577142578e+84 50
1757541675977 8.023287743742624e+86 51
1757541676047 3.262053163031982e+89 52
1757541676107 2.624896754634847e+89 53
1757541676175 2.9845329939581916e+91 54
1757541676242 1.0664846605109608e+93 55
1757541676311 8.883139461988476e+93 56
1757541676377 9.288220694909317e+95 57
1757541676441 4.683679153647923e+96 58
1757541676507 3.04915666844912e+98 59
1757541676574 1.711791866950386e+101 60
1757541676645 3.199868445772645e+101 61
1757541676717 1.1482873240260253e+103 62
1757541676776 4.64591854898133e+105 63
1757541676844 1.2344923740527519e+106 64
1757541676910 1.3269872582521718e+107 65
1757541676973 4.436741356189094e+109 66
1757541677039 3.291280966002233e+110 67
1757541677102 3.859048946305204e+111 68
1757541677174 3.117778408308919e+113 69
1757541677248 9.245397119878711e+114 70
1757541677317 2.1113178631858435e+116 71
1757541677378 4.208829080764413e+117 72
1757541677444 2.871737227513601e+119 73
1757541677509 2.069424603342882e+122 74
1757541677571 2.388243932810468e+124 75
1757541677638 9.011283843975847e+123 76
1757541677703 1.3001989966519403e+126 77
1757541677770 1.2657139569478553e+127 78
1757541677833 6.4349467975398986e+128 79
1757541677901 7.894882740651469e+129 80
1757541677972 1.731821591411227e+132 81
1757541678038 1.360019516016112e+133 82
1757541678105 6.2553761090833985e+134 83
1757541678172 4.609506151723906e+136 84
1757541678239 5.446661779044506e+137 85
1757541678304 1.0491641147229254e+139 86
1757541678369 5.321556138134515e+140 87
1757541678433 3.633448400549987e+142 88
1757541678499 2.0783451427268702e+143 89
1757541678571 3.5371801667483784e+145 90
1757541678639 8.350910190270226e+146 91
1757541678700 1.2823376871220367e+149 92
1757541678758 9.977424599707881e+149 93
1757541678823 7.373987587189783e+151 94
1757541678886 1.3893988449140315e+155 95
1757541678952 1.0416275856964389e+154 96
1757541679020 2.6729394670770697e+155 97
1757541679084 2.683490974589631e+157 98
1757541679150 2.0950893431332254e+159 99
1757541679210 4.120078882808478e+160 100
1757541679275 5.730321479272508e+162 101
1757541679353 5.970030057379797e+163 102
1757541679419 2.3041772896846566e+165 103
1757541679490 3.212902809090173e+166 104
1757541679586 2.6495214364257537e+168 105
1757541679658 2.2385094029674042e+169 106
1757541679734 5.735649132433294e+170 107
1757541679798 1.890469775245774e+172 108
1757541679866 5.544484128953712e+175 109
1757541679935 1.2174267431903218e+176 110
1757541679999 4.6080181980427615e+176 111
1757541680070 4.588661467575994e+178 112
1757541680136 2.3088374751665164e+180 113
1757541680206 4.650802233185783e+183 114
1757541680272 1.236700661498879e+183 115
1757541680332 9.077535344616052e+184 116
1757541680398 3.937449243373552e+186 117
1757541680472 4.540688622453226e+187 118
1757541680539 1.8431578370843573e+191 119
1757541680606 1.4301992526728636e+191 120
1757541680672 1.3012540110891243e+193 121
1757541680738 4.659128375501788e+193 122
1757541680803 4.2528021962081083e+195 123
1757541680874 1.0504044538306605e+197 124
1757541680940 4.4956454931339156e+198 125
1757541681005 1.6437165979675773e+200 126
1757541681078 2.1404336714510764e+201 127
1757541681147 1.2961076718055597e+203 128
1757541681218 4.386140095258778e+204 129
1757541681282 1.5844151572689976e+206 130
1757541681348 2.9320208413459395e+207 131
1757541681418 3.7370059145543675e+209 132
1757541681488 1.985277085031042e+211 133
1757541681556 1.889773204291065e+212 134
1757541681624 3.5693340226567483e+214 135
1757541681689 3.1620885781177283e+215 136
1757541681749 1.9464798841158193e+217 137
1757541681815 6.9189343073609255e+218 138
1757541681885 2.461983274309502e+220 139
1757541681953 3.1746428482931948e+221 140
1757541682018 4.5190413583264545e+222 141
1757541682083 4.236035753794392e+226 142
1757541682159 8.577999800379407e+225 143
1757541682231 7.148192209042654e+227 144
1757541682299 1.5740415723304997e+229 145
1757541682369 2.0747251635228697e+230 146
1757541682448 9.8362404832905e+233 147
1757541682512 1.7610721564389173e+233 148
1757541682588 4.458607188521849e+234 149
1757541682659 5.183047500572873e+236 150
1757541682736 1.2022512398989394e+238 151
1757541682802 2.111027080552004e+239 152
1757541682867 7.485390172567089e+240 153
1757541682938 2.8009666433983174e+242 154
1757541683010 2.4662757570031227e+244 155
1757541683080 8.441626837912533e+245 156
1757541683147 5.9254424853138035e+246 157
1757541683216 7.203652376869213e+248 158
1757541683283 1.642769854989241e+250 159
1757541683350 7.98843480580616e+250 160
1757541683418 7.09340654196328e+253 161
1757541683483 1.6358980217896653e+255 162
1757541683559 1.0599767285662327e+256 163
1757541683624 6.155279567749565e+257 164
1757541683696 7.0932739752551484e+258 165
1757541683765 1.2039973677544502e+261 166
1757541683835 1.1704470692911315e+262 167
1757541683903 2.81430409094113e+263 168
1757541683975 4.406106557100719e+264 169
1757541684043 2.7325961402836924e+267 170
1757541684111 2.823617079165874e+268 171
1757541684184 1.393885548192665e+272 172
1757541684250 7.246374909828957e+271 173
1757541684320 4.986142761940324e+272 174
1757541684389 1.1761448212054594e+274 175
1757541684457 7.232252649166291e+276 176
1757541684525 9.042336844756326e+276 177
1757541684593 2.6865542673821067e+278 178
1757541684665 5.823754650624079e+280 179
1757541684732 1.5909621541313944e+283 180
1757541684803 1.740464450291362e+284 181
1757541684870 2.2005037950553657e+284 182
1757541684939 1.01604310703739e+286 183
1757541685012 3.1955917291147317e+289 184
1757541685082 2.164338946156588e+289 185
1757541685187 7.3023986335963e+290 186
1757541685253 3.973147993159641e+292 187
1757541685313 8.683996105624691e+294 188
1757541685383 1.7360274505035434e+295 189
1757541685460 1.7955739476311755e+296 190
1757541685528 6.3197267941183755e+298 191
1757541685596 1.7880959416464456e+300 192
1757541685669 1.2829983836177212e+301 193
1757541685738 7.46550200920996e+302 194
1757541685808 2.456130171892467e+304 195
