1757556811212 1019582494691.2299 0
1757556811275 1016856106944.5825 1
1757556811345 1014152215218.3994 2
1757556811406 1011469212868.0778 3
1757556811466 1008805691239.1682 4
1757556811524 1006160414287.753 5
1757556811583 1003532296842.6748 6
1757556811643 1000920385607.8157 7
1757556811705 998323842559.0398 8
1757556811776 995741930433.9366 9
1757556811841 993174000050.5598 10
1757556811903 990619479224.6104 11
1757556811980 988077863083.5731 12
1757556812043 985548705601.7134 13
1757556812104 983031612202.0415 14
1757556812165 980526233290.7483 15
1757556812227 978032258606.5704 16
1757556812287 975549412282.3604 17
1757556812379 973077448529.0845 18
1757556812472 970616147863.7904 19
1757556812606 968165313812.9744 20
1757556812672 965724770031.4205 21
1757556812734 963294357784.1456 22
1757556812796 960873933745.6716 23
1757556812859 958463368076.6313 24
1757556812919 956062542742.7467 25
1757556812979 953671350045.6267 26
1757556813038 951289691338.6852 27
1757556813100 948917475904.8463 28
1757556813164 946554619975.6394 29
1757556813230 944201045873.8634 30
1757556813293 941856681264.246 31
1757556813355 939521458498.4802 32
1757556813417 937195314042.7482 33
1757556813542 934878187977.3281 34
1757556813612 932570023559.204 35
1757556813679 930270766839.7317 36
1757556813739 927980366330.4274 37
1757556813804 925698772710.8047 38
1757556813865 923425938572.97 39
1757556813929 921161818198.334 40
1757556813997 918906367362.3966 41
1757556814057 916659543164.0662 42
1757556814126 914421303876.4177 43
1757556814191 912191608816.1923 44
1757556814255 909970418229.6714 45
1757556814318 907757693192.866 46
1757556814378 905553395524.213 47
1757556814447 903357487708.4624 48
1757556814514 901169932829.1116 49
1757556814575 898990694510.6692 50
1757556814638 896819736867.2526 51
1757556814703 894657024457.7991 52
1757556814770 892502522246.8547 53
1757556814835 890356195570.2317 54
1757556814898 888218010104.9266 55
1757556814962 886087931842.7601 56
1757556815025 883965927067.2704 57
1757556815087 881851962333.4487 58
1757556815151 879746004449.961 59
1757556815216 877648020463.5415 60
1757556815281 875557977645.286 61
1757556815344 873475843478.6025 62
1757556815407 871401585648.6152 63
1757556815472 869335172032.8351 64
1757556815534 867276570692.9395 65
1757556815605 865225749867.5209 66
1757556815707 863182677965.6824 67
1757556815774 861147323561.3754 68
1757556815840 859119655388.3832 69
1757556815905 857099642335.8715 70
1757556815974 855087253444.4348 71
1757556816038 853082457902.5747 72
1757556816104 851085225043.5573 73
1757556816177 849095524342.6025 74
1757556816248 847113325414.3625 75
1757556816315 845138598010.6537 76
1757556816383 843171312018.41 77
1757556816445 841211437457.8324 78
1757556816507 839258944480.7058 79
1757556816570 837313803368.8657 80
1757556816634 835375984532.7963 81
1757556816707 833445458510.3408 82
1757556816776 831522195965.5126 83
1757556816867 829606167687.3945 84
1757556816957 827697344589.1154 85
1757556817034 825795697706.8916 86
1757556817101 823901198199.1301 87
1757556817169 822013817345.5844 88
1757556817257 820133526546.5518 89
1757556817329 818260297322.1163 90
1757556817394 816394101311.4233 91
1757556817460 814534910271.9861 92
1757556817554 812682696079.0211 93
1757556817619 810837430724.8059 94
1757556817682 808999086318.06 95
1757556817743 807167635083.3439 96
1757556817806 805343049360.4741 97
1757556817873 803525301603.9562 98
1757556817935 801714364382.4272 99
1757556817996 799910210378.1134 100
1757556818058 798112812386.2971 101
1757556818122 796322143314.7916 102
1757556818184 794538176183.4287 103
1757556818248 792760884123.5499 104
1757556818312 790990240377.5074 105
1757556818379 789226218298.169 106
1757556818445 787468791348.4316 107
1757556818509 785717933100.7382 108
1757556818572 783973617236.5994 109
1757556818636 782235817546.1206 110
1757556818697 780504507927.5342 111
1757556818761 778779662386.7325 112
1757556818824 777061255036.807 113
1757556818904 775349260097.5903 114
1757556819006 773643651895.2014 115
1757556819068 771944404861.5928 116
1757556819134 770251493534.1023 117
1757556819197 768564892555.0067 118
1757556819259 766884576671.0769 119
1757556819320 765210520733.1385 120
1757556819382 763542699695.6318 121
1757556819444 761881088616.1757 122
1757556819509 760225662655.1332 123
1757556819572 758576397075.18 124
1757556819636 756933267240.8748 125
1757556819709 755296248618.2305 126
1757556819790 753665316774.2897 127
1757556819856 752040447376.7008 128
1757556819923 750421616193.2954 129
1757556819989 748808799091.6703 130
1757556820056 747201972038.7681 131
1757556820121 745601111100.462 132
1757556820186 744006192441.1416 133
1757556820249 742417192323.301 134
1757556820344 740834087107.1276 135
1757556820409 739256853250.0941 136
1757556820475 737685467306.552 137
1757556820538 736119905927.3259 138
1757556820611 734560145859.3102 139
1757556820673 733006163945.0682 140
1757556820739 731457937122.4315 141
1757556820803 729915442424.1029 142
1757556820867 728378656977.2585 143
1757556820932 726847558003.1548 144
1757556820996 725322122816.7343 145
1757556821060 723802328826.2341 146
1757556821126 722288153532.7981 147
1757556821188 720779574530.0863 148
1757556821251 719276569503.8903 149
1757556821314 717779116231.748 150
1757556821378 716287192582.5603 151
1757556821442 714800776516.2101 152
1757556821506 713319846083.1818 153
1757556821572 711844379424.1831 154
1757556821635 710374354769.7692 155
1757556821730 708909750439.9666 156
1757556821791 707450544843.8999 157
1757556821854 705996716479.4205 158
1757556821918 704548243932.7357 159
1757556821983 703105105878.0396 160
1757556822044 701667281077.1462 161
1757556822112 700234748379.1245 162
1757556822213 698807486719.9326 163
1757556822310 697385475122.0566 164
1757556822394 695968692694.1487 165
1757556822478 694557118630.6682 166
1757556822548 693150732211.5227 167
1757556822638 691749512801.7124 168
1757556822705 690353439850.9741 169
1757556822776 688962492893.4288 170
1757556822847 687576651547.2285 171
1757556822911 686195895514.2059 172
1757556822976 684820204579.5261 173
1757556823053 683449558611.3383 174
1757556823133 682083937560.4287 175
1757556823219 680723321459.8782 176
1757556823303 679367690424.7163 177
1757556823381 678017024651.5817 178
1757556823457 676671304418.3801 179
1757556823530 675330510083.9467 180
1757556823606 673994622087.7069 181
1757556823686 672663620949.3423 182
1757556823761 671337487268.4543 183
1757556823833 670016201724.2318 184
1757556823912 668699745075.1189 185
1757556823984 667388098158.4841 186
1757556824067 666081241890.2919 187
1757556824131 664779157264.7749 188
1757556824196 663481825354.107 189
1757556824263 662189227308.0787 190
1757556824327 660901344353.7737 191
1757556824409 659618157795.2467 192
1757556824472 658339649013.2015 193
1757556824535 657065799464.6732 194
1757556824601 655796590682.709 195
1757556824668 654532004276.0504 196
1757556824733 653272021928.8198 197
1757556824796 652016625400.3633 198
1757556824858 650765796524.4656 199
1757556824923 649519517209.5077 200
1757556824996 648277769438.0029 201
1757556825064 647040535266.2848 202
1757556825134 645807796824.2025 203
1757556825201 644579536314.8123 204
1757556825267 643355736014.0742 205
1757556825333 642136378270.5469 206
1757556825398 640921445505.0856 207
1757556825464 639710920210.5411 208
1757556825552 638504784951.4597 209
1757556825624 637303022363.7844 210
1757556825690 636105615154.5573 211
1757556825778 634912546101.6238 212
1757556825845 633723798053.3372 213
1757556825912 632539353928.2655 214
1757556825977 631359196714.8983 215
1757556826043 630183309471.3567 216
1757556826122 629011675325.1008 217
1757556826195 627844277472.6444 218
1757556826269 626681099179.2645 219
1757556826349 625522123778.7163 220
1757556826422 624367334672.9476 221
1757556826499 623216715331.8152 222
1757556826571 622070249292.8011 223
1757556826640 620927920160.7324 224
1757556826714 619789711607.4998 225
1757556826781 618655607371.7787 226
1757556826853 617525591258.7512 227
1757556826926 616399647139.8289 228
1757556827001 615277758952.3777 229
1757556827091 614159910699.4426 230
1757556827176 613046086449.4747 231
1757556827250 611936270336.059 232
1757556827320 610830446557.6428 233
1757556827391 609728599377.2661 234
1757556827474 608630713122.2931 235
1757556827545 607536772184.1433 236
1757556827613 606446761018.026 237
1757556827680 605360664142.6746 238
1757556827747 604278466140.0817 239
1757556827813 603200151655.2368 240
1757556827880 602125705395.8628 241
1757556827947 601055112132.1566 242
1757556828017 599988356696.5277 243
1757556828084 598925423983.3403 244
1757556828151 597866298948.655 245
1757556828216 596810966609.9725 246
1757556828283 595759412045.9773 247
1757556828350 594711620396.284 248
1757556828415 593667576861.1838 249
1757556828479 592627266701.391 250
1757556828543 591590675237.7932 251
1757556828611 590557787851.1997 252
1757556828675 589528589982.0933 253
1757556828740 588503067130.3813 254
1757556828805 587481204855.1489 255
1757556828869 586462988774.4127 256
1757556828968 585448404564.876 257
1757556829039 584437437961.6844 258
1757556829107 583430074758.1831 259
1757556829175 582426300805.6747 260
1757556829247 581426102013.1785 261
1757556829316 580429464347.19 262
1757556829387 579436373831.4423 263
1757556829455 578446816546.6682 264
1757556829521 577460778630.3632 265
1757556829589 576478246276.5491 266
1757556829655 575499205735.5399 267
1757556829720 574523643313.7069 268
1757556829786 573551545373.2466 269
1757556829880 572582898331.9474 270
1757556829943 571617688662.9601 271
1757556830008 570655902894.5665 272
1757556830074 569697527609.9513 273
1757556830140 568742549446.9729 274
1757556830208 567790955097.9375 275
1757556830276 566842731309.3715 276
1757556830346 565897864881.7971 277
1757556830411 564956342669.5077 278
1757556830477 564018151580.3446 279
1757556830542 563083278575.4741 280
1757556830608 562151710669.1669 281
1757556830674 561223434928.5759 282
1757556830739 560298438473.5187 283
1757556830805 559376708476.2567 284
1757556830870 558458232161.2787 285
1757556830936 557542996805.0833 286
1757556831000 556630989735.9631 287
1757556831068 555722198333.7899 288
1757556831135 554816610029.7998 289
1757556831224 553914212306.3804 290
1757556831291 553014992696.858 291
1757556831358 552118938785.2869 292
1757556831421 551226038206.2378 293
1757556831488 550336278644.5885 294
1757556831560 549449647835.3151 295
1757556831631 548566133563.2839 296
1757556831701 547685723663.04425 297
1757556831768 546808406018.62225 298
1757556831832 545934168563.3158 299
1757556831899 545062999279.48926 300
1757556831964 544194886198.3707 301
1757556832030 543329817399.84845 302
1757556832094 542467781012.26935 303
1757556832162 541608765212.2377 304
1757556832233 540752758224.41473 305
1757556832324 539899748321.31995 306
1757556832422 539049723823.13116 307
1757556832497 538202673098.5995 308
1757556832590 537358584561.5319 309
1757556832670 536517446673.9006 310
1757556832749 535679247944.55084 311
1757556832825 534843976929.00684 312
1757556832900 534011622229.277 313
1757556832977 533182172493.66254 314
1757556833051 532355616416.56445 315
1757556833127 531531942738.29266 316
1757556833201 530711140244.8756 317
1757556833281 529893197767.87067 318
1757556833356 529078104184.17474 319
1757556833433 528265848415.8374 320
1757556833509 527456419429.8728 321
1757556833584 526649806238.0729 322
1757556833664 525845997896.8229 323
1757556833738 525044983506.9154 324
1757556833823 524246752213.3666 325
1757556833898 523451293205.23303 326
1757556833990 522658595715.42914 327
1757556834065 521868649020.54486 328
1757556834140 521081442440.665 329
1757556834216 520296965339.1892 330
1757556834291 519515207122.6517 331
1757556834371 518736157240.5431 332
1757556834446 517959805185.13214 333
1757556834521 517186140491.2886 334
1757556834600 516415152736.30634 335
1757556834677 515646831539.72784 336
1757556834751 514881166563.1691 337
1757556834827 514118147510.1451 338
1757556834900 513357764125.89655 339
1757556834977 512600006197.2166 340
1757556835052 511844863552.2791 341
1757556835126 511092326060.46674 342
1757556835223 510342383632.2006 343
1757556835308 509595026218.77026 344
1757556835392 508850243812.1643 345
1757556835472 508108026444.90173 346
1757556835544 507368364189.8643 347
1757556835618 506631247160.1292 348
1757556835693 505896665508.8024 349
1757556835767 505164609428.85364 350
1757556835842 504435069152.9502 351
1757556835918 503708034953.2935 352
1757556836035 502983497141.4551 353
1757556836124 502261446068.21344 354
1757556836200 501541872123.3919 355
1757556836276 500824765735.6969 356
1757556836356 500110117372.557 357
1757556836433 499397917539.96265 358
1757556836511 498688156782.3066 359
1757556836586 497980825682.22504 360
1757556836677 497275914860.4387 361
1757556836751 496573414975.5963 362
1757556836840 495873316724.1168 363
1757556836917 495175610840.03296 364
1757556836989 494480288094.83636 365
1757556837070 493787339297.32214 366
1757556837149 493096755293.43427 367
1757556837234 492408526966.1123 368
1757556837316 491722645235.1384 369
1757556837399 491039101056.98444 370
1757556837472 490357885424.66046 371
1757556837542 489678989367.56354 372
1757556837624 489002403951.32764 373
1757556837711 488328120277.67285 374
1757556837782 487656129484.2572 375
1757556837851 486986422744.5271 376
1757556837919 486318991267.56995 377
1757556837994 485653826297.9664 378
1757556838086 484990919115.64374 379
1757556838159 484330261035.7301 380
1757556838237 483671843408.408 381
1757556838304 483015657618.77026 382
1757556838376 482361695086.6754 383
1757556838445 481709947266.6037 384
1757556838512 481060405647.5145 385
1757556838580 480413061752.7034 386
1757556838649 479767907139.66016 387
1757556838717 479124933399.92804 388
1757556838789 478484132158.96234 389
1757556838888 477845495075.99054 390
1757556838954 477209013843.87286 391
1757556839025 476574680188.9631 392
1757556839091 475942485870.9703 393
1757556839157 475312422682.821 394
1757556839230 474684482450.52203 395
1757556839297 474058657033.0234 396
1757556839394 473434938322.0829 397
1757556839463 472813318242.13 398
1757556839530 472193788750.13135 399
1757556839624 471576341835.45593 400
1757556839698 470960969519.74164 401
1757556839767 470347663856.76184 402
1757556839835 469736416932.2924 403
1757556839902 469127220863.9802 404
1757556839970 468520067801.21075 405
1757556840050 467914949924.9777 406
1757556840119 467311859447.752 407
1757556840185 466710788613.35223 408
1757556840253 466111729696.81494 409
1757556840321 465514675004.2659 410
1757556840400 464919616872.79175 411
1757556840483 464326547670.3122 412
1757556840557 463735459795.45264 413
1757556840634 463146345677.4178 414
1757556840703 462559197775.8648 415
1757556840782 461974008580.7784 416
1757556840857 461390770612.3452 417
1757556840932 460809476420.8295 418
1757556841014 460230118586.4485 419
1757556841091 459652689719.2493 420
1757556841179 459077182458.98584 421
1757556841259 458503589474.996 422
1757556841338 457931903466.07983 423
1757556841421 457362117160.3778 424
1757556841497 456794223315.2501 425
1757556841573 456228214717.15576 426
1757556841657 455664084181.53296 427
1757556841734 455101824552.6794 428
1757556841815 454541428703.633 429
1757556841892 453982889536.05383 430
1757556841972 453426199980.1062 431
1757556842047 452871352994.3402 432
1757556842163 452318341565.57623 433
1757556842247 451767158708.78656 434
1757556842327 451217797466.981 435
1757556842411 450670250911.0902 436
1757556842497 450124512139.85126 437
1757556842571 449580574279.6927 438
1757556842647 449038430484.6202 439
1757556842716 448498073936.1036 440
1757556842786 447959497842.96313 441
1757556842853 447422695441.2572 442
1757556842923 446887659994.16925 443
1757556842992 446354384791.89734 444
1757556843060 445822863151.5416 445
1757556843128 445293088416.9944 446
1757556843225 444765053958.82904 447
1757556843322 444238753174.1906 448
1757556843398 443714179486.68634 449
1757556843485 443191326346.2762 450
1757556843567 442670187229.165 451
1757556843651 442150755637.694 452
1757556843728 441633025100.23285 453
1757556843810 441116989171.07355 454
1757556843912 440602641430.32263 455
1757556843990 440089975483.7951 456
1757556844071 439578984962.9091 457
1757556844150 439069663524.57996 458
1757556844228 438562004851.1155 459
1757556844307 438056002650.11145 460
1757556844391 437551650654.3474 461
1757556844472 437048942621.6831 462
1757556844553 436547872334.9553 463
1757556844624 436048433601.87494 464
1757556844694 435550620254.9245 465
1757556844772 435054426151.2569 466
1757556844849 434559845172.593 467
1757556844919 434066871225.12134 468
1757556844993 433575498239.39667 469
1757556845069 433085720170.2406 470
1757556845145 432597530996.641 471
1757556845224 432110924721.6533 472
1757556845309 431625895372.30084 473
1757556845403 431142436999.4766 474
1757556845476 430660543677.8455 475
1757556845545 430180209505.7456 476
1757556845617 429701428605.09186 477
1757556845686 429224195121.27814 478
1757556845753 428748503223.0817 479
1757556845823 428274347102.5665 480
1757556845891 427801720974.9874 481
1757556845967 427330619078.6952 482
1757556846045 426861035675.04126 483
1757556846159 426392965048.2833 484
1757556846269 425926401505.49133 485
1757556846355 425461339376.45374 486
1757556846434 424997773013.5836 487
1757556846507 424535696791.8265 488
1757556846578 424075105108.567 489
1757556846646 423615992383.53766 490
1757556846718 423158353058.7257 491
1757556846789 422702181598.28326 492
1757556846859 422247472488.4346 493
1757556846974 421794220237.38715 494
1757556847057 421342419375.23987 495
1757556847133 420892064453.89404 496
1757556847207 420443150046.96375 497
1757556847305 419995670749.68634 498
1757556847380 419549621178.83374 499
