1757544826016 1053299786223.5441 0
1757544826075 1051191681645.0131 1
1757544826135 1048039501688.8086 2
1757544826197 1044378180228.4388 3
1757544826254 1040475865428.4645 4
1757544826308 1036466732929.0068 5
1757544826367 1032417818660.8604 6
1757544826422 1028362546768.0614 7
1757544826481 1024317523712.7195 8
1757544826535 1020290943940.3738 9
1757544826592 1016286795388.2799 10
1757544826648 1012306963162.8563 11
1757544826704 1008352281731.7694 12
1757544826760 1004423061165.3438 13
1757544826815 1000519350317.9651 14
1757544826869 996641068441.9817 15
1757544826924 992788071000.3491 16
1757544826990 988960182570.2303 17
1757544827045 985157213287.988 18
1757544827103 981378967062.9048 19
1757544827188 977625245674.3457 20
1757544827256 973895850810.2358 21
1757544827319 970190585076.0577 22
1757544827376 966509252489.0935 23
1757544827437 962851658715.3428 24
1757544827497 959217611177.8601 25
1757544827554 955606919100.9048 26
1757544827617 952019393522.0977 27
1757544827675 948454847288.6938 28
1757544827733 944913095046.0217 29
1757544827791 941393953222.1127 30
1757544827845 937897240010.5375 31
1757544827905 934422775352.4503 32
1757544827962 930970380918.346 33
1757544828025 927539880089.7749 34
1757544828087 924131097941.1458 35
1757544828148 920743861221.6696 36
1757544828203 917377998337.4805 37
1757544828262 914033339333.9415 38
1757544828321 910709715878.1453 39
1757544828382 907406961241.6066 40
1757544828439 904124910283.1514 41
1757544828498 900863399431.9976 42
1757544828556 897622266671.0261 43
1757544828617 894401351520.2424 44
1757544828675 891200495020.4233 45
1757544828729 888019539716.9503 46
1757544828789 884858329643.8241 47
1757544828847 881716710307.8604 48
1757544828905 878594528673.0641 49
1757544828963 875491633145.18 50
1757544829016 872407873556.4176 51
1757544829081 869343101150.3481 52
1757544829137 866297168566.9718 53
1757544829190 863269929827.9547 54
1757544829247 860261240322.0298 55
1757544829304 857270956790.564 56
1757544829360 854298937313.2872 57
1757544829421 851345041294.1826 58
1757544829483 848409129447.534 59
1757544829540 845491063784.1328 60
1757544829599 842590707597.6372 61
1757544829655 839707925451.087 62
1757544829711 836842583163.5675 63
1757544829766 833994547797.027 64
1757544829826 831163687643.2368 65
1757544829881 828349872210.9034 66
1757544829943 825552972212.921 67
1757544830012 822772859553.7681 68
1757544830070 820009407317.0465 69
1757544830127 817262489753.1588 70
1757544830185 814531982267.1244 71
1757544830242 811817761406.5304 72
1757544830297 809119704849.6206 73
1757544830355 806437691393.5139 74
1757544830413 803771600942.5568 75
1757544830470 801121314496.8063 76
1757544830529 798486714140.6396 77
1757544830594 795867683031.4928 78
1757544830651 793264105388.7242 79
1757544830721 790675866482.6019 80
1757544830786 788102852623.4161 81
1757544830854 785544951150.7096 82
1757544830919 783002050422.6295 83
1757544830984 780474039805.401 84
1757544831049 777960809662.9116 85
1757544831121 775462251346.4181 86
1757544831199 772978257184.3625 87
1757544831258 770508720472.3057 88
1757544831325 768053535462.9694 89
1757544831385 765612597356.3912 90
1757544831462 763185802290.1882 91
1757544831527 760773047329.9274 92
1757544831594 758374230459.6052 93
1757544831675 755989250572.2312 94
1757544831747 753618007460.516 95
1757544831813 751260401807.6633 96
1757544831882 748916335178.2632 97
1757544831956 746585710009.2859 98
1757544893961 744268429601.1769 99
1757544894051 741964398109.0481 100
1757544894136 739673520533.9685 101
1757544894228 737395702714.3501 102
1757544894314 735130851317.4286 103
1757544894407 732878873830.8391 104
1757544894503 730639678554.284 105
1757544894607 728413174591.293 106
1757544894739 726199271841.074 107
1757544894856 723997880990.454 108
1757544894972 721808913505.908 109
1757544895078 719632281625.6761 110
1757544895189 717467898351.9685 111
1757544895296 715315677443.2532 112
1757544895420 713175533406.6317 113
1757544895528 711047381490.2965 114
1757544895641 708931137676.0715 115
1757544895749 706826718672.0363 116
1757544895861 704734041905.2277 117
1757544895982 702653025514.4249 118
1757544896095 700583588343.0118 119
1757544896202 698525649931.9172 120
1757544896368 696479130512.6337 121
1757544896459 694443951000.3114 122
1757544896555 692420032986.929 123
1757544896636 690407298734.5371 124
1757544896722 688405671168.5774 125
1757544896813 686415073871.2744 126
1757544896895 684435431075.0975 127
1757544897069 682466667656.2971 128
1757544897134 680508709128.509 129
1757544897198 678561481636.4298 130
1757544897263 676624911949.5599 131
1757544897320 674698927456.0157 132
1757544897385 672783456156.4092 133
1757544897451 670878426657.7924 134
1757544897510 668983768167.6698 135
1757544897565 667099410488.0741 136
1757544897627 665225284009.7073 137
1757544897687 663361319706.1447 138
1757544897745 661507449128.1019 139
1757544897806 659663604397.7644 140
1757544897860 657829718203.177 141
1757544897966 656005723792.6965 142
1757544898035 654191554969.5013 143
1757544898098 652387146086.1643 144
1757544898159 650592432039.279 145
1757544898216 648807348264.1497 146
1757544898278 647031830729.5333 147
1757544898335 645265815932.4426 148
1757544898393 643509240893.0021 149
1757544898455 641762043149.3616 150
1757544898515 640024160752.6622 151
1757544898573 638295532262.059 152
1757544898633 636576096739.7953 153
1757544898691 634865793746.3309 154
1757544898753 633164563335.5216 155
1757544898815 631472346049.8523 156
1757544898873 629789082915.7184 157
1757544898930 628114715438.7609 158
1757544898992 626449185599.2488 159
1757544899050 624792435847.5128 160
1757544899105 623144409099.4271 161
1757544899163 621505048731.9386 162
1757544899225 619874298578.6458 163
1757544899316 618252102925.4231 164
1757544899396 616638406506.0933 165
1757544899476 615033154498.1449 166
1757544899548 613436292518.4955 167
1757544899609 611847766619.3013 168
1757544899671 610267523283.809 169
1757544899732 608695509422.2544 170
1757544899791 607131672367.8026 171
1757544899870 605575959872.5322 172
1757544899930 604028320103.4617 173
1757544899989 602488701638.619 174
1757544900058 600957053463.1512 175
1757544900126 599433324965.4762 176
1757544900182 597917465933.476 177
1757544900244 596409426550.728 178
1757544900307 594909157392.7787 179
1757544900367 593416609423.4547 180
1757544900433 591931733991.214 181
1757544900491 590454482825.5354 182
1757544900551 588984808033.3451 183
1757544900612 587522662095.4823 184
1757544900672 586067997863.2012 185
1757544900730 584620768554.7098 186
1757544900791 583180927751.746 187
1757544900848 581748429396.1876 188
1757544900904 580323227786.7004 189
1757544900964 578905277575.4194 190
1757544901021 577494533764.6665 191
1757544901078 576090951703.7006 192
1757544901139 574694487085.5039 193
1757544901201 573305095943.6001 194
1757544901259 571922734648.9066 195
1757544901327 570547359906.6194 196
1757544901382 569178928753.1306 197
1757544901442 567817398552.9785 198
1757544901505 566462726995.8278 199
1757544901565 565114872093.4833 200
1757544901625 563773792176.934 201
1757544901686 562439445893.4265 202
1757544901747 561111792203.5713 203
1757544901807 559790790378.4772 204
1757544901866 558476399996.9161 205
1757544901923 557168580942.5171 206
1757544901980 555867293400.9899 207
1757544902046 554572497857.3763 208
1757544902119 553284155093.3313 209
1757544902199 552002226184.4309 210
1757544902265 550726672497.5083 211
1757544902331 549457455688.0179 212
1757544902392 548194537697.426 213
1757544902450 546937880750.62866 214
1757544902511 545687447353.39594 215
1757544902568 544443200289.8422 216
1757544902630 543205102619.9233 217
1757544902691 541973117676.95795 218
1757544902753 540747209065.17664 219
1757544902814 539527340657.293 220
1757544902871 538313476592.1028 221
1757544902930 537105581272.10516 222
1757544902987 535903619361.1497 223
1757544903047 534707555782.1069 224
1757544903112 533517355714.5623 225
1757544903170 532332984592.53516 226
1757544903231 531154408102.21826 227
1757544903305 529981592179.74316 228
1757544903366 528814503008.9666 229
1757544903427 527653107019.27985 230
1757544903492 526497370883.4401 231
1757544903555 525347261515.4245 232
1757544903614 524202746068.30566 233
1757544903675 523063791932.1473 234
1757544903733 521930366731.9239 235
1757544903793 520802438325.45886 236
1757544903856 519679974801.3851 237
1757544903917 518562944477.1252 238
1757544903973 517451315896.8928 239
1757544904040 516345057829.71313 240
1757544904098 515244139267.4648 241
1757544904162 514148529422.9395 242
1757544904223 513058197727.9233 243
1757544904296 511973113831.2951 244
1757544904360 510893247597.1461 245
1757544904420 509818569102.916 246
1757544904479 508749048637.5505 247
1757544904537 507684656699.6743 248
1757544904602 506625363995.7851 249
1757544904679 505571141438.463 250
1757544904758 504521960144.6005 251
1757544904822 503477791433.6477 252
1757544904885 502438606825.8763 253
1757544904944 501404378040.6607 254
1757544905008 500375076994.7762 255
1757544905067 499350675800.7133 256
1757544905125 498331146765.01013 257
1757544905184 497316462386.6 258
1757544905244 496306595355.17645 259
1757544905308 495301518549.57355 260
1757544905376 494301205036.1629 261
1757544905438 493305628067.2659 262
1757544905497 492314761079.58234 263
1757544905562 491328577692.6335 264
1757544905626 490347051707.2215 265
1757544905689 489370157103.90356 266
1757544905750 488397868041.48083 267
1757544905811 487430158855.5024 268
1757544905870 486467004056.78406 269
1757544905930 485508378329.9412 270
1757544905991 484554256531.9365 271
1757544906052 483604613690.6414 272
1757544906117 482659425003.41205 273
1757544906181 481718665835.6785 274
1757544906249 480782311719.54877 275
1757544906308 479850338352.42474 276
1757544906374 478922721595.6336 277
1757544906441 477999437473.07074 278
1757544906499 477080462169.8573 279
1757544906565 476165772031.0093 280
1757544906624 475255343560.1209 281
1757544906684 474349153418.0598 282
1757544906747 473447178421.6753 283
1757544906806 472549395542.519 284
1757544906867 471655781905.57715 285
1757544906923 470766314788.0167 286
1757544906990 469880971617.94196 287
1757544907052 468999729973.1636 288
1757544907111 468122567579.97974 289
1757544907173 467249462311.9692 290
1757544907235 466380392188.7945 291
1757544907298 465515335375.019 292
1757544907359 464654270178.9323 293
1757544907420 463797175051.39026 294
1757544907482 462944028584.6626 295
1757544907544 462094809511.2941 296
1757544907607 461249496702.97565 297
1757544907667 460408069169.4256 298
1757544907729 459570506057.28296 299
1757544907790 458736786649.0096 300
1757544907855 457906890361.8043 301
1757544907921 457080796746.5262 302
1757544907984 456258485486.6281 303
1757544908046 455439936397.1013 304
1757544908107 454625129423.4291 305
1757544908170 453814044640.55 306
1757544908233 453006662251.8321 307
1757544908295 452202962588.05566 308
1757544908361 451402926106.4063 309
1757544908420 450606533389.4765 310
1757544908496 449813765144.2778 311
1757544908556 449024602201.26086 312
1757544908620 448239025513.3463 313
1757544908686 447457016154.9629 314
1757544908750 446678555321.0958 315
1757544908811 445903624326.3437 316
1757544908870 445132204603.9838 317
1757544908933 444364277705.04675 318
1757544908994 443599825297.39923 319
1757544909059 442838829164.83514 320
1757544909123 442081271206.1763 321
1757544909186 441327133434.3791 322
1757544909257 440576397975.6528 323
1757544909325 439829047068.5823 324
1757544909391 439085063063.26215 325
1757544909453 438344428420.43634 326
1757544909516 437607125710.6471 327
1757544909576 436873137613.3915 328
1757544909641 436142446916.28503 329
1757544909704 435415036514.234 330
1757544909766 434690889408.61426 331
1757544909824 433969988706.4585 332
1757544909884 433252317619.6505 333
1757544909950 432537859464.12646 334
1757544910016 431826597659.08435 335
1757544910078 431118515726.1997 336
1757544910140 430413597288.8489 337
1757544910210 429711826071.3397 338
1757544910274 429013185898.14813 339
1757544910334 428317660693.1631 340
1757544910397 427625234478.937 341
1757544910457 426935891375.94366 342
1757544910518 426249615601.8433 343
1757544910582 425566391470.7527 344
1757544910645 424886203392.52374 345
1757544910708 424209035872.0271 346
1757544910769 423534873508.4429 347
1757544910833 422863700994.558 348
1757544910898 422195503116.06885 349
1757544910960 421530264750.8911 350
1757544911023 420867970868.4755 351
1757544911085 420208606529.12933 352
1757544911140 419552156883.3444 353
1757544911203 418898607171.131 354
1757544911260 418247942721.35706 355
1757544911320 417600148951.0945 356
1757544911385 416955211364.97 357
1757544911447 416313115554.5223 358
1757544911514 415673847197.56525 359
1757544911581 415037392057.556 360
1757544911644 414403735982.9692 361
1757544911703 413772864906.676 362
1757544911763 413144764845.3301 363
1757544911829 412519421898.75684 364
1757544911889 411896822249.35004 365
1757544911947 411276952161.47266 366
1757544912016 410659797980.86255 367
1757544912089 410045346134.045 368
1757544912161 409433583127.74817 369
1757544912247 408824495548.326 370
1757544912310 408218070061.1838 371
1757544912372 407614293410.2108 372
1757544912439 407013152417.2163 373
1757544912499 406414633981.3716 374
1757544912562 405818725078.6559 375
1757544912632 405225412761.30817 376
1757544912691 404634684157.28235 377
1757544912753 404046526469.70844 378
1757544912815 403460926976.35724 379
1757544912881 402877873029.1109 380
1757544912944 402297352053.4369 381
1757544913010 401719351547.8668 382
1757544913072 401143859083.48004 383
1757544913137 400570862303.3916 384
1757544913197 400000348922.24414 385
1757544913260 399432306725.70435 386
1757544913323 398866723569.9642 387
1757544913384 398303587381.2453 388
1757544913449 397742886155.3094 389
1757544913510 397184607956.9703 390
1757544913575 396628740919.61255 391
1757544913640 396075273244.7124 392
1757544913702 395524193201.3642 393
1757544913766 394975489125.80927 394
1757544913830 394429149420.9702 395
1757544913897 393885162555.98834 396
1757544913959 393343517065.76483 397
1757544914024 392804201550.5063 398
1757544914085 392267204675.2743 399
1757544914153 391732515169.5374 400
1757544914221 391200121826.72864 401
1757544914284 390670013503.80566 402
1757544914351 390142179120.8142 403
1757544914413 389616607660.4566 404
1757544914476 389093288167.6624 405
1757544914539 388572209749.1635 406
1757544914600 388053361573.0724 407
1757544914674 387536732868.46387 408
1757544914752 387022312924.9607 409
1757544914815 386510091092.32184 410
1757544914880 386000056780.03485 411
1757544914943 385492199456.91125 412
1757544915005 384986508650.6853 413
1757544915066 384482973947.6165 414
1757544915137 383981584992.0943 415
1757544915206 383482331486.24695 416
1757544915275 382985203189.55334 417
1757544915345 382490189918.45807 418
1757544915407 381997281545.98944 419
1757544915471 381506468001.38025 420
1757544915533 381017739269.693 421
1757544915598 380531085391.4462 422
1757544915664 380046496462.24567 423
1757544915726 379563962632.4171 424
1757544915787 379083474106.6431 425
1757544915852 378605021143.6017 426
1757544915914 378128594055.6092 427
1757544915976 377654183208.26483 428
1757544916038 377181779020.09863 429
1757544916100 376711371962.22266 430
1757544916164 376242952557.9837 431
1757544916224 375776511382.62054 432
1757544916286 375312039062.922 433
1757544916349 374849526276.8898 434
1757544916411 374388963753.402 435
1757544916473 373930342271.88074 436
1757544916538 373473652661.9621 437
1757544916598 373018885803.16815 438
1757544916667 372566032624.5821 439
1757544916728 372115084104.526 440
1757544916792 371666031270.2407 441
1757544916857 371218865197.5687 442
1757544916925 370773577010.6391 443
1757544916989 370330157881.55524 444
1757544917054 369888599030.085 445
1757544917124 369448891723.35333 446
1757544917186 369011027275.5367 447
1757544917249 368574997047.5612 448
1757544917316 368140792446.8013 449
1757544917380 367708404926.78284 450
1757544917444 367277825986.88666 451
1757544917511 366849047172.05566 452
1757544917576 366422060072.5034 453
1757544917644 365996856323.42554 454
1757544917705 365573427604.71313 455
1757544917763 365151765640.66846 456
1757544917827 364731862199.72284 457
1757544917892 364313709094.156 458
1757544917958 363897298179.8194 459
1757544918026 363482621355.85944 460
1757544918093 363069670564.4448 461
1757544918156 362658437790.49426 462
1757544918227 362248915061.40765 463
1757544918301 361841094446.79846 464
1757544918364 361434968058.2286 465
1757544918430 361030528048.9447 466
1757544918501 360627766613.61774 467
1757544918562 360226675988.0829 468
1757544918627 359827248449.08246 469
1757544918692 359429476314.0109 470
1757544918758 359033351940.66113 471
1757544918822 358638867726.97235 472
1757544918893 358246016110.78186 473
1757544918964 357854789569.5759 474
1757544919026 357465180620.24475 475
1757544919091 357077181818.83813 476
1757544919157 356690785760.32355 477
1757544919226 356305985078.3454 478
1757544919294 355922772444.9865 479
1757544919361 355541140570.5317 480
1757544919425 355161082203.23224 481
1757544919493 354782590129.0729 482
1757544919554 354405657171.5406 483
1757544919625 354030276191.39386 484
1757544919691 353656440086.4355 485
1757544919763 353284141791.28564 486
1757544919827 352913374277.1574 487
1757544919891 352544130551.63336 488
1757544919962 352176403658.44446 489
1757544920023 351810186677.24994 490
1757544920089 351445472723.4193 491
1757544920150 351082254947.8158 492
1757544920228 350720526536.5812 493
1757544920293 350360280710.9222 494
1757544920359 350001510726.8992 495
1757544920432 349644209875.21515 496
1757544920510 349288371481.0077 497
1757544920581 348933988903.64087 498
1757544920652 348581055536.5002 499
