1757530259264 1019578794230.9694 0
1757530259286 830198148422.5054 1
1757530259306 694946653047.8724 2
1757530259326 595468196352.4214 3
1757530259347 520547943087.68475 4
1757530259370 463071698779.15265 5
1757530259392 418348411325.7185 6
1757530259417 383167757520.4367 7
1757530259439 355258248535.85754 8
1757530259463 332966627386.9633 9
1757530259486 315061797414.95154 10
1757530259511 300610484598.0983 11
1757530259537 288895411704.8137 12
1757530259562 279359506695.3151 13
1757530259583 271566633138.04538 14
1757530259610 265173193289.25534 15
1757530259631 259907137750.642 16
1757530259657 255552179200.05725 17
1757530259676 251935760069.5711 18
1757530259697 248919786731.9272 19
1757530259726 246393437290.91556 20
1757530259745 244267544182.17886 21
1757530259778 242470184973.87787 22
1757530259810 240943207429.81873 23
1757530259840 239639481495.18008 24
1757530259870 238520719697.70163 25
1757530259902 237555743841.39612 26
1757530259932 236719103320.5901 27
1757530259962 235989971296.1199 28
1757530259993 235351261032.0375 29
1757530260025 234788917093.96368 30
1757530260053 234291345738.445 31
1757530260082 233848956328.06253 32
1757530260114 233453791478.4311 33
1757530260145 233099228250.6547 34
1757530260176 232779736328.4265 35
1757530260207 232490681979.231 36
1757530260237 232228168860.8498 37
1757530260268 231988908526.73752 38
1757530260288 231770114907.12314 39
1757530260311 231569418175.0934 40
1757530260332 231384794309.51434 41
1757530260355 231214507387.3353 42
1757530260376 231057062214.20358 43
1757530260403 230911165364.027 44
1757530260427 230775693068.51712 45
1757530260450 230649664695.33398 46
1757530260477 230532220792.86 47
1757530260501 230422604872.5069 48
1757530260523 230320148255.03918 49
1757530260544 230224257433.0578 50
1757530260573 230134403503.40744 51
1757530260608 230050113305.54636 52
1757530260637 229970961968.61398 53
1757530260671 229896566624.06387 54
1757530260702 229826581084.71188 55
1757530260733 229760691326.834 56
1757530260754 229698611641.09335 57
1757530260780 229640081341.843 58
1757530260812 229584861943.76044 59
1757530260842 229532734730.63266 60
1757530260873 229483498654.1021 61
1757530260904 229436968510.8272 62
1757530260935 229392973355.25354 63
1757530260967 229351355112.3724 64
1757530261000 229311967360.75995 65
1757530261033 229274674261.06555 66
1757530261064 229239349609.145 67
1757530261096 229205875996.36627 68
1757530261128 229174144062.37564 69
1757530261159 229144051827.90604 70
1757530261191 229115504097.11237 71
1757530261222 229088411920.5127 72
1757530261253 229062692110.93613 73
1757530261284 229038266805.99384 74
1757530261304 229015063071.51703 75
1757530261324 228993012541.1932 76
1757530261349 228972051088.28885 77
1757530261378 228952118525.90698 78
1757530261399 228933158332.69843 79
1757530261420 228915117401.3488 80
1757530261441 228897945807.5032 81
1757530261462 228881596597.0825 82
1757530261482 228866025590.19574 83
1757530261503 228851191200.06613 84
1757530261523 228837054265.57327 85
1757530261545 228823577896.17313 86
1757530261565 228810727328.0961 87
1757530261587 228798469790.8418 88
1757530261609 228786774383.09467 89
1757530261631 228775611957.27484 90
1757530261654 228764955012.01868 91
1757530261676 228754777591.95392 92
1757530261701 228745055194.19476 93
1757530261723 228735764681.03833 94
1757530261748 228726884198.39075 95
1757530261770 228718393099.49463 96
1757530261795 228710271873.56885 97
1757530261828 228702502079.00247 98
1757530261861 228695066280.77902 99
1757530261893 228687947991.83203 100
1757530261925 228681131618.05786 101
1757530261958 228674602406.73492 102
1757530261990 228668346398.11652 103
1757530262024 228662350379.9853 104
1757530262056 228656601844.97046 105
1757530262088 228651088950.44714 106
1757530262121 228645800480.84818 107
1757530262153 228640725812.23257 108
1757530262187 228635854878.96564 109
1757530262219 228631178142.37604 110
1757530262251 228626686561.26514 111
1757530262283 228622371564.15192 112
1757530262316 228618225023.14523 113
1757530262348 228614239229.34262 114
1757530262384 228610406869.6614 115
1757530262417 228606721005.01443 116
1757530262450 228603175049.74814 117
1757530262482 228599762752.26663 118
1757530262514 228596478176.77032 119
1757530262547 228593315686.04123 120
1757530262578 228590269925.2132 121
1757530262611 228587335806.46777 122
1757530262643 228584508494.60104 123
1757530262677 228581783393.40924 124
1757530262711 228579156132.84564 125
1757530262743 228576622556.90283 126
