1757576845473 7135841353.010264 0
1757576846089 640747879.2526823 1
1757576846815 2754993643.2877684 2
1757576847519 2633687530.659344 3
1757576848206 19754090272.381397 4
1757576848879 23265643853.269268 5
1757576849539 113474258866.38245 6
1757576850105 685953870.8589686 7
1757576850740 8097836.9632677315 8
1757576851385 710136346146.0013 9
1757576851993 127813860638.5958 10
1757576852579 16508549902.445618 11
1757576853216 168456584262.263 12
1757576853812 64066915178.53963 13
1757576854441 16928757281.359129 14
1757576855073 153719518326.44098 15
1757576855789 419502829882.34064 16
1757576856466 48341082470.946236 17
1757576857191 163445462340.22726 18
1757576857865 31726167040.88146 19
1757576858539 630059171.0987358 20
1757576859281 28557656689.797916 21
1757576859978 66875660092.75653 22
1757576860666 49387119725.92439 23
1757576861324 6715013754.753184 24
1757576861957 30239442127.446217 25
1757576862461 174601265231.0911 26
1757576862951 126208315812.01796 27
1757576863429 161348486851.71753 28
1757576863907 2630474356.022255 29
1757576864379 3047337376.9620667 30
1757576864865 262722977.9895094 31
1757576865347 6008069.694474324 32
1757576865828 21457508.643684343 33
1757576866309 17743532227.94938 34
1757576866807 15840578920.7172 35
1757576867294 61048715931.15951 36
1757576867802 359977045626.0796 37
1757576868280 1098457526.1707413 38
1757576868774 48629839938.759575 39
1757576869277 633097080.498572 40
1757576869792 5168757010.364108 41
1757576870286 15068409928.134138 42
1757576870776 865108997.4678124 43
1757576871268 118717680041.23697 44
1757576871770 2781229048.9090176 45
1757576872277 534143865382.57404 46
1757576872791 70303912951.76852 47
1757576873267 6157573504.512051 48
1757576873780 428736778601.415 49
1757576874279 62063290641.80783 50
1757576874782 4252990640.55384 51
1757576875312 14293475012.431114 52
1757576875846 251097451054.19446 53
1757576876374 44934763990.05812 54
1757576876909 28332440168.624493 55
1757576877457 113379979470.14624 56
1757576877941 557892970234.0092 57
1757576878402 2339259752.43831 58
1757576878856 27321714723.235302 59
1757576879315 2551975971.29733 60
1757576879781 14382989692.93715 61
1757576880245 1504734286688.56 62
1757576880707 151030686627.8552 63
1757576881169 395883308251.25867 64
1757576881635 3383469362774.8286 65
1757576882117 30533787486.11325 66
1757576882602 16786384098.389309 67
1757576883090 235237613898.91504 68
1757576883568 794722194750.5419 69
1757576884041 46184738159.00758 70
1757576884508 11690946952.263689 71
1757576884997 2638187135.0054126 72
1757576885462 1220359331.4932387 73
1757576885930 1414640575.6735575 74
1757576886408 13317653440.95277 75
1757576886882 192439511793.94354 76
1757576887363 81513247079.92365 77
1757576887832 85631251281.14598 78
1757576888295 8368628024040.083 79
1757576888752 82887493767.40497 80
1757576889243 41991988636.52824 81
1757576889730 191811993854.62622 82
1757576890224 4732477491.04724 83
1757576890722 14660675059.238705 84
1757576891214 61016438595.138916 85
1757576891669 120169329414.14182 86
1757576892134 39088452541.03531 87
1757576892594 27353465049.80462 88
1757576893077 56661292118.61281 89
1757576893571 53332730146.845505 90
1757576894097 7260745878.603971 91
1757576894603 63330639258.69097 92
1757576895095 8877008459795.453 93
1757576895591 164185457291.98483 94
1757576896089 211832480480.81912 95
1757576896587 934037242950.673 96
1757576897080 9289894303.905832 97
1757576897571 96047559089.96382 98
1757576898058 3300484370.598572 99
1757576898545 153752610201.5251 100
1757576899032 61280411.3706241 101
1757576899544 16200146879.945875 102
1757576900049 265716949030.05417 103
1757576900529 89969800823.25725 104
1757576900996 222162735061.2169 105
1757576901472 2671909592.8525357 106
1757576901953 6380989135.976971 107
1757576902458 126745400.57518555 108
1757576902962 21238253650.106564 109
1757576903465 23991195.89682636 110
1757576903944 470191149643.14606 111
1757576904434 25224031899.920643 112
1757576904938 44594182203.60696 113
1757576905443 174807749007.1232 114
1757576905940 465608985378.64 115
1757576906436 4659988223.766412 116
1757576906926 530625905536.24554 117
1757576907447 7055578923.426739 118
1757576907979 15350330497.361393 119
1757576908491 62774012829.77806 120
1757576909003 79435077363.45038 121
1757576909523 159601557384.90042 122
1757576910061 133360055202.05046 123
1757576910581 615942543.418304 124
1757576911122 1149248995.4872088 125
1757576911638 2852195302.4353466 126
1757576912152 68468820757.31908 127
1757576912681 890307511.4523437 128
1757576913214 325858476155.2173 129
1757576913719 566741104941.1665 130
1757576914213 6425059455.883686 131
1757576914703 218141087239.24152 132
1757576915221 5970309061.895764 133
1757576915727 22884807047.425323 134
1757576916227 620947911965.1416 135
1757576916727 260088717413.56625 136
1757576917248 1413696313.5345528 137
1757576917760 180659226750.16846 138
1757576918274 770931840.1723361 139
1757576918769 5066653654.391498 140
1757576919274 55474161414.93357 141
1757576919761 125836179287.76125 142
1757576920250 209520975791.61063 143
1757576920727 496395345257.3608 144
1757576921200 785492267063.264 145
1757576921669 40974282110.58786 146
1757576922151 1845878206.6379387 147
1757576922633 170657373316.8451 148
1757576923118 93881208673.67249 149
1757576923606 40742960484.00776 150
1757576924082 167437064862.02292 151
1757576924561 33601521649.841743 152
1757576925034 214915420158.8611 153
1757576925506 256828971.89976323 154
1757576925977 49412920542.63723 155
1757576926445 247396518622.77747 156
1757576926911 71213662594.15056 157
1757576927383 251212801.24833813 158
1757576927856 326630575273.6324 159
1757576928327 244756515848.14526 160
1757576928793 28283561.30207479 161
1757576929266 163573931178.71088 162
1757576929726 334521348662.44104 163
1757576930214 12583348414.55257 164
1757576930683 695638189934.5265 165
1757576931152 209345406363.2808 166
1757576931613 38125378362.561264 167
1757576932078 464852364.2161364 168
1757576932545 12987264254.154934 169
1757576933015 65617175205.24346 170
1757576933483 174364566358.81522 171
1757576933964 422706785044.48584 172
1757576934424 99701211053.69568 173
1757576934888 6281706541.636083 174
1757576935346 119120934736.2129 175
1757576935817 584309745702.5037 176
1757576936284 462839760359.299 177
1757576936758 6121542697.858342 178
1757576937227 28767497761.630062 179
1757576937693 408758815.20155257 180
1757576938160 34814950472.27785 181
1757576938627 25648557320.729057 182
1757576939086 20836538169.86777 183
1757576939552 46195956951.1443 184
1757576940008 13472185177.85209 185
1757576940468 14673192027089.016 186
1757576940930 97449831380.7206 187
1757576941397 2564245244.5457873 188
1757576941881 92297521957.337 189
1757576942362 355540376.6865996 190
1757576942862 367986146873.66907 191
1757576943425 7583865068.207183 192
1757576943967 7238018496.050219 193
1757576944490 8585578291008.892 194
1757576945017 247872678353.39984 195
1757576945558 1163019947593.8027 196
1757576946060 14037115708.762648 197
1757576946557 1689024804.9185128 198
1757576947055 678328148034.2115 199
1757576947568 489257293185.9871 200
1757576948070 76885792582.75774 201
1757576948604 28101290439.660004 202
1757576949125 169923070285.11456 203
1757576949631 5222106186.51204 204
1757576950127 105192917464.74602 205
1757576950612 25010926571.069633 206
1757576951103 10355678189.469952 207
1757576951597 3793974202.0306625 208
1757576952075 651289.7740914471 209
1757576952557 17684103312.45559 210
1757576953055 95353077273.29523 211
1757576953533 191454519830.94012 212
1757576954009 1714551493.3566651 213
1757576954480 5692398451.49668 214
1757576954963 7900994154.90092 215
1757576955468 13493851343.841974 216
1757576955989 1654609094.9595592 217
1757576956509 137502632000.14453 218
1757576957053 681438597.8055649 219
1757576957540 22228675918.896122 220
1757576958015 5438888992.459457 221
1757576958500 8648564989.00197 222
1757576958984 283729109597.8091 223
1757576959469 83561079185.06627 224
1757576959948 56374534070.60579 225
1757576960428 9355291984.718472 226
1757576960915 265296943278.06906 227
1757576961397 74055861590.49538 228
1757576961874 4801850252.846323 229
1757576962334 1191606503707.0645 230
1757576962799 26828826534.792244 231
1757576963265 49002051439.92169 232
1757576963731 10476529.232766945 233
1757576964192 689625550390.8542 234
1757576964649 1570998021786.2869 235
1757576965117 181340481403.13077 236
1757576965580 149874724017.41022 237
1757576966035 404066697.3834788 238
1757576966505 35290396368.937904 239
1757576966981 1026305124.4566208 240
1757576967461 7875972731.307356 241
1757576967916 246650310.50322938 242
1757576968400 35740310812.21262 243
1757576968868 2167602328.8189163 244
1757576969352 10345371045.202543 245
1757576969810 33203635659.636925 246
1757576970286 26943848.53327661 247
1757576970753 245493913936.58118 248
1757576971222 28766953539.754753 249
1757576971691 778189539661.6704 250
1757576972152 6893873333.965466 251
1757576972628 445055651.3193659 252
1757576973092 27742698150.114162 253
1757576973559 100217113870.8978 254
1757576974032 53268144782.819595 255
1757576974488 78745609253.02519 256
1757576974949 382183436030.9386 257
1757576975419 28854257085.42362 258
1757576975889 19258439845.78313 259
1757576976352 192766375663.993 260
1757576976829 6817788253.140287 261
1757576977324 31445286602.837345 262
1757576977833 94857495292.48962 263
1757576978339 44315939114.08476 264
1757576978835 48571578065.04502 265
1757576979323 335532431212.46045 266
1757576979791 209990637566.90918 267
1757576980256 1583421288.8785415 268
1757576980730 1027853474163.1246 269
1757576981190 340627403434.86237 270
1757576981656 75855469927.14151 271
1757576982129 308899557167.2157 272
1757576982594 23545221596.05663 273
1757576983088 19864774975.97162 274
1757576983559 134807395157.38405 275
1757576984027 3020767319.656221 276
1757576984499 88418459781.596 277
1757576984977 8153781923.876384 278
1757576985446 113955650130.95448 279
1757576985904 173475506635.65884 280
1757576986381 230072701127.76572 281
1757576986850 858162525569.3041 282
1757576987329 19431557661.858772 283
1757576987807 715165602.0442172 284
1757576988284 872368250.5124218 285
1757576988762 101367335192.42969 286
1757576989256 740353998829.9877 287
1757576989737 414854692081.1834 288
1757576990222 18285391115.00271 289
1757576990689 1581641401.39649 290
1757576991151 274784208053.41992 291
1757576991614 2698392004.356483 292
1757576992077 45328917371.44776 293
1757576992542 14537436814.687822 294
1757576993014 27361787152.124935 295
1757576993492 48938228441.63074 296
1757576993964 15983829046.162903 297
1757576994443 2689802207521.778 298
1757576994917 12639451192.899946 299
1757576995377 33231596454.882656 300
1757576995869 1473135608.7191143 301
1757576996341 14087186689.469692 302
1757576996805 42398970088.51398 303
1757576997272 8478507601.5536585 304
1757576997752 1033548739609.3448 305
1757576998234 37641995321.963684 306
1757576998708 1674735551597.7727 307
1757576999183 1753036463.6135356 308
1757576999650 9490584083.621323 309
1757577000153 13280234133.567472 310
1757577000634 22812367384.87413 311
1757577001097 49537805053.8846 312
1757577001562 14155738357.30412 313
1757577002022 59248665395.01254 314
1757577002483 8856689324.874012 315
1757577002956 24837569418.82413 316
1757577003421 17508816244.436394 317
1757577003882 48876884657.22692 318
1757577004347 6758066163.433237 319
1757577004809 837960748475.8772 320
1757577005271 1000276633660.467 321
1757577005739 29312978.747625545 322
1757577006201 34512439171.05624 323
1757577006658 4618204778.392199 324
1757577007130 83983336994.73532 325
1757577007598 2140541764.67597 326
1757577008062 17237305591.729645 327
1757577008528 741062187284.1278 328
1757577009009 2306731942236.3604 329
1757577009484 225170780683.93195 330
1757577009969 37191357679.6416 331
1757577010440 49375702880.92404 332
1757577010916 10901667948.634027 333
1757577011386 125956465550.67073 334
1757577011859 10540658173.38732 335
1757577012336 203824514062.55508 336
1757577012804 2082829966.2395155 337
1757577013275 11761873534.726933 338
1757577013742 91852166736.9279 339
1757577014207 581416930.5578315 340
1757577014673 48829524945.091934 341
1757577015139 481424891.2975415 342
1757577015602 72423108434.8294 343
1757577016071 33840841349.49337 344
1757577016536 557799918192.7363 345
1757577017003 808713166157.7034 346
1757577017469 197116202.68573868 347
1757577017969 159559642275.3551 348
1757577018451 392310732748.6719 349
1757577018938 88522139786.56189 350
1757577019427 6133196520.853206 351
1757577019955 60709898574.51922 352
1757577020458 6264815393.087595 353
1757577020949 5136479639.704718 354
1757577021463 435204748325.0041 355
1757577021949 204066119257.85873 356
1757577022497 11785087396.367683 357
1757577023012 221370935826.49982 358
1757577023510 2220326069254.949 359
1757577023980 13225713673.99599 360
1757577024462 49496039772.29047 361
1757577024951 34000769198.353855 362
1757577025445 95943886746.0984 363
1757577025922 91733364164.01764 364
1757577026415 34332597.62391056 365
1757577026894 1956929704.66539 366
1757577027382 218462394.8196114 367
1757577027888 3495781488.218775 368
1757577028375 687930625503.6173 369
1757577028853 2879560173570.625 370
1757577029324 26125400838.15252 371
1757577029836 133283156522.04025 372
1757577030347 99805648406.86967 373
1757577030876 3062947610.441094 374
1757577031392 4516176977.084099 375
1757577031901 45879574.37264256 376
1757577032483 266899935573.91696 377
1757577033032 34989351855.25035 378
1757577033575 206181351835.06146 379
1757577034086 910697585.2195988 380
1757577034589 1676589214.5092554 381
1757577035153 38337568.63131462 382
1757577035767 1357638986278.5466 383
1757577036281 55685442861.86934 384
1757577036819 7286899684.624875 385
1757577037324 34563373932.058655 386
1757577037821 64377479775.95575 387
1757577038321 768964189791.5955 388
1757577038816 2846953433.077138 389
1757577039284 70634110.62753658 390
1757577039770 41291407759.92117 391
1757577040314 50890426968.51239 392
1757577040802 5424149129.636313 393
1757577041293 335021191653.1328 394
1757577041789 34969293.26744547 395
1757577042266 39818694246.420845 396
1757577042742 68312514774.11778 397
1757577043213 7383452780.964694 398
1757577043689 47332519375.276375 399
1757577044167 1101839894.8650095 400
1757577044645 167983383.14078224 401
1757577045139 126906196184.83691 402
1757577045629 659236928.6866629 403
1757577046115 254807176654.78604 404
1757577046615 38592928852.78156 405
1757577047090 43109796053.102554 406
1757577047564 603162419023.4341 407
1757577048036 636394578337.002 408
1757577048506 31850217899.889133 409
1757577048972 152221171298.1615 410
1757577049440 4495485965.612025 411
1757577049905 257082210887.28995 412
1757577050375 789877034842.8125 413
1757577050863 24096449631.392723 414
1757577051335 60652734069.76653 415
1757577051806 17093136639.114914 416
1757577052278 17846346311.062366 417
1757577052749 211676319710.0749 418
1757577053213 657929402.7253183 419
1757577053678 6432111820751.025 420
1757577054147 284706580124.24164 421
1757577054623 6188759560.091643 422
1757577055089 242406485110.31055 423
1757577055552 17193082722.398792 424
1757577056039 41996654238.29992 425
1757577056512 1100551117.4480147 426
1757577057009 78909800073.28154 427
1757577057485 33206065472.847637 428
1757577057973 48977789088.84131 429
1757577058476 432089833339.7792 430
1757577058972 62769640753.95911 431
1757577059443 70702276229.97348 432
1757577059936 21081583617.815273 433
1757577060421 31713380910.00029 434
1757577060893 37278569554.008545 435
1757577061369 4928468006062.161 436
1757577061838 49853426245.68541 437
1757577062308 3572969277.0158234 438
1757577062786 2686930240.0969577 439
1757577063261 39400465388.551636 440
1757577063733 31276370771.87043 441
1757577064202 366975611480.2653 442
1757577064668 511764354283.7814 443
1757577065133 8556092345041.671 444
1757577065599 21911937757.15057 445
1757577066072 373212253902.8101 446
1757577066536 38148022078.34178 447
1757577067077 71205703854.1604 448
1757577067543 96843877521.53078 449
1757577068020 22177107145.357697 450
1757577068497 33857135804.058704 451
1757577068975 237710178453.14444 452
1757577069455 868711913679.9917 453
1757577069990 17777060867.820553 454
1757577070503 122721143639.08627 455
1757577071026 16698549506.961525 456
1757577071498 77539004.27616131 457
1757577071970 129521567520.99953 458
1757577072465 498097862966.6945 459
1757577072934 14711624179.03194 460
1757577073399 31786887984.7796 461
1757577073876 516838881.9780889 462
1757577074345 1481882.7398981312 463
1757577074829 9041653766199.625 464
1757577075295 88009322071.76993 465
1757577075762 197208556932.54977 466
1757577076230 539413485506.60645 467
1757577076694 186972979818.0458 468
1757577077157 2135227657.5704043 469
1757577077635 441263740378.2794 470
1757577078142 16232593545.216242 471
1757577078642 6020429703.611726 472
1757577079137 302889961803.64624 473
1757577079630 2404811113.811024 474
1757577080168 39843874918.2732 475
1757577080649 13014275129.803282 476
1757577081122 84399025508.86508 477
1757577081597 62950988577.17117 478
1757577082067 329004434815.29517 479
1757577082543 1082431478.9437952 480
1757577083027 48068864070.58094 481
1757577083510 1454348332501.7075 482
1757577083978 449603346.7502664 483
1757577084469 130220972986.22325 484
1757577084935 48805133954.32063 485
1757577085406 89434677593.11177 486
1757577085875 732797064.1727622 487
1757577086342 58012263719.551636 488
1757577086812 21523484202.014748 489
1757577087280 100113373514.15921 490
1757577087747 2702148730.0976415 491
1757577088212 375399760117.36066 492
1757577088676 104241238258.16838 493
1757577089143 3707961027.881891 494
1757577089614 98616651479.56548 495
1757577090088 178703675.92254907 496
1757577090550 40479662773.56496 497
1757577091019 7519826580.61507 498
1757577091493 103972910848.32446 499
