1757542786336 736380251565.7247 0
1757542786400 1680544797792.6865 1
1757542786460 215460761501.1147 2
1757542786531 1177389189812.8052 3
1757542786598 675763698554.099 4
1757542786660 838377079571.6288 5
1757542786728 540640319846.36005 6
1757542786800 380645619764.3004 7
1757542786863 459564913504.36194 8
1757542786930 436490033553.0084 9
1757542786994 261919359616.7361 10
1757542787058 878467508826.7883 11
1757542787121 294974094666.1577 12
1757542787185 561983205779.5657 13
1757542787251 803535228224.9336 14
1757542787319 211500487500.92923 15
1757542787391 698072590843.8507 16
1757542787461 217341879110.77118 17
1757542787536 766960597942.0552 18
1757542787603 1603968630213.3267 19
1757542787667 634886169067.7341 20
1757542787738 163191153458.76053 21
1757542787811 1243936520169.2883 22
1757542787876 429856230145.61084 23
1757542787943 182384149293.975 24
1757542788006 318014841039.0035 25
1757542788077 854304690015.4918 26
1757542788139 846378002384.2859 27
1757542788200 247278976543.78308 28
1757542788264 1339000892773.2905 29
1757542788336 112341370490.28792 30
1757542788399 826608514045.6744 31
1757542788471 108631051500.38156 32
1757542788535 615484064408.954 33
1757542788604 509852314830.09656 34
1757542788670 347284523742.84705 35
1757542788733 442353110740.4438 36
1757542788805 582690599625.0765 37
1757542788865 354214997566.9244 38
1757542788931 114385671777.20775 39
1757542788999 302218853663.159 40
1757542789058 399917828097.07404 41
1757542789125 263411425105.34903 42
1757542789194 1097570057937.5496 43
1757542789260 569926145179.4816 44
1757542789324 137430492718.00108 45
1757542789387 420834154936.2906 46
1757542789455 154459835249.1793 47
1757542789521 151308942600.37625 48
1757542789594 672086262386.8589 49
1757542789659 356395456248.5951 50
1757542789722 906879713056.615 51
1757542789787 418967557763.6937 52
1757542789864 195951118486.89542 53
1757542789928 657868021146.0646 54
1757542789996 644555024460.4249 55
1757542790076 786889222280.2942 56
1757542790139 228593108464.36154 57
1757542790210 121560095386.82996 58
1757542790274 613301632700.8103 59
1757542790344 102718399079.77718 60
1757542790407 521129374479.9674 61
1757542790487 414551293832.48724 62
1757542790565 212419979332.72556 63
1757542790630 296190683893.9102 64
1757542790696 672009290838.2043 65
1757542790761 606638486173.2412 66
1757542790828 156574967187.70728 67
1757542790889 158303692112.18512 68
1757542790954 418774822645.4147 69
1757542791020 110695268028.27235 70
1757542791085 828779972428.1892 71
1757542791152 198092082395.94574 72
1757542791225 124996349901.41937 73
1757542791286 519482440182.7858 74
1757542791351 208492535459.78104 75
1757542791419 356851239491.62897 76
1757542791485 561580470780.7992 77
1757542791554 52819257022.824455 78
1757542791626 98410517314.13748 79
1757542791687 137310224806.97281 80
1757542791758 433841002269.16846 81
1757542791825 72328094911.90381 82
1757542791899 115709428181.58582 83
1757542791977 781501703835.6624 84
1757542792046 198246976528.54013 85
1757542792106 488318433427.9132 86
1757542792176 440201244755.2082 87
1757542792241 71899258341.75664 88
1757542792301 768713801979.4089 89
1757542792371 104649276174.88914 90
1757542792436 118067478237.6609 91
1757542792500 209812572176.8509 92
1757542792563 420375569898.94525 93
1757542792632 441369833255.0981 94
1757542792695 220223873644.7554 95
1757542792757 84842809065.81033 96
1757542792820 466768395759.7146 97
1757542792889 440039572991.8496 98
1757542792970 374279927001.0895 99
1757542793038 328670964623.1464 100
1757542793129 498936201699.30255 101
1757542793194 197247587049.33408 102
1757542793259 542235097096.73395 103
1757542793324 59417817072.41349 104
1757542793392 252112658449.46466 105
1757542793454 78330760938.14249 106
1757542793519 231170283235.18356 107
1757542793583 254017436311.4123 108
1757542793651 81972161437.15285 109
1757542793714 98117043105.0967 110
1757542793782 113542652120.21011 111
1757542793845 346181268889.43524 112
1757542793914 73914365245.01314 113
1757542793979 317229074432.3989 114
1757542794049 224420008263.56476 115
1757542794113 141394964578.69363 116
1757542794180 660364020227.5219 117
1757542794247 110212454644.64978 118
1757542794316 119796721874.685 119
1757542794383 613128447915.5272 120
1757542794456 95120315576.90404 121
1757542794523 321292203744.61206 122
1757542794599 904476478040.5472 123
1757542794669 553231728874.4991 124
1757542794737 68653536191.39637 125
1757542794805 317621956575.6601 126
1757542794870 65374093423.798805 127
1757542794934 538115992404.34467 128
1757542795004 263056851128.347 129
1757542795066 330416103253.5951 130
1757542795136 188312678476.8942 131
1757542795202 277452363437.1166 132
1757542795270 661420389425.5505 133
1757542795337 92262083865.9055 134
1757542795396 203346908882.53473 135
1757542795459 96452442538.1956 136
1757542795532 328190624002.18756 137
1757542795604 128336801132.66716 138
1757542795673 237707260692.91507 139
1757542795734 239565751374.76797 140
1757542795803 379436018954.2101 141
1757542795870 68316473528.02357 142
1757542795944 322630086714.59033 143
1757542796011 260877651402.81573 144
1757542796080 159258625817.02917 145
1757542796155 183306860331.09042 146
1757542796221 67957894773.457596 147
1757542796290 70415840828.24406 148
1757542796357 78616085431.46228 149
1757542796425 98630652123.48134 150
1757542796490 108007837887.53488 151
1757542796559 170339889626.24487 152
1757542796626 125461909813.25624 153
1757542796700 145293495391.42447 154
1757542796771 398118022201.60626 155
1757542796834 195364169024.50925 156
1757542796903 684097395140.9762 157
1757542796974 119943011916.40962 158
1757542797039 109763588501.51482 159
1757542797105 390146439521.2229 160
1757542797173 114954674593.54195 161
1757542797239 345582959688.019 162
1757542797309 211506129083.71353 163
1757542797375 333748867079.3984 164
1757542797445 386716849821.9642 165
1757542797510 121121988182.41914 166
1757542797582 81029137309.12718 167
1757542797652 94618585174.6325 168
1757542797727 532431758478.4358 169
1757542797795 149003294221.1203 170
1757542797863 117158254613.08806 171
1757542797925 94596148217.3106 172
1757542797991 77020303823.26564 173
1757542798051 60770600231.839226 174
1757542798113 677915249286.756 175
1757542798175 104230132798.3296 176
1757542798245 607853950943.1803 177
1757542798314 511299102684.41907 178
1757542798383 126736603999.31387 179
1757542798445 328904936689.66833 180
1757542798511 340418834925.03845 181
1757542798577 89347961585.17923 182
1757542798648 84363993941.11679 183
1757542798718 311921908106.30554 184
1757542798784 98933687447.317 185
1757542798852 256122210606.71622 186
1757542798923 428973248247.591 187
1757542798990 97139413895.58679 188
1757542799068 87000061059.50487 189
1757542799138 120663105752.01958 190
1757542799206 86304351033.1741 191
1757542799271 201507378714.07703 192
1757542799340 507839536801.6269 193
1757542799413 258694163610.20834 194
1757542799483 85928687957.5841 195
1757542799550 360576730664.4791 196
1757542799617 101670887178.04015 197
1757542799689 51019404048.39937 198
1757542799758 298411495500.3589 199
1757542799827 49891042182.76982 200
1757542799889 490628813632.07294 201
1757542799960 280231656970.4741 202
1757542800036 802773341250.4094 203
1757542800106 481621650232.525 204
1757542800169 89676371273.46776 205
1757542800235 538500995050.33093 206
1757542800316 97540135206.62593 207
1757542800383 571889712776.184 208
1757542800455 90636251442.5405 209
1757542800544 239695279073.90775 210
1757542800612 262551800922.62195 211
1757542800678 202492750535.58917 212
1757542800751 73722311189.48189 213
1757542800817 229236354524.83813 214
1757542800886 130332709034.7831 215
1757542800954 100940375227.50546 216
1757542801017 203646449832.2574 217
1757542801083 74077062649.88795 218
1757542801144 280907312535.4707 219
1757542801219 296023746397.6339 220
1757542801288 190210008517.9892 221
1757542801356 115575085723.54881 222
1757542801424 547441102422.34076 223
1757542801491 62215942740.20892 224
1757542801566 119220490506.3877 225
1757542801632 180233654622.38193 226
1757542801699 242210486597.1185 227
1757542801765 198703869648.60385 228
1757542801833 78430447448.54417 229
1757542801897 112138426727.22156 230
1757542801969 279544978917.1939 231
1757542802043 121505769824.17856 232
1757542802111 170101773864.47583 233
1757542802176 329120829568.30084 234
1757542802245 83843599360.77386 235
1757542802316 110756931491.79155 236
1757542802393 206175680989.5502 237
1757542802459 115094565420.83311 238
1757542802525 197610523908.32962 239
1757542802590 103033180874.18001 240
1757542802660 157344097201.63535 241
1757542802724 227523195182.31073 242
1757542802796 414512798603.0887 243
1757542802865 95929524172.57567 244
1757542802927 226703106791.7742 245
1757542803000 149454764210.64795 246
1757542803085 252889580873.6623 247
1757542803157 317783654215.94666 248
1757542803222 693585205482.8467 249
1757542803288 77905615473.5899 250
1757542803354 421774187435.4903 251
1757542803424 181296476565.36533 252
1757542803491 219142975684.09332 253
1757542803553 66764116191.54364 254
1757542803625 345567240383.1105 255
1757542803688 407277890049.0074 256
1757542803762 322380584784.54974 257
1757542803824 117629345250.88602 258
1757542803893 116674390543.22678 259
1757542803963 276931601386.1125 260
1757542804034 125136262572.31325 261
1757542804101 257535109545.62033 262
1757542804170 139973562741.2479 263
1757542804242 88487718777.59445 264
1757542804311 104396142680.7368 265
1757542804382 301129571538.17126 266
1757542804457 314808105179.8653 267
1757542804539 148797893561.10223 268
1757542804611 98002964835.3782 269
1757542804683 118049819277.73264 270
1757542804756 199027841706.37772 271
1757542804825 321970014097.1445 272
1757542804900 661623427179.0828 273
1757542804971 80304315669.69691 274
1757542805049 136891735886.2175 275
1757542805138 68399575826.83852 276
1757542805213 306692275383.7584 277
1757542805290 109449665655.42606 278
1757542805366 192557697165.7709 279
1757542805450 539918282825.55707 280
1757542805537 68448319881.16833 281
1757542805619 63614034171.51392 282
1757542805704 246198386242.68686 283
1757542805789 310973930292.98584 284
1757542805865 490893286546.0204 285
1757542805946 300729818815.7616 286
1757542806038 121939482053.01494 287
1757542806129 143429277381.99997 288
1757542806214 112762012362.57059 289
1757542806293 572738761114.2354 290
1757542806383 131496316834.2687 291
1757542806466 128243857510.92851 292
1757542806555 179220550295.63153 293
1757542806631 284674764723.3145 294
1757542806700 247419953298.83456 295
1757542806771 701057073690.0906 296
