1757588779908 1019578373535.6232 0
1757588779987 804745284233.1499 1
1757588780057 1121464520497.3972 2
1757588780134 14321939127007.355 3
1757588780215 336690842015532.3 4
1757588780284 8126541370805574.0 5
1757588780354 1.9632493144148502e+17 6
1757588780431 4.743073567642839e+18 7
1757588780504 1.1458951197598438e+20 8
1757588780573 2.768406735307306e+21 9
1757588780638 6.688287394230983e+22 10
1757588780709 1.615845955065816e+24 11
1757588780780 3.90377685174306e+25 12
1757588780850 9.431266427445776e+26 13
1757588780918 2.2785315299482435e+28 14
1757588780983 5.5047813280475145e+29 15
1757588781061 1.3299187249040762e+31 16
1757588781138 3.2129955931923732e+32 17
1757588781210 7.762384639420929e+33 18
1757588781283 1.8753407386547366e+35 19
1757588781360 4.530699069197958e+36 20
1757588781430 1.0945868999975064e+38 21
1757588781500 2.6444494841681245e+39 22
1757588781572 6.388814880146089e+40 23
1757588781649 1.5434953784196048e+42 24
1757588781737 3.728982648419143e+43 25
1757588781807 9.00897520435e+44 26
1757588781892 2.1765087661912507e+46 27
1757588781969 5.258301085144502e+47 28
1757588782040 1.2703707300208625e+49 29
1757588782111 3.0691315798805956e+50 30
1757588782179 7.414818707658424e+51 31
1757588782253 1.7913711105725912e+53 32
1757588782324 4.32783400689169e+54 33
1757588782405 1.0455760439957815e+56 34
1757588782474 2.5260425007913834e+57 35
1757588782548 6.102751447344876e+58 36
1757588782621 1.4743843469142722e+60 37
1757588782693 3.562014971741282e+61 38
1757588782767 8.605592351454079e+62 39
1757588782841 2.0790541394946083e+64 40
1757588782905 5.022857158948846e+65 41
1757588782974 1.213489036189149e+67 42
1757588783045 2.9317091733889526e+68 43
1757588783113 7.082815271512045e+69 44
1757588783184 1.7111612784010843e+71 45
1757588783256 4.134052362591327e+72 46
1757588783332 9.987596816482584e+73 47
1757588783402 2.4129372687985487e+75 48
1757588783473 5.829496694889087e+76 49
1757588783545 1.4083678077815788e+78 50
1757588783613 3.402523383767398e+79 51
1757588783691 8.220271233918616e+80 52
1757588783763 1.9859631084848207e+82 53
1757588783832 4.7979553910443826e+83 54
1757588783903 1.159154258007095e+85 55
1757588783978 2.800439946490431e+86 56
1757588784052 6.765677509896488e+87 57
1757588784128 1.6345428947792426e+89 58
1757588784202 3.9489474202180574e+90 59
1757588784277 9.540395530429318e+91 60
1757588784346 2.30489639874743e+93 61
1757588784419 5.568477105602569e+94 62
1757588784491 1.3453072030686856e+96 63
1757588784567 3.2501731376565426e+97 64
1757588784643 7.852203125537604e+98 65
1757588784717 1.897040290264621e+100 66
1757588784793 4.5831237492864687e+101 67
1757588784871 1.1072523556336061e+103 68
1757588784943 2.6750483864788593e+104 69
1757588785007 6.462739802353653e+105 70
1757588785083 1.5613551502110823e+107 71
1757588785158 3.7721306746758446e+108 72
1757588785231 9.113217979206582e+109 73
1757588785306 2.2016931304658748e+111 74
1757588785382 5.319144841921861e+112 75
1757588785463 1.2850701788471802e+114 76
1757588785540 3.1046444750800497e+115 77
1757588785614 7.500615511358252e+116 78
1757588785683 1.8120990503357843e+118 79
1757588785760 4.377911337083349e+119 80
1757588785833 1.0576743954372382e+121 81
1757588785904 2.5552713169125273e+122 82
1757588785980 6.173366332023824e+123 83
1757588786050 1.4914444355526702e+125 84
1757588786119 3.60323101644251e+126 85
1757588786192 8.705167586777867e+127 86
1757588786267 2.1031108571191756e+129 87
1757588786338 5.0809765960746e+130 88
1757588786408 1.2275303074237748e+132 89
1757588786485 2.96563195510099e+133 90
1757588786550 7.164770466298447e+134 91
1757588786628 1.730961110883845e+136 92
1757588786703 4.181887447038041e+137 93
1757588786786 1.0103163213623395e+139 94
1757588786855 2.4408573452499343e+140 95
1757588786931 5.896949751169925e+141 96
1757588787009 1.4246640196116142e+143 97
1757588787082 3.4418939526714655e+144 98
1757588787153 8.315387921894716e+145 99
1757588787226 2.0089426705876356e+147 100
1757588787299 4.853472491741768e+148 101
1757588787374 1.1725668219891838e+150 102
1757588787447 2.8328438131033895e+151 103
1757588787524 6.843963106362026e+152 104
1757588787599 1.6534561766019612e+154 105
1757588787669 3.9946406569634826e+155 106
1757588787742 9.650787365323064e+156 107
1757588787812 2.3315663352176955e+158 108
1757588787882 5.63290990645351e+159 109
1757588787953 1.3608737411822136e+161 110
1757588788026 3.287780863168966e+162 111
1757588788097 7.94306090058706e+163 112
1757588788164 1.9189909272001415e+165 113
1757588788246 4.6361550348988076e+166 114
1757588788329 1.120064363148279e+168 115
1757588788398 2.7060013484258796e+169 116
1757588788470 6.537520109202259e+170 117
1757588788545 1.5794215772688364e+172 118
1757588788612 3.8157779663744245e+173 119
1757588788694 9.218666946317286e+174 120
1757588788766 2.2271689028036098e+176 121
1757588788855 5.380692621287265e+177 122
1757588788933 1.2999397148698483e+179 123
1757588789009 3.1405682896854114e+180 124
1757588789080 7.587405069138194e+181 125
1757588789150 1.8330668329122873e+183 126
1757588789218 4.428568111633378e+184 127
1757588789293 1.0699127367995122e+186 128
1757588789360 2.584838339414454e+187 129
1757588789428 6.244798300928046e+188 130
1757588789500 1.5087019263304517e+190 131
1757588789580 3.644923971643646e+191 132
1757588789652 8.805895006296002e+192 133
1757588789728 2.127445934817159e+194 134
1757588789798 5.139768532709114e+195 135
1757588789868 1.2417340500874907e+197 136
1757588789944 2.9999472570294197e+198 137
1757588790023 7.247673963941184e+199 138
1757588790098 1.750990047058542e+201 139
1757588790171 4.2302760308368565e+202 140
1757588790241 1.0220066828554922e+204 141
1757588790322 2.4691004846666234e+205 142
1757588790394 5.965183306186819e+206 143
1757588790467 1.4411487947690545e+208 144
1757588790542 3.481720078090848e+209 145
1757588790621 8.411605204252039e+210 146
1757588790696 2.032188129006559e+212 147
1757588790767 4.909631980335436e+213 148
1757588790843 1.1861345826341365e+215 149
1757588790914 2.865622624579146e+216 150
1757588790989 6.923154544793176e+217 151
1757588791066 1.6725883038465203e+219 152
1757588791144 4.0408626097595714e+220 153
1757588791226 9.762456543192026e+221 154
1757588791300 2.3585448692942206e+223 155
1757588791369 5.698088258690714e+224 156
1757588791444 1.3766203995747975e+226 157
1757588791516 3.3258237473508724e+227 158
1757588791596 8.034969990172664e+228 159
1757588791667 1.9411955547674535e+230 160
1757588791740 4.689799945062316e+231 161
1757588791825 1.1330246182920692e+233 162
1757588791909 2.737312466830243e+234 163
1757588791984 6.613165698340339e+235 164
1757588792071 1.5976970507991863e+237 165
1757588792143 3.8599303005110503e+238 166
1757588792222 9.32533606252241e+239 167
1757588792298 2.2529394550846482e+241 168
1757588792381 5.442952569480015e+242 169
1757588792451 1.3149813061663493e+244 170
1757588792527 3.176907778441568e+245 171
1757588792602 7.675198868147096e+246 172
1757588792674 1.8542772335212093e+248 173
1757588792747 4.479811035287396e+249 174
1757588792817 1.082292687904761e+251 175
1757588792892 2.6147474816802538e+252 176
1757588792965 6.317056808532057e+253 177
1757588793034 1.526159103386073e+255 178
1757588793104 3.68709935567197e+256 179
1757588793178 8.907787941921812e+257 180
1757588793250 2.1520625934905494e+259 181
1757588793327 5.199240750338364e+260 182
1757588793402 1.2561021441357939e+262 183
1757588793477 3.034659621022267e+263 184
1757588793549 7.331536737244386e+264 185
1757588793621 1.7712507378819972e+266 186
1757588793693 4.279224518523946e+267 187
1757588793766 1.0338323134212544e+269 188
1757588793843 2.4976704252073514e+270 189
1757588793914 6.034206391083797e+271 190
1757588793987 1.4578243151185045e+273 191
1757588794055 3.5220070312660005e+274 192
1757588794124 8.508935815958573e+275 193
1757588794194 2.0557025604255404e+277 194
1757588794264 4.966441289890095e+278 195
1757588794342 1.199859335721178e+280 196
1757588794412 2.89878071940145e+281 197
1757588794485 7.003262306679467e+282 198
1757588794559 1.6919418087713944e+284 199
1757588794634 4.087619396375185e+285 200
1757588794709 9.87541784416074e+286 201
1757588794777 2.3858355717572515e+288 202
1757588794852 5.764020789082888e+289 203
1757588794928 1.392549262416651e+291 204
1757588794999 3.3643068254195246e+292 205
1757588795073 8.127942559045984e+293 206
1757588795147 1.963657111889996e+295 207
1757588795226 4.744065580021456e+296 208
1757588795294 1.1461348364370193e+298 209
1757588795368 2.7689858859172314e+299 210
1757588795442 6.689686581941836e+300 211
1757588795516 1.6161839896770903e+302 212
1757588795595 3.904593520927471e+303 213
1757588795672 inf 214
1757588795746 inf 215
1757588795827 inf 216
