1757531425419 358513184660.28253 0
1757531425477 513136457249.71875 1
1757531425532 283359170618.8909 2
1757531425587 166021917638.87717 3
1757531425642 127847202594.70743 4
1757531425697 359051053054.17206 5
1757531425751 330213508849.3783 6
1757531425806 245327933576.74222 7
1757531425861 126669676196.53775 8
1757531425919 318263875483.17 9
1757531425974 245898555040.34787 10
1757531426029 174964734942.62296 11
1757531426083 103660491387.69112 12
1757531426139 127463479211.97072 13
1757531426193 81666671568.58803 14
1757531426248 317099102278.0838 15
1757531426304 147374000249.5278 16
1757531426360 135319731161.13368 17
1757531426422 239833725760.16577 18
1757531426478 158484837181.77264 19
1757531426533 352562880286.83673 20
1757531426590 187583259570.88196 21
1757531426653 269591498072.72827 22
1757531426709 273819264976.08966 23
1757531426764 184509760689.8698 24
1757531426819 583168392626.879 25
1757531426875 231466413553.17883 26
1757531426930 179990866177.44116 27
1757531426984 156867907776.85098 28
1757531427040 495641725266.9351 29
1757531427097 320913392061.7906 30
1757531427153 347043369734.1851 31
1757531427208 296015732502.2135 32
1757531427263 428471728073.15155 33
1757531427319 161934461215.30673 34
1757531427375 234710182190.11414 35
1757531427430 148900390162.2773 36
1757531427485 231319227941.1743 37
1757531427540 292675175023.97736 38
1757531427597 92674390758.85759 39
1757531427652 200801400125.3863 40
1757531427706 323422484281.2007 41
1757531427761 176297417183.52087 42
1757531427816 72764432548.90955 43
1757531427872 345791912662.8801 44
1757531427926 131785558747.808 45
1757531427984 96864526631.60863 46
1757531428041 107852373093.81435 47
1757531428098 305068117980.2226 48
1757531428153 346074322759.9104 49
1757531428209 288092679754.9533 50
1757531428263 394649154614.8822 51
1757531428319 54536011841.42217 52
1757531428375 207491289955.55606 53
1757531428430 492841845148.7706 54
1757531428487 148690562207.95425 55
1757531428542 101956133585.95671 56
1757531428597 278084523390.34534 57
1757531428652 186707236910.98453 58
1757531428707 181468159387.25278 59
1757531428761 279456983764.08875 60
1757531428816 379610274960.92377 61
1757531428870 253285930773.8454 62
1757531428926 237803210957.62793 63
1757531428981 240020022927.40182 64
1757531429036 324007092656.1513 65
1757531429091 119979754341.05763 66
1757531429146 193126904987.30164 67
1757531429204 166223613487.36325 68
1757531429270 170877441268.93396 69
1757531429326 162517394163.29977 70
1757531429382 435137565930.3066 71
1757531429439 435551634665.7293 72
1757531429495 114018963579.69096 73
1757531429552 151521309473.5066 74
1757531429611 171637496903.49466 75
1757531429668 97353662438.24562 76
1757531429725 152825180335.79565 77
1757531429781 109009361441.79329 78
1757531429840 123307276410.5471 79
1757531429897 99778127840.9202 80
1757531429954 114201646612.40092 81
1757531430009 271561739329.67245 82
1757531430068 158983386576.37454 83
1757531430125 512565500866.4568 84
1757531430181 211659515693.59558 85
1757531430238 531592522588.3058 86
1757531430295 603057576161.1385 87
1757531430351 309234723600.891 88
1757531430407 198680952786.01993 89
1757531430462 97637968504.9475 90
1757531430518 77236574691.75406 91
1757531430575 378124364245.0519 92
1757531430636 636689127969.221 93
1757531430691 487823349726.16583 94
1757531430748 230422480572.22556 95
1757531430803 140169266094.86078 96
1757531430859 146253536915.17365 97
1757531430916 395168547097.0265 98
1757531430973 125744641883.71255 99
1757531431029 194263719484.8958 100
1757531431085 268341139543.36707 101
1757531431141 159339631335.35217 102
1757531431196 127943489481.07547 103
1757531431252 142429034449.04193 104
1757531431308 132407227335.95752 105
1757531431363 401991209624.6997 106
1757531431420 123781554598.88194 107
1757531431480 199839621690.34927 108
1757531431545 110102888198.28802 109
1757531431605 312575350670.7685 110
1757531431660 182165125770.5162 111
1757531431716 159616897032.87296 112
1757531431773 396321106605.75037 113
1757531431829 212315063117.3435 114
1757531431894 177660926996.86108 115
1757531431956 469308192418.13776 116
1757531432012 311755293231.1731 117
1757531432069 258837312466.10242 118
1757531432126 146873481665.15628 119
1757531432185 526165494585.51666 120
1757531432241 96521697771.36009 121
1757531432298 215481432579.60275 122
1757531432355 331022536119.2353 123
1757531432412 154299397293.00235 124
1757531432468 279541642566.8708 125
1757531432527 307359689459.1316 126
1757531432585 78087537497.17104 127
1757531432641 343761090125.37067 128
1757531432697 141277477902.72046 129
1757531432751 120099676667.93506 130
1757531432808 620772211083.0308 131
1757531432863 531327500116.7381 132
1757531432919 548799523518.3828 133
1757531432974 222914719944.57733 134
1757531433031 227517735236.46292 135
1757531433088 112284249925.46951 136
1757531433144 134766065514.86761 137
1757531433201 84006401440.17867 138
1757531433257 107644268818.41931 139
1757531433314 267069663595.88403 140
1757531433369 432052227512.23596 141
1757531433426 210833425403.2852 142
1757531433481 198972837511.5194 143
1757531433540 172940216096.8659 144
1757531433599 152433424558.899 145
1757531433658 369041630857.4474 146
1757531433716 687259561999.3425 147
1757531433773 333825601170.97424 148
1757531433831 357946990402.7686 149
1757531433888 198190026834.99176 150
1757531433945 204509348944.95868 151
1757531434003 240464630724.1318 152
1757531434066 151669298182.7423 153
1757531434126 475063828323.81915 154
1757531434183 65015994850.42279 155
1757531434244 100398974632.88457 156
1757531434301 443389988617.3142 157
1757531434359 301854324141.5317 158
1757531434415 175575887206.3567 159
1757531434473 337608620301.2379 160
1757531434531 88959551856.12968 161
1757531434598 188548878206.97424 162
1757531434657 171194340773.43488 163
1757531434716 365597822985.0865 164
1757531434774 84165077913.24539 165
1757531434832 181786704709.42615 166
1757531434889 271053272790.3576 167
1757531434948 109213323026.25998 168
1757531435005 389941509798.2617 169
1757531435062 354864742524.0503 170
1757531435119 188140616548.88187 171
1757531435176 294330834738.37854 172
1757531435234 103562168232.40694 173
1757531435290 239274874999.6388 174
1757531435346 119498860500.69205 175
1757531435403 208371773821.0764 176
1757531435461 157529674997.01407 177
1757531435518 162846750657.1722 178
1757531435575 400179242583.8236 179
1757531435632 433201183802.8993 180
1757531435688 303309924284.8878 181
1757531435746 124397604347.80708 182
1757531435803 359703545570.09784 183
1757531435861 355760070722.97217 184
1757531435918 417987573131.91943 185
1757531435976 164120233312.86673 186
1757531436035 101614778276.44055 187
1757531436097 330090351396.48535 188
1757531436154 310536078605.98065 189
1757531436211 424380248802.5528 190
1757531436268 269433104377.75204 191
1757531436328 145616266670.94238 192
1757531436385 344217500300.84454 193
1757531436444 209618751928.23477 194
1757531436501 243923498640.93015 195
1757531436557 192888197754.2499 196
1757531436617 142152525145.67773 197
1757531436677 272542357908.32977 198
1757531436737 291562566660.5662 199
1757531436795 260603101957.93237 200
1757531436852 189049725678.00763 201
1757531436911 233081891689.3086 202
1757531436967 105185015446.80522 203
1757531437024 343686419731.84064 204
1757531437082 293969683016.56604 205
1757531437140 216678752799.16473 206
1757531437207 393638785164.8155 207
1757531437268 98963191416.88066 208
1757531437326 197202718630.12903 209
1757531437383 201154137908.89102 210
1757531437442 300709155688.278 211
1757531437501 187730264176.3931 212
1757531437557 198438327587.0508 213
1757531437615 1134416509573.6284 214
1757531437673 484402751921.1333 215
1757531437732 137986884938.66083 216
1757531437790 364397881124.7886 217
1757531437846 274038430318.44574 218
1757531437904 363531519486.1525 219
1757531437962 301468478498.21234 220
1757531438021 212202672860.09042 221
1757531438079 258286683447.49588 222
1757531438141 147789927160.75964 223
1757531438198 247697759390.2809 224
1757531438257 326816547718.62286 225
1757531438315 345018280187.6024 226
1757531438372 389118111345.9575 227
1757531438433 281820951815.9578 228
1757531438491 95789715889.17502 229
1757531438549 178194167112.0282 230
1757531438608 257349014576.20444 231
1757531438666 213327894544.95987 232
1757531438724 371312495310.67596 233
1757531438782 194052421300.42862 234
1757531438841 176210884382.9651 235
1757531438899 294864452143.8318 236
1757531438958 291906915017.46375 237
1757531439015 346002958690.6585 238
1757531439072 532349257545.6955 239
1757531439131 118967252637.856 240
1757531439188 418194345881.2144 241
1757531439246 67892812697.52778 242
1757531439303 438592046951.4627 243
1757531439362 398301196928.83246 244
1757531439421 298421385415.5161 245
1757531439480 280015869332.2295 246
1757531439538 115920885208.37598 247
1757531439598 308255800874.7875 248
1757531439660 172906699818.93408 249
1757531439721 270786982868.2117 250
1757531439783 139637474788.96707 251
1757531439843 121623666954.27792 252
1757531439904 61207632356.260574 253
1757531439968 139197000849.18335 254
1757531440026 347257383607.6949 255
1757531440085 229703694473.8434 256
1757531440144 275022165238.7376 257
1757531440203 335526484914.6881 258
1757531440261 194712057293.0627 259
1757531440319 416088132871.14655 260
1757531440378 88036575654.63199 261
1757531440436 438318066442.0704 262
1757531440497 291986111618.87823 263
1757531440557 199363962257.48532 264
1757531440615 433447030323.20123 265
1757531440673 134157736848.25461 266
1757531440732 161183680155.6804 267
1757531440790 514401619946.3502 268
1757531440848 463978158385.1918 269
1757531440907 161601764903.4003 270
1757531440965 142066039228.89197 271
1757531441023 297581664511.58246 272
1757531441081 116576283980.90344 273
1757531441140 361702941828.5775 274
1757531441199 273865603926.7745 275
1757531441257 221846177355.3888 276
1757531441316 50156517740.95738 277
1757531441374 304155276951.70575 278
1757531441433 550259351169.5265 279
1757531441498 117311057645.8574 280
1757531441565 148419948011.24994 281
1757531441625 138317183012.72253 282
1757531441682 333396578845.0264 283
1757531441742 374426716746.44794 284
1757531441800 145720231810.7149 285
1757531441861 372156830971.6827 286
1757531441921 119076577410.43832 287
1757531441979 130994255217.01616 288
1757531442039 69452561001.92162 289
1757531442099 239720563548.16953 290
1757531442159 70431323072.58777 291
1757531442217 347210079852.5223 292
1757531442275 309720885920.0705 293
1757531442334 70336568897.87454 294
1757531442392 154472076833.8684 295
1757531442451 290672420439.1415 296
1757531442510 331443533903.943 297
1757531442571 166232716617.42853 298
1757531442635 230002253571.1151 299
1757531442703 371233880549.22406 300
1757531442762 290958676243.0377 301
1757531442822 156206786295.6873 302
1757531442882 478064625738.62885 303
1757531442941 187096888098.7662 304
1757531442999 97831359351.6146 305
1757531443058 383627075871.1595 306
1757531443117 94339329015.82803 307
1757531443177 669472677400.2473 308
1757531443238 303605954801.76227 309
1757531443300 232102049063.66916 310
1757531443360 295522270127.6696 311
1757531443419 429930305809.6672 312
1757531443479 88828842062.85667 313
1757531443539 376609778813.9834 314
1757531443598 456209558502.7771 315
1757531443656 132404534333.3318 316
1757531443715 137322361870.0171 317
1757531443774 548559636027.9221 318
1757531443833 262412451643.7129 319
1757531443893 424781430230.14105 320
1757531443952 156812105877.2545 321
1757531444011 123484153587.31706 322
1757531444075 64908447899.36515 323
1757531444139 273985772595.22482 324
1757531444199 190430735580.8249 325
1757531444260 162044795048.03592 326
1757531444319 387733159813.84705 327
1757531444379 101649056903.35587 328
1757531444438 127105600923.19727 329
1757531444499 100850430183.93668 330
1757531444558 300427312544.16077 331
1757531444619 101567728654.07439 332
1757531444681 137637109773.9595 333
1757531444744 232546030689.3283 334
1757531444802 277042314191.266 335
1757531444862 342532478431.928 336
1757531444922 704980007908.6827 337
1757531444981 97505536869.81349 338
1757531445043 108318278787.88467 339
1757531445105 186045736843.2377 340
1757531445164 156897240114.02304 341
1757531445225 391378634249.58966 342
1757531445284 535796364508.62585 343
1757531445345 145894499888.22394 344
1757531445404 314917242782.63776 345
1757531445474 113073283144.47667 346
1757531445536 116293300886.38562 347
1757531445597 163006141296.1872 348
1757531445657 196046747671.66708 349
1757531445718 359627667825.9263 350
1757531445777 118715068277.62299 351
1757531445838 296932773241.20233 352
1757531445898 345495803494.09845 353
1757531445958 169337415412.48978 354
1757531446017 114206552568.17523 355
1757531446075 94297738851.47107 356
1757531446135 132203775272.91792 357
1757531446195 169750303844.28442 358
1757531446255 62672023610.44232 359
1757531446315 142752346299.35638 360
1757531446374 174054526236.6859 361
1757531446435 295368375277.9983 362
1757531446495 107866711362.61816 363
1757531446556 151055096399.04874 364
1757531446616 290491613155.2696 365
1757531446676 373555216236.52893 366
1757531446737 150386192470.13834 367
1757531446799 205400462705.92026 368
1757531446858 311944411877.579 369
1757531446920 196702150858.6571 370
1757531446981 199757703419.84024 371
1757531447041 114008694221.14946 372
1757531447102 142894107138.30725 373
1757531447163 117688039904.30176 374
1757531447223 71070097192.38678 375
1757531447283 494485505351.8371 376
1757531447344 230094692185.9933 377
1757531447407 116946902701.35965 378
1757531447468 323817189026.84827 379
1757531447528 224374688994.23685 380
1757531447590 82997398090.65947 381
1757531447653 139917251307.24017 382
1757531447714 296709853925.10876 383
1757531447775 353776028306.44586 384
1757531447836 311525513732.2095 385
1757531447897 153311178623.2049 386
1757531447957 131171932079.86052 387
1757531448017 458989362209.50024 388
1757531448077 172528484340.61255 389
1757531448152 169829328147.238 390
1757531448214 397726570124.10626 391
1757531448275 348023608778.7106 392
1757531448336 814877208756.6671 393
1757531448399 506993394908.15717 394
1757531448460 90324673596.35689 395
1757531448522 292465318720.3551 396
1757531448583 152661087940.85446 397
1757531448643 149476926225.98462 398
1757531448702 162512651494.5742 399
1757531448764 256478723867.58344 400
1757531448827 193957281939.7146 401
1757531448891 367351577415.889 402
1757531448952 176352964633.78912 403
1757531449012 215476345532.7131 404
1757531449072 150906294325.88818 405
1757531449133 171907061562.5423 406
1757531449194 501388934720.26373 407
1757531449255 175217399671.05334 408
1757531449315 529374142083.96295 409
1757531449376 393383673351.3035 410
1757531449437 317905022729.7621 411
1757531449497 380219236461.43304 412
1757531449558 110682702619.13792 413
1757531449621 223766052138.7207 414
1757531449683 202005245682.0123 415
1757531449742 621992308401.4929 416
1757531449803 172544941901.5665 417
1757531449864 140367262359.22113 418
1757531449925 217114324409.65894 419
1757531449986 101096439666.91188 420
1757531450048 377180111314.6291 421
1757531450109 122348515192.06445 422
1757531450168 80707704100.34184 423
1757531450231 312049441860.9091 424
1757531450291 416640577243.35803 425
1757531450351 138082354210.0711 426
1757531450414 228381159449.81824 427
1757531450475 85800586363.5409 428
1757531450535 290578844966.1475 429
1757531450597 186735885772.21576 430
1757531450657 443369988388.5023 431
1757531450718 127437602994.11606 432
1757531450779 324072543942.5976 433
1757531450840 175101082084.80038 434
1757531450903 360576819550.9008 435
1757531450976 281951714736.9706 436
1757531451037 92627581586.61948 437
1757531451099 400667433980.57666 438
1757531451160 317815255543.3837 439
1757531451223 120699300044.49638 440
1757531451285 491304565830.01807 441
1757531451347 306467615719.6029 442
1757531451407 135294724698.32303 443
1757531451468 137508482098.4969 444
1757531451541 299602927464.90717 445
1757531451604 213328900765.22678 446
1757531451664 90696199287.4555 447
1757531451729 114065779243.64503 448
1757531451790 141866416589.43304 449
1757531451851 275561219732.5253 450
1757531451912 105927270746.16551 451
1757531451973 178829956222.70016 452
1757531452035 687247081002.527 453
1757531452096 303190678865.9698 454
1757531452159 84082750795.96057 455
1757531452220 107847857104.79033 456
1757531452283 126844245053.58885 457
1757531452345 126517193618.25641 458
1757531452406 154568672679.3643 459
1757531452466 278137971281.7509 460
1757531452529 207758689485.26605 461
1757531452593 397879466024.00745 462
1757531452655 193134978304.8531 463
1757531452719 183977270371.19235 464
1757531452780 560864397289.9753 465
1757531452843 229221476064.14105 466
1757531452906 451562322779.65283 467
1757531452969 471562069246.6892 468
1757531453036 261672548638.23657 469
1757531453099 130100666223.91673 470
1757531453161 160514819806.09665 471
1757531453223 272870122155.6547 472
1757531453285 461679520884.7563 473
1757531453349 347335745953.80194 474
1757531453410 248023033330.90616 475
1757531453472 474501371443.6617 476
1757531453534 380555295914.9076 477
1757531453597 493304505009.5822 478
1757531453659 255721106710.2758 479
1757531453723 246183471369.49112 480
1757531453798 279204534967.09766 481
1757531453861 174785749926.37137 482
1757531453926 525546967265.76135 483
1757531453989 127305680899.39891 484
1757531454055 497187603938.00006 485
1757531454122 287175185850.4965 486
1757531454187 134093789129.23889 487
1757531454251 314624638358.0111 488
1757531454312 76672816399.36867 489
1757531454375 348598057194.0241 490
1757531454439 93508209619.4044 491
1757531454502 307867028013.7968 492
1757531454567 156055000943.6284 493
1757531454629 822703942249.8925 494
1757531454691 214125857379.42987 495
1757531454752 473565042754.48834 496
1757531454814 235212724884.8121 497
1757531454876 93992724978.41344 498
1757531454938 235110761181.449 499
