1757589432584 1064044846345.8702 0
1757589432680 823654142985.4987 1
1757589432778 582891884999.1658 2
1757589432874 424490259115.447 3
1757589432969 342609489583.52374 4
1757589433047 304397470956.51666 5
1757589433114 284171317322.8771 6
1757589433184 270676827062.53925 7
1757589433256 260205895884.37512 8
1757589433344 251841507439.49817 9
1757589433415 245191627038.50922 10
1757589433485 239732544318.90576 11
1757589433561 235009351699.96002 12
1757589433652 230729652723.09177 13
1757589433742 226744393275.26877 14
1757589433842 222997348022.16077 15
1757589433937 219466652737.95663 16
1757589434034 216137552809.92044 17
1757589434150 212995175743.47824 18
1757589434243 210023859514.04837 19
1757589434337 207208877047.87332 20
1757589434432 204537178230.0895 21
1757589434523 201997282788.71042 22
1757589434599 199579023810.74786 23
1757589434669 197273268309.42334 24
1757589434739 195071741397.1926 25
1757589434809 192966926481.94894 26
1757589434884 190951985798.6683 27
1757589434959 189020692787.3842 28
1757589435028 187167368760.1508 29
1757589435114 185386825410.31628 30
1757589435204 183674314359.05707 31
1757589435294 182025483146.21252 32
1757589435387 180436336769.12173 33
1757589435477 178903203831.5674 34
1757589435570 177422706431.7404 35
1757589435643 175991733264.01743 36
1757589435718 174607415520.66678 37
1757589435785 173267105251.84122 38
1757589435853 171968355901.34717 39
1757589435918 170708904764.86523 40
1757589435989 169486657151.14865 41
1757589436055 168299672056.80746 42
1757589436142 167146149189.7744 43
1757589436236 166024417198.28836 44
1757589436329 164932923031.79276 45
1757589436419 163870222089.60025 46
1757589436512 162834969492.48752 47
1757589436599 161825911946.71008 48
1757589436674 160841880435.72308 49
1757589436737 159881783536.93735 50
1757589436808 158944601216.00507 51
1757589436879 158029379331.34436 52
1757589436953 157135224369.4588 53
1757589437019 156261298848.06207 54
1757589437097 155406817015.52493 55
1757589437193 154571040913.34094 56
1757589437287 153753276767.8215 57
1757589437380 152952871681.17792 58
1757589437477 152169210604.90942 59
1757589437569 151401713528.1537 60
1757589437644 150649832934.4796 61
1757589437707 149913051507.95844 62
1757589437775 149190879816.26913 63
1757589437843 148482854429.87222 64
1757589437910 147788536082.6294 65
1757589437981 147107507981.9233 66
1757589438054 146439374253.96637 67
1757589438136 145783758512.10886 68
1757589438231 145140302537.45422 69
1757589438320 144508665062.23764 70
1757589438409 143888520647.358 71
1757589438501 143279558683.41632 72
1757589438592 142681482338.14526 73
1757589438667 142094007741.5903 74
1757589438739 141516863163.3077 75
1757589438806 140949788253.65686 76
1757589438874 140392533342.86176 77
1757589438943 139844858792.61453 78
1757589439007 139306534420.9963 79
1757589439074 138777338882.77615 80
1757589439148 138257059198.1136 81
1757589439240 137745490270.74332 82
1757589439337 137242434442.02568 83
1757589439428 136747701077.35458 84
1757589439519 136261106182.04108 85
1757589439610 135782472044.19978 86
1757589439687 135311626902.45087 87
1757589439758 134848404636.4735 88
1757589439830 134392644478.62625 89
1757589439896 133944190745.00792 90
1757589439970 133502892584.4667 91
1757589440043 133068603744.19157 92
1757589440113 132641182350.62944 93
1757589440205 132220490704.57425 94
1757589440298 131806395089.36623 95
1757589440390 131398765591.22571 96
1757589440482 130997475930.82222 97
1757589440573 130602403305.25261 98
1757589440662 130213428239.66585 99
1757589440735 129830434447.83403 100
1757589440806 129453308701.0223 101
1757589440873 129081940704.5631 102
1757589440969 128716222981.58496 103
1757589441040 128356050763.39003 104
1757589441108 128001321947.39673 105
1757589441188 127651936844.11465 106
1757589441284 127307798195.0912 107
1757589441375 126968811118.2241 108
1757589441466 126634882918.23875 109
1757589441565 126305923078.69733 110
1757589441692 125981843209.41917 111
1757589441821 125662556902.19995 112
1757589441953 125347979712.02582 113
1757589442080 125038029088.92947 114
1757589442208 124732624315.13803 115
1757589442329 124431686446.21373 116
1757589442449 124135138255.45288 117
1757589442571 123842904181.09843 118
1757589442692 123554910276.0719 119
1757589442813 123271084160.00958 120
1757589442936 122991354973.4346 121
1757589443057 122715653333.92181 122
1757589443182 122443911294.13 123
1757589443302 122176062301.59 124
1757589443426 121912041160.14479 125
1757589443550 121651783992.94751 126
1757589443669 121395228206.92921 127
1757589443786 121142312458.65518 128
1757589443908 120892976621.4934 129
1757589444032 120647161754.0251 130
1757589444203 120404810069.63072 131
1757589444334 120165864907.1902 132
1757589444461 119930270702.83977 133
1757589444584 119697972962.73148 134
1757589444702 119468918236.74516 135
1757589444823 119243054093.1057 136
1757589444944 119020329093.86125 137
1757589445061 118800692771.18141 138
1757589445184 118584095604.43617 139
1757589445303 118370488998.01929 140
1757589445428 118159825259.88193 141
1757589445547 117952057580.74435 142
1757589445675 117747140013.95541 143
1757589445794 117545027455.97108 144
1757589445915 117345675627.42595 145
1757589446038 117149041054.77115 146
1757589446161 116955081052.45645 147
1757589446288 116763753705.63216 148
1757589446411 116575017853.35138 149
1757589446527 116388833072.2511 150
1757589446651 116205159660.694 151
1757589446772 116023958632.30592 152
1757589446893 115845191678.92271 153
1757589447012 115668821171.18639 154
1757589447133 115494810143.32288 155
1757589447258 115323122311.27994 156
1757589447381 115153721977.36218 157
1757589447500 114986574074.5863 158
1757589447621 114821644149.678 159
1757589447744 114658898348.52272 160
1757589447871 114498303402.99637 161
