1757572456695 677517073059.0112 0
1757572457376 276099628333662.06 1
1757572458053 1.451057066393683e+18 2
1757572458749 2.5942754410388773e+22 3
1757572459442 8.25684522780008e+24 4
1757572460140 3.203505391433914e+29 5
1757572460845 4.4527506841487865e+32 6
1757572461535 2.8882758054893415e+37 7
1757572462188 5.116370527209096e+39 8
1757572462867 5.782158426195043e+41 9
1757572463536 1.0070410269209507e+46 10
1757572464179 6.847976702241923e+50 11
1757572464763 7.5676708644248395e+53 12
1757572465438 1.1299854124688844e+57 13
1757572466012 4.395461458840068e+60 14
1757572466649 2.1732360984993015e+63 15
1757572467187 2.3736336224284508e+69 16
1757572467799 3.267602224666734e+72 17
1757572468363 1.6200895906204963e+75 18
1757572468979 9.408385341986586e+79 19
1757572469604 3.405842737588657e+79 20
1757572470270 1.1141353784545753e+88 21
1757572470931 1.4467435859129467e+88 22
1757572471583 4.183757400529632e+91 23
1757572472162 7.408074522430154e+95 24
1757572472835 6.688395360308994e+97 25
1757572473514 1.4723130278203965e+103 26
1757572474194 3.4206381535101264e+107 27
1757572474869 2.1656109823762755e+109 28
1757572475551 2.0283939270973618e+113 29
1757572476226 1.8581955746363724e+116 30
1757572476899 6.31215408954223e+120 31
1757572477573 1.3346192627932249e+122 32
1757572478247 2.685480580652221e+128 33
1757572478924 4.953818045343846e+132 34
1757572479598 1.3294328262292393e+135 35
1757572480271 5.400191419247139e+139 36
1757572480949 1.0899636857815288e+142 37
1757572481632 4.203602972217398e+142 38
1757572482306 1.9847964081155517e+146 39
1757572482856 6.149646355557471e+151 40
1757572483543 1.60713797675257e+155 41
1757572484147 1.1444591750517347e+160 42
1757572484765 9.378214851469444e+162 43
1757572485434 3.191023925057738e+169 44
1757572486086 2.1456496815382825e+169 45
1757572486648 7.217925401079645e+174 46
1757572487248 1.5177652253591678e+179 47
1757572487839 3.3254252427067445e+178 48
1757572488464 1.9901393256333933e+183 49
1757572489030 2.0124854609435727e+188 50
1757572489705 1.0285534904778796e+192 51
1757572490310 1.688276807478673e+194 52
1757572490908 1.611516645594679e+198 53
1757572491543 1.3011877281817288e+202 54
1757572492222 3.6506695458810466e+206 55
1757572492876 2.5443102145635296e+209 56
1757572493514 8.746719859456768e+213 57
1757572494043 9.645622077183411e+216 58
1757572494603 9.201038215922054e+218 59
1757572495168 2.865074407498983e+223 60
1757572495846 6.9070443117284485e+227 61
1757572496524 1.929338402945308e+231 62
1757572497094 2.2498972859037218e+234 63
1757572497735 3.1104127914877903e+237 64
1757572498318 1.7657016414201862e+242 65
1757572498953 1.2211867103579065e+246 66
1757572499612 1.233449775764264e+248 67
1757572500169 5.558063594805252e+251 68
1757572500830 7.036343207433398e+251 69
1757572501496 1.0976408084939915e+260 70
1757572502121 1.818714330796314e+263 71
1757572502791 2.5722525573431736e+264 72
1757572503387 9.705553841602103e+269 73
1757572503954 1.0855687936524942e+273 74
1757572504509 6.553061553785198e+275 75
1757572505157 3.5771920002619554e+279 76
1757572505801 1.0317409548852507e+283 77
1757572506378 1.3003617190474165e+288 78
1757572507061 1.286926432398898e+292 79
1757572507749 8.090160704027245e+295 80
1757572508362 8.375160899099844e+298 81
1757572508988 1.383348035550104e+303 82
1757572509623 7.058638654468525e+304 83
