1757584542070 1064046926229.5626 0
1757584542132 1061920479283.1768 1
1757584542201 1058740568436.3068 2
1757584542272 1055046492146.9076 3
1757584542339 1051108526730.9089 4
1757584542407 1047061888837.1447 5
1757584542471 1042974127770.9229 6
1757584542536 1038878925247.65 7
1757584542600 1034793021368.9597 8
1757584542661 1030724684180.8097 9
1757584542733 1026677946100.9 10
1757584542799 1022654722540.4615 11
1757584542864 1018655871310.7263 12
1757584542927 1014681722343.0588 13
1757584543000 1010732342546.1647 14
1757584543062 1006807668226.9373 15
1757584543132 1002907571291.9624 16
1757584543222 999031892339.1377 17
1757584543288 995180457194.368 18
1757584543349 991353085170.8733 19
1757584543419 987549593189.9038 20
1757584543482 983769797832.2448 21
1757584543551 980013516355.2181 22
1757584543619 976280567192.5225 23
1757584543676 972570770195.5883 24
1757584543741 968883946745.7814 25
1757584543805 965219919802.1228 26
1757584543872 961578513916.8561 27
1757584543939 957959555235.0297 28
1757584544007 954362871486.1714 29
1757584544075 950788291972.101 30
1757584544142 947235647552.8943 31
1757584544204 943704770632.0104 32
1757584544271 940195495141.0841 33
1757584544338 936707656524.6354 34
1757584544406 933241091724.819 35
1757584544473 929795639166.2764 36
1757584544536 926371138741.1194 37
1757584544601 922967431794.0596 38
1757584544670 919584361107.6901 39
1757584544735 916221770887.9213 40
1757584544800 912879506749.5702 41
1757584544869 909557415702.1049 42
1757584544938 906255346135.5397 43
1757584545005 902973147806.4824 44
1757584545070 899710671824.3304 45
1757584545138 896467770637.6166 46
1757584545204 893244298020.4966 47
1757584545265 890040109059.3868 48
1757584545333 886855060139.7415 49
1757584545410 883689008932.9714 50
1757584545472 880541814383.5055 51
1757584545544 877413336695.9869 52
1757584545607 874303437322.6089 53
1757584545673 871211978950.5845 54
1757584545742 868138825489.751 55
1757584545811 865083842060.3062 56
1757584545872 862046894980.6757 57
1757584545941 859027851755.5101 58
1757584546013 856026581063.8097 59
1757584546097 853042952747.1761 60
1757584546161 850076837798.1901 61
1757584546231 847128108348.9105 62
1757584546301 844196637659.5 63
1757584546369 841282300106.9677 64
1757584546436 838384971174.0347 65
1757584546495 835504527438.1167 66
1757584546561 832640846560.424 67
1757584546629 829793807275.1783 68
1757584546693 826963289378.9431 69
1757584546763 824149173720.0681 70
1757584546830 821351342188.2451 71
1757584546896 818569677704.1769 72
1757584546964 815804064209.3528 73
1757584547028 813054386655.9352 74
1757584547096 810320530996.7521 75
1757584547166 807602384175.3972 76
1757584547233 804899834116.4324 77
1757584547299 802212769715.6975 78
1757584547370 799541080830.72 79
1757584547437 796884658271.2272 80
1757584547505 794243393789.76 81
1757584547574 791617180072.3833 82
1757584547642 789005910729.4988 83
1757584547705 786409480286.7496 84
1757584547777 783827784176.027 85
1757584547842 781260718726.5668 86
1757584547909 778708181156.1431 87
1757584547973 776170069562.3556 88
1757584548043 773646282914.0049 89
1757584548117 771136721042.5626 90
1757584548185 768641284633.731 91
1757584548249 766159875219.089 92
1757584548316 763692395167.83 93
1757584548379 761238747678.5835 94
1757584548447 758798836771.3246 95
1757584548509 756372567279.3688 96
1757584548575 753959844841.4496 97
1757584548643 751560575893.8805 98
1757584548707 749174667662.8009 99
1757584548776 746802028156.499 100
1757584548840 744442566157.821 101
1757584548904 742096191216.6555 102
1757584548973 739762813642.4991 103
1757584549040 737442344497.1003 104
1757584549107 735134695587.1783 105
1757584549176 732839779457.22 106
1757584549241 730557509382.3529 107
1757584549306 728287799361.2914 108
1757584549372 726030564109.3567 109
1757584549444 723785719051.571 110
1757584549508 721553180315.8241 111
1757584549584 719332864726.1097 112
1757584549655 717124689795.8334 113
1757584549722 714928573721.1919 114
1757584549805 712744435374.619 115
1757584549866 710572194298.3016 116
1757584549933 708411770697.7627 117
1757584550000 706263085435.512 118
1757584550068 704126060024.7616 119
1757584550136 702000616623.2084 120
1757584550202 699886678026.8805 121
1757584550267 697784167664.0474 122
1757584550335 695693009589.1951 123
1757584550401 693613128477.0612 124
1757584550472 691544449616.7352 125
1757584550538 689486898905.8175 126
1757584550607 687440402844.6406 127
1757584550672 685404888530.5497 128
1757584550733 683380283652.2416 129
1757584550801 681366516484.1656 130
1757584550868 679363515880.9786 131
1757584550935 677371211272.0597 132
1757584551018 675389532656.0814 133
1757584551086 673418410595.637 134
1757584551157 671457776211.9232 135
1757584551227 669507561179.478 136
1757584551304 667567697720.9725 137
1757584551387 665638118602.058 138
1757584551455 663718757126.2634 139
1757584551526 661809547129.9498 140
1757584551594 659910422977.3118 141
1757584551661 658021319555.4341 142
1757584551732 656142172269.398 143
1757584551799 654272917037.4381 144
1757584551866 652413490286.1489 145
1757584551936 650563828945.7415 146
1757584552011 648723870445.3463 147
1757584552077 646893552708.3689 148
1757584552143 645072814147.8889 149
1757584552211 643261593662.1084 150
1757584552285 641459830629.847 151
1757584552353 639667464906.0823 152
1757584552421 637884436817.5369 153
1757584552486 636110687158.31 154
1757584552551 634346157185.5546 155
1757584552620 632590788615.1969 156
1757584552692 630844523617.7025 157
1757584552760 629107304813.8834 158
1757584552824 627379075270.749 159
1757584552887 625659778497.399 160
1757584552958 623949358440.9587 161
1757584553022 622247759482.5554 162
1757584553093 620554926433.3353 163
1757584553169 618870804530.523 164
1757584553241 617195339433.5176 165
1757584553305 615528477220.0331 166
1757584553371 613870164382.2733 167
1757584553439 612220347823.1495 168
1757584553512 610578974852.5343 169
1757584553580 608945993183.5537 170
1757584553645 607321350928.9181 171
1757584553714 605704996597.2897 172
1757584553784 604096879089.6855 173
1757584553854 602496947695.9194 174
1757584553923 600905152091.078 175
1757584553994 599321442332.0326 176
1757584554055 597745768853.9877 177
1757584554132 596178082467.0626 178
1757584554205 594618334352.9089 179
1757584554270 593066476061.3613 180
1757584554340 591522459507.1222 181
1757584554411 589986236966.4806 182
1757584554480 588457761074.0634 183
1757584554549 586936984819.6185 184
1757584554613 585423861544.8325 185
1757584554678 583918344940.1781 186
1757584554743 582420389041.7949 187
1757584554807 580929948228.4003 188
1757584554880 579446977218.232 189
1757584554941 577971431066.0216 190
1757584555009 576503265159.9971 191
1757584555079 575042435218.9169 192
1757584555155 573588897289.1328 193
1757584555223 572142607741.6825 194
1757584555295 570703523269.4113 195
1757584555364 569271600884.1218 196
1757584555430 567846797913.7537 197
1757584555507 566429071999.5894 198
1757584555574 565018381093.4899 199
1757584555642 563614683455.1564 200
1757584555714 562217937649.4203 201
1757584555805 560828102543.5592 202
1757584555887 559445137304.6405 203
1757584555963 558069001396.891 204
1757584556026 556699654579.092 205
1757584556090 555337056902.0023 206
1757584556159 553981168705.8033 207
1757584556226 552631950617.573 208
1757584556294 551289363548.7825 209
1757584556374 549953368692.8188 210
1757584556445 548623927522.5316 211
1757584556515 547301001787.80334 212
1757584556579 545984553513.1447 213
1757584556647 544674544995.3134 214
1757584556726 543370938800.9561 215
1757584556794 542073697764.2735 216
1757584556862 540782784984.7092 217
1757584556928 539498163824.66016 218
1757584557003 538219797907.2109 219
1757584557070 536947651113.8886 220
1757584557135 535681687582.44165 221
1757584557205 534421871704.63904 222
1757584557275 533168168124.0911 223
1757584557339 531920541734.09283 224
1757584557408 530678957675.4872 225
1757584557473 529443381334.5494 226
1757584557548 528213778340.8927 227
1757584557615 526990114565.3935 228
1757584557688 525772356118.13776 229
1757584557758 524560469346.3865 230
1757584557825 523354420832.5615 231
1757584557900 522154177392.2516 232
1757584557971 520959706072.23584 233
1757584558041 519770974148.5291 234
1757584558111 518587949124.4435 235
1757584558177 517410598728.6714 236
1757584558253 516238890913.3848 237
1757584558322 515072793852.3549 238
1757584558391 513912275939.0881 239
1757584558460 512757305784.9819 240
1757584558533 511607852217.4968 241
1757584558608 510463884278.34766 242
1757584558680 509325371221.71075 243
1757584558752 508192282512.4493 244
1757584558822 507064587824.35596 245
1757584558893 505942257038.4116 246
1757584558964 504825260241.0615 247
1757584559030 503713567722.50775 248
1757584559102 502607149975.01764 249
1757584559172 501505977691.24976 250
1757584559249 500410021762.59454 251
1757584559314 499319253277.5311 252
1757584559378 498233643520.0005 253
1757584559444 497153163967.7936 254
1757584559517 496077786290.95514 255
1757584559584 495007482350.2024 256
1757584559649 493942224195.35944 257
1757584559718 492881984063.8059 258
1757584559784 491826734378.9406 259
1757584559855 490776447748.66003 260
1757584559922 489731096963.851 261
1757584559992 488690654996.898 262
1757584560070 487655095000.204 263
1757584560144 486624390304.7255 264
1757584560211 485598514418.5229 265
1757584560280 484577441025.32196 266
1757584560362 483561143983.0905 267
1757584560435 482549597322.6292 268
1757584560506 481542775246.17346 269
1757584560575 480540652126.01056 270
1757584560649 479543202503.1089 271
1757584560724 478550401085.76013 272
1757584560801 477562222748.23425 273
1757584560870 476578642529.4471 274
1757584560941 475599635631.64075 275
1757584561010 474625177419.0761 276
1757584561081 473655243416.7369 277
1757584561154 472689809309.04803 278
1757584561235 471728850938.60284 279
1757584561310 470772344304.9051 280
1757584561391 469820265563.12067 281
1757584561460 468872591022.84235 282
1757584561544 467929297146.8648 283
1757584561622 466990360549.97217 284
1757584561689 466055757997.73584 285
1757584561763 465125466405.3246 286
1757584561832 464199462836.32434 287
1757584561902 463277724501.57007 288
1757584561972 462360228757.988 289
1757584562039 461446953107.4483 290
1757584562109 460537875195.62897 291
1757584562176 459632972810.8896 292
1757584562247 458732223883.1562 293
1757584562315 457835606482.8153 294
1757584562382 456943098819.61957 295
1757584562448 456054679241.602 296
1757584562519 455170326234.00134 297
1757584562598 454290018418.1969 298
1757584562670 453413734550.65247 299
1757584562742 452541453521.8715 300
1757584562818 451673154355.3601 301
1757584562882 450808816206.6005 302
1757584562962 449948418362.0336 303
1757584563032 449091940238.0514 304
1757584563100 448239361379.9972 305
1757584563176 447390661461.1764 306
1757584563245 446545820281.8755 307
1757584563316 445704817768.39014 308
1757584563388 444867633972.0621 309
1757584563455 444034249068.3248 310
1757584563519 443204643355.75745 311
1757584563594 442378797255.14844 312
1757584563664 441556691308.56573 313
1757584563738 440738306178.43744 314
1757584563806 439923622646.6391 315
1757584563871 439112621613.59015 316
1757584563942 438305284097.3584 317
1757584564010 437501591232.77203 318
1757584564081 436701524270.54004 319
1757584564167 435905064576.3806 320
1757584564240 435112193630.157 321
1757584564307 434322893025.02136 322
1757584564379 433537144466.56586 323
1757584564449 432754929771.98224 324
1757584564520 431976230869.22784 325
1757584564594 431201029796.1997 326
1757584564663 430429308699.9154 327
1757584564732 429661049835.7023 328
1757584564802 428896235566.39294 329
1757584564874 428134848361.5277 330
1757584564946 427376870796.56506 331
1757584565014 426622285552.0984 332
1757584565083 425871075413.0796 333
1757584565171 425123223268.05054 334
1757584565246 424378712108.3794 335
1757584565316 423637525027.506 336
1757584565392 422899645220.19196 337
1757584565460 422165055981.7783 338
1757584565529 421433740707.4494 339
1757584565602 420705682891.5035 340
1757584565671 419980866126.62946 341
1757584565740 419259274103.19006 342
1757584565808 418540890608.5107 343
1757584565878 417825699526.17596 344
1757584565950 417113684835.3306 345
1757584566016 416404830609.98785 346
1757584566084 415699121018.3429 347
1757584566159 414996540322.0929 348
1757584566228 414297072875.7627 349
1757584566300 413600703126.036 350
1757584566378 412907415611.09344 351
1757584566451 412217194959.9549 352
1757584566520 411530025891.8285 353
1757584566595 410845893215.4653 354
1757584566670 410164781828.5186 355
1757584566740 409486676716.9098 356
1757584566813 408811562954.1994 357
1757584566883 408139425700.9626 358
1757584566953 407470250204.17163 359
1757584567021 406804021796.5827 360
1757584567097 406140725896.12726 361
1757584567161 405480348005.3104 362
1757584567244 404822873710.6128 363
1757584567323 404168288681.89874 364
1757584567408 403516578671.82806 365
1757584567481 402867729515.27454 366
1757584567551 402221727128.748 367
1757584567626 401578557509.82196 368
1757584567699 400938206736.56573 369
1757584567778 400300660966.9822 370
1757584567858 399665906438.4486 371
1757584567930 399033929467.1644 372
1757584568005 398404716447.60156 373
1757584568077 397778253851.96075 374
1757584568152 397154528229.63196 375
1757584568228 396533526206.6591 376
1757584568298 395915234485.2101 377
1757584568369 395299639843.0499 378
1757584568441 394686729133.0199 379
1757584568510 394076489282.51935 380
1757584568589 393468907292.99365 381
1757584568655 392863970239.42444 382
1757584568726 392261665269.826 383
1757584568803 391661979604.74426 384
1757584568869 391064900536.7612 385
1757584568942 390470415430.00244 386
1757584569015 389878511719.6494 387
1757584569085 389289176911.4552 388
1757584569156 388702398581.2653 389
1757584569225 388118164374.5406 390
1757584569292 387536462005.886 391
1757584569362 386957279258.58246 392
1757584569438 386380603984.1217 393
1757584569511 385806424101.7471 394
1757584569588 385234727597.9952 395
1757584569654 384665502526.2443 396
1757584569723 384098737006.26434 397
1757584569795 383534419223.7713 398
1757584569867 382972537429.9856 399
1757584569938 382413079941.193 400
1757584570014 381856035138.3105 401
1757584570085 381301391466.45447 402
1757584570160 380749137434.51337 403
1757584570233 380199261614.72266 404
1757584570307 379651752642.2448 405
1757584570375 379106599214.7507 406
1757584570449 378563790092.00665 407
1757584570519 378023314095.46277 408
1757584570594 377485160107.8454 409
1757584570665 376949317072.7536 410
1757584570738 376415773994.2576 411
1757584570815 375884519936.50104 412
1757584570882 375355544023.3066 413
1757584570955 374828835437.7842 414
1757584571028 374304383421.9432 415
1757584571103 373782177276.30646 416
1757584571174 373262206359.52924 417
1757584571243 372744460088.0188 418
1757584571318 372228927935.55927 419
1757584571407 371715599432.938 420
1757584571474 371204464167.5757 421
1757584571554 370695511783.1587 422
1757584571639 370188731979.2752 423
1757584571730 369684114511.05365 424
1757584571814 369181649188.80347 425
1757584571886 368681325877.6601 426
1757584571958 368183134497.23145 427
1757584572025 367687065021.2476 428
1757584572098 367193107477.21387 429
1757584572170 366701251946.06525 430
1757584572244 366211488561.8249 431
1757584572314 365723807511.2643 432
1757584572391 365238199033.56647 433
1757584572462 364754653419.9922 434
1757584572532 364273161013.54803 435
1757584572606 363793712208.65753 436
1757584572679 363316297450.8344 437
1757584572746 362840907236.3592 438
1757584572814 362367532111.95715 439
1757584572888 361896162674.47974 440
1757584572958 361426789570.5878 441
1757584573028 360959403496.438 442
1757584573103 360493995197.37054 443
1757584573172 360030555467.6 444
1757584573242 359569075149.909 445
1757584573315 359109545135.343 446
1757584573393 358651956362.90826 447
1757584573468 358196299819.27185 448
1757584573545 357742566538.4643 449
1757584573621 357290747601.5838 450
1757584573695 356840834136.50336 451
1757584573767 356392817317.5797 452
1757584573839 355946688365.36456 453
1757584573913 355502438546.3186 454
1757584573992 355060059172.5259 455
1757584574099 354619541601.41327 456
1757584574167 354180877235.4686 457
1757584574243 353744057521.9643 458
1757584574313 353309073952.68005 459
1757584574381 352875918063.6301 460
1757584574449 352444581434.7906 461
1757584574527 352015055689.83044 462
1757584574602 351587332495.843 463
1757584574672 351161403563.08093 464
1757584574742 350737260644.6921 465
1757584574822 350314895536.4574 466
1757584574896 349894300076.5317 467
1757584574966 349475466145.1852 468
1757584575040 349058385664.54767 469
1757584575114 348643050598.35425 470
1757584575187 348229452951.6933 471
1757584575261 347817584770.75586 472
1757584575334 347407438142.58704 473
1757584575415 346999005194.8393 474
1757584575491 346592278095.5278 475
1757584575567 346187249052.7866 476
1757584575638 345783910314.62836 477
1757584575708 345382254168.7034 478
1757584575783 344982272942.063 479
1757584575856 344583959000.9226 480
1757584575923 344187304750.42786 481
1757584575999 343792302634.4215 482
1757584576071 343398945135.2129 483
1757584576150 343007224773.34796 484
1757584576219 342617134107.382 485
1757584576290 342228665733.6538 486
1757584576360 341841812286.06085 487
1757584576430 341456566435.8366 488
1757584576507 341072920891.3296 489
1757584576586 340690868397.7834 490
1757584576662 340310401737.1189 491
1757584576734 339931513727.7181 492
1757584576809 339554197224.2086 493
1757584576880 339178445117.2504 494
1757584576949 338804250333.32446 495
1757584577019 338431605834.52185 496
1757584577096 338060504618.3352 497
1757584577169 337690939717.45123 498
1757584577245 337322904199.54474 499
