1757586980736 1019578345429.2609 0
1757586980822 4127091753118.8926 1
1757586980884 1.30204515145278e+16 2
1757586980953 5.274311546009346e+19 3
1757586981018 2.1365615980981067e+23 4
1757586981082 8.654959885922221e+26 5
1757586981144 3.5060225127270213e+30 6
1757586981204 1.420248507418405e+34 7
1757586981266 5.753259756610311e+37 8
1757586981326 2.330577899159193e+41 9
1757586981387 9.44089711542845e+44 10
1757586981448 3.824396445888425e+48 11
1757586981511 1.5492180453298182e+52 12
1757586981575 6.275700194617242e+55 13
1757586981636 2.542212379428755e+59 14
1757586981699 1.0298203517854638e+63 15
1757586981765 4.1716811920719064e+66 16
1757586981826 1.6898990137565258e+70 17
1757586981888 6.845582260989939e+73 18
1757586981952 2.773064905683869e+77 19
1757586982013 1.1233359965531195e+81 20
1757586982074 4.550502076476994e+84 21
1757586982136 1.843354901076761e+88 22
1757586982196 7.467214022137996e+91 23
1757586982257 3.024880624986744e+95 24
1757586982319 1.22534358440692e+99 25
1757586982380 4.963722824115679e+102 26
1757586982441 2.0107457686304576e+106 27
1757586982502 8.14529475018701e+109 28
1757586982563 3.299563157236576e+113 29
1757586982627 1.336614249391411e+117 30
1757586982688 5.414467208357397e+120 31
1757586982750 2.193337020290332e+124 32
1757586982812 8.88495044747997e+127 33
1757586982875 3.599188985727553e+131 34
1757586982935 1.457989150480487e+135 35
1757586982996 5.90614266532911e+138 36
1757586983058 2.3925089683777933e+142 37
1757586983120 9.691772596978415e+145 38
1757586983182 3.926023154480795e+149 39
1757586983244 1.5903858303820316e+153 40
1757586983317 6.4424660526854195e+156 41
1757586983382 2.6097672682379168e+160 42
1757586983444 1.0571860431498898e+164 43
1757586983508 4.282536391015205e+167 44
1757586983572 1.7348051517711194e+171 45
1757586983634 7.027491747473931e+174 46
1757586983700 2.846754300354411e+178 47
1757586983763 1.1531867041322907e+182 48
1757586983824 4.671423783998271e+185 49
1757586983886 1.8923388633868038e+189 50
1757586983948 7.665642295504021e+192 51
1757586984010 3.1052615860486556e+196 52
1757586984072 1.2579049668734124e+200 53
1757586984135 5.095625156971905e+203 54
1757586984198 2.064177853188967e+207 55
1757586984261 8.361741843915038e+210 56
1757586984322 3.3872433306200565e+214 57
1757586984384 1.3721324569688108e+218 58
1757586984445 5.558347292169932e+221 59
1757586984508 2.251621150965536e+225 60
1757586984570 9.121052609679869e+228 61
1757586984632 3.694831196308184e+232 62
1757586984695 1.4967326857345355e+236 63
1757586984757 6.063088172429913e+239 64
1757586984822 2.4560857484460335e+243 65
1757586984883 9.949314659730759e+246 66
1757586984948 4.030350416754122e+250 67
1757586985011 1.632647577986012e+254 68
1757586985074 6.613663424458028e+257 69
1757586985136 2.6791173111573164e+261 70
1757586985201 1.085278930342753e+265 71
1757586985267 4.396337374779296e+268 72
1757586985330 1.7809045925895926e+272 73
1757586985392 7.214235163346455e+275 74
1757586985455 2.9224018629985213e+279 75
1757586985517 1.1838306425397387e+283 76
1757586985593 4.795558776362447e+286 77
1757586985658 1.94262448961528e+290 78
1757586985722 7.869343456396018e+293 79
1757586985785 3.187778531865765e+297 80
1757586985848 1.291331611656228e+301 81
1757586985916 inf 82
1757586985987 inf 83
