1757542764972 1091398464580.2175 0
1757542765034 804571101946.2878 1
1757542765097 417777599447.523 2
1757542765163 1491594884568.7 3
1757542765224 1059967432699.9081 4
1757542765290 1101533729751.8354 5
1757542765353 789842702689.2859 6
1757542765420 866914992740.3376 7
1757542765488 801460022595.8523 8
1757542765548 386413873261.1569 9
1757542765615 893061351318.006 10
1757542765681 366601037251.459 11
1757542765746 299525532627.0148 12
1757542765811 1670347023754.4915 13
1757542765870 258401888695.22897 14
1757542765936 1149688791758.6265 15
1757542765996 1126341699475.353 16
1757542766063 642923426622.4347 17
1757542766130 1525356868179.5867 18
1757542766194 132838634180.51917 19
1757542766261 701608714851.3198 20
1757542766323 881195903847.7795 21
1757542766401 1470919224841.58 22
1757542766466 586640113689.1079 23
1757542766532 648706995017.2035 24
1757542766597 198337908687.96417 25
1757542766659 468392939844.3513 26
1757542766722 794304092061.5795 27
1757542766788 236671446658.5526 28
1757542766860 313237676427.99756 29
1757542766924 448883270458.4115 30
1757542766989 1033275751929.5118 31
1757542767074 1056907717410.8799 32
1757542767168 593334755769.3646 33
1757542767246 566451077484.8748 34
1757542767328 1238776522374.4802 35
1757542767388 475713287608.5788 36
1757542767454 1026078803141.7256 37
1757542767526 382661080658.0737 38
1757542767593 390606056098.4263 39
1757542767658 383187320199.5228 40
1757542767720 1509252089816.0715 41
1757542767789 697818204618.47 42
1757542767853 105099862457.19215 43
1757542767923 942588494036.139 44
1757542767984 834044846338.0155 45
1757542768053 711734729551.9756 46
1757542768120 272305299691.32013 47
1757542768184 400548213023.0738 48
1757542768247 500651022776.30865 49
1757542768315 291785823002.192 50
1757542768382 723446768189.1935 51
1757542768454 423919130167.47595 52
1757542768518 670354881092.3112 53
1757542768587 199542570474.00098 54
1757542768654 198451354527.27676 55
1757542768719 295046876108.95166 56
1757542768782 327560643166.122 57
1757542768849 560841303216.3854 58
1757542768925 200099698656.47852 59
1757542768988 501473739584.1434 60
1757542769047 405580836918.015 61
1757542769113 190594187877.65085 62
1757542769182 590173308455.2551 63
1757542769246 94127301846.5544 64
1757542769310 439185586687.4709 65
1757542769393 122915436163.03304 66
1757542769465 96523835591.11926 67
1757542769532 347118261961.57135 68
1757542769596 161274009540.70963 69
1757542769656 186365626533.91898 70
1757542769722 77949591826.37067 71
1757542769787 160667839349.99075 72
1757542769852 112073971301.87149 73
1757542769916 152280527229.5764 74
1757542769982 178653352330.18753 75
1757542770052 65216048646.50728 76
1757542770120 127667109120.03601 77
1757542770186 246519878539.12433 78
1757542770254 225200335616.0117 79
1757542770315 584144045994.8439 80
1757542770383 344979190651.035 81
1757542770466 495061027046.4454 82
1757542770542 130741444527.75156 83
1757542770610 447072357512.8622 84
1757542770677 283550761923.70825 85
1757542770742 211961170124.6018 86
1757542770810 123379829630.81033 87
1757542770875 360547600427.9606 88
1757542770942 672848007794.0781 89
1757542771024 362744357873.37933 90
1757542771087 118903333087.1539 91
1757542771156 368218351208.66 92
1757542771224 93986012972.63597 93
1757542771293 292696935075.90967 94
1757542771362 300428598929.6428 95
1757542771430 91090289697.17223 96
1757542771494 649369675109.3411 97
1757542771566 540602584555.89545 98
1757542771633 281769123114.90643 99
1757542771704 391380790578.79333 100
1757542771772 127163902656.542 101
1757542771841 276108403518.9448 102
1757542771908 324770792222.98065 103
1757542771974 356210477948.47375 104
1757542772040 277914767885.8882 105
1757542772102 307421499692.9087 106
1757542772168 78618237465.9582 107
1757542772248 357546764285.96674 108
1757542772311 274585776607.84863 109
1757542772392 83499348809.6045 110
1757542772474 541383759677.5949 111
1757542772564 177019623843.65323 112
1757542772630 363641480715.4837 113
1757542772696 103341461276.9261 114
1757542772761 184005468956.61447 115
1757542772830 486536943553.15857 116
1757542772896 187509538374.2717 117
1757542772961 178528820168.88312 118
1757542773035 343404590294.9736 119
1757542773115 555585880618.7614 120
1757542773177 255212733220.69925 121
1757542773239 83335639856.2737 122
1757542773314 452947058955.0067 123
1757542773380 183499331673.15186 124
1757542773453 227805619619.4551 125
1757542773520 276208345312.6055 126
1757542773596 500692709168.4295 127
1757542773667 922921053013.9944 128
1757542773739 319229495805.45605 129
1757542773819 80143028980.68706 130
1757542773893 193056016467.87042 131
1757542773975 282410601069.4105 132
1757542774050 325301941596.7791 133
1757542774130 697217124258.1316 134
1757542774206 85908768015.62155 135
1757542774280 633437278881.5815 136
1757542774354 244931616477.1122 137
1757542774445 282307058933.5076 138
1757542774516 107442856047.29362 139
1757542774584 298409686791.50604 140
1757542774656 264193836402.05847 141
1757542774733 344465259038.5529 142
1757542774807 303311117651.0236 143
1757542774893 366631491898.8524 144
1757542774967 103718535201.97734 145
1757542775041 69677490959.17133 146
1757542775114 119951250215.99777 147
1757542775206 730548302053.7013 148
1757542775287 374541546735.23553 149
1757542775362 350363627227.8678 150
1757542775424 257336058207.74716 151
1757542775503 767758406560.8682 152
1757542775570 94825969931.51025 153
1757542775641 109938649102.25752 154
1757542775710 52451766833.50936 155
1757542775780 147936397595.80206 156
1757542775841 116028367054.45486 157
1757542775908 67034458187.93439 158
1757542775971 56979800837.90028 159
1757542776040 289541467785.7083 160
1757542776111 227261801923.84494 161
1757542776178 202437561112.42764 162
1757542776243 425155136849.3017 163
1757542776308 687220122338.8324 164
1757542776377 307876107600.2823 165
1757542776442 482431855679.0949 166
1757542776515 390132218371.4624 167
1757542776582 375157159682.2773 168
1757542776651 329089191998.32245 169
1757542776723 155130118331.67035 170
1757542776788 135856479000.57765 171
1757542776855 54688225153.03086 172
1757542776923 207125886327.23068 173
1757542776993 100580895737.12738 174
1757542777060 209049163453.05222 175
1757542777136 351713613584.8155 176
1757542777201 542823194212.3733 177
1757542777271 320019348027.17126 178
1757542777342 327463529490.1983 179
1757542777409 409152645513.78754 180
1757542777479 123002233043.11403 181
1757542777545 173197231867.37283 182
1757542777611 75350596846.08269 183
1757542777677 624014771809.6829 184
1757542777744 267526175721.2741 185
1757542777809 307475664434.2816 186
1757542777878 436791306583.23224 187
1757542777942 317349287889.19586 188
1757542778017 154363053611.49933 189
1757542778085 326801336200.6291 190
1757542778150 81557400454.58417 191
1757542778290 92222102185.51254 192
1757542778354 186286674758.99493 193
1757542778426 259304791712.48532 194
1757542778498 439941076010.8488 195
1757542778566 256247177629.83987 196
1757542778634 215167821866.29376 197
1757542778701 156982679078.25555 198
1757542778773 369118469413.1256 199
1757542778840 122409074228.31444 200
1757542778908 166933265532.21133 201
1757542778978 79498350820.99036 202
1757542779043 103075771509.74945 203
1757542779109 83522175722.9084 204
1757542779178 129993137760.37401 205
1757542779246 132969712831.34575 206
1757542779310 382407534677.2298 207
1757542779383 51118542187.23356 208
1757542779461 90173339800.62962 209
1757542779530 331157129529.33936 210
1757542779598 235744511952.9083 211
1757542779667 119476281801.24521 212
1757542779735 213878695906.56818 213
1757542779809 275113825608.69934 214
1757542779876 72998761093.29578 215
1757542779946 94826949110.42802 216
1757542780020 81399656334.51614 217
1757542780087 76824843750.69879 218
1757542780159 241083670291.55508 219
1757542780226 436590371567.91144 220
1757542780295 646053437673.5071 221
1757542780360 65134668072.2047 222
1757542780433 421070756651.86694 223
1757542780522 94024465903.43095 224
1757542780596 95490395692.64943 225
1757542780671 93882297139.93318 226
1757542780742 265077723737.0549 227
1757542780808 425346607940.8208 228
1757542780877 410347949735.664 229
1757542780951 189087333625.8105 230
1757542781021 252690859966.11255 231
1757542781084 51454181828.12478 232
1757542781156 220044574891.77203 233
1757542781227 106202816927.60814 234
1757542781297 544197504096.9525 235
1757542781371 201009974658.50513 236
1757542781439 81979117170.97481 237
1757542781514 102255323174.74907 238
1757542781589 173932700311.60034 239
1757542781660 109247167874.62138 240
1757542781724 475632624267.9017 241
1757542781799 68121310429.10827 242
1757542781865 339320579343.55865 243
1757542781937 307689447385.22107 244
1757542782005 56221733276.51418 245
1757542782074 233134880284.40195 246
1757542782138 111934711638.65909 247
1757542782211 302801431393.89014 248
1757542782276 387817915236.1636 249
1757542782344 53408661838.02385 250
1757542782406 148585426139.89737 251
1757542782474 433904047554.0944 252
1757542782550 108614899930.46364 253
1757542782615 208931295765.5393 254
1757542782688 104410554453.88927 255
1757542782797 241320577050.6673 256
1757542782863 297958780872.0284 257
1757542782934 716656590509.9747 258
1757542783006 378847046061.8609 259
1757542783087 250938136741.4371 260
1757542783165 521082196783.8114 261
1757542783233 322037448282.836 262
1757542783301 109264710275.11394 263
1757542783372 474563436737.8965 264
1757542783454 249077877722.42685 265
1757542783545 147052103809.79327 266
1757542783624 315080826578.8921 267
1757542783697 194354041022.5714 268
1757542783766 241944602629.35556 269
1757542783838 219793073625.79004 270
1757542783903 336306969103.19055 271
1757542783975 251623865864.78592 272
1757542784046 411904315200.4918 273
1757542784118 85579629197.59811 274
1757542784183 207592455456.4857 275
1757542784256 250501227862.4564 276
1757542784333 197726398757.95343 277
1757542784430 318369500800.13715 278
1757542784511 317122279898.26624 279
1757542784604 588055705585.6512 280
1757542784701 98438531239.91222 281
1757542784784 396478551372.55865 282
1757542784866 731227625235.0992 283
1757542784938 155152667450.99432 284
1757542785005 187874780323.18225 285
1757542785072 314828352198.0251 286
1757542785141 295876551755.29346 287
1757542785213 117692236216.4134 288
1757542785282 162265890334.2642 289
1757542785357 277012985157.307 290
1757542785424 410373867428.875 291
1757542785494 341890856525.9619 292
1757542785568 566851826801.494 293
1757542785640 95442006670.30763 294
1757542785718 543678687527.8479 295
1757542785786 69815146126.54433 296
1757542785855 314411433727.96063 297
1757542785927 63727660096.61062 298
1757542786001 271640934315.47626 299
1757542786075 146360736390.66544 300
1757542786149 160396698547.99634 301
1757542786223 232890631203.9644 302
