1757586967635 1064041263858.9989 0
1757586967695 1081874182355.9814 1
1757586967756 16766373653667.055 2
1757586967818 960383444799499.1 3
1757586967880 5.603185069021746e+16 4
1757586967941 3.2700663854947794e+18 5
1757586968003 1.90844714501913e+20 6
1757586968063 1.1137910098002797e+22 7
1757586968124 6.50020842540981e+23 8
1757586968184 3.7935940561681065e+25 9
1757586968248 2.2139837559651914e+27 10
1757586968308 1.2921055861664838e+29 11
1757586968372 7.54087215548337e+30 12
1757586968434 4.40093700345684e+32 13
1757586968495 2.5684358664418508e+34 14
1757586968558 1.498967786824309e+36 15
1757586968622 8.748143005220085e+37 16
1757586968685 5.105513721673502e+39 17
1757586968747 2.9796346889439905e+41 18
1757586968813 1.7389480008386313e+43 19
1757586968889 1.0148694270613374e+45 20
1757586968955 5.922891043821293e+46 21
1757586969017 3.456665200621744e+48 22
1757586969077 2.0173483220924605e+50 23
1757586969139 1.1773469562274242e+52 24
1757586969203 6.8711280057983446e+53 25
1757586969264 4.0100668560225545e+55 26
1757586969326 2.340319693680664e+57 27
1757586969387 1.3658366469386243e+59 28
1757586969451 7.971174840590371e+60 29
1757586969514 4.652066444525276e+62 30
1757586969576 2.7149978061044735e+64 31
1757586969636 1.5845029676708098e+66 32
1757586969698 9.247335850189618e+67 33
1757586969760 5.396848227548917e+69 34
1757586969822 3.1496607523561085e+71 35
1757586969886 1.8381771057212036e+73 36
1757586969949 1.0727806381909506e+75 37
1757586970011 6.260867323912454e+76 38
1757586970073 3.6539119231062662e+78 39
1757586970134 2.132463706877431e+80 40
1757586970195 1.2445295772985136e+82 41
1757586970257 7.26321326724385e+83 42
1757586970318 4.2388921828583736e+85 43
1757586970379 2.473864703785043e+87 44
1757586970442 1.4437750026721877e+89 45
1757586970521 8.42603176783187e+90 46
1757586970584 4.917526014864258e+92 47
1757586970646 2.8699229688626135e+94 48
1757586970708 1.674919018691264e+96 49
1757586970777 9.775013997276392e+97 50
1757586970841 5.70480707309719e+99 51
1757586970902 3.3293889656145446e+101 52
1757586970973 1.943068493346588e+103 53
1757586971040 1.1339964206132572e+105 54
1757586971108 6.618129450232942e+106 55
1757586971171 3.8624140803155284e+108 56
1757586971267 2.254147888765543e+110 57
1757586971329 1.315545821542538e+112 58
1757586971392 7.677671980633936e+113 59
1757586971455 4.4807749055136325e+115 60
1757586971518 2.615030155563246e+117 61
1757586971580 1.5261607330666063e+119 62
1757586971650 8.906844069080056e+120 63
1757586971714 5.198133430644628e+122 64
1757586971777 3.0336885829838205e+124 65
1757586971838 1.7704944556194465e+126 66
1757586971901 1.0332802895332358e+128 67
1757586971962 6.030338888377599e+129 68
1757586972024 3.519372959790645e+131 69
1757586972091 2.053945268976065e+133 70
1757586972160 1.198705342158485e+135 71
1757586972225 6.995777925648477e+136 72
1757586972286 4.082813937982761e+138 73
1757586972349 2.382775701194245e+140 74
1757586972415 1.3906144459296458e+142 75
1757586972477 8.11578083601824e+143 76
1757586972540 4.736460114525034e+145 77
1757586972602 2.764250892153594e+147 78
1757586972664 1.6132476174220225e+149 79
1757586972726 9.415092828604282e+150 80
1757586972790 5.4947530691469e+152 81
1757586972853 3.206799108679106e+154 82
1757586972915 1.8715236870547354e+156 83
1757586972977 1.0922420745743827e+158 84
1757586973039 6.374446434861826e+159 85
1757586973101 3.720197957651138e+161 86
1757586973161 2.1711489751363298e+163 87
1757586973224 1.267106730850364e+165 88
1757586973286 7.394976050712887e+166 89
1757586973349 4.315790411271615e+168 90
1757586973411 2.518743366616907e+170 91
1757586973474 1.4699666902979752e+172 92
1757586973536 8.578889374854836e+173 93
1757586973599 5.006735417322836e+175 94
1757586973669 2.9219865700272e+177 95
1757586973734 1.705303916376056e+179 96
1757586973796 9.952343645372885e+180 97
1757586973862 5.808298631371446e+182 98
1757586973925 3.389787792031911e+184 99
1757586973988 1.978317921352371e+186 100
1757586974050 1.154568379514395e+188 101
1757586974112 6.738189694319943e+189 102
1757586974175 3.932482576366391e+191 103
1757586974237 2.295040643700076e+193 104
1757586974302 1.3394112889120953e+195 105
1757586974365 7.816953507075272e+196 106
1757586974429 4.562061156092476e+198 107
1757586974492 2.662469717018292e+200 108
1757586974557 1.5538469896600743e+202 109
1757586974620 9.068424147109625e+203 110
1757586974686 5.292433364360494e+205 111
1757586974752 3.0887230749042205e+207 112
1757586974814 1.802613198248283e+209 113
1757586974879 1.0520251455691477e+211 114
1757586974942 6.139735956584011e+212 115
1757586975004 3.583218307598225e+214 116
1757586975068 2.09120612526318e+216 117
1757586975131 1.220451193014108e+218 118
1757586975197 7.122689133966189e+219 119
1757586975263 4.15688073308586e+221 120
1757586975327 2.4260019080010697e+223 121
1757586975391 1.4158417418090659e+225 122
1757586975467 8.26301014536566e+226 123
1757586975529 4.822384779754813e+228 124
1757586975593 2.814397484075912e+230 125
1757586975655 1.642513727155457e+232 126
1757586975720 9.585893105571522e+233 127
1757586975785 5.594434013685824e+235 128
1757586975860 3.2649740184661526e+237 129
1757586975929 1.905475212538218e+239 130
1757586975994 1.1120565631034607e+241 131
1757586976060 6.490085997467037e+242 132
1757586976124 3.787686494738024e+244 133
1757586976189 2.21053603727594e+246 134
1757586976252 1.29009345912975e+248 135
1757586976315 7.529129157922906e+249 136
1757586976379 4.3940836592509014e+251 137
1757586976450 2.564436178409555e+253 138
1757586976516 1.4966335243277825e+255 139
1757586976580 8.734519989228108e+256 140
1757586976642 5.097563177765391e+258 141
1757586976708 2.9749946629415073e+260 142
1757586976772 1.736240029968646e+262 143
1757586976837 1.0132890250918727e+264 144
1757586976900 5.9136676418535356e+265 145
1757586976963 3.4512823204746257e+267 146
1757586977027 2.0142068132674636e+269 147
1757586977091 1.1755135366773306e+271 148
1757586977156 6.860427965041117e+272 149
1757586977221 4.003822193026542e+274 150
1757586977286 2.336675238783854e+276 151
1757586977350 1.363709702457652e+278 152
1757586977416 7.958761755634656e+279 153
1757586977481 4.6448220298498473e+281 154
1757586977548 2.7107698849892333e+283 155
1757586977614 1.5820355058043176e+285 156
1757586977686 9.232935467834688e+286 157
1757586977751 5.388444003970665e+288 158
1757586977816 3.144755953843658e+290 159
1757586977880 1.8353146106645457e+292 160
1757586977943 1.0711100541845778e+294 161
1757586978006 6.251117609530027e+295 162
1757586978070 3.648221881170264e+297 163
1757586978135 2.1291429350103307e+299 164
1757586978199 1.2425915378398639e+301 165
1757586978265 7.251902653044496e+302 166
1757586978330 4.23229118239909e+304 167
