1757583945335 1019578794230.9694 0
1757583945407 1019372790316.574 1
1757583945467 1019063880107.9669 2
1757583945543 1018703640434.0934 3
1757583945608 1018317866640.618 4
1757583945666 1017919458055.538 5
1757583945728 1017514864678.0353 6
1757583945794 1017107311512.6995 7
1757583945858 1016698410984.2859 8
1757583945926 1016288969207.0537 9
1757583945988 1015879389134.9377 10
1757583946051 1015469872140.514 11
1757583946123 1015060518805.4503 12
1757583946193 1014651379315.9781 13
1757583946262 1014242478660.6844 14
1757583946325 1013833829229.4276 15
1757583946392 1013425437112.7949 16
1757583946452 1013017305251.8353 17
1757583946520 1012609435012.9229 18
1757583946591 1012201826975.1925 19
1757583946690 1011794481324.2532 20
1757583946752 1011387398049.0481 21
1757583946816 1010980577040.2827 22
1757583946880 1010574018139.6389 23
1757583946943 1010167721164.3832 24
1757583947002 1009761685919.6687 25
1757583947067 1009355912204.6884 26
1757583947137 1008950399815.7487 27
1757583947200 1008545148547.8094 28
1757583947267 1008140158195.2512 29
1757583947332 1007735428552.2606 30
1757583947399 1007330959413.0216 31
1757583947466 1006926750571.8114 32
1757583947527 1006522801823.0486 33
1757583947593 1006119112961.3176 34
1757583947660 1005715683781.3794 35
1757583947725 1005312514078.1775 36
1757583947784 1004909603646.8419 37
1757583947847 1004506952282.6892 38
1757583947909 1004104559781.2234 39
1757583947974 1003702425938.1366 40
1757583948039 1003300550549.3081 41
1757583948103 1002898933410.8054 42
1757583948172 1002497574318.8832 43
1757583948236 1002096473069.9836 44
1757583948308 1001695629460.7357 45
1757583948382 1001295043287.956 46
1757583948450 1000894714348.6473 47
1757583948516 1000494642439.9995 48
1757583948581 1000094827359.3884 49
1757583948644 999695268904.3761 50
1757583948713 999295966872.7112 51
1757583948782 998896921062.3278 52
1757583948846 998498131271.3457 53
1757583948910 998099597298.0701 54
1757583948977 997701318940.9917 55
1757583949039 997303295998.7863 56
1757583949103 996905528270.3142 57
1757583949167 996508015554.6212 58
1757583949229 996110757650.9368 59
1757583949297 995713754358.6754 60
1757583949366 995317005477.4354 61
1757583949433 994920510806.9994 62
1757583949502 994524270147.3334 63
1757583949573 994128283298.5875 64
1757583949644 993732550061.0951 65
1757583949714 993337070235.3723 66
1757583949782 992941843622.1189 67
1757583949857 992546870022.2175 68
1757583949943 992152149236.7336 69
1757583950013 991757681066.9143 70
1757583950079 991363465314.1902 71
1757583950145 990969501780.1731 72
1757583950209 990575790266.6575 73
1757583950281 990182330575.6191 74
1757583950347 989789122509.2157 75
1757583950416 989396165869.786 76
1757583950483 989003460459.8505 77
1757583950558 988611006082.1102 78
1757583950624 988218802539.4475 79
1757583950691 987826849634.9249 80
1757583950758 987435147171.7861 81
1757583950822 987043694953.4546 82
1757583950885 986652492783.5343 83
1757583950951 986261540465.8087 84
1757583951016 985870837804.2418 85
1757583951079 985480384602.9762 86
1757583951143 985090180666.3352 87
1757583951211 984700225798.8198 88
1757583951277 984310519805.1116 89
1757583951346 983921062490.0701 90
1757583951413 983531853658.7336 91
1757583951477 983142893116.3196 92
1757583951541 982754180668.2228 93
1757583951608 982365716120.0171 94
1757583951671 981977499277.4541 95
1757583951737 981589529946.4629 96
1757583951803 981201807933.1505 97
1757583951876 980814333043.8013 98
1757583951942 980427105084.8768 99
1757583952011 980040123863.016 100
1757583952074 979653389185.0343 101
1757583952136 979266900857.9244 102
1757583952201 978880658688.8551 103
1757583952276 978494662485.1716 104
1757583952344 978108912054.3959 105
1757583952408 977723407204.2253 106
1757583952479 977338147742.5332 107
1757583952545 976953133477.3688 108
1757583952609 976568364216.9568 109
1757583952683 976183839769.697 110
1757583952771 975799559944.1644 111
1757583952853 975415524549.1095 112
1757583952933 975031733393.4568 113
1757583953000 974648186286.3059 114
1757583953068 974264883036.9308 115
1757583953137 973881823454.7795 116
1757583953203 973499007349.4744 117
1757583953272 973116434530.8119 118
1757583953347 972734104808.7617 119
1757583953424 972352017993.4675 120
1757583953490 971970173895.2463 121
1757583953555 971588572324.5884 122
1757583953622 971207213092.1566 123
1757583953690 970826096008.7872 124
1757583953761 970445220885.489 125
1757583953825 970064587533.4437 126
1757583953889 969684195764.0043 127
1757583953956 969304045388.6973 128
1757583954022 968924136219.2202 129
1757583954093 968544468067.4429 130
1757583954160 968165040745.407 131
1757583954225 967785854065.3248 132
1757583954292 967406907839.5814 133
1757583954361 967028201880.7316 134
1757583954433 966649736001.5017 135
1757583954502 966271510014.7891 136
1757583954570 965893523733.6616 137
1757583954643 965515776971.3574 138
1757583954711 965138269541.2852 139
1757583954776 964761001257.0234 140
1757583954842 964383971932.3212 141
1757583954913 964007181381.0963 142
1757583954984 963630629417.4373 143
1757583955050 963254315855.6017 144
1757583955115 962878240510.016 145
1757583955179 962502403195.2762 146
1757583955246 962126803726.1471 147
1757583955317 961751441917.5626 148
1757583955381 961376317584.6244 149
1757583955450 961001430542.6033 150
1757583955520 960626780606.9381 151
1757583955592 960252367593.236 152
1757583955661 959878191317.2717 153
1757583955730 959504251594.988 154
1757583955802 959130548242.4949 155
1757583955869 958757081076.0703 156
1757583955945 958383849912.1589 157
1757583956008 958010854567.3729 158
1757583956075 957638094858.4911 159
1757583956144 957265570602.459 160
1757583956212 956893281616.3892 161
1757583956280 956521227717.56 162
1757583956347 956149408723.4166 163
1757583956416 955777824451.5697 164
1757583956487 955406474719.7965 165
1757583956556 955035359346.0396 166
1757583956626 954664478148.407 167
1757583956704 954293830945.1726 168
1757583956772 953923417554.7753 169
1757583956842 953553237795.8191 170
1757583956906 953183291487.073 171
1757583956977 952813578447.4706 172
1757583957043 952444098496.1101 173
1757583957112 952074851452.2543 174
1757583957187 951705837135.3302 175
1757583957254 951337055364.9291 176
1757583957321 950968505960.8057 177
1757583957385 950600188742.879 178
1757583957459 950232103531.2312 179
1757583957523 949864250146.1084 180
1757583957594 949496628407.9194 181
1757583957660 949129238137.2367 182
1757583957728 948762079154.7955 183
1757583957794 948395151281.4937 184
1757583957865 948028454338.3918 185
1757583957935 947661988146.7131 186
1757583957998 947295752527.8431 187
1757583958064 946929747303.3291 188
1757583958135 946563972294.8809 189
1757583958203 946198427324.3694 190
1757583958270 945833112213.8278 191
1757583958337 945468026785.4509 192
1757583958405 945103170861.594 193
1757583958479 944738544264.7743 194
1757583958546 944374146817.67 195
1757583958607 944009978343.1198 196
1757583958672 943646038664.123 197
1757583958733 943282327603.8402 198
1757583958800 942918844985.5914 199
1757583958866 942555590632.8575 200
1757583958931 942192564369.2789 201
1757583958998 941829766018.6569 202
1757583959063 941467195404.9512 203
1757583959125 941104852352.2815 204
1757583959195 940742736684.9275 205
1757583959265 940380848227.3278 206
1757583959337 940019186804.08 207
1757583959406 939657752239.9404 208
1757583959479 939296544359.8246 209
1757583959549 938935562988.8065 210
1757583959620 938574807952.1185 211
1757583959688 938214279075.1512 212
1757583959764 937853976183.4539 213
1757583959834 937493899102.7329 214
1757583959911 937134047658.8531 215
1757583959983 936774421677.837 216
1757583960073 936415020985.8643 217
1757583960156 936055845409.272 218
1757583960233 935696894774.5548 219
1757583960304 935338168908.3643 220
1757583960374 934979667637.5083 221
1757583960439 934621390788.9519 222
1757583960514 934263338189.8173 223
1757583960585 933905509667.382 224
1757583960657 933547905049.0803 225
1757583960725 933190524162.5029 226
1757583960793 932833366835.3959 227
1757583960863 932476432895.6615 228
1757583960933 932119722171.3574 229
1757583961004 931763234490.6969 230
1757583961075 931406969682.0486 231
1757583961145 931050927573.9362 232
1757583961213 930695107995.0382 233
1757583961283 930339510774.1886 234
1757583961356 929984135740.3756 235
1757583961425 929628982722.7418 236
1757583961501 929274051550.5848 237
1757583961583 928919342053.356 238
1757583961652 928564854060.6609 239
1757583961719 928210587402.259 240
1757583961788 927856541908.0641 241
1757583961858 927502717408.1425 242
1757583961928 927149113732.7148 243
1757583962000 926795730712.1552 244
1757583962071 926442568176.9897 245
1757583962138 926089625957.899 246
1757583962209 925736903885.7158 247
1757583962280 925384401791.4253 248
1757583962347 925032119506.166 249
1757583962420 924680056861.2278 250
1757583962493 924328213688.054 251
1757583962563 923976589818.2391 252
1757583962633 923625185083.5299 253
1757583962700 923273999315.8254 254
1757583962771 922923032347.1752 255
1757583962842 922572284009.7816 256
1757583962916 922221754135.9973 257
1757583962981 921871442558.3269 258
1757583963050 921521349109.4257 259
1757583963123 921171473622.0997 260
1757583963192 920821815929.3062 261
1757583963266 920472375864.1525 262
1757583963334 920123153259.8967 263
1757583963401 919774147949.9474 264
1757583963469 919425359767.8627 265
1757583963540 919076788547.3513 266
1757583963609 918728434122.2712 267
1757583963675 918380296326.6311 268
1757583963755 918032374994.588 269
1757583963820 917684669960.4489 270
1757583963906 917337181058.6702 271
1757583963979 916989908123.8572 272
1757583964048 916642850990.7643 273
1757583964114 916296009494.2941 274
1757583964181 915949383469.4989 275
1757583964249 915602972751.5787 276
1757583964322 915256777175.8826 277
1757583964387 914910796577.9066 278
1757583964457 914565030793.296 279
1757583964528 914219479657.8441 280
1757583964598 913874143007.491 281
1757583964667 913529020678.3248 282
1757583964733 913184112506.5814 283
1757583964804 912839418328.6443 284
1757583964873 912494937981.0432 285
1757583964945 912150671300.4554 286
1757583965009 911806618123.7054 287
1757583965078 911462778287.7638 288
1757583965151 911119151629.7483 289
1757583965216 910775737986.9229 290
1757583965288 910432537196.6976 291
1757583965351 910089549096.6294 292
1757583965420 909746773524.4203 293
1757583965492 909404210317.9188 294
1757583965565 909061859315.1191 295
1757583965636 908719720354.1606 296
1757583965701 908377793273.329 297
1757583965771 908036077911.0541 298
1757583965838 907694574105.9116 299
1757583965913 907353281696.6223 300
1757583965984 907012200522.0514 301
1757583966051 906671330421.209 302
1757583966118 906330671233.2501 303
1757583966183 905990222797.4738 304
1757583966257 905649984953.3232 305
1757583966326 905309957540.3864 306
1757583966391 904970140398.3945 307
1757583966458 904630533367.2234 308
1757583966531 904291136286.8918 309
1757583966599 903951948997.563 310
1757583966674 903612971339.5428 311
1757583966743 903274203153.2806 312
1757583966813 902935644279.3698 313
1757583966883 902597294558.5446 314
1757583966948 902259153831.6847 315
1757583967020 901921221939.8108 316
1757583967088 901583498724.0865 317
1757583967155 901245984025.8184 318
1757583967231 900908677686.4546 319
1757583967301 900571579547.5863 320
1757583967374 900234689450.9458 321
1757583967455 899898007238.4076 322
1757583967531 899561532751.988 323
1757583967602 899225265833.8455 324
1757583967708 898889206326.2783 325
1757583967781 898553354071.7278 326
1757583967849 898217708912.7755 327
1757583967917 897882270692.1445 328
1757583967988 897547039252.6981 329
1757583968057 897212014437.4413 330
1757583968136 896877196089.5186 331
1757583968202 896542584052.216 332
1757583968277 896208178168.959 333
1757583968345 895873978283.3142 334
1757583968416 895539984238.9869 335
1757583968486 895206195879.824 336
1757583968559 894872613049.8108 337
1757583968629 894539235593.0729 338
1757583968701 894206063353.8751 339
1757583968771 893873096176.622 340
1757583968835 893540333905.8569 341
1757583968905 893207776386.2625 342
1757583968977 892875423462.6602 343
1757583969046 892543274980.0105 344
1757583969119 892211330783.4125 345
1757583969187 891879590718.1036 346
1757583969258 891548054629.4597 347
1757583969325 891216722362.9954 348
1757583969397 890885593764.3628 349
1757583969466 890554668679.352 350
1757583969543 890223946953.8916 351
1757583969613 889893428434.0472 352
1757583969685 889563112966.0226 353
1757583969761 889233000396.1582 354
1757583969833 888903090570.9325 355
1757583969906 888573383336.961 356
1757583969980 888243878540.9957 357
1757583970051 887914576029.9261 358
1757583970128 887585475650.7784 359
1757583970197 887256577250.7152 360
1757583970284 886927880677.0354 361
1757583970364 886599385777.1747 362
1757583970437 886271092398.7051 363
1757583970514 885943000389.3339 364
1757583970582 885615109596.9053 365
1757583970653 885287419869.3986 366
1757583970726 884959931054.929 367
1757583970804 884632643001.7477 368
1757583970871 884305555558.2406 369
1757583970945 883978668572.9292 370
1757583971014 883651981894.4703 371
1757583971085 883325495371.6555 372
1757583971161 882999208853.4111 373
1757583971229 882673122188.7987 374
1757583971307 882347235227.0138 375
1757583971380 882021547817.3868 376
1757583971448 881696059809.3828 377
1757583971515 881370771052.6002 378
1757583971589 881045681396.7723 379
1757583971663 880720790691.7659 380
1757583971731 880396098787.5814 381
1757583971801 880071605534.3538 382
1757583971869 879747310782.3506 383
1757583971945 879423214381.9733 384
1757583972017 879099316183.7568 385
1757583972094 878775616038.3684 386
1757583972166 878452113796.6091 387
1757583972233 878128809309.413 388
1757583972301 877805702427.846 389
1757583972373 877482793003.1074 390
1757583972442 877160080886.529 391
1757583972523 876837565929.5745 392
1757583972598 876515247983.8401 393
1757583972670 876193126901.054 394
1757583972739 875871202533.0767 395
1757583972816 875549474731.8998 396
1757583972887 875227943349.6476 397
1757583972958 874906608238.5753 398
1757583973027 874585469251.0697 399
1757583973097 874264526239.6488 400
1757583973168 873943779056.9623 401
1757583973242 873623227555.7902 402
1757583973311 873302871589.0441 403
1757583973381 872982711009.7659 404
1757583973455 872662745671.1285 405
1757583973525 872342975426.4354 406
1757583973600 872023400129.1201 407
1757583973674 871704019632.7467 408
1757583973746 871384833791.0095 409
1757583973816 871065842457.7325 410
1757583973890 870747045486.8702 411
1757583973960 870428442732.5061 412
1757583974030 870110034048.854 413
1757583974100 869791819290.2568 414
1757583974168 869473798311.1871 415
1757583974250 869155970966.2463 416
1757583974326 868838337110.1655 417
1757583974402 868520896597.8046 418
1757583974471 868203649284.1519 419
1757583974547 867886595024.3252 420
1757583974622 867569733673.5704 421
1757583974690 867253065087.2625 422
1757583974772 866936589120.9037 423
1757583974862 866620305630.1257 424
1757583974934 866304214470.6876 425
1757583975006 865988315498.4772 426
1757583975083 865672608569.5088 427
1757583975151 865357093539.9258 428
1757583975223 865041770265.9988 429
1757583975297 864726638604.1257 430
1757583975373 864411698410.8317 431
1757583975444 864096949542.7694 432
1757583975516 863782391856.7184 433
1757583975595 863468025209.5857 434
1757583975664 863153849458.4045 435
1757583975735 862839864460.3352 436
1757583975806 862526070072.6647 437
1757583975876 862212466152.8063 438
1757583975950 861899052558.2998 439
1757583976017 861585829146.8108 440
1757583976086 861272795776.1315 441
1757583976158 860959952304.1802 442
1757583976230 860647298589.0005 443
1757583976306 860334834488.7622 444
1757583976376 860022559861.7603 445
1757583976457 859710474566.4159 446
1757583976529 859398578461.2747 447
1757583976611 859086871405.0083 448
1757583976680 858775353256.4128 449
1757583976751 858464023874.4102 450
1757583976826 858152883118.0461 451
1757583976905 857841930846.4923 452
1757583976976 857531166919.044 453
1757583977048 857220591195.1215 454
1757583977122 856910203534.2694 455
1757583977194 856600003796.1565 456
1757583977265 856289991840.5756 457
1757583977344 855980167527.4438 458
1757583977416 855670530716.802 459
1757583977488 855361081268.8151 460
1757583977565 855051819043.7706 461
1757583977636 854742743902.0812 462
1757583977704 854433855704.2815 463
1757583977777 854125154311.0302 464
1757583977848 853816639583.1089 465
1757583977921 853508311381.4222 466
1757583977991 853200169566.9979 467
1757583978060 852892214000.986 468
1757583978133 852584444544.6599 469
1757583978198 852276861059.4154 470
1757583978273 851969463406.77 471
1757583978348 851662251448.3645 472
1757583978419 851355225045.9613 473
1757583978494 851048384061.4452 474
1757583978575 850741728356.8225 475
1757583978649 850435257794.2219 476
1757583978719 850128972235.8934 477
1757583978789 849822871544.2087 478
1757583978866 849516955581.6613 479
1757583978947 849211224210.8652 480
1757583979024 848905677294.5566 481
1757583979103 848600314695.592 482
1757583979178 848295136276.9502 483
1757583979252 847990141901.729 484
1757583979329 847685331433.1487 485
1757583979397 847380704734.5487 486
1757583979472 847076261669.3903 487
1757583979543 846772002101.2544 488
1757583979623 846467925893.8425 489
1757583979696 846164032910.976 490
1757583979776 845860323016.5963 491
1757583979852 845556796074.7654 492
1757583979925 845253451949.6644 493
1757583979992 844950290505.5945 494
1757583980068 844647311606.976 495
1757583980148 844344515118.3491 496
1757583980221 844041900904.3734 497
1757583980299 843739468829.8274 498
1757583980374 843437218759.6089 499
