1757566658460 251667477.7478585 0
1757566658965 1417358049086.7405 1
1757566659479 148037460477.50778 2
1757566659974 26624220200.56719 3
1757566660477 5256414502.987283 4
1757566660968 12377072409.728561 5
1757566661467 49336348605.948906 6
1757566661961 518012666730.36774 7
1757566662455 79908291811.67543 8
1757566662952 12434004.569705566 9
1757566663460 378382406028.4198 10
1757566663993 99092547448.94806 11
1757566664482 950119499.6671323 12
1757566664970 18868602580.032642 13
1757566665458 484599644828.08594 14
1757566665945 11479396023.743023 15
1757566666446 461723845.3412395 16
1757566666942 169686546147.5822 17
1757566667441 54254765063.50147 18
1757566667930 71713499244.53572 19
1757566668418 4796123822.490749 20
1757566668907 7060403879.520071 21
1757566669394 896234109893.6113 22
1757566669885 26117788418.020004 23
1757566670366 76061393503.1903 24
1757566670853 148517669555.64197 25
1757566671338 289786365000.9094 26
1757566671818 34331976861.345737 27
1757566672307 61993352926.789825 28
1757566672794 46427255665.69801 29
1757566673283 344646572742.7215 30
1757566673771 1121715543.3505225 31
1757566674274 8144167260.6441345 32
1757566674755 38881229411.95717 33
1757566675239 36661260995.99602 34
1757566675720 158899372369.81384 35
1757566676208 3757150140.886032 36
1757566676697 1294861499.5335832 37
1757566677190 26224649159.955658 38
1757566677752 59395789230.15713 39
1757566678241 140735649111.55453 40
1757566678714 359749300405.8076 41
1757566679191 143981704370.23752 42
1757566679678 266793273749.1025 43
1757566680153 185434395210.91718 44
1757566680634 5529173691.982684 45
1757566681110 28600823340.337555 46
1757566681594 6570273611.360659 47
1757566682069 507000586072.70807 48
1757566682554 10354793872.13651 49
1757566683037 2714118742.791367 50
1757566683518 111264741116.59781 51
1757566683993 15806636104.098505 52
1757566684474 129914173642.88046 53
1757566684958 232121217408.87772 54
1757566685435 582516606162.0265 55
1757566685922 274911111754.3452 56
1757566686403 300022116951.4038 57
1757566686887 1833268125861.9563 58
1757566687374 28299037126.454987 59
1757566687861 24446388004.113625 60
1757566688348 39567499187.33007 61
1757566688837 123827352887.73209 62
1757566689315 13334271300407.447 63
1757566689797 400263463478.4666 64
1757566690279 46456889493.755424 65
1757566690761 614368388.2613302 66
1757566691248 22566889122.36075 67
1757566691730 29103547880.884136 68
1757566692218 111406345.48306803 69
1757566692700 292523444445.97845 70
1757566693181 39568561333.74548 71
1757566693664 51086944901.96778 72
1757566694142 788045663816.1104 73
1757566694623 28300559753.62555 74
1757566695108 267244881189.48804 75
1757566695591 42914332460.710396 76
1757566696074 79946138335.44798 77
1757566696556 159829851701.868 78
1757566697041 543584617180.3296 79
1757566697580 8577687186426.67 80
1757566698054 697087077348.5135 81
1757566698529 610423761134.2527 82
1757566699014 344666325669.80676 83
1757566699502 134560268.8795729 84
1757566699987 341558905083.623 85
1757566700477 3525419664.8582387 86
1757566700965 32702035671.122894 87
1757566701448 3155242386699.507 88
1757566701947 76848311712.98007 89
1757566702427 8598629636802.04 90
1757566702898 26521905204.583527 91
1757566703378 215231257850.79343 92
1757566703864 8520099499.522221 93
1757566704337 4486260457.219147 94
1757566704820 10052910912.076942 95
1757566705303 5307646386074.53 96
1757566705803 4762627947.888688 97
1757566706285 278744986.1025656 98
1757566706765 454706368592.16864 99
1757566707256 257671283747.62277 100
1757566707740 2710836402.271164 101
1757566708225 2368378773.052073 102
1757566708712 88205068469.97403 103
1757566709197 80770173638.23877 104
1757566709681 42025283792.61989 105
1757566710174 1491124192.225579 106
1757566710654 391115906444.39264 107
1757566711142 451381240.6422456 108
1757566711615 2500928680.49511 109
1757566712096 78589898911.16098 110
1757566712571 237595624315.85352 111
1757566713053 3624327928739.4937 112
1757566713537 9418366937.531729 113
1757566714032 9938902367.454779 114
1757566714522 23371895597.701237 115
1757566715003 176247578230.30762 116
1757566715492 12257965243344.676 117
1757566715979 66801306319.85925 118
1757566716473 34172522.18033712 119
1757566716953 22287436931.06484 120
1757566717434 1251991788.5286758 121
1757566717913 14239169235.65952 122
1757566718390 316658700355.2265 123
1757566718876 518300238660.0366 124
1757566719361 95495095679.56155 125
1757566719846 10367924141.809938 126
1757566720332 12539421.723862967 127
1757566720826 13411174013559.541 128
1757566721304 955674937.2230452 129
1757566721781 5316555857.244058 130
1757566722264 245969564548.92572 131
1757566722743 95098842721.67184 132
1757566723224 4248644678.794827 133
1757566723698 13791159869625.658 134
1757566724182 244697404834.50574 135
1757566724672 2281806389929.453 136
1757566725155 814248598324.521 137
1757566725626 38367897533.117424 138
1757566726114 4992612040.98963 139
1757566726598 10288271538.231733 140
1757566727082 909362560.4638242 141
1757566727563 52710812447.39835 142
1757566728052 68163331062.98963 143
1757566728534 144177339158.17236 144
1757566729013 25194056.548521012 145
1757566729492 694189922682.0988 146
1757566729977 59276989.67471669 147
1757566730473 130537442479.08525 148
1757566730958 51183357617.078064 149
1757566731438 591483284823.9764 150
1757566731920 206635557425.54117 151
1757566732397 50083004.7758363 152
1757566732874 149993637709.31323 153
1757566733361 6597175033578.263 154
1757566733842 15847640787.400724 155
1757566734325 6032448538.402297 156
1757566734804 10267950972.48841 157
1757566735284 1440132911523.5881 158
1757566735760 44444591259.09101 159
1757566736235 1058271612.903411 160
1757566736717 2409839117014.053 161
1757566737202 76120392.20782809 162
1757566737691 2914624213.0274534 163
1757566738177 30984096791.95682 164
1757566738654 13388618701.451336 165
1757566739131 73703246827.5451 166
1757566739613 336692957614.6814 167
1757566740097 6842088320.628665 168
1757566740576 426756647684.46674 169
1757566741066 14422436.313707989 170
1757566741562 11915501633.783096 171
1757566742048 437585526297.3797 172
1757566742528 467755476696.9032 173
1757566743003 12976124645.00324 174
1757566743482 35579695471.648994 175
1757566743965 45147043520.598236 176
1757566744450 2463435321.1738462 177
1757566744937 197528445314.20328 178
1757566745424 274726351242.0319 179
1757566745897 66351816494.51279 180
1757566746378 6945754094.486871 181
1757566746862 92533648068.58789 182
1757566747351 183347564835.3915 183
1757566747829 7081906346.796665 184
1757566748314 372665612042.11237 185
1757566748797 53553489645.72151 186
1757566749281 222592712609.76297 187
1757566749761 24927068074.532436 188
1757566750241 19770104608.211826 189
1757566750730 1187428915.9995866 190
1757566751214 107918702323.14896 191
1757566751703 138454619470.5118 192
1757566752194 61769540828.43665 193
1757566752700 66125768287.47413 194
1757566753194 42158216560.61216 195
1757566753687 42590536076.37176 196
1757566754167 131912474441.42099 197
1757566754638 153461262849.47183 198
1757566755116 100979886378.75368 199
1757566755599 119078458979.71642 200
1757566756082 38357709448.249504 201
1757566756561 35980128753.01976 202
1757566757045 163485839305.74814 203
1757566757533 51041089570.46779 204
1757566758009 3015094158.900599 205
1757566758494 59410589546.73048 206
1757566758985 138388266602.18152 207
1757566759471 84549849481.22081 208
1757566759946 367959828657.9467 209
1757566760430 46862623471.88972 210
1757566760909 152611342369.64023 211
1757566761393 16362951922.07563 212
1757566761877 34065561987.859425 213
1757566762358 138252784489.7673 214
1757566762857 334936295379.13 215
1757566763354 19661519987.3791 216
1757566763840 224252303480.6966 217
1757566764323 3123679908.384975 218
1757566764814 388971105504.7561 219
1757566765293 81251019.50582807 220
1757566765775 18316457997.425674 221
1757566766264 60652168439.05882 222
1757566766747 426894070500.5751 223
1757566767222 5642427115.927009 224
1757566767696 86129765990.38126 225
1757566768177 286204396516.1294 226
1757566768673 287343842.01834685 227
1757566769159 13163282207.803661 228
1757566769650 3254007647.630833 229
1757566770128 2856254742.510132 230
1757566770606 660033259570.4867 231
1757566771100 251227071924.58624 232
1757566771584 411500966024.8225 233
1757566772064 13871781003.22802 234
1757566772547 189799667860.40677 235
1757566773027 57917702081.82526 236
1757566773522 512287178813.7552 237
1757566774005 527639.7743839722 238
1757566774507 1845446307251.3865 239
1757566774997 34747268933.91229 240
1757566775486 9041051040.000359 241
1757566775966 1775774785.4090135 242
1757566776445 108766619758.147 243
1757566776931 4437909005.974013 244
1757566777411 361148505223.7195 245
1757566777895 15196925936.323774 246
1757566778382 68489648557.275734 247
1757566778870 15346582763.00239 248
1757566779353 54368774243.241005 249
1757566779831 3132250958383.17 250
1757566780323 66606315.383476935 251
1757566780817 371932372059.9501 252
1757566781304 5949205338.074365 253
1757566781783 41613090152.25323 254
1757566782272 55263174260.92409 255
1757566782749 9983407231.4556 256
1757566783220 683193058338.255 257
1757566783696 509436656927.4572 258
1757566784177 22070960530.621033 259
1757566784675 5204665520.702426 260
1757566785157 34972092610.68446 261
1757566785640 869352986.4433246 262
1757566786114 39557051682.16156 263
1757566786601 147555270926.69852 264
1757566787089 876081299992.841 265
1757566787564 590122730.9356387 266
1757566788039 46764739519.1433 267
1757566788522 6794564.9584943205 268
1757566789001 4083114407.370472 269
1757566789489 20601159628.873596 270
1757566789970 13935555888.984917 271
1757566790448 7072551676.788112 272
1757566790937 18205242111.423836 273
1757566791421 5415477550.302998 274
1757566791906 40036020260.19721 275
1757566792381 19339593337.227222 276
1757566792860 51212692602.63785 277
1757566793343 3293594466.57944 278
1757566793826 5883946837.482289 279
1757566794305 42331017643.49593 280
1757566794800 752729809.0148433 281
1757566795343 16473317951.165386 282
1757566795835 958646909.4560176 283
1757566796316 24604946781.921642 284
1757566796795 1786029540.126635 285
1757566797278 8678451449.152569 286
1757566797765 67496365610.974686 287
1757566798242 111647375966.84792 288
1757566798724 159321196903.94394 289
1757566799205 112807882040.73468 290
1757566799685 3272297173.221874 291
1757566800169 1982806801.8220952 292
1757566800658 655083506020.8821 293
1757566801140 37600601189.183784 294
1757566801634 685214636898.1252 295
1757566802130 2927138340.717572 296
1757566802620 847017168.543417 297
1757566803106 225061289182.20782 298
1757566803588 18175917110.18222 299
1757566804074 78687416718.32756 300
1757566804546 11299200663.450708 301
1757566805053 18070713021.67764 302
1757566805562 49535411729.40475 303
1757566806047 658268688490.4806 304
1757566806545 5394190810.111351 305
1757566807046 39148617691.235344 306
1757566807544 7296012575.297779 307
1757566808029 1088465194.8792138 308
1757566808511 21731635.140724033 309
1757566808988 9417731063.549225 310
1757566809470 199940094.72699553 311
1757566809950 6485866753.956904 312
1757566810431 1285472984669.8884 313
1757566810902 244921496999.88022 314
1757566811388 10130942800.289711 315
1757566811871 128888484977.92267 316
1757566812357 1295428679482.9148 317
1757566812831 5854891077.567155 318
1757566813311 1749507748204.899 319
1757566813798 220268085954.85522 320
1757566814279 13529005353375.365 321
1757566814766 11392484882.630102 322
1757566815242 21143779731.836136 323
1757566815749 100373394580.88345 324
1757566816231 271600.40349124157 325
1757566816728 1725101283.8793578 326
1757566817218 48951557518.83925 327
1757566817700 164357409907.14346 328
1757566818193 24932305378.323017 329
1757566818688 49207185462.54594 330
1757566819183 346437531727.14105 331
1757566819674 147406602898.89435 332
1757566820157 340833120552.5145 333
1757566820665 88870683367.58604 334
1757566821155 170695594944.82703 335
1757566821639 398374156111.58307 336
1757566822133 2772942384.082406 337
1757566822616 110151781910.47763 338
1757566823099 103668714684.54543 339
1757566823639 2030816936.265147 340
1757566824151 1401793053.1839883 341
1757566824636 1339368112429.576 342
1757566825124 3539969053.695387 343
1757566825608 5694039292.416089 344
1757566826091 2043646315.534386 345
1757566826607 1047613751.3773357 346
1757566827111 37791623106.929214 347
1757566827609 13643734796.704178 348
1757566828105 3836573033857.657 349
1757566828595 2133238966.2878723 350
1757566829071 117419073409.22435 351
1757566829562 16662544807.319124 352
1757566830046 27134982313.819702 353
1757566830558 34591485932.43879 354
1757566831048 131425425872.53062 355
1757566831557 181286455501.19888 356
1757566832055 15257649937.210178 357
1757566832541 6505394427.9348 358
1757566833029 23415328049.18207 359
1757566833510 32210409318.283615 360
1757566834027 262991342168.64288 361
1757566834531 37640791325.380905 362
1757566835024 20510743962.03658 363
1757566835518 15101727.17177063 364
1757566836001 28375937215.39177 365
1757566836483 37256330802.66566 366
1757566836970 29021304303.411102 367
1757566837450 84481710348.89587 368
1757566837941 1702995801.3292606 369
1757566838426 28829114797.61675 370
1757566838909 15489685834.561272 371
1757566839474 81818955159.5942 372
1757566839975 626277379752.8071 373
1757566840464 1189684711.5314121 374
1757566840950 53543057231.198135 375
1757566841430 6449672588.237752 376
1757566841908 48133702.47696979 377
1757566842396 16381714133.596703 378
1757566842893 5675438403.295461 379
1757566843380 823761685687.225 380
1757566843868 5222689393.993244 381
1757566844368 71041410761.27623 382
1757566844895 68311240126.31684 383
1757566845378 334003086558.6779 384
1757566845873 86099053911.44923 385
1757566846357 112944516964.70038 386
1757566846836 925848575103.4922 387
1757566847321 114917815619.9875 388
1757566847811 1866377612.739417 389
1757566848291 82922307612.71672 390
1757566848771 3382285.6990131876 391
1757566849261 857616948099.3339 392
1757566849734 123483077280.65475 393
1757566850225 62219949283.922646 394
1757566850726 191903896546.5817 395
1757566851218 164407489921.44333 396
1757566851715 89977766712.12802 397
1757566852220 15518596076.233072 398
1757566852705 78769534.6411181 399
1757566853191 87848585116.69202 400
1757566853678 151094744011.16257 401
1757566854166 5204259730.05311 402
1757566854654 24023787760.26293 403
1757566855138 26273830665.6056 404
1757566855633 2649207383.697151 405
1757566856119 164039974458.74942 406
1757566856608 264099799855.39066 407
1757566857116 20274191306.105156 408
1757566857611 15677113564.771523 409
1757566858099 176337697424.88763 410
1757566858592 45606513867.84554 411
1757566859072 17534892202.245205 412
1757566859555 263904983694.3144 413
1757566860047 27391758034.179245 414
1757566860553 131635146959.2704 415
1757566861032 114099729760.93835 416
1757566861516 4127836.4284651564 417
1757566861999 40333607462.54347 418
1757566862480 40315258585.46207 419
1757566862987 5556226248.0176525 420
1757566863476 355775571402.53125 421
1757566863964 122307019869.10863 422
1757566864456 2417767904141.9277 423
1757566864942 32148230640.359394 424
1757566865427 466607944152.2247 425
1757566865910 1250668551.4353483 426
1757566866402 107782040639.7266 427
1757566866897 5229378951.590614 428
1757566867395 3098488881.9211025 429
1757566867881 61238197708.82012 430
1757566868382 177540988814.24185 431
1757566868870 27437132292.987972 432
1757566869378 536280053251.2527 433
1757566869883 609320009117.119 434
1757566870382 10432681174.694513 435
1757566870865 12212229789.217148 436
1757566871351 1634125975.858639 437
1757566871841 13813800576877.443 438
1757566872328 46045572.89495935 439
1757566872817 225044908792.64078 440
1757566873291 125953373556.20544 441
1757566873770 161588933.22449395 442
1757566874258 522130992.9579874 443
1757566874743 65612299596.19334 444
1757566875245 23798728698.167664 445
1757566875727 1220318049460.528 446
1757566876209 157695045883.09256 447
1757566876694 4862625.37868957 448
1757566877178 524359872283.2253 449
1757566877668 123915324820.32956 450
1757566878163 104941506430.99011 451
1757566878648 17414077428.044514 452
1757566879142 483855914354.8876 453
1757566879623 18519364498.27607 454
1757566880123 276061868912.3632 455
1757566880612 121940289419.19547 456
1757566881104 37851666232.39964 457
1757566881587 190690048891.2371 458
1757566882078 40476321500.00958 459
1757566882556 10108399600.88476 460
1757566883033 331531249319.5428 461
1757566883511 1802453074.767183 462
1757566883984 1949125167.6839714 463
1757566884460 8066500563.867815 464
1757566884937 80610170500.06377 465
1757566885410 203307229157.78604 466
1757566885895 557468155253.2454 467
1757566886376 62476975992.90418 468
1757566886860 3946548512.988747 469
1757566887339 229136290064.64392 470
1757566887821 802134517764.8594 471
1757566888299 26287141870.736835 472
1757566888787 376147801.1415622 473
1757566889283 1770474537.4159424 474
1757566889778 64399757285.21983 475
1757566890269 58907500041.042404 476
1757566890770 6212027921.371526 477
1757566891271 1332131473.6687014 478
1757566891761 22191615870.824173 479
1757566892250 26481003165.865025 480
1757566892730 1137526770305.8706 481
1757566893220 70390396854.03445 482
1757566893693 296843.03235783003 483
1757566894189 12288169561.854748 484
1757566894671 24886250794.335514 485
1757566895146 411408249970.41614 486
1757566895623 38729859993.00778 487
1757566896097 79399547304.41592 488
1757566896575 30004259680.18644 489
1757566897053 5700219281.204642 490
1757566897534 190393173845.0627 491
1757566898017 14292932238.338755 492
1757566898500 14814943368.646614 493
1757566898978 42009956084.06558 494
1757566899459 52194165898.00748 495
1757566899930 11709262798.920315 496
1757566900399 863153806.0866996 497
1757566900896 58700199991.41207 498
1757566901392 727911090834.0249 499
