1757586360417 1019579372506.8403 0
1757586360494 4123696559205.6973 1
1757586360568 1.3012907643096976e+16 2
1757586360634 5.273738555607947e+19 3
1757586360707 2.137336695147786e+23 4
1757586360780 8.66218170615385e+26 5
1757586360851 3.510602334353906e+30 6
1757586360926 1.4227742118604567e+34 7
1757586360997 5.766208374346418e+37 8
1757586361067 2.336924491547066e+41 9
1757586361134 9.471069591395964e+44 10
1757586361202 3.838427793860055e+48 11
1757586361267 1.5556350617529083e+52 12
1757586361332 6.304665804124304e+55 13
1757586361405 2.5551501042220585e+59 14
1757586361476 1.0355492674703027e+63 15
1757586361552 4.196866100298148e+66 16
1757586361623 1.7009026626863882e+70 17
1757586361694 6.893405219023112e+73 18
1757586361777 2.793753961123444e+77 19
1757586361849 1.1322504549353942e+81 20
1757586361925 4.5887759285212175e+84 21
1757586362000 1.8597355762049343e+88 22
1757586362074 7.537122028350775e+91 23
1757586362170 3.054639014121353e+95 24
1757586362248 1.2379817484040371e+99 25
1757586362325 5.017282900848301e+102 26
1757586362400 2.0334005521161363e+106 27
1757586362473 8.240950105976943e+109 28
1757586362548 3.339885915666e+113 29
1757586362624 1.353586393099722e+117 30
1757586362699 5.485804515030451e+120 31
1757586362776 2.2232826312779974e+124 32
1757586362857 9.01050273482992e+127 33
1757586362937 3.651769612741857e+131 34
1757586363013 1.4799863777852276e+135 35
1757586363087 5.998077400028669e+138 36
1757586363162 2.4308961917996512e+142 37
1757586363238 9.851917374853811e+145 38
1757586363304 3.9927774903909113e+149 39
1757586363367 1.6181897879557585e+153 40
1757586363431 6.558187116978407e+156 41
1757586363494 2.6578970267532975e+160 42
1757586363556 1.0771904611466538e+164 43
1757586363617 4.365629209506018e+167 44
1757586363682 1.7692988456845807e+171 45
1757586363752 7.170600743014088e+174 46
1757586363820 2.906095549721547e+178 47
1757586363883 1.1777801674900438e+182 48
1757586363945 4.7732983971080756e+185 49
1757586364007 1.9345187002418356e+189 50
1757586364068 7.840202497821397e+192 51
1757586364129 3.1774712334990947e+196 52
1757586364195 1.2877630957261384e+200 53
1757586364273 5.2190363620946835e+203 54
1757586364352 2.1151670395949262e+207 55
1757586364415 8.572332697052009e+210 56
1757586364477 3.474188397102668e+214 57
1757586364540 1.408016399400087e+218 58
1757586364604 5.706398025601939e+221 59
1757586364670 2.3126845994455612e+225 60
1757586364734 9.372830343268078e+228 61
1757586364798 3.798613466996213e+232 62
1757586364865 1.5394991420077058e+236 63
1757586364931 6.239270272783523e+239 64
1757586364995 2.5286466536169972e+243 65
1757586365065 1.0248079694095156e+247 66
1757586365136 4.153333850196088e+250 67
1757586365206 1.6832599458729885e+254 68
1757586365279 6.821902952122587e+257 69
1757586365346 2.7647755774312484e+261 70
1757586365415 1.1205061178980726e+265 71
1757586365485 4.541178569775734e+268 72
1757586365553 1.8404453552895565e+272 73
1757586365619 7.458942769507024e+275 74
1757586365688 3.02295458427387e+279 75
1757586365755 1.2251407070638203e+283 76
1757586365822 4.965240827345671e+286 77
1757586365892 2.0123089806251972e+290 78
1757586365953 8.155470347386068e+293 79
1757586366019 3.3052427449003885e+297 80
1757586366084 1.3395462355176276e+301 81
1757586366147 inf 82
1757586366212 inf 83
