1757531647843 191207274830.39005 0
1757531647902 165346654826.56818 1
1757531647957 348103340333.97736 2
1757531648012 89030720091.98393 3
1757531648068 131843775278.63991 4
1757531648124 86848621328.26472 5
1757531648182 81805355057.28978 6
1757531648237 528233857794.0243 7
1757531648292 121821444748.89389 8
1757531648347 161154110744.61298 9
1757531648403 435521255747.0643 10
1757531648459 96631208993.12326 11
1757531648514 158136217161.3073 12
1757531648570 719107632604.0103 13
1757531648633 145020156903.77325 14
1757531648689 178742260435.12817 15
1757531648745 122689545325.24098 16
1757531648802 282583912146.255 17
1757531648872 187675989300.05612 18
1757531648927 141642301394.4961 19
1757531648982 186902959720.6149 20
1757531649110 152111469188.20688 21
1757531649168 109985638265.11491 22
1757531649224 132734076996.59299 23
1757531649280 541629642566.8793 24
1757531649334 123889372927.13379 25
1757531649390 157237407377.76328 26
1757531649446 213556486819.8063 27
1757531649503 166864518721.72412 28
1757531649560 311903112661.03424 29
1757531649617 102469208078.78343 30
1757531649674 207188366038.75925 31
1757531649730 140584079944.09534 32
1757531649784 150441038377.14188 33
1757531649839 162666491920.75723 34
1757531649894 202110672738.35468 35
1757531649950 144594340596.62247 36
1757531650006 185696843335.5561 37
1757531650061 140876206577.48517 38
1757531650116 92555405114.58858 39
1757531650172 74139946018.84027 40
1757531650227 89851659467.85811 41
1757531650285 378370897531.9392 42
1757531650343 214945113314.7717 43
1757531650400 122232506458.0725 44
1757531650455 539709807111.98846 45
1757531650511 192870362984.34927 46
1757531650567 325860477897.8566 47
1757531650623 184029429469.1316 48
1757531650677 465940029694.4878 49
1757531650733 462826400876.66565 50
1757531650788 415175184737.5518 51
1757531650845 97707021943.64427 52
1757531650902 169398274217.13016 53
1757531650960 357703263492.3585 54
1757531651017 65989744360.00912 55
1757531651073 191872427800.4569 56
1757531651129 265986931468.3721 57
1757531651186 149229182703.5048 58
1757531651244 180318462958.7966 59
1757531651300 174053966816.18774 60
1757531651356 335560422498.3446 61
1757531651410 316630141847.07855 62
1757531651465 233504177457.00888 63
1757531651520 159695065039.99005 64
1757531651577 192179040293.69843 65
1757531651641 349810271395.04767 66
1757531651710 111060483436.82298 67
1757531651769 153051427557.29294 68
1757531651825 359860530193.22314 69
1757531651882 180922387460.8416 70
1757531651938 374793573144.2914 71
1757531651995 188630855968.1521 72
1757531652052 140707913725.65768 73
1757531652108 248220886576.125 74
1757531652165 152798583543.46448 75
1757531652220 366632497706.01196 76
1757531652276 365707798716.69446 77
1757531652333 291028249028.116 78
1757531652389 215937526837.46194 79
1757531652445 329613438141.7834 80
1757531652500 255772992098.19226 81
1757531652555 221544832298.4626 82
1757531652611 316529467455.40295 83
1757531652667 276322883071.99207 84
1757531652723 67553480389.07123 85
1757531652779 313151083258.42535 86
1757531652834 141631901496.65433 87
1757531652889 261153442825.57724 88
1757531652946 125529537579.83171 89
1757531653004 205447997026.31216 90
1757531653062 398379351726.294 91
1757531653120 144033406167.204 92
1757531653179 193673677719.6927 93
1757531653238 179429398275.0244 94
1757531653301 232051574691.19934 95
1757531653359 195587956672.57727 96
1757531653417 214078748827.13162 97
1757531653479 120731442704.32141 98
1757531653537 91062038200.6124 99
1757531653598 287081528273.32117 100
1757531653658 206639996980.13086 101
1757531653717 389805355226.385 102
1757531653779 203950750631.66925 103
1757531653839 110877005880.516 104
1757531653911 128639962505.44933 105
1757531653992 292779245322.02673 106
1757531654072 408625060646.87085 107
1757531654165 226668924920.7855 108
1757531654232 326708370055.13513 109
1757531654300 334981138991.53326 110
1757531654362 86414222013.89835 111
1757531654422 122602223778.0632 112
1757531654488 89336406813.12357 113
1757531654554 86736682325.38553 114
1757531654618 254857213350.99493 115
1757531654679 250053007097.64722 116
1757531654738 120838579934.44243 117
1757531654800 193105673676.8703 118
1757531654861 330598072696.76215 119
1757531654918 460582701197.2843 120
1757531654974 102236644791.07507 121
1757531655030 194175162736.0385 122
1757531655087 297060155192.493 123
1757531655143 178092883517.819 124
1757531655200 428859990022.3722 125
1757531655258 198455615994.3931 126
1757531655318 111981281233.5663 127
1757531655381 123329238425.76036 128
1757531655440 258072894199.55457 129
1757531655499 90870375488.31448 130
1757531655558 260276348927.9066 131
1757531655617 162770740918.4399 132
1757531655676 352921331572.8433 133
1757531655735 119071691173.267 134
1757531655793 523858750602.87244 135
1757531655851 125082439833.25385 136
1757531655909 128425626142.31116 137
1757531655968 406829704044.85095 138
1757531656029 215083345564.0664 139
1757531656088 92856068918.43591 140
1757531656145 385874116957.0991 141
1757531656204 340848262124.56915 142
1757531656262 438870244767.75006 143
1757531656324 121474162622.73883 144
1757531656384 265974379735.77075 145
1757531656443 197105837580.6695 146
1757531656501 396985723430.90796 147
1757531656559 109637728331.4726 148
1757531656640 181688278904.22406 149
1757531656722 406598621280.17126 150
1757531656801 206887436286.61255 151
1757531656890 326934780465.8324 152
1757531656949 240114029163.4634 153
1757531657010 129084441018.41676 154
1757531657072 141868527339.7989 155
1757531657139 652972696246.2661 156
1757531657198 263276291785.43613 157
1757531657257 85462556733.00842 158
1757531657316 432479059151.1645 159
1757531657375 217470899684.23267 160
1757531657437 116844669452.26276 161
1757531657499 290901448423.89136 162
1757531657557 192253981523.87195 163
1757531657616 181999059551.13876 164
1757531657677 368219515487.5439 165
1757531657738 265434164545.65182 166
1757531657799 330069693246.60126 167
1757531657856 167908466159.22446 168
1757531657917 206273281410.81165 169
1757531657977 187617844093.1332 170
1757531658037 412736549208.1873 171
1757531658096 144656650594.65244 172
1757531658154 128138448462.70947 173
1757531658214 95244759724.09373 174
1757531658273 271620696712.36728 175
1757531658338 311957090009.1619 176
1757531658397 117099157820.7143 177
1757531658457 300522695093.43256 178
1757531658517 230391564640.38867 179
1757531658574 221372710588.31833 180
1757531658633 324865954211.95514 181
1757531658692 514227420725.6841 182
1757531658754 328891175513.53174 183
1757531658814 247075570324.94098 184
1757531658872 281364673792.1837 185
1757531658932 325777479723.99585 186
1757531658992 93768852069.91942 187
1757531659051 121391391146.50928 188
1757531659111 103017155604.08945 189
1757531659171 187913020016.60236 190
1757531659230 127699444760.13663 191
1757531659289 189358768928.02502 192
1757531659349 145245732220.4173 193
1757531659409 399793113752.4054 194
1757531659467 161716290277.5621 195
1757531659528 140299053983.47043 196
1757531659590 124813551837.23856 197
1757531659647 410704966830.5907 198
1757531659705 131659087310.62704 199
1757531659776 258773091141.10495 200
1757531659834 114249147339.39926 201
1757531659895 344416319701.55457 202
1757531659952 119450426353.53745 203
1757531660010 164916752430.06006 204
1757531660068 165251475810.1281 205
1757531660125 182307109133.22592 206
1757531660183 114160892732.03908 207
1757531660240 150718346416.17407 208
1757531660297 178035973788.43625 209
1757531660354 266525441984.93774 210
1757531660414 337983033224.29517 211
1757531660471 318150085095.45856 212
1757531660528 270218366997.852 213
1757531660586 333057366198.8184 214
1757531660644 254132873912.17792 215
1757531660703 120174645666.8378 216
1757531660760 158653667219.49045 217
1757531660819 201028044118.3868 218
1757531660878 269722019333.02417 219
1757531660938 186719940503.03717 220
1757531660996 261028769560.24033 221
1757531661053 404110831480.5484 222
1757531661111 436878363376.84937 223
1757531661169 458435592236.7294 224
1757531661227 121120313694.77841 225
1757531661286 262225955645.11954 226
1757531661345 282078075818.9404 227
1757531661404 215396867236.8868 228
1757531661463 85721076731.59428 229
1757531661523 181954273381.95068 230
1757531661583 151134184622.7576 231
1757531661651 115579296905.76062 232
1757531661722 153475791644.3028 233
1757531661870 386059486934.34033 234
1757531661930 127131353123.36345 235
1757531661989 232307570676.30078 236
1757531662047 72933942689.39769 237
1757531662109 251583342414.32693 238
1757531662182 160372240376.51337 239
1757531662241 468426978204.8539 240
1757531662300 343999302501.79846 241
1757531662358 621637299315.965 242
1757531662418 377536322705.6639 243
1757531662478 255819788227.9893 244
1757531662538 411066376442.954 245
1757531662598 78116859410.76797 246
1757531662656 95846511239.7583 247
1757531662715 102461461181.85194 248
1757531662775 201508603039.78885 249
1757531662835 407324942745.7563 250
1757531662894 554611655946.1195 251
1757531662954 139701179287.51852 252
1757531663013 301244454041.3713 253
1757531663072 222366813803.67664 254
1757531663131 156787868855.68683 255
1757531663190 119080067904.39653 256
1757531663249 167539966473.33453 257
1757531663308 192831167954.28458 258
1757531663367 320164884898.80475 259
1757531663426 157997914085.0961 260
1757531663487 334566424467.71643 261
1757531663546 135916136560.30942 262
1757531663605 154684920012.2709 263
1757531663665 557916344882.8416 264
1757531663729 398542380846.9688 265
1757531663788 398322626354.70465 266
1757531663848 115761352048.04222 267
1757531663908 447138003723.25 268
1757531663967 284569030972.291 269
1757531664026 351429938997.21545 270
1757531664086 127241986746.31223 271
1757531664146 235503401287.94757 272
1757531664208 117147788782.29727 273
1757531664270 394086366454.9443 274
1757531664333 162613775008.65833 275
1757531664393 332296542334.7611 276
1757531664452 173406146120.58487 277
1757531664513 158534655949.6776 278
1757531664572 147122178974.6926 279
1757531664632 344512751712.61414 280
1757531664692 300831441875.7509 281
1757531664754 498222266154.76483 282
1757531664826 235884189647.9273 283
1757531664885 131422908007.67062 284
1757531664944 361815377128.654 285
1757531665004 106494325897.0274 286
1757531665062 381126925138.9271 287
1757531665121 288480248416.4688 288
1757531665179 123104737670.29507 289
1757531665238 179348927026.4773 290
1757531665296 449060240178.65186 291
1757531665354 596242084949.361 292
1757531665413 289191201111.1201 293
1757531665473 398146830399.5905 294
1757531665533 240087242290.80774 295
1757531665593 213358221035.33847 296
1757531665653 178416601386.12503 297
1757531665712 169130375611.2962 298
1757531665772 363416344426.3224 299
1757531665834 395606746475.26324 300
1757531665894 231549894780.00742 301
1757531665954 414118141967.09564 302
1757531666014 404042649700.80975 303
1757531666073 289242996941.05646 304
1757531666133 162083389025.57593 305
1757531666193 440540585345.4211 306
1757531666254 132791996655.34273 307
1757531666314 166446271996.47244 308
1757531666375 193469491767.70956 309
1757531666436 105596952738.94102 310
1757531666495 169070026702.1772 311
1757531666556 156753416147.99005 312
1757531666617 193844579562.10852 313
1757531666678 208312296336.36646 314
1757531666737 208661677851.09406 315
1757531666798 267644377705.074 316
1757531666857 231945243914.10904 317
1757531666917 188604672177.62607 318
1757531666975 161794848294.7206 319
1757531667036 126081061599.24066 320
1757531667095 366259035047.03973 321
1757531667154 424660223483.6736 322
1757531667213 172383675158.85477 323
1757531667274 231109681807.55075 324
1757531667333 868900464380.4504 325
1757531667395 384440844645.4282 326
1757531667466 264581707063.6111 327
1757531667527 187679494505.9365 328
1757531667587 93774816434.9022 329
1757531667647 382984846841.7789 330
1757531667708 341760231871.84216 331
1757531667768 561997956761.0234 332
1757531667827 209403495456.68243 333
1757531667891 156883597986.83765 334
1757531667952 227027501658.28885 335
1757531668012 233540405098.37335 336
1757531668071 130252924418.03368 337
1757531668132 395742767119.7027 338
1757531668194 210438865676.35394 339
1757531668253 166943825830.20914 340
1757531668312 350968550762.74493 341
1757531668371 110821075677.65071 342
1757531668431 101247721227.38521 343
1757531668491 239285150535.964 344
1757531668551 288675561257.13275 345
1757531668613 77173799389.1104 346
1757531668672 271165576701.0254 347
1757531668732 251310414094.60275 348
1757531668792 94599584470.69872 349
1757531668854 471950889557.7072 350
1757531668914 206123798694.17352 351
1757531668975 487465548968.7346 352
1757531669035 270636470188.32074 353
1757531669098 248798768726.60522 354
1757531669158 399378758854.66583 355
1757531669220 307615655807.3786 356
1757531669280 238873067512.23093 357
1757531669341 515855543499.366 358
1757531669401 195290994855.82086 359
1757531669461 102606290384.73117 360
1757531669523 437406909856.99756 361
1757531669584 324464176533.5964 362
1757531669645 99649098571.20302 363
1757531669707 112897900898.48064 364
1757531669768 242203629955.31747 365
1757531669828 113459665417.58278 366
1757531669887 279573874256.2787 367
1757531669949 216755390301.4528 368
1757531670012 327969241865.50836 369
1757531670075 182501597879.17905 370
1757531670136 197145470747.83987 371
1757531670196 218873950831.46008 372
1757531670298 135675491440.32947 373
1757531670358 142710191837.3758 374
1757531670418 190737124052.16382 375
1757531670479 389239566224.1428 376
1757531670539 573461291612.2343 377
1757531670599 183686439591.46063 378
1757531670659 297094685553.75055 379
1757531670719 208771200534.8199 380
1757531670780 485312710169.1215 381
1757531670840 249644874573.0144 382
1757531670901 340344278030.31744 383
1757531670961 277456483286.9194 384
1757531671026 242485137625.11716 385
1757531671088 347467929435.9783 386
1757531671151 316088616751.07916 387
1757531671212 296799802508.612 388
1757531671273 87854316387.29256 389
1757531671334 326950478997.81665 390
1757531671394 262527647566.15384 391
1757531671455 208376460005.3248 392
1757531671516 298938898420.7229 393
1757531671577 319315435484.6792 394
1757531671643 309201870773.94794 395
1757531671715 131433538507.85004 396
1757531671776 185340171053.25092 397
1757531671837 246994466209.72992 398
1757531671899 318849993047.81134 399
1757531671960 124288953759.05931 400
1757531672022 311973502972.10736 401
1757531672086 348859281753.7899 402
1757531672146 214082308482.25586 403
1757531672206 276726148980.17285 404
1757531672267 188948123111.451 405
1757531672329 284394479138.2238 406
1757531672390 129123797370.61145 407
1757531672451 296217263729.83655 408
1757531672513 104727150539.18375 409
1757531672574 445642038254.19165 410
1757531672635 468360523696.49805 411
1757531672697 310262720637.60034 412
1757531672759 69616092358.34917 413
1757531672821 271108971963.40747 414
1757531672882 277449581386.4849 415
1757531672943 349843552549.6535 416
1757531673010 177992655701.042 417
1757531673078 134742110779.71712 418
1757531673139 149780202240.25958 419
1757531673202 139392193872.59653 420
1757531673263 233202260283.28894 421
1757531673324 354684709493.9377 422
1757531673384 292553432788.67303 423
1757531673445 261959504673.47968 424
1757531673506 291414891765.463 425
1757531673567 148042394902.4595 426
1757531673629 124059342932.0414 427
1757531673690 186348079332.40585 428
1757531673753 192674620369.13446 429
1757531673815 320512004671.6212 430
1757531673876 612466963038.9553 431
1757531673940 450510852506.0015 432
1757531674004 155449338915.34036 433
1757531674066 274689113936.91278 434
1757531674131 283804746506.4444 435
1757531674194 475254265524.15015 436
1757531674262 217950458664.6824 437
1757531674325 397430994107.7579 438
1757531674387 88275209724.03212 439
1757531674451 141504064377.68335 440
1757531674517 91345638404.38799 441
1757531674583 89078872656.158 442
1757531674643 369592922199.45074 443
1757531674704 112771577518.66771 444
1757531674765 125417545198.61443 445
1757531674826 149901477236.13785 446
1757531674888 126721900995.75218 447
1757531674954 146504974182.50635 448
1757531675016 277746538317.9539 449
1757531675078 327581871950.4879 450
1757531675143 119436207739.71797 451
1757531675204 305002705031.5022 452
1757531675266 222418228200.26886 453
1757531675328 445844045448.9156 454
1757531675391 634753715818.0286 455
1757531675454 93446106639.51611 456
1757531675517 285508239213.80853 457
1757531675579 164892744248.77032 458
1757531675641 318196453625.6191 459
1757531675704 123160209865.11345 460
1757531675766 233281207318.17914 461
1757531675829 173843350706.63046 462
1757531675904 597539615906.0209 463
1757531675965 114114036265.05693 464
1757531676028 206834290654.6624 465
1757531676090 203198350796.04028 466
1757531676151 460977803169.9162 467
1757531676214 335727469660.76605 468
1757531676278 194417562688.3421 469
1757531676342 363385701848.24023 470
1757531676404 68730038941.69357 471
1757531676467 209445242961.97678 472
1757531676530 271806501434.47736 473
1757531676592 297004073923.13684 474
1757531676653 370593548198.01105 475
1757531676716 266507920564.36136 476
1757531676778 481809066402.2053 477
1757531676840 152294454600.03262 478
1757531676902 226684020189.16034 479
1757531676964 187582082868.67712 480
1757531677027 299251600005.6437 481
1757531677089 199803805275.28763 482
1757531677152 178349460723.46976 483
1757531677214 157020579471.26334 484
1757531677276 105583524934.8088 485
1757531677339 475679177452.4631 486
1757531677401 102248477345.23997 487
1757531677463 279754396552.9025 488
1757531677525 162150505173.42258 489
1757531677587 425155205444.0377 490
1757531677649 157146601851.08157 491
1757531677711 224657258812.82413 492
1757531677773 92636028535.85318 493
1757531677836 302382846878.235 494
1757531677898 329815612654.2438 495
1757531677961 373781609324.85345 496
1757531678022 172872101669.32516 497
1757531678086 296855728491.2201 498
1757531678149 64410450382.192406 499
