1757581762618 554294830421.295 0
1757581762719 1199447789709.3193 1
1757581762822 576240545513.292 2
1757581762916 1068506818669.595 3
1757581763009 1886831227102.4321 4
1757581763101 12065384377527.12 5
1757581763191 382874277344.1465 6
1757581763265 121414997076.7807 7
1757581763357 438455096297.7522 8
1757581763461 504282763763.0805 9
1757581763538 181249272199.165 10
1757581763610 282850721154.41486 11
1757581763697 297676212379.41595 12
1757581763803 86061076085.32394 13
1757581763905 154098780459.30426 14
1757581763999 525818469186.5135 15
1757581764095 427165209104.53827 16
1757581764191 371216106723.3023 17
1757581764266 131754909362.14919 18
1757581764337 101415644262.86902 19
1757581764412 423607287477.27576 20
1757581764488 223370237777.8818 21
1757581764559 495281286303.51624 22
1757581764628 269646090289.47668 23
1757581764701 135291933737.02995 24
1757581764794 285147681507.4496 25
1757581764888 111622062394.29404 26
1757581764981 1993078645236.1077 27
1757581765075 669705142295.1401 28
1757581765168 286023980429.27295 29
1757581765248 2384176461005.056 30
1757581765315 270412687033.79135 31
1757581765391 881408135298.4613 32
1757581765462 294480722305.22284 33
1757581765538 669798112260.5656 34
1757581765613 438241827984.40796 35
1757581765682 749755915480.8263 36
1757581765762 1081434753622.3959 37
1757581765853 1153235688771.5059 38
1757581765943 510620155160.72266 39
1757581766035 2245679755069.4863 40
1757581766128 6437148139395.3955 41
1757581766223 8009207938972.357 42
1757581766296 785146969594.759 43
1757581766373 6580199799708.601 44
1757581766446 35527169689892.74 45
1757581766515 6.214855006355098e+18 46
1757581766584 101023448058328.83 47
1757581766654 118026447300921.77 48
1757581766732 2.1779412178133e+16 49
1757581766817 239662938582423.75 50
1757581766909 1.3746350360168028e+18 51
1757581767002 157161394799997.2 52
1757581767094 1.2158029615074014e+16 53
1757581767186 1.2983066694022004e+16 54
1757581767278 8266800051195315.0 55
1757581767343 4774255626766045.0 56
1757581767416 3.0370102729732788e+16 57
1757581767510 7257570623044107.0 58
1757581767588 2.203425759130557e+16 59
1757581767664 7440097060704397.0 60
1757581767734 1.7519932846103658e+16 61
1757581767822 1.993659151866653e+16 62
1757581767915 7.977237134192498e+17 63
1757581768005 3.4829136944753764e+16 64
1757581768099 9.182012296230325e+16 65
1757581768191 5.302603272814788e+20 66
1757581768282 1.0372061031932997e+18 67
1757581768346 5.799391266025123e+17 68
1757581768414 9.063999242209558e+16 69
1757581768489 2.0360559576141704e+18 70
1757581768558 2.5307562427113584e+17 71
1757581768634 8.603934895604672e+17 72
1757581768703 1.8735868804573576e+18 73
1757581768774 2.289886513013397e+19 74
1757581768872 5.106011443852596e+18 75
1757581768968 1.0753323339470885e+19 76
1757581769065 5.788580108401425e+18 77
1757581769162 1.2620102123929426e+19 78
1757581769256 3.913693582310395e+19 79
1757581769334 1.9571022607318836e+21 80
1757581769400 5.500769635770483e+19 81
1757581769471 2.36278092933698e+19 82
1757581769543 1.3342838002668462e+19 83
1757581769610 9.025276668751967e+19 84
1757581769680 3.5846226373520863e+19 85
1757581769751 6.387295371649567e+20 86
1757581769838 3.0728501095125504e+21 87
1757581769931 5.7811127436557504e+20 88
1757581770025 3.3179122326063767e+21 89
1757581770118 8.542245563532305e+21 90
1757581770212 3.7752463255098244e+21 91
1757581770304 6.822137866179105e+21 92
1757581770380 1.7049010438065241e+22 93
1757581770453 1.137155145227363e+22 94
1757581770525 6.596873548180611e+21 95
1757581770594 5.688537120813631e+26 96
1757581770663 1.3072088985729157e+22 97
1757581770743 1.3031766067614201e+22 98
1757581770820 1.390263415841094e+24 99
1757581770889 5.961317129541462e+22 100
1757581770960 1.2942776992924274e+23 101
1757581771038 4.0632935254061386e+22 102
1757581771127 9.885254896099964e+22 103
1757581771199 4.449221235896934e+22 104
1757581771270 9.827284272557565e+23 105
1757581771357 2.0098445005187566e+25 106
1757581771449 2.8559535480781392e+23 107
1757581771542 1.709992632540072e+23 108
1757581771634 3.873225554109661e+23 109
1757581771726 6.243859482893005e+23 110
1757581771817 2.0863220527942014e+23 111
1757581771888 7.24807337845917e+24 112
1757581771957 3.3685604620961114e+24 113
1757581772031 9.736825089777339e+23 114
1757581772105 8.426300883029612e+23 115
1757581772179 1.5874816300046048e+24 116
1757581772246 1.2055039567527416e+24 117
1757581772320 5.689470017457756e+23 118
1757581772409 3.505018754896669e+24 119
1757581772504 3.154762240369488e+24 120
1757581772598 1.7131516845668528e+26 121
1757581772691 2.641247534910187e+24 122
1757581772785 4.7035118752672755e+24 123
1757581772880 7.620193026010211e+24 124
1757581772950 1.7330146231652892e+25 125
1757581773023 2.9894252456984055e+26 126
1757581773093 7.647436328624234e+26 127
1757581773165 9.871259270894615e+24 128
1757581773244 1.712746699662659e+27 129
1757581773313 2.572273524969972e+25 130
1757581773399 1.1265546949914483e+26 131
1757581773492 1.8866632144708873e+26 132
1757581773588 3.231141540179325e+26 133
1757581773682 9.422172415029972e+25 134
1757581773774 6.0749051171049295e+25 135
1757581773867 7.530276322722838e+26 136
1757581773941 3.0441353316316467e+27 137
1757581774009 1.9927379496108287e+26 138
1757581774090 6.021148731636315e+26 139
1757581774160 4.933037507359114e+26 140
1757581774240 3.8956551963861284e+26 141
1757581774307 7.350162879171404e+28 142
1757581774381 3.617500041850988e+27 143
1757581774473 1.0399773095213533e+27 144
1757581774566 8.51153648003415e+26 145
1757581774660 6.657714605185286e+27 146
1757581774756 6.677533263575772e+27 147
1757581774854 4.1290330321811356e+27 148
1757581774935 2.6763657000474233e+28 149
1757581775002 5.7292150584681855e+28 150
1757581775077 4.075246073580142e+27 151
1757581775150 1.3949529503774128e+28 152
1757581775223 6.676645030604733e+28 153
1757581775290 6.449085256077009e+27 154
1757581775360 2.818412609090287e+29 155
1757581775446 1.2287824748399009e+29 156
1757581775538 2.2524172359340723e+28 157
1757581775633 1.2107951720305148e+29 158
1757581775728 4.467432918932282e+28 159
1757581775822 1.9883034014494258e+29 160
1757581775913 4.454976314886271e+28 161
1757581775982 6.448723465404427e+29 162
1757581776055 1.010027273918616e+29 163
1757581776135 2.173395763954717e+29 164
1757581776202 7.950913820115039e+29 165
1757581776278 6.123686885182346e+29 166
1757581776349 1.555099920915333e+31 167
1757581776437 5.468582348426934e+29 168
1757581776535 3.4126855147649924e+29 169
1757581776633 5.973026046271003e+29 170
1757581776727 1.9150575226681624e+30 171
1757581776820 3.124434096650918e+30 172
1757581776916 2.4347357619183258e+30 173
1757581776992 1.5071881758034622e+31 174
1757581777062 6.589827475394913e+30 175
1757581777135 7.240361959059787e+30 176
1757581777207 9.493987088705703e+30 177
1757581777283 3.939941497684881e+30 178
1757581777360 3.544302886267256e+31 179
1757581777436 1.18701086138299e+31 180
1757581777531 1.1534611184198924e+31 181
1757581777638 2.45464211525083e+31 182
1757581777748 1.0935317554934632e+32 183
1757581777850 3.538538184208144e+31 184
1757581777951 3.067322490525764e+36 185
1757581778047 1.7783862406326178e+32 186
1757581778143 3.436356722010291e+33 187
1757581778241 9.112028242835567e+31 188
1757581778337 4.618051105574054e+32 189
1757581778436 4.023517308492534e+32 190
1757581778529 1.1816352362141996e+32 191
1757581778617 5.1544996298436105e+31 192
1757581778686 4.1680033533501116e+32 193
1757581778765 5.334854963913312e+32 194
1757581778839 1.0349888522909964e+33 195
1757581778925 2.694835189873471e+32 196
1757581779021 4.978070649322122e+32 197
1757581779124 4.809164726530771e+32 198
1757581779225 1.510550986385631e+33 199
1757581779324 5.9283886774441704e+32 200
1757581779423 2.108430893486495e+33 201
1757581779515 4.860351645250305e+33 202
1757581779592 3.710873262699034e+33 203
1757581779685 3.5203533852633905e+34 204
1757581779782 2.9239381442399905e+33 205
1757581779877 4.2330563051992436e+37 206
1757581779976 1.039882701394102e+34 207
1757581780072 7.194061959861282e+34 208
1757581780165 1.3823886813499544e+34 209
1757581780263 1.998700129156066e+34 210
1757581780358 2.4925006312170803e+35 211
1757581780453 1.6767144811984314e+35 212
1757581780547 2.2724806825510286e+35 213
1757581780647 7.8536877318680005e+34 214
1757581780745 5.63139180836888e+35 215
1757581780845 2.5345414971878965e+35 216
1757581780944 5.796684694457073e+35 217
1757581781040 1.3641521645772687e+36 218
1757581781135 1.54483433959597e+35 219
1757581781232 2.0319482994750685e+35 220
1757581781326 2.8810630559392238e+35 221
1757581781422 6.6097305496653066e+35 222
1757581781518 4.1690975379005624e+36 223
1757581781613 1.0657554649676645e+36 224
1757581781710 2.4498849042037165e+37 225
1757581781808 1.0826349975469159e+36 226
1757581781903 1.2207798003611483e+37 227
1757581781999 1.3949248106458628e+38 228
1757581782095 2.6207287125669323e+37 229
1757581782191 1.0037889552711806e+37 230
1757581782289 1.0343200901323593e+37 231
1757581782380 1.3828240530154768e+37 232
1757581782477 7.830822271739756e+37 233
1757581782576 1.3949856675723513e+37 234
1757581782672 4.080630565406873e+37 235
1757581782768 7.273404527057292e+38 236
1757581782863 2.2784020709326675e+37 237
1757581782962 9.38120181676887e+37 238
1757581783062 7.803595552501145e+37 239
1757581783159 5.80352575287556e+37 240
1757581783258 4.2097739171354295e+37 241
1757581783355 5.637335810314252e+37 242
1757581783451 6.7828321609121e+39 243
1757581783548 5.54227291971387e+38 244
1757581783643 5.304928924515052e+38 245
1757581783740 4.25761377821151e+38 246
1757581783839 9.66781136160489e+38 247
1757581783934 5.763112328870426e+38 248
1757581784031 1.0770195384017058e+39 249
1757581784128 6.070620788916824e+39 250
1757581784224 6.300497034308215e+38 251
1757581784319 5.67801490603866e+38 252
1757581784418 1.4644318633876496e+39 253
1757581784516 1.7651990160210178e+39 254
1757581784613 5.109629537515945e+39 255
1757581784710 4.67584471497083e+39 256
1757581784805 6.094633854243242e+39 257
1757581784899 3.203694629717727e+39 258
1757581784995 7.493096269645425e+40 259
1757581785087 1.167503729754737e+40 260
1757581785177 1.9367713953458905e+40 261
1757581785258 1.8090318919409974e+40 262
1757581785345 1.7636820342555752e+40 263
1757581785430 1.693115003022136e+41 264
1757581785526 2.5939260691977223e+40 265
1757581785615 9.948500846017383e+40 266
1757581785701 1.2650601734799873e+41 267
1757581785786 6.210883416930793e+40 268
1757581785872 6.017471045996127e+41 269
1757581785957 7.570038301055306e+41 270
1757581786044 3.547271887921762e+41 271
1757581786130 1.4281926620938162e+42 272
1757581786216 1.050978972358926e+42 273
1757581786301 5.150329217127622e+41 274
1757581786406 5.41033756100515e+41 275
1757581786491 3.43141425959643e+41 276
1757581786575 3.2535323069636586e+43 277
1757581786656 2.8916508566375085e+42 278
1757581786736 7.408768474697849e+43 279
1757581786824 1.66917707317486e+42 280
1757581786900 1.8122759637391508e+43 281
1757581786976 1.7563738302641815e+47 282
1757581787053 2.058383571984417e+44 283
1757581787146 1.1749083117409068e+43 284
1757581787244 3.418140401493798e+42 285
1757581787342 1.576908863584314e+42 286
1757581787440 1.124880615058968e+43 287
1757581787538 4.956790369763298e+42 288
1757581787636 2.4002242431402475e+43 289
1757581787750 2.2061170763518876e+43 290
1757581787847 1.1620028443130803e+45 291
1757581787943 1.8155189954206164e+43 292
1757581788040 3.7731182936012673e+43 293
1757581788126 9.558430209561293e+43 294
1757581788198 6.424783755428759e+43 295
1757581788282 3.462049370873588e+44 296
1757581788360 6.349244423035479e+47 297
1757581788436 9.27716651006639e+47 298
1757581788512 3.73840276419073e+45 299
1757581788586 4.179714753229376e+44 300
1757581788679 4.570538654344396e+45 301
1757581788777 1.7359942893019955e+45 302
1757581788874 2.283786838622903e+44 303
1757581788970 2.08104419276499e+45 304
1757581789069 1.2554771573732913e+45 305
1757581789159 7.879300084422468e+44 306
1757581789244 2.9712309855708526e+44 307
1757581789318 8.093623523429271e+45 308
1757581789400 1.692733410382209e+45 309
1757581789490 1.6908442262531188e+46 310
1757581789569 2.366100521027766e+49 311
1757581789653 1.791301181633586e+46 312
1757581789750 1.8467118969787725e+47 313
1757581789847 1.8610902863012783e+46 314
1757581789949 1.132869586628613e+46 315
1757581790048 9.529996713277679e+45 316
1757581790151 8.901101822660544e+45 317
1757581790251 2.8931229170079337e+46 318
1757581790348 3.215994260171886e+46 319
1757581790445 1.417287956296773e+47 320
1757581790543 1.600914621827749e+47 321
1757581790640 1.1240516533434892e+47 322
1757581790716 4.0120305495804734e+48 323
1757581790790 5.898269955061106e+46 324
1757581790869 5.3804856532700706e+48 325
1757581790943 1.045923909348838e+47 326
1757581791020 1.5268697645136183e+47 327
1757581791094 6.966648990881834e+47 328
1757581791177 4.240422608850242e+47 329
1757581791258 2.459756899755206e+48 330
1757581791337 1.6435861477861832e+48 331
1757581791414 3.18823400299618e+49 332
1757581791486 4.4110156662678324e+48 333
1757581791559 9.021341336235349e+48 334
1757581791634 1.9981352784621092e+49 335
1757581791733 2.1162083635541334e+49 336
1757581791831 1.0525566027254957e+49 337
1757581791930 1.0952189795778619e+49 338
1757581792028 2.677740582480487e+49 339
1757581792126 2.470750830169197e+50 340
1757581792214 8.561372012137633e+49 341
1757581792293 5.626242480926916e+50 342
1757581792368 4.254921012354523e+50 343
1757581792443 7.570082688095305e+49 344
1757581792517 2.1803577039592722e+50 345
1757581792594 2.437386843454853e+50 346
1757581792674 7.796848291260676e+49 347
1757581792774 9.470703615165519e+51 348
1757581792871 8.387550427558611e+51 349
1757581792969 3.967675548535993e+50 350
1757581793067 1.265945670823856e+51 351
1757581793164 4.0544707489582234e+52 352
1757581793262 1.9384401678456324e+51 353
1757581793359 5.997997983948162e+51 354
1757581793459 2.5122924975130746e+52 355
1757581793561 1.5652579571526188e+52 356
1757581793658 5.790305416436405e+51 357
1757581793741 6.204151930914742e+52 358
1757581793813 5.137976898516723e+52 359
1757581793901 8.829519092020134e+52 360
1757581793974 9.709854048925595e+52 361
1757581794076 4.559529442767542e+53 362
1757581794149 1.2256211438387778e+54 363
1757581794234 1.3221333453442348e+54 364
1757581794331 7.4241961393327524e+53 365
1757581794430 1.2589843042004306e+53 366
1757581794528 9.463859883099441e+52 367
1757581794627 1.758581107746444e+53 368
1757581794723 9.721749838868773e+54 369
1757581794797 1.1433226713455465e+55 370
1757581794872 4.884992086932622e+53 371
1757581794955 1.698259872538008e+54 372
1757581795029 8.46612175043239e+53 373
1757581795102 1.2539986549225684e+55 374
1757581795185 1.897478350818323e+54 375
1757581795280 2.3168260647592228e+55 376
1757581795378 1.9427603605987313e+58 377
1757581795477 1.523536208742841e+55 378
1757581795578 1.3776772412798027e+55 379
1757581795676 2.1033260793759978e+56 380
1757581795765 5.222735305085405e+54 381
1757581795843 5.754174777761949e+55 382
1757581795913 1.4704995215285116e+56 383
1757581795991 1.3190277455637527e+56 384
1757581796076 1.090759367205898e+56 385
1757581796152 4.7513002633939356e+56 386
1757581796235 5.929988103066061e+59 387
1757581796311 5.653474457447846e+56 388
1757581796390 5.95377593554739e+56 389
1757581796468 3.546449489696298e+57 390
1757581796545 4.193715909382699e+56 391
1757581796622 8.475784524181082e+56 392
1757581796702 8.27196358066581e+56 393
1757581796810 3.331903601766183e+58 394
1757581796908 3.1316387319213765e+56 395
1757581797009 3.9491849335263505e+57 396
1757581797109 1.4507706206418029e+57 397
1757581797209 3.380122690357742e+57 398
1757581797304 4.8345342965270686e+57 399
1757581797391 8.425825804614338e+57 400
1757581797475 6.0347749464141644e+57 401
1757581797558 1.6005553784942942e+58 402
1757581797648 1.8335580744047662e+58 403
1757581797733 4.132275117968177e+58 404
1757581797817 1.882213639777532e+58 405
1757581797924 5.29173229215321e+58 406
1757581798007 2.0817541823365424e+58 407
1757581798087 1.9829493571871758e+58 408
1757581798168 3.742273386777734e+59 409
1757581798259 5.605040501322718e+60 410
1757581798358 2.9059444509871696e+59 411
1757581798458 2.3686757386826814e+59 412
1757581798558 2.8160893774365543e+59 413
1757581798656 3.9613575997198118e+59 414
1757581798754 2.3203491530524527e+59 415
1757581798836 2.609363592495763e+59 416
1757581798910 8.762184269902565e+58 417
1757581798990 6.091215562113481e+59 418
1757581799068 8.333595728760369e+60 419
1757581799150 2.3243905015998678e+60 420
1757581799225 2.864859254437921e+62 421
1757581799305 8.6750264598165e+60 422
1757581799408 3.4703011302177593e+61 423
1757581799549 1.0615622039215332e+61 424
1757581799657 2.601906077523482e+61 425
1757581799757 9.22392256968592e+61 426
1757581799845 5.625792353393472e+61 427
1757581799927 1.9163002165255555e+62 428
1757581800000 4.380924884325149e+62 429
1757581800085 1.5347021213513854e+63 430
1757581800158 5.120753899756525e+62 431
1757581800245 2.2379451118173395e+63 432
1757581800334 2.6810969518212344e+62 433
1757581800435 3.4838691252940236e+62 434
1757581800545 1.0668918276560974e+63 435
1757581800648 4.944210184009669e+63 436
1757581800748 5.020512958377013e+62 437
1757581800851 2.2407142666340752e+63 438
1757581800953 1.142396488020487e+64 439
1757581801058 2.9475734491438853e+63 440
1757581801165 4.903536366349575e+63 441
1757581801279 3.211346694889515e+63 442
1757581801370 2.5254784516675973e+64 443
1757581801457 3.098732688558355e+63 444
1757581801543 7.450806110726193e+63 445
1757581801618 5.685421721109629e+64 446
1757581801715 1.4099368889771572e+65 447
1757581801801 4.0294985966331184e+66 448
1757581801889 7.423586919750236e+65 449
1757581801975 7.092265730988054e+65 450
1757581802071 7.142228496724461e+66 451
1757581802158 3.2470170795598953e+65 452
1757581802257 7.114599275894666e+65 453
1757581802359 6.797681370428438e+66 454
1757581802447 1.0382615629786721e+66 455
1757581802529 3.0717942353701725e+66 456
1757581802616 1.9413687682798316e+66 457
1757581802720 1.634390493208306e+67 458
1757581802818 2.199127497778004e+66 459
1757581802913 2.451821393040065e+66 460
1757581803007 5.264777220129645e+66 461
1757581803097 8.841966102476418e+66 462
1757581803192 1.773118393279266e+68 463
1757581803295 3.895114449200564e+66 464
1757581803406 5.044960314038718e+66 465
1757581803502 6.881832180161067e+66 466
1757581803588 9.513709459883019e+67 467
1757581803673 1.543000607898348e+67 468
1757581803761 9.951514279274152e+67 469
1757581803848 1.7475272764489968e+67 470
1757581803932 1.279246325478346e+68 471
1757581804019 1.5651794627720109e+68 472
1757581804116 4.259233280335444e+69 473
1757581804210 1.281653292857145e+68 474
1757581804304 2.7937850820212386e+68 475
1757581804395 1.8385477386431353e+68 476
1757581804488 1.1736023071541725e+69 477
1757581804577 1.667151006108757e+69 478
1757581804669 2.3834790099313856e+69 479
1757581804763 2.842534548879204e+68 480
1757581804853 2.0792460941864556e+68 481
1757581804967 6.752965838498518e+68 482
1757581805064 3.6770549923999156e+69 483
1757581805150 1.1468350510013782e+69 484
1757581805242 1.1445994956573006e+69 485
1757581805333 4.1373912080392016e+69 486
1757581805425 7.178798978040508e+69 487
1757581805514 2.522992237662153e+70 488
1757581805606 6.611956360963972e+69 489
1757581805722 3.0872925255529345e+69 490
1757581805816 1.9530903104815384e+71 491
1757581805905 5.095716814599411e+70 492
1757581805990 1.9665154981226892e+71 493
1757581806085 1.6327344221235028e+71 494
1757581806175 2.7746501888285983e+72 495
1757581806266 2.329295347687741e+70 496
1757581806360 6.438745568125251e+70 497
1757581806470 6.76243048882522e+70 498
1757581806569 3.3558595199905114e+70 499
