1757529887916 1064046171158.0706 0
1757529887936 1081918805065.2872 1
1757529887956 16839663959572.457 2
1757529887976 968469178160353.0 3
1757529887995 5.672838024692329e+16 4
1757529888015 3.3238383095557765e+18 5
1757529888035 1.9475193576120097e+20 6
1757529888056 1.1410997986410984e+22 7
1757529888079 6.685986321389509e+23 8
1757529888110 3.917484958480339e+25 9
1757529888137 2.295351451140134e+27 10
1757529888158 1.3449032580500632e+29 11
1757529888177 7.88012124515958e+30 12
1757529888199 4.617158183437129e+32 13
1757529888221 2.7053073204904355e+34 14
1757529888241 1.585106554190185e+36 15
1757529888263 9.287531841969053e+37 16
1757529888283 5.4417949056842834e+39 17
1757529888303 3.1884823976283793e+41 18
1757529888336 1.868210797390868e+43 19
1757529888367 1.094630971174211e+45 20
1757529888391 6.413713938101724e+46 21
1757529888412 3.7579538276423876e+48 22
1757529888433 2.2018782108127265e+50 23
1757529888470 1.290134971746977e+52 24
1757529888534 7.559220292707363e+53 25
1757529888578 4.429134368499658e+55 26
1757529888610 2.5951395110353253e+57 27
1757529888649 1.5205565063987925e+59 28
1757529888684 8.909317126574424e+60 29
1757529888719 5.2201895377017035e+62 30
1757529888751 3.0586383246196024e+64 31
1757529888787 1.7921319395139575e+66 32
1757529888822 1.050054484302421e+68 33
1757529888856 6.15252926245298e+69 34
1757529888889 3.6049192581171026e+71 35
1757529888920 2.112211466729752e+73 36
1757529888950 1.2375970058522003e+75 37
1757529888978 7.251387339856255e+76 38
1757529889009 4.248767418148324e+78 39
1757529889034 2.489458048158353e+80 40
1757529889061 1.4586351201688808e+82 41
1757529889088 8.546504390238873e+83 42
1757529889115 5.007608570669514e+85 43
1757529889142 2.934081871610884e+87 44
1757529889240 1.7191512291394264e+89 45
1757529889265 1.0072932787758144e+91 46
1757529889299 5.901980769747875e+92 47
1757529889334 3.458116691576402e+94 48
1757529889361 2.0261962075268119e+96 49
1757529889384 1.187198535375199e+98 50
1757529889412 6.956090220489509e+99 51
1757529889439 4.0757455230769486e+101 52
1757529889461 2.3880802350652697e+103 53
1757529889485 1.399235348924339e+105 54
1757529889507 8.198466420563565e+106 55
1757529889530 4.80368450531068e+108 56
1757529889554 2.814597711674929e+110 57
1757529889578 1.6491425008881554e+112 58
1757529889602 9.662734311743625e+113 59
1757529889626 5.661635324361801e+115 60
1757529889649 3.3172923431315277e+117 61
1757529889671 1.9436837343527647e+119 62
1757529889693 1.138852433976666e+121 63
1757529889715 6.67281843980893e+122 64
1757529889738 3.9097695717412197e+124 65
1757529889760 2.2908308148949436e+126 66
1757529889784 1.342254505330115e+128 67
1757529889806 7.864601547022637e+129 68
1757529889828 4.6080648079641866e+131 69
1757529889850 2.69997928660948e+133 70
1757529889872 1.5819847271941646e+135 71
1757529889895 9.269240284499919e+136 72
1757529889918 5.4310774291849906e+138 73
1757529889939 3.1822027627363436e+140 74
1757529889961 1.8645314037966937e+142 75
1757529889983 1.0924751233496789e+144 76
1757529890006 6.401082291816564e+145 77
1757529890028 3.750552633269698e+147 78
1757529890051 2.197541667744174e+149 79
1757529890074 1.2875940837715438e+151 80
1757529890098 7.544332600825482e+152 81
1757529890120 4.4204113011423994e+154 82
1757529890143 2.590028449849815e+156 83
1757529890165 1.517561809078211e+158 84
1757529890188 8.891770453356506e+159 85
1757529890210 5.209908507331781e+161 86
1757529890234 3.052614414323071e+163 87
1757529890257 1.7886023812931376e+165 88
1757529890280 1.0479864287337092e+167 89
1757529890305 6.140412012735856e+168 90
1757529890334 3.597819461432307e+170 91
1757529890360 2.1080515200304486e+172 92
1757529890385 1.2351595900627952e+174 93
1757529890408 7.237105917136511e+175 94
1757529890433 4.240399578906998e+177 95
1757529890455 2.4845551239229556e+179 96
1757529890479 1.4557623754417371e+181 97
1757529890501 8.529672267466638e+182 98
1757529890525 4.997746213101066e+184 99
1757529890547 2.9283032720768794e+186 100
1757529890570 1.715765404569327e+188 101
1757529890593 1.0053094403125267e+190 102
1757529890615 5.890356968907221e+191 103
1757529890638 3.4513060188082624e+193 104
1757529890662 2.022205665690232e+195 105
1757529890684 1.1848603780900666e+197 106
1757529890706 6.942390377927005e+198 107
1757529890729 4.067718446052202e+200 108
1757529890751 2.383376971851309e+202 109
1757529890774 1.3964795905341358e+204 110
1757529890797 8.182319749710349e+205 111
1757529890820 4.794223770996345e+207 112
1757529890845 2.8090544331514415e+209 113
1757529890871 1.6458945567256827e+211 114
1757529890895 9.643703802564184e+212 115
1757529890918 5.650484877755828e+214 116
1757529890943 3.3107590203317826e+216 117
1757529890967 1.939855698731049e+218 118
1757529890991 1.1366094931071787e+220 119
1757529891015 6.659676493805377e+221 120
1757529891039 3.902069380126291e+223 121
1757529891063 2.2863190819377006e+225 122
1757529891086 1.339610969260434e+227 123
1757529891110 7.849112414536457e+228 124
1757529891134 4.598989341662593e+230 125
1757529891159 2.694661746155571e+232 126
1757529891182 1.5788690485569114e+234 127
1757529891206 9.250984751787403e+235 128
1757529891230 5.420381060482768e+237 129
1757529891254 3.1759354954253363e+239 130
1757529891281 1.8608592566745193e+241 131
1757529891306 1.090323521412541e+243 132
1757529891337 6.388475523237159e+244 133
1757529891364 3.743166015360885e+246 134
1757529891391 2.1932136653867775e+248 135
1757529891415 1.2850582000102782e+250 136
1757529891441 7.529474229873687e+251 137
1757529891468 4.4117054136441883e+253 138
1757529891493 2.584927454769166e+255 139
1757529891520 1.5145730097377497e+257 140
1757529891545 8.874258337864707e+258 141
1757529891572 5.199647725189377e+260 142
1757529891597 3.0466023679644725e+262 143
1757529891621 1.7850797744473529e+264 144
1757529891647 1.0459224461477775e+266 145
1757529891677 6.128318627633475e+267 146
1757529891703 3.590733647616271e+269 147
1757529891728 2.1038997662402232e+271 148
1757529891754 1.2327269747017187e+273 149
1757529891783 7.222852621315135e+274 150
1757529891810 4.2320482199119813e+276 151
1757529891836 2.4796618558719914e+278 152
1757529891862 1.452895288512193e+280 153
1757529891887 8.512873295131653e+281 154
1757529891913 4.987903279194751e+283 155
1757529891937 2.922536053347538e+285 156
1757529891963 1.7123862482945202e+287 157
1757529891988 1.00332950896859e+289 158
1757529892013 5.878756060846433e+290 159
1757529892036 3.4445087594867657e+292 160
1757529892063 2.0182229831242207e+294 161
1757529892088 1.1825268257461865e+296 162
1757529892112 6.928717516855679e+297 163
1757529892137 4.059707178151307e+299 164
1757529892161 2.3786829715945183e+301 165
1757529892186 1.3937292595399224e+303 166
1757529892211 inf 167
