1757541662121 67784647957334.22 0
1757541662198 1.9028785490020385e+18 1
1757541662269 1.4229378728512564e+24 2
1757541662332 2.3763559280521868e+30 3
1757541662397 1.2823969533390516e+35 4
1757541662464 1.7111691934072803e+40 5
1757541662526 2.882772690621346e+45 6
1757541662591 3.4630606906230763e+50 7
1757541662664 1.1261711171538565e+56 8
1757541662728 3.1080280648463677e+63 9
1757541662792 2.1594254947669677e+68 10
1757541662859 4.415398411403929e+72 11
1757541662930 3.0690030155103095e+78 12
1757541662991 3.1735574924698334e+84 13
1757541663059 4.082974026204879e+88 14
1757541663121 8.054955954832205e+92 15
1757541663195 8.27253489677806e+98 16
1757541663262 3.263658997179446e+103 17
1757541663329 2.894872803986038e+109 18
1757541663444 7.984738985664798e+115 19
1757541663517 9.379135755722003e+119 20
1757541663586 4.597910135706599e+127 21
1757541663651 3.994612258158883e+130 22
1757541663719 1.8240092596387267e+136 23
1757541663784 1.3917238125154464e+141 24
1757541663855 2.0304750139840753e+147 25
1757541663915 1.1391553199045451e+152 26
1757541663984 5.910837048456465e+157 27
1757541664049 3.7665819641462205e+162 28
1757541664118 4.030937541726936e+167 29
1757541664185 1.2733686054365284e+172 30
1757541664255 1.5345238284228518e+178 31
1757541664335 8.298349827528354e+182 32
1757541664420 4.675196782477089e+188 33
1757541664487 4.216828877837981e+193 34
1757541664550 7.478986143822714e+200 35
1757541664619 1.382174605659073e+204 36
1757541664687 4.12963160557921e+209 37
1757541664755 6.705927371941272e+216 38
1757541664819 2.1346321297524154e+220 39
1757541664888 5.6739672291178105e+225 40
1757541664953 3.115602272342823e+231 41
1757541665021 2.447895383741035e+237 42
1757541665083 1.4727783010318374e+242 43
1757541665146 3.6368797191039184e+247 44
1757541665213 6.519624665771619e+252 45
1757541665281 4.2026546150418684e+258 46
1757541665342 9.240005270615252e+262 47
1757541665411 2.5413740039395267e+268 48
1757541665475 1.1514042804761197e+274 49
1757541665544 3.21106958829271e+278 50
1757541665612 2.122267070939282e+283 51
1757541665680 2.4825137647970176e+288 52
1757541665748 2.44467388410598e+293 53
1757541665814 3.0053848741202187e+298 54
1757541665884 6.943056876838278e+303 55
1757541665950 inf 56
1757541666017 inf 57
