1757591203240 1019577061531.1046 0
1757591203303 830196905590.508 1
1757591203366 696552904129.1345 2
1757591203428 598902294164.8289 3
1757591203492 525580727755.8009 4
1757591203554 469377591189.9166 5
1757591203617 425624790877.41113 6
1757591203682 391165890440.05115 7
1757591203747 363783729671.80347 8
1757591203813 341871218441.74603 9
1757591203879 324234221473.95795 10
1757591203942 309968370242.06903 11
1757591204007 298378745860.7178 12
1757591204072 288925429901.01385 13
1757591204135 281185323409.9829 14
1757591204198 274824617144.7386 15
1757591204262 269578495693.9527 16
1757591204326 265235911953.36945 17
1757591204406 261628009102.1415 18
1757591204469 258619221786.86426 19
1757591204534 256100378012.769 20
1757591204600 253983314708.5079 21
1757591204663 252196650507.9607 22
1757591204726 250682450773.6005 23
1757591204789 249393585414.47598 24
1757591204852 248291627842.38248 25
1757591204915 247345178774.5936 26
1757591204978 246528525073.5931 27
1757591205045 245820563840.45694 28
1757591205109 245203937248.84717 29
1757591205171 244664335333.88516 30
1757591205236 244189933013.03937 31
1757591205298 243770934658.95966 32
1757591205361 243399205044.49927 33
1757591205423 243067969795.1553 34
1757591205486 242771571883.0474 35
1757591205550 242505273383.7105 36
1757591205613 242265093848.53748 37
1757591205677 242047678341.64935 38
1757591205740 241850189543.0156 39
1757591205805 241670219401.77597 40
1757591205868 241505716691.10782 41
1757591205932 241354927512.64114 42
1757591206008 241216346358.97223 43
1757591206073 241088675794.5966 44
1757591206137 240970793180.2225 45
1757591206200 240861723160.1431 46
1757591206273 240760614870.8374 47
1757591206338 240666723022.18796 48
1757591206401 240579392159.40283 49
1757591206465 240498043540.9418 50
1757591206529 240422164171.1143 51
1757591206593 240351297610.08563 52
1757591206657 240285036252.4576 53
1757591206721 240223014821.3403 54
1757591206785 240164904870.28522 55
1757591206849 240110410122.54306 56
1757591206911 240059262507.40222 57
1757591206976 240011218778.1271 58
1757591207040 239966057616.27252 59
1757591207105 239923577143.7411 60
1757591207169 239883592777.54608 61
1757591207235 239845935373.3999 62
1757591207298 239810449613.41034 63
1757591207361 239776992600.7018 64
1757591207427 239745432629.98093 65
1757591207491 239715648108.1802 66
1757591207553 239687526603.5313 67
1757591207619 239660964004.91016 68
1757591207682 239635863776.1836 69
1757591207744 239612136292.68076 70
1757591207808 239589698248.9049 71
1757591207871 239568472128.25357 72
1757591207934 239548385726.89923 73
1757591207997 239529371725.1332 74
1757591208061 239511367300.44473 75
1757591208126 239494313777.41718 76
1757591208197 239478156310.20502 77
1757591208267 239462843593.93405 78
1757591208332 239448327601.85135 79
1757591208401 239434563345.46756 80
1757591208469 239421508655.28406 81
1757591208532 239409123979.9985 82
1757591208595 239397372202.33832 83
1757591208661 239386218469.89398 84
1757591208726 239375630039.51038 85
1757591208791 239365576133.96298 86
1757591208855 239356027809.78345 87
1757591208918 239346957835.22592 88
1757591208984 239338340577.47147 89
1757591209053 239330151898.2625 90
1757591209121 239322369057.24255 91
1757591209188 239314970622.34775 92
1757591209259 239307936386.66312 93
1757591209326 239301247291.21103 94
1757591209391 239294885353.19113 95
1757591209465 239288833599.23532 96
1757591209531 239283076003.2821 97
1757591209595 239277597428.70834 98
1757591209663 239272383574.39188 99
1757591209730 239267420924.4033 100
1757591209793 239262696701.05423 101
1757591209859 239258198821.05142 102
1757591209923 239253915854.5264 103
1757591209987 239249836986.7312 104
1757591210051 239245951982.2064 105
1757591210115 239242251151.24365 106
1757591210181 239238725318.48065 107
1757591210246 239235365793.47678 108
1757591210310 239232164343.13168 109
1757591210378 239229113165.81894 110
1757591210445 239226204867.11713 111
