1757554713036 101429531278.79117 0
1757554713117 279503607761.62384 1
1757554713188 13439604833578.334 2
1757554713263 64444684780828.73 3
1757554713332 7511173171920623.0 4
1757554713397 1.7457467595728525e+17 5
1757554713464 4.784089597776244e+18 6
1757554713535 2.07683383383708e+22 7
1757554713597 9.244914567957581e+21 8
1757554713665 2.7734507839748222e+23 9
1757554713734 2.7971080594002306e+25 10
1757554713803 1.485834464043122e+26 11
1757554713872 9.954936899499783e+27 12
1757554713941 8.931796209094258e+28 13
1757554714009 2.4145923042763053e+31 14
1757554714073 3.380482165318588e+32 15
1757554714154 1.4003968080429126e+34 16
1757554714232 1.473466019157194e+35 17
1757554714307 1.4834118169585128e+37 18
1757554714385 1.397531770719692e+39 19
1757554714456 1.4970613732977872e+41 20
1757554714527 8.325596659534792e+41 21
1757554714601 1.5354558420787994e+44 22
1757554714666 1.5045157875747404e+45 23
1757554714731 9.250787433625598e+45 24
1757554714809 4.6484233219258056e+47 25
1757554714877 2.161220589159603e+50 26
1757554714944 8.484399981908765e+52 27
1757554715006 3.007743794259774e+52 28
1757554715077 1.0247581972799602e+54 29
1757554715141 3.297384750426879e+57 30
1757554715208 2.950283819116573e+57 31
1757554715282 3.494083026320713e+58 32
1757554715348 2.3661016508116788e+60 33
1757554715420 2.4205976899929305e+61 34
1757554715487 1.7148053639050122e+63 35
1757554715556 9.67705205117295e+64 36
1757554715617 1.2212031187467388e+66 37
1757554715685 8.420523598138959e+68 38
1757554715754 4.229901838436619e+70 39
1757554715843 2.3525442343990817e+71 40
1757554715932 4.807806731953115e+72 41
1757554716024 5.801024131033334e+73 42
1757554716094 3.654481838871087e+76 43
1757554716161 2.009013979064125e+77 44
1757554716232 2.9553308043840607e+78 45
1757554716304 1.982736913616382e+80 46
1757554716391 5.252200842553911e+82 47
1757554716466 2.7915654287985887e+83 48
1757554716534 4.1690098478182724e+86 49
1757554716602 2.984200676580363e+86 50
1757554716670 1.9187233698603083e+88 51
1757554716739 3.5941295642882735e+89 52
1757554716809 3.064562306463254e+91 53
1757554716880 2.8580065182099286e+93 54
1757554716953 1.2583125634549284e+94 55
1757554717024 1.7900513703936162e+98 56
1757554717098 1.2458611455157977e+97 57
1757554717167 1.0757095804412973e+100 58
1757554717245 1.5303742381503963e+100 59
1757554717319 1.9345123524659264e+102 60
1757554717394 2.7466154092496954e+103 61
1757554717461 2.9024356287619623e+105 62
1757554717533 5.644586655100002e+106 63
1757554717612 6.640360894371084e+107 64
1757554717687 2.8654295471246837e+109 65
1757554717754 4.79738050872772e+110 66
1757554717818 4.097131325240985e+112 67
1757554717891 2.2024308959576515e+114 68
1757554717960 2.195792341025471e+115 69
1757554718030 5.292871942919902e+117 70
1757554718102 6.627819119561777e+118 71
1757554718165 1.1124344811782369e+120 72
1757554718233 5.784972041792428e+121 73
1757554718311 7.242797458183372e+122 74
1757554718386 2.612897660796105e+125 75
1757554718456 1.5016895771459278e+126 76
1757554718530 3.3210221610014492e+128 77
1757554718608 1.897722979441855e+129 78
1757554718676 2.029665340029459e+133 79
1757554718747 2.7191941321939345e+132 80
1757554718814 1.3028727284816856e+134 81
1757554718890 3.4262254455144526e+135 82
1757554718954 3.863937037397965e+137 83
1757554719028 1.1097248363531043e+138 84
1757554719096 4.194861991395489e+140 85
1757554719164 3.2323800456031084e+141 86
1757554719226 1.1951464968207408e+143 87
1757554719293 2.375595034489202e+144 88
1757554719361 3.15221766061089e+148 89
1757554719428 6.276145743716379e+147 90
1757554719499 1.6663637766153203e+149 91
1757554719572 2.0804705781904625e+150 92
1757554719638 7.673267703845121e+151 93
1757554719703 2.918140535748221e+153 94
1757554719787 1.0398219525510915e+155 95
1757554719866 2.5524724931646708e+157 96
1757554719941 5.352666602974356e+158 97
1757554720009 2.5661153883156948e+160 98
1757554720078 2.4721947592468153e+161 99
1757554720149 3.26932206650776e+163 100
1757554720218 2.3232447434988356e+164 101
1757554720288 3.580127770518478e+166 102
1757554720357 1.814021973483797e+168 103
1757554720426 2.9460608408607534e+169 104
1757554720499 1.9081678887783996e+170 105
1757554720600 2.6742806335969356e+172 106
1757554720672 5.11139261073811e+173 107
1757554720758 4.699338763801071e+176 108
1757554720842 4.348578675814116e+176 109
1757554720914 2.2078237354678265e+179 110
1757554720990 3.143896679974431e+179 111
1757554721058 2.2932318803263067e+181 112
1757554721132 5.444084469949275e+182 113
1757554721206 1.2329828799434634e+185 114
1757554721268 1.2685000522558163e+187 115
1757554721339 1.6272896143823064e+187 116
1757554721409 6.406428649108173e+188 117
1757554721477 1.125307324370086e+190 118
1757554721548 4.529323852810794e+191 119
1757554721620 1.0660769942658848e+193 120
1757554721685 4.4720255282326484e+194 121
1757554721757 1.3756737832440551e+197 122
1757554721830 1.8612376663739508e+197 123
1757554721900 7.918369523100405e+199 124
1757554721966 1.03700337552449e+201 125
1757554722035 5.69165931840711e+202 126
1757554722101 3.390821209259916e+203 127
1757554722171 3.741538710109408e+206 128
1757554722242 7.764440140078003e+206 129
1757554722312 2.736622288638819e+208 130
1757554722381 9.567567419030327e+209 131
1757554722449 2.0935377171614606e+211 132
1757554722526 1.0069281312091212e+213 133
1757554722599 1.8099771633904759e+214 134
1757554722663 2.648668379548345e+215 135
1757554722742 3.6451299223660864e+219 136
1757554722808 1.7000891054550615e+219 137
1757554722881 2.1301781477582776e+220 138
1757554722957 1.0419455233623787e+223 139
1757554723028 3.112322488839203e+224 140
1757554723103 4.596369402345672e+225 141
1757554723173 2.3685727748210582e+226 142
1757554723240 5.663309395697409e+228 143
1757554723308 2.5295539191910376e+229 144
1757554723376 1.32003221083185e+233 145
1757554723444 3.8176714232119322e+233 146
1757554723508 1.5169472792466604e+234 147
1757554723575 1.389283213041359e+236 148
1757554723651 3.810601372319178e+237 149
1757554723722 3.346565242200109e+238 150
1757554723804 6.467990874348224e+241 151
1757554723878 4.013090390178337e+241 152
1757554723953 3.0750739788347197e+243 153
1757554724023 8.339507963517249e+245 154
1757554724086 1.028005899227859e+248 155
1757554724159 4.7386830880505947e+247 156
1757554724231 1.5752316008949824e+249 157
1757554724299 4.044583083824496e+250 158
1757554724372 2.0101727212149674e+253 159
1757554724440 1.8937900665608812e+254 160
1757554724513 3.166015141946816e+255 161
1757554724579 2.010250355980722e+257 162
1757554724658 2.6870041193515838e+259 163
1757554724729 2.4654454417554054e+261 164
1757554724804 1.5447257768771024e+262 165
1757554724871 1.7140682965931843e+263 166
1757554724937 6.830625159664804e+264 167
1757554725009 1.7185228076882038e+266 168
1757554725080 7.410780057184579e+267 169
1757554725155 7.195935067664789e+269 170
1757554725225 3.4935777021811836e+271 171
1757554725292 6.138048086402433e+273 172
1757554725363 8.617413443186964e+273 173
1757554725438 3.449752571167063e+276 174
1757554725513 7.474630320251964e+276 175
1757554725584 3.093399081436231e+278 176
1757554725661 2.282848242377065e+281 177
1757554725734 1.0560477122491672e+282 178
1757554725808 5.50621242521505e+283 179
1757554725878 3.4458169498679823e+286 180
1757554725945 2.4045567645294287e+287 181
1757554726018 8.450468187430954e+287 182
1757554726087 3.1637339239206205e+289 183
1757554726161 5.411027882001773e+290 184
1757554726235 5.097131306758455e+292 185
1757554726302 2.977067607744969e+294 186
1757554726377 4.322344395780479e+295 187
1757554726448 4.0094743687254085e+296 188
1757554726525 2.6606587177554127e+298 189
1757554726598 1.2666319755648265e+300 190
1757554726673 2.3409444411138993e+301 191
1757554726745 3.1471366301017024e+303 192
1757554726815 1.3906549752880204e+306 193
