1757531043445 1064045061951.4143 0
1757531043492 868233076427.122 1
1757531043539 656203001127.2991 2
1757531043587 499031422131.29297 3
1757531043634 397964405818.3349 4
1757531043684 335551714603.4091 5
1757531043731 297420571699.09845 6
1757531043784 274673869056.14145 7
1757531043833 261567603527.7221 8
1757531043884 254134706323.11597 9
1757531043931 249795814045.82513 10
1757531043978 247086210029.08096 11
1757531044026 245270626411.63205 12
1757531044074 243991703816.4486 13
1757531044123 243057636708.16257 14
1757531044170 242350749798.9839 15
1757531044217 241795686036.55038 16
1757531044266 241345495893.75165 17
1757531044330 240971467069.31842 18
1757531044376 240655435623.78604 19
1757531044422 240385081812.8656 20
1757531044476 240151539152.8525 21
1757531044524 239948217748.60336 22
1757531044571 239770120016.57727 23
1757531044618 239613370446.26877 24
1757531044670 239474888156.4133 25
1757531044723 239352170032.2662 26
1757531044776 239243149460.4629 27
1757531044823 239146099284.7645 28
1757531044868 239059560677.24954 29
1757531044914 238982289435.184 30
1757531044961 238913214378.93005 31
1757531045009 238851406638.74274 32
1757531045056 238796055750.68277 33
1757531045102 238746451037.00433 34
1757531045149 238701966819.0295 35
1757531045194 238662050472.92664 36
1757531045241 238626212640.39798 37
1757531045286 238594019097.41016 38
1757531045332 238565083915.03198 39
1757531045377 238539063642.34167 40
1757531045424 238515652311.7145 41
1757531045472 238494577117.00043 42
1757531045522 238475594650.44193 43
1757531045571 238458487609.35236 44
1757531045630 238443061901.96878 45
1757531045679 238429144095.6234 46
1757531045727 238416579160.77164 47
1757531045776 238405228472.37894 48
1757531045824 238394968036.35513 49
1757531045872 238385686913.6156 50
1757531045918 238377285818.27502 51
1757531045967 238369675869.69287 52
1757531046015 238362777480.74026 53
1757531046062 238356519366.88904 54
1757531046109 238350837662.60797 55
1757531046156 238345675133.16467 56
1757531046203 238340980471.3262 57
1757531046249 238336707669.65762 58
1757531046297 238332815460.1731 59
1757531046344 238329266814.02164 60
1757531046393 238326028494.70068 61
1757531046441 238323070659.01086 62
1757531046487 238320366500.60083 63
1757531046537 238317891931.51367 64
1757531046586 238315625297.64734 65
1757531046635 238313547124.48364 66
1757531046683 238311639889.83813 67
1757531046730 238309887820.7315 68
1757531046776 238308276711.79926 69
1757531046822 238306793762.93225 70
1757531046869 238305427434.09183 71
1757531046917 238304167315.46228 72
1757531046963 238303004011.3033 73
1757531047010 238301929036.03906 74
1757531047057 238300934721.27936 75
1757531047106 238300014132.60645 76
1757531047155 238299160995.08963 77
1757531047214 238298369626.596 78
1757531047261 238297634878.07108 79
1757531047310 238296952080.04712 80
1757531047359 238296316994.71957 81
1757531047406 238295725773.00006 82
1757531047455 238295174916.02002 83
1757531047502 238294661240.6135 84
1757531047550 238294181848.35898 85
1757531047605 238293734097.80472 86
1757531047653 238293315579.54187 87
1757531047700 238292924093.8258 88
1757531047748 238292557630.47836 89
1757531047796 238292214350.831 90
1757531047845 238291892571.4954 91
1757531047892 238291590749.77087 92
1757531047939 238291307470.5175 93
1757531047987 238291041434.34174 94
1757531048035 238290791446.9594 95
1757531048084 238290556409.6131 96
1757531048132 238290335310.43484 97
1757531048180 238290127216.65723 98
1757531048227 238289931267.58502 99
1757531048276 238289746668.24973 100
1757531048324 238289572683.6767 101
1757531048373 238289408633.70242 102
1757531048420 238289253888.28738 103
1757531048470 238289107863.27158 104
1757531048520 238288970016.53064 105
1757531048567 238288839844.4911 106
1757531048615 238288716878.96863 107
1757531048662 238288600684.29797 108
1757531048710 238288490854.72418 109
1757531048758 238288387012.03122 110
1757531048805 238288288803.3831 111
1757531048852 238288195899.35672 112
1757531048899 238288107992.14963 113
1757531048947 238288024793.94308 114
1757531048994 238287946035.4077 115
1757531049042 238287871464.33685 116
1757531049090 238287800844.39645 117
1757531049139 238287733953.97903 118
1757531049187 238287670585.15396 119
1757531049235 238287610542.70322 120
1757531049284 238287553643.23605 121
1757531049331 238287499714.37473 122
1757531049379 238287448594.005 123
1757531049427 238287400129.58524 124
1757531049485 238287354177.50995 125
1757531049534 238287310602.5213 126
1757531049582 238287269277.16608 127
1757531049630 238287230081.2928 128
1757531049678 238287192901.58655 129
1757531049726 238287157631.1375 130
1757531049776 238287124169.04102 131
