1757542533523 840348587536.4539 0
1757542533591 3413823040363.4727 1
1757542533653 620399449351.8168 2
1757542533726 329450173966.4511 3
1757542533787 751635559407.6332 4
1757542533856 1289265902168.921 5
1757542533918 565925852248.3586 6
1757542533988 541344796967.0119 7
1757542534058 906361803239.3547 8
1757542534121 320222067535.0189 9
1757542534184 1103316061132.5227 10
1757542534247 331687479793.5238 11
1757542534315 737822745346.0989 12
1757542534378 290397448966.1856 13
1757542534450 1217994556238.775 14
1757542534514 596353472442.447 15
1757542534579 385202809621.2337 16
1757542534647 1379817603895.0989 17
1757542534719 532164822368.502 18
1757542534779 1270810512180.766 19
1757542534843 530760986532.491 20
1757542534911 934542919866.4921 21
1757542534979 673500302629.821 22
1757542535061 1215962300805.6152 23
1757542535150 791944754992.2069 24
1757542535230 466281676934.0836 25
1757542535311 255897259678.98642 26
1757542535383 839485722084.2882 27
1757542535452 791446996311.1241 28
1757542535516 281721115951.9919 29
1757542535585 337258610212.3801 30
1757542535649 1710783745943.619 31
1757542535714 227476123311.79044 32
1757542535777 460106547249.90283 33
1757542535843 1927419548750.6438 34
1757542535907 234920480377.5003 35
1757542535976 552382161723.9592 36
1757542536041 589867352338.6266 37
1757542536107 445164287987.77155 38
1757542536170 722930810900.8483 39
1757542536237 224763873515.62015 40
1757542536296 574343301218.0441 41
1757542536363 1296173917266.893 42
1757542536432 353904920701.49646 43
1757542536493 458395064888.1232 44
1757542536553 611536899102.7375 45
1757542536617 298743443796.0718 46
1757542536686 183294918761.68613 47
1757542536751 193083660649.84503 48
1757542536816 404668467646.8327 49
1757542536878 204275688994.31207 50
1757542536951 698179375756.7169 51
1757542537013 540181845362.0868 52
1757542537082 406626893574.8003 53
1757542537147 650110464167.3676 54
1757542537207 180526776771.13687 55
1757542537275 698233207360.7369 56
1757542537339 835057109820.3872 57
1757542537407 195130272926.02997 58
1757542537477 532768328122.6457 59
1757542537543 706956839693.0117 60
1757542537604 335235641402.3989 61
1757542537668 278031791640.41205 62
1757542537733 143075101096.54904 63
1757542537794 353276139748.80206 64
1757542537860 544197294509.656 65
1757542537926 141565001344.14102 66
1757542537993 490884126033.4804 67
1757542538070 266206684115.42792 68
1757542538140 190655967783.06735 69
1757542538203 175957291468.9305 70
1757542538260 278340139679.66284 71
1757542538330 130685206086.233 72
1757542538398 226371468111.09778 73
1757542538464 139367348530.48254 74
1757542538526 352777274909.64355 75
1757542538589 570687603918.9617 76
1757542538657 788319177478.0012 77
1757542538720 435111320107.7176 78
1757542538786 519884309164.98737 79
1757542538863 373706679334.69257 80
1757542538927 637530152758.359 81
1757542538995 499459970587.8906 82
1757542539061 817092765724.6921 83
1757542539128 637513880332.5854 84
1757542539198 483351362629.47375 85
1757542539259 576764847187.3417 86
1757542539328 823331534895.2675 87
1757542539394 309608905292.5952 88
1757542539457 893341223474.0515 89
1757542539525 465177873839.68097 90
1757542539591 636016710562.5526 91
1757542539656 458388184530.62286 92
1757542539720 495985011680.94507 93
1757542539788 129597067110.91397 94
1757542539851 160415323012.35202 95
1757542539921 201999760149.80307 96
1757542539989 209066451315.34106 97
1757542540053 481296078690.0226 98
1757542540123 131129373059.18242 99
1757542540185 869389099914.6667 100
1757542540263 305856155710.0432 101
1757542540347 142419920282.97757 102
1757542540411 528357822514.3468 103
1757542540483 806663200958.5079 104
1757542540550 497412769159.95575 105
1757542540616 134656342553.12851 106
1757542540682 80659811795.66563 107
1757542540744 152765477507.5107 108
1757542540808 483717253196.8437 109
1757542540868 115482064501.74754 110
1757542540941 115183540685.61201 111
1757542541018 677723460828.8115 112
1757542541081 222609583023.08032 113
1757542541153 335540920433.1807 114
1757542541219 799703947456.9209 115
1757542541285 745096243695.311 116
1757542541346 399726330172.3271 117
1757542541421 340486509631.0807 118
1757542541485 129025118383.9713 119
1757542541555 367464333403.14935 120
1757542541620 190905894938.78067 121
1757542541681 409772457400.84283 122
1757542541752 109287279398.84077 123
1757542541815 138396061974.7427 124
1757542541881 159344481684.5723 125
1757542541946 244483415492.874 126
1757542542014 102341767086.42978 127
1757542542085 372168915440.50055 128
1757542542151 146212190159.97083 129
1757542542216 174590635406.4451 130
1757542542282 532626765428.41595 131
1757542542345 304657582455.19775 132
1757542542419 385174823014.30475 133
1757542542484 452717874293.38495 134
1757542542551 280693135697.59296 135
1757542542615 384621775081.9535 136
1757542542680 97650241645.3596 137
1757542542748 68456500667.62836 138
1757542542822 217453940487.20282 139
1757542542902 371711579528.4291 140
1757542542969 233990806904.99036 141
1757542543043 197283297860.58276 142
1757542543110 266919684315.73492 143
1757542543180 355580919542.0295 144
1757542543242 583992538831.9758 145
1757542543306 326858345490.44586 146
1757542543377 318672527301.44836 147
1757542543442 96987207501.02872 148
1757542543508 138884577449.78394 149
1757542543578 150202552873.52075 150
1757542543644 68668343158.44072 151
1757542543715 294483823467.39655 152
1757542543783 105264776779.61397 153
1757542543851 279939998065.3633 154
1757542543917 83982368900.73785 155
1757542543992 61677555995.4814 156
1757542544055 103080205442.4311 157
1757542544118 623607782485.3903 158
1757542544189 122085392932.76091 159
1757542544254 96107551731.60449 160
1757542544322 537862854867.52106 161
1757542544387 226314266904.06393 162
1757542544453 427123938182.15784 163
1757542544518 323874331152.5749 164
1757542544587 815868149391.7999 165
1757542544652 160358444268.39395 166
1757542544722 119016979554.09935 167
1757542544789 76597383917.9656 168
1757542544852 288314928688.3876 169
1757542544925 213712633847.72733 170
1757542544994 508553529329.0582 171
1757542545068 546160331741.4561 172
1757542545143 359103036656.453 173
1757542545208 432973388442.68994 174
1757542545277 89128325655.59981 175
1757542545341 135160079943.50302 176
1757542545412 92556025404.52504 177
1757542545482 131538252373.82678 178
1757542545550 253320429141.28082 179
1757542545618 116827064207.94266 180
1757542545690 372897464005.26013 181
1757542545757 89673440307.51683 182
1757542545822 505261273133.70026 183
1757542545896 358760953681.7784 184
1757542545964 69329933386.40305 185
1757542546031 112692992827.2042 186
1757542546100 119497779617.99136 187
1757542546165 247732033675.27866 188
1757542546240 136610488938.78018 189
1757542546307 196819236009.45193 190
1757542546376 353863528388.8207 191
1757542546448 349304817162.5925 192
1757542546516 521960105623.1293 193
1757542546587 70044158004.29292 194
1757542546661 699757652152.0328 195
1757542546722 678558354978.5233 196
1757542546795 270454664775.41006 197
1757542546870 61441995568.28971 198
1757542546938 383329433837.33575 199
1757542547003 403555581288.8437 200
1757542547070 343341174848.2993 201
1757542547139 453102391672.273 202
1757542547222 91112191830.76373 203
1757542547287 335715955494.1766 204
1757542547352 98053287020.43835 205
1757542547416 548584383024.25037 206
1757542547485 418126622261.51874 207
1757542547553 815813093806.7552 208
1757542547623 149557179954.71 209
1757542547694 66687067782.31104 210
1757542547756 301675929221.08923 211
1757542547823 530182468895.0349 212
1757542547900 353748197342.7746 213
1757542547970 155308580885.2237 214
1757542548033 377362635434.8544 215
1757542548104 106490163667.63356 216
1757542548169 125915899754.0352 217
1757542548238 291855936296.0996 218
1757542548299 243835852949.7362 219
1757542548370 162582747106.68665 220
1757542548436 355467043767.58575 221
1757542548506 121059520746.5438 222
1757542548571 169275046547.8781 223
1757542548638 313725228015.1064 224
1757542548713 181574658132.71988 225
1757542548781 265387537897.83487 226
1757542548846 197889876191.28537 227
1757542548915 159382534773.2345 228
1757542548977 334770328309.3593 229
1757542549047 107570957127.4172 230
1757542549113 260943711409.3442 231
1757542549183 320705598088.7385 232
1757542549261 303990039477.0925 233
1757542549332 162407142325.85245 234
1757542549407 399525681143.4496 235
1757542549476 171941946791.89438 236
1757542549541 82968191814.47316 237
1757542549611 293787467008.4924 238
1757542549678 66615440613.19629 239
1757542549753 271161583522.71802 240
1757542549826 141379107030.93427 241
1757542549926 334094978376.0627 242
1757542550031 299207557789.64764 243
1757542550129 140614392992.07513 244
1757542550221 167281041923.245 245
1757542550330 609526820702.0187 246
1757542550439 66518961745.53871 247
1757542550534 591206329398.5707 248
1757542550641 407370961784.8268 249
1757542550751 460000278802.0427 250
1757542550854 460596667770.18994 251
1757542550961 93915442098.14539 252
1757542551057 181237302956.9703 253
1757542551194 106852814432.21556 254
1757542551284 89905687769.95311 255
1757542551367 167010439827.05606 256
1757542551444 87603116371.62675 257
1757542551550 280496946100.11835 258
1757542551630 99073469025.78075 259
1757542551700 191242940458.358 260
1757542551770 659926748268.3578 261
1757542551837 359476031523.5928 262
1757542551907 94250057169.29706 263
1757542551979 137371107895.48509 264
1757542552049 163547924563.67905 265
1757542552119 326276256075.6134 266
1757542552189 254112773165.35132 267
1757542552255 347693709823.49316 268
1757542552332 46597377673.80544 269
1757542552401 231911718736.2092 270
1757542552471 182550189442.5414 271
1757542552543 89900018092.50542 272
1757542552614 167144775701.36752 273
1757542552680 337710167136.437 274
1757542552747 606154205059.3849 275
1757542552833 213016013912.98242 276
1757542552908 565518367401.0724 277
1757542552982 325248361060.5962 278
1757542553054 259106508825.3084 279
1757542553126 53019008779.7338 280
1757542553206 123451097602.51418 281
1757542553281 55208531029.216805 282
1757542553352 297543085403.89465 283
1757542553422 99611722669.84575 284
1757542553505 259093892672.28784 285
1757542553577 350287077357.89465 286
1757542553660 197700585852.5488 287
1757542553729 495386891751.2856 288
1757542553805 148003205976.31796 289
1757542553884 211450375453.4668 290
1757542553953 95631432057.43236 291
1757542554025 165655216265.13208 292
1757542554097 116474462460.85487 293
1757542554176 77821178620.12613 294
1757542554256 64929107061.693245 295
1757542554333 119781615075.24751 296
1757542554415 174829567823.26053 297
1757542554491 103672957323.97125 298
1757542554565 105839523479.5072 299
1757542554643 368962395239.39166 300
1757542554715 119287076681.81447 301
1757542554790 73063001154.74986 302
1757542554869 274026339654.30313 303
1757542554945 131826550447.68193 304
1757542555038 176296536349.10947 305
1757542555113 516004437743.43475 306
1757542555191 251764911585.0586 307
1757542555256 80829247314.2843 308
1757542555340 102955627550.1373 309
1757542555425 200348849987.23837 310
1757542555501 155483011792.19794 311
1757542555581 513755789038.11487 312
1757542555652 734632588183.0758 313
1757542555727 130523293067.8616 314
1757542555800 375452493287.6342 315
1757542555876 331852737606.3021 316
1757542555948 362887459450.4755 317
1757542556034 435831042568.16174 318
1757542556104 320323580011.105 319
1757542556183 233096037468.15176 320
1757542556258 231774838228.76703 321
1757542556328 233610656467.0307 322
1757542556406 299792122064.81903 323
1757542556492 193095422058.2369 324
1757542556566 504152316298.8334 325
1757542556637 183372606119.5124 326
1757542556715 349883882195.23334 327
1757542556781 169311102991.9118 328
1757542556853 127488676493.20421 329
1757542556927 336451630262.2172 330
1757542556995 237833843791.18835 331
1757542557072 93856902017.16197 332
1757542557151 348080090381.8082 333
1757542557226 134040950486.28957 334
1757542557305 64594659297.42572 335
1757542557382 63314159735.89274 336
1757542557452 835437926035.6447 337
1757542557524 78678668604.19243 338
1757542557591 73258109447.66788 339
1757542557674 123859360466.46463 340
1757542557744 197722374874.81882 341
1757542557808 148428427186.01535 342
1757542557879 368443505136.1378 343
1757542557943 259222915362.45105 344
1757542558017 79019428039.66655 345
1757542558091 216488178525.9162 346
1757542558155 309474555137.43695 347
1757542558228 69718727904.51704 348
1757542558296 656062571864.6384 349
1757542558366 402643033656.31396 350
1757542558436 280671242557.3652 351
1757542558505 588220762846.1349 352
1757542558575 254183391786.30917 353
1757542558642 62934487082.994896 354
1757542558713 264795813760.78555 355
1757542558784 61483233193.935844 356
1757542558856 427715659558.23395 357
1757542558924 99329375299.19998 358
1757542558995 52493247776.11208 359
1757542559072 514272715087.7396 360
1757542559145 158188370838.28244 361
1757542559219 178898761919.15213 362
1757542559317 68236330111.08897 363
1757542559384 62755683339.42245 364
1757542559471 86539259069.5132 365
1757542559567 254378296355.87415 366
1757542559653 443340233304.01605 367
1757542559746 222154788059.74826 368
1757542559819 285697971374.75854 369
1757542559888 121438267869.23547 370
1757542559962 84261168651.52328 371
1757542560045 632850753261.5732 372
1757542560113 302160547880.93884 373
1757542560186 124037482210.06174 374
1757542560254 92853458949.12477 375
1757542560346 262920162897.18054 376
1757542560421 123814482995.7718 377
1757542560489 513154097180.5859 378
1757542560559 378326091014.12146 379
1757542560632 187941676499.63736 380
1757542560705 81815029406.67873 381
1757542560773 507696744598.2389 382
1757542560839 199850719394.17166 383
1757542560912 536530248620.0955 384
1757542560983 351551590451.9926 385
1757542561052 55266791524.21085 386
1757542561128 173326096761.02792 387
1757542561195 119900481771.5479 388
1757542561267 139375225436.89227 389
1757542561342 60421272145.797844 390
1757542561410 298283993117.255 391
1757542561491 394199717872.3275 392
1757542561566 59477880368.14562 393
1757542561634 480052200326.0337 394
1757542561706 124404515111.61469 395
1757542561778 323577783331.1661 396
1757542561854 116820753644.35933 397
1757542561932 117432123348.52365 398
1757542562000 602098455499.5289 399
1757542562064 304449019782.51196 400
1757542562140 319440559347.59576 401
1757542562212 228564976127.25238 402
1757542562278 346286438879.4789 403
1757542562362 668891551250.2465 404
1757542562434 68802634064.78897 405
1757542562505 459732320998.5004 406
1757542562573 376279030208.2724 407
1757542562648 146761231628.75772 408
1757542562726 246506537506.43552 409
1757542562801 222815068357.66995 410
1757542562876 498428498824.6332 411
1757542562964 112289840491.59196 412
1757542563037 67299851889.616585 413
1757542563102 152244976356.90894 414
1757542563171 180030818024.64297 415
1757542563245 421156463233.0549 416
1757542563318 376352954266.38806 417
1757542563393 60061817743.190384 418
1757542563460 73992953692.83679 419
1757542563532 114792199681.3608 420
1757542563602 133265326813.39133 421
1757542563678 526900200295.22375 422
1757542563750 553963718081.7611 423
1757542563819 102287558727.70851 424
1757542563897 186100080575.27856 425
1757542563970 220765562390.90573 426
1757542564042 76174655968.42023 427
1757542564114 335462023708.0445 428
1757542564185 288927907738.8989 429
1757542564256 198367306082.37823 430
1757542564328 410158676695.6383 431
1757542564393 154902526556.00854 432
1757542564467 77201728295.45097 433
1757542564538 182511721277.4355 434
1757542564606 50825124935.743385 435
1757542564673 166532900867.07257 436
1757542564751 118098148734.29053 437
1757542564819 344558557669.4414 438
1757542564890 223364828895.28134 439
1757542564967 292663537920.2861 440
1757542565039 186359019491.21146 441
1757542565111 330967241290.9046 442
1757542565176 257508096729.28156 443
1757542565249 91404167252.54648 444
1757542565322 105817643187.2226 445
1757542565395 83600565488.79306 446
1757542565466 141563109096.28784 447
1757542565538 106155846432.39447 448
1757542565616 232147661439.44952 449
1757542565686 324461965985.9212 450
1757542565759 121472422986.63785 451
1757542565839 117017473928.63904 452
1757542565912 80858979603.52039 453
1757542565981 111768292776.73631 454
1757542566057 609154244618.8634 455
1757542566127 501088587965.11066 456
1757542566200 304313186782.4916 457
1757542566272 314919966027.91547 458
1757542566346 270542747704.58084 459
1757542566429 400865022606.80475 460
1757542566502 290068132468.6194 461
1757542566576 63221077970.678024 462
1757542566649 512600037165.8305 463
1757542566719 458705272360.1823 464
1757542566795 437047417950.6266 465
1757542566863 99995982605.63374 466
1757542566941 118349911896.04288 467
1757542567015 140305193159.55472 468
1757542567087 143958747321.74838 469
1757542567159 362654989942.9257 470
1757542567229 157017471773.39185 471
1757542567303 227883789531.29025 472
1757542567377 272006616832.46976 473
1757542567450 275783389625.7975 474
1757542567519 142764242627.90427 475
1757542567593 365573777987.6581 476
1757542567663 118185176452.00137 477
1757542567737 111410057123.74942 478
1757542567808 264846388791.31476 479
1757542567878 461685671296.6831 480
1757542567953 200444759470.44772 481
1757542568030 528849746636.1096 482
1757542568111 249085448069.82108 483
1757542568191 361913853760.33673 484
1757542568260 263163201509.32758 485
1757542568329 262361782474.83478 486
1757542568406 101627610013.85692 487
1757542568480 65636746147.35516 488
1757542568556 453063922993.4398 489
1757542568632 66885849826.66524 490
1757542568702 112547797974.19589 491
1757542568778 147158103456.7941 492
1757542568849 294973808794.26013 493
1757542568931 514774079855.18555 494
1757542569009 75019377353.58784 495
1757542569080 839029841520.1539 496
1757542569160 594147297351.9385 497
1757542569235 337088432046.73755 498
1757542569308 395088007987.3023 499
