1757531088982 1053300267265.1464 0
1757531089031 3132070306009.721 1
1757531089080 6790414350564678.0 2
1757531089131 2.0592221437385064e+19 3
1757531089181 6.244976960188361e+22 4
1757531089231 1.8939062919233206e+26 5
1757531089281 5.7436257418845835e+29 6
1757531089331 1.7418621398283474e+33 7
1757531089379 5.2825233580972376e+36 8
1757531089429 1.602024201042273e+40 9
1757531089480 4.858438603572172e+43 10
1757531089530 1.4734125520278222e+47 11
1757531089582 4.468399676548248e+50 12
1757531089629 1.3551259382103797e+54 13
1757531089677 4.109673353635888e+57 14
1757531089723 1.2463354583773646e+61 15
1757531089804 3.7797458365746764e+64 16
1757531089852 1.1462787560985823e+68 17
1757531089901 3.476305136627014e+71 18
1757531089951 1.0542546774634683e+75 19
1757531089998 3.1972248731652453e+78 20
1757531090045 9.696183576990343e+81 21
1757531090093 2.9405493729198258e+85 22
1757531090141 8.917767022376361e+88 23
1757531090194 2.704479965470442e+92 24
1757531090249 8.201842305678385e+95 25
1757531090296 2.487362378944972e+99 26
1757531090343 7.543392537439261e+102 27
1757531090391 2.2876751476007215e+106 28
1757531090439 6.9378035876767214e+109 29
1757531090487 2.1040189500533403e+113 30
1757531090536 6.38083175206465e+116 31
1757531090584 1.9351068034403511e+120 32
1757531090631 5.868574013896349e+123 33
1757531090679 1.7797550448042288e+127 34
1757531090726 5.397440693438694e+130 35
1757531090773 1.6368750364965283e+134 36
1757531090820 4.964130293015768e+137 37
1757531090868 1.5054655374780706e+141 38
1757531090916 4.5656063615470834e+144 39
1757531090963 1.384605687056641e+148 40
1757531091011 4.199076216417309e+151 41
1757531091059 1.2734485518952114e+155 42
1757531091108 3.861971373569476e+158 43
1757531091157 1.1712151910709795e+162 44
1757531091206 3.5519295486842975e+165 45
1757531091263 1.0771891975957182e+169 46
1757531091322 3.2667781033177204e+172 47
1757531091370 9.907116781467581e+175 48
1757531091420 3.004518819994387e+179 49
1757531091468 9.111766358287773e+182 50
1757531091517 2.7633138995674522e+186 51
1757531091566 8.38026723610763e+189 52
1757531091615 2.5414730827204307e+193 53
1757531091663 7.70749338680102e+196 54
1757531091712 2.3374418053640373e+200 55
1757531091760 7.088730303447143e+203 56
1757531091810 2.1497903049262804e+207 57
1757531091862 6.519641963113782e+210 58
1757531091910 1.9772036011973604e+214 59
1757531091960 5.996240441891855e+217 60
1757531092009 1.8184722815195025e+221 61
1757531092058 5.514857969256838e+224 62
1757531092106 1.6724840257483754e+228 63
1757531092156 5.0721212259260345e+231 64
1757531092207 1.5382158115966283e+235 65
1757531092258 4.664927705102102e+238 66
1757531092308 1.4147267457380515e+242 67
1757531092357 4.290423971453108e+245 68
1757531092406 1.3011514704358196e+249 69
1757531092456 3.9459856654770105e+252 70
1757531092505 1.1966940994913251e+256 71
1757531092555 3.629199113130175e+259 72
1757531092602 1.1006226410194072e+263 73
1757531092649 3.337844411848027e+266 74
1757531092698 1.0122638679671339e+270 75
1757531092748 3.069879874432078e+273 76
1757531092799 9.309986004310395e+276 77
1757531092849 2.823427721792869e+280 78
1757531092898 8.562573667132981e+283 79
1757531092947 2.596760924289661e+287 80
1757531093006 7.875164127114047e+290 81
1757531093053 2.3882910994568678e+294 82
1757531093103 7.242940316769218e+297 83
1757531093151 2.19655738130964e+301 84
1757531093201 inf 85
1757531093251 inf 86
