1757586580856 1019582223398.3711 0
1757586580939 4126879672143.264 1
1757586581016 1.3017489684365016e+16 2
1757586581082 5.2722838367370035e+19 3
1757586581144 2.1354046059944733e+23 4
1757586581217 8.648913826055272e+26 5
1757586581284 3.5030228070423386e+30 6
1757586581355 1.4188103886168105e+34 7
1757586581420 5.746531009732754e+37 8
1757586581486 2.327486386536373e+41 9
1757586581573 9.426892276987946e+44 10
1757586581659 3.8181232129215805e+48 11
1757586581747 1.5464338024353182e+52 12
1757586581835 6.263437222825104e+55 13
1757586581920 2.536846115397292e+59 14
1757586582006 1.0274850667863143e+63 15
1757586582076 4.161567215532657e+66 16
1757586582142 1.6855370699998704e+70 17
1757586582205 6.826839666892429e+73 18
1757586582277 2.765037961310435e+77 19
1757586582343 1.1199083764285857e+81 20
1757586582411 4.535904349756223e+84 21
1757586582479 1.83715281563924e+88 22
1757586582553 7.440920724425293e+91 23
1757586582636 3.0137558920440934e+95 24
1757586582720 1.2206452552324464e+99 25
1757586582807 4.943913483685973e+102 26
1757586582891 2.002406549273604e+106 27
1757586582977 8.110238987403172e+109 28
1757586583064 3.2848462494619456e+113 29
1757586583148 1.3304435170607934e+117 30
1757586583236 5.388623447380612e+120 31
1757586583323 2.182525021566419e+124 32
1757586583410 8.839763097714656e+127 33
1757586583499 3.580321455725391e+131 34
1757586583575 1.4501182423815851e+135 35
1757586583641 5.8733355171925735e+138 36
1757586583717 2.3788453306305254e+142 37
1757586583785 9.634908631556576e+145 38
1757586583851 3.902374952382388e+149 39
1757586583921 1.5805578289662688e+153 40
1757586583996 6.401647922584796e+156 41
1757586584068 2.592824847891651e+160 42
1757586584155 1.0501578301622545e+164 43
1757586584242 4.2533974832425023e+167 44
1757586584328 1.7227305868545909e+171 45
1757586584412 6.977482557360028e+174 46
1757586584498 2.826052036793186e+178 47
1757586584579 1.1446205775517831e+182 48
1757586584650 4.635994841912587e+185 49
1757586584717 1.8776919265430338e+189 50
1757586584785 7.605114093591946e+192 51
1757586584851 3.080258244654344e+196 52
1757586584917 1.2475803435684974e+200 53
1757586584987 5.05300721574126e+203 54
1757586585055 2.0465921937580895e+207 55
1757586585144 8.289201714383669e+210 56
1757586585234 3.3573305552177256e+214 57
1757586585324 1.3598014435382392e+218 58
1757586585410 5.507530269770441e+221 59
1757586585500 2.23068520897512e+225 60
1757586585586 9.034823701019385e+228 61
1757586585674 3.659325797296401e+232 62
1757586585760 1.482116943715029e+236 63
1757586585846 6.002938127209466e+239 64
1757586585935 2.4313375750755693e+243 65
1757586586022 9.847515131265126e+246 66
1757586586101 3.9884858135128095e+250 67
1757586586168 1.6154348454958117e+254 68
1757586586241 6.542908417025762e+257 69
1757586586332 2.650038822237198e+261 70
1757586586405 1.073330896866909e+265 71
1757586586472 4.3472541024759655e+268 72
1757586586549 1.76074482591155e+272 73
1757586586624 7.1314495745914e+275 74
1757586586709 2.8884124653673446e+279 75
1757586586797 1.1698780847886006e+283 76
1757586586887 4.73829395793923e+286 77
1757586586978 1.9191255844321967e+290 78
1757586587064 7.772930598050195e+293 79
1757586587137 3.14822805616344e+297 80
1757586587211 1.275109788848603e+301 81
1757586587285 inf 82
1757586587371 inf 83
