1757591949613 1053301800881.4327 0
1757591949678 859257583923.2009 1
1757591949743 720759949679.0146 2
1757591949820 618848606867.2051 3
1757591949883 542033905992.99615 4
1757591949945 483057459698.9054 5
1757591950013 437137453397.8834 6
1757591950079 400997633576.09125 7
1757591950145 372315119278.6172 8
1757591950211 349395849024.694 9
1757591950275 330976509230.8041 10
1757591950340 316098715135.581 11
1757591950408 304025870418.58563 12
1757591950474 294186184209.0165 13
1757591950539 286132368463.33453 14
1757591950602 279512385143.7915 15
1757591950666 274047774291.14032 16
1757591950730 269517341910.81497 17
1757591950802 265744731869.08264 18
1757591950873 262588867786.79822 19
1757591950953 259936547987.821 20
1757591951026 257696674616.96802 21
1757591951103 255795734379.9806 22
1757591951171 254174244788.8685 23
1757591951238 252783949521.78497 24
1757591951304 251585597809.49957 25
1757591951369 250547181024.60556 26
1757591951432 249642528492.10657 27
1757591951495 248850186462.41544 28
1757591951557 248152520962.01825 29
1757591951620 247534998142.9162 30
1757591951688 246985605728.03476 31
1757591951756 246494386892.70657 32
1757591951822 246053063953.9901 33
1757591951887 245654733953.91336 34
1757591951953 245293621918.88953 35
1757591952021 244964880483.8958 36
1757591952087 244664426861.60464 37
1757591952156 244388809948.2795 38
1757591952227 244135101793.99255 39
1757591952294 243900808805.28024 40
1757591952363 243683798956.46997 41
1757591952432 243482242010.52203 42
1757591952496 243294560329.59933 43
1757591952566 243119388319.73993 44
1757591952646 242955538926.55734 45
1757591952709 242801975898.45428 46
1757591952770 242657790775.1174 47
1757591952831 242522183753.7195 48
1757591952894 242394447742.54633 49
1757591952960 242273955039.05618 50
1757591953025 242160146172.53958 51
1757591953092 242052520535.269 52
1757591953153 241950628494.0705 53
1757591953215 241854064729.6187 54
1757591953276 241762462595.87616 55
1757591953337 241675489328.90817 56
1757591953398 241592841964.3814 57
1757591953459 241514243847.6505 58
1757591953519 241439441640.48807 59
1757591953584 241368202745.0338 60
1757591953647 241300313079.1076 61
1757591953711 241235575148.18527 62
1757591953779 241173806368.51965 63
1757591953845 241114837603.46204 64
1757591953908 241058511881.28772 65
1757591953972 241004683336.19543 66
1757591954039 240953216019.42825 67
1757591954102 240903983198.47025 68
1757591954166 240856866522.84818 69
1757591954227 240811755326.51465 70
1757591954287 240768546004.04932 71
1757591954349 240727141451.08878 72
1757591954412 240687450560.82693 73
1757591954482 240649387769.6314 74
1757591954546 240612872645.82654 75
1757591954607 240577829516.5423 76
1757591954669 240544187128.23987 77
1757591954733 240511878337.12692 78
1757591954794 240480839826.18658 79
1757591954861 240451011845.97385 80
1757591954932 240422337976.70288 81
1757591954999 240394764909.46112 82
1757591955064 240368242244.6529 83
1757591955126 240342722306.00656 84
1757591955195 240318159968.6751 85
1757591955266 240294512500.1301 86
1757591955336 240271739412.69638 87
1757591955405 240249802326.70148 88
1757591955471 240228664843.3244 89
1757591955541 240208292426.32495 90
1757591955608 240188652291.9188 91
1757591955677 240169713306.13702 92
1757591955746 240151445889.075 93
1757591955811 240133821925.49057 94
1757591955882 240116814681.26434 95
1757591955960 240100398725.27762 96
1757591956027 240084549856.30542 97
