1757586496035 1053297733644.6886 0
1757586496121 3134156509708.914 1
1757586496208 6796747000717081.0 2
1757586496294 2.061142638959326e+19 3
1757586496383 6.250801221853666e+22 4
1757586496471 1.895672608418095e+26 5
1757586496557 5.748982427656716e+29 6
1757586496643 1.743486655171223e+33 7
1757586496728 5.2874500053031794e+36 8
1757586496813 1.6035182991311774e+40 9
1757586496897 4.862969736015694e+43 10
1757586496981 1.4747867028532102e+47 11
1757586497055 4.4725670464374545e+50 12
1757586497127 1.3563897712243817e+54 13
1757586497204 4.1135061640888845e+57 14
1757586497271 1.2474978299728057e+61 15
1757586497354 3.783270946262353e+64 16
1757586497436 1.1473478116707316e+68 17
1757586497506 3.4795472479869516e+71 18
1757586497599 1.0552379084894364e+75 19
1757586497685 3.2002067055056593e+78 20
1757586497770 9.705226542347931e+81 21
1757586497856 2.943291821626622e+85 22
1757586497942 8.926084012005326e+88 23
1757586498028 2.7070022484329925e+92 24
1757586498115 8.20949160142961e+95 25
1757586498203 2.4896821712267437e+99 26
1757586498290 7.550427742254938e+102 27
1757586498375 2.2898087052984352e+106 28
1757586498461 6.944274001216504e+109 29
1757586498547 2.1059812242126415e+113 30
1757586498635 6.386782716176268e+116 31
1757586498726 1.9369115448262516e+120 32
1757586498818 5.874047230351516e+123 33
1757586498912 1.781414900260483e+127 34
1757586498999 5.402474516161085e+130 35
1757586499085 1.638401637569225e+134 36
1757586499171 4.968759996848595e+137 37
1757586499258 1.5068695819244585e+141 38
1757586499342 4.56986438944393e+144 39
1757586499427 1.3858970138103616e+148 40
1757586499511 4.2029924067882303e+151 41
1757586499601 1.274636210013273e+155 42
1757586499685 3.8655731693756105e+158 43
1757586499771 1.1723075031456233e+162 44
1757586499854 3.5552421897462388e+165 45
1757586499938 1.0781938180755238e+169 46
1757586500025 3.269824803185209e+172 47
1757586500110 9.916356469756981e+175 48
1757586500194 3.0073209286167773e+179 49
1757586500279 9.12026427779084e+182 50
1757586500364 2.765891052904886e+186 51
1757586500450 8.388082936553206e+189 52
1757586500536 2.5438433403441325e+193 53
1757586500621 7.714681637223155e+196 54
1757586500706 2.3396217770099302e+200 55
1757586500795 7.095341475982638e+203 56
1757586500881 2.1517952668888012e+207 57
1757586500976 6.525722385988204e+210 58
1757586501063 1.9790476033790944e+214 59
1757586501149 6.001832724067733e+217 60
1757586501238 1.8201682458868144e+221 61
1757586501325 5.520001299018705e+224 62
1757586501409 1.6740438368829183e+228 63
1757586501507 5.076851645494858e+231 64
1757586501594 1.5396503999773349e+235 65
1757586501681 4.6692783632035985e+238 66
1757586501767 1.4160461643371909e+242 67
1757586501853 4.2944253556095796e+245 68
1757586501939 1.3023649651658539e+249 69
1757586502026 3.949665815650642e+252 70
1757586502112 1.197810173996248e+256 71
1757586502198 3.632583818214935e+259 72
1757586502286 1.1016491162645907e+263 73
1757586502372 3.340957390387027e+266 74
1757586502457 1.0132079370452516e+270 75
1757586502544 3.0727429408268206e+273 76
1757586502628 9.318668789681407e+276 77
1757586502715 2.8260609391690937e+280 78
1757586502800 8.57055939228241e+283 79
1757586502888 2.599182745091007e+287 80
1757586502977 7.882508752535141e+290 81
1757586503066 2.3905184947516117e+294 82
1757586503154 7.249695310406863e+297 83
1757586503245 2.19860595971655e+301 84
1757586503331 inf 85
1757586503416 inf 86
