1757552367935 7988464954.537352 0
1757552368429 13158378674.379171 1
1757552368917 162307545100.12982 2
1757552369422 2606699844.926871 3
1757552369903 89706956976.24446 4
1757552370500 1247419554.0440984 5
1757552371055 81205630103.25223 6
1757552371530 1563797186.6118174 7
1757552372016 605428412716.5548 8
1757552372508 29608996018.721252 9
1757552373039 1318353214.905335 10
1757552373549 232960769807.23917 11
1757552374023 100338461496.39676 12
1757552374511 77270794596.8681 13
1757552375007 54207617948.32088 14
1757552375550 172525623.26207116 15
1757552376056 426812773421.38837 16
1757552376550 557658613.5131723 17
1757552377069 9648598860.205582 18
1757552377575 617800561864.5669 19
1757552378059 106820209646.12352 20
1757552378554 20077559891.89514 21
1757552379021 9148156668595.9 22
1757552379502 28449878688.239124 23
1757552379985 256350862325.08716 24
1757552380490 175210130619.257 25
1757552380996 25455684681.6067 26
1757552381519 116474572320.8657 27
1757552382030 1710479712.1010127 28
1757552382535 41105893295.91296 29
1757552383041 71188819768.99593 30
1757552383532 139880452786.26376 31
1757552384021 43564555314.157715 32
1757552384499 648033041.6057057 33
1757552384982 242384683241.72693 34
1757552385473 127076372449.2275 35
1757552385959 3164117409.0851836 36
1757552386456 64980762711.49494 37
1757552386961 3519964895.2213883 38
1757552387452 23422772802.033134 39
1757552387954 1448907898253.423 40
1757552388451 1353891740.5697677 41
1757552388923 16615303944.525312 42
1757552389414 19976042836.6956 43
1757552389891 771932946624.379 44
1757552390380 2385260555652.0796 45
1757552390853 6625218961.586135 46
1757552391342 436556148467.4518 47
1757552391811 23845413729.492573 48
1757552392297 5376021333.279769 49
1757552392784 50760531164.381935 50
1757552393264 9427280.260573043 51
1757552393741 42804388.89871821 52
1757552394229 4259111449.7583337 53
1757552394715 721517774.2993789 54
1757552395215 4340933418.142122 55
1757552395701 31795323947.05801 56
1757552396196 27989082646.51498 57
1757552396681 38224120578.640724 58
1757552397169 4067748338476.895 59
1757552397661 27379981004.32229 60
1757552398155 152216141071.55203 61
1757552398660 10551927038.554165 62
1757552399149 2415668364663.944 63
1757552399638 169504355076.2341 64
1757552400122 63567527077.77808 65
1757552400610 43243579703.89675 66
1757552401094 213911075099.39075 67
1757552401589 31506712658.365807 68
1757552402070 720992482074.9604 69
1757552402557 2677194860.657889 70
1757552403064 47395868861.57412 71
1757552403538 57117256593.57434 72
1757552404022 56953504941.336876 73
1757552404521 596335839.5859609 74
1757552405006 1175005556.5175316 75
1757552405485 192487450807.77728 76
1757552405969 2849835939471.513 77
1757552406455 969761628456.9839 78
1757552406974 21930176437.398422 79
1757552407457 42982058233.56588 80
1757552407938 36135221379.37732 81
1757552408432 197893968483.2265 82
1757552408944 6151816720.741234 83
1757552409452 676560105380.7996 84
1757552409942 178748678671.74042 85
1757552410442 27651351496.46946 86
1757552410951 3785425547628.1616 87
1757552411446 251627383935.42148 88
1757552411928 49418736119.54384 89
1757552412419 3950743631.8813605 90
1757552412904 49958191574.29086 91
1757552413431 168665306071.80582 92
1757552413960 36504713157.51801 93
1757552414477 181332936539.90186 94
1757552414985 3459925489.0180326 95
1757552415487 925405395.2100631 96
1757552415971 29714723.21149332 97
1757552416457 126594950589.35184 98
1757552416930 250059275949.10648 99
1757552417410 25139477717.16878 100
1757552417900 160961520.13702968 101
1757552418376 1159787048.9996004 102
1757552418871 2294394255.1314144 103
1757552419378 146582624126.1923 104
1757552419860 12690201.781040609 105
1757552420336 7865194.365855674 106
1757552420810 3987816133.052501 107
1757552421326 2237400292.517385 108
1757552421801 648096677.9376237 109
1757552422293 30249679214.651344 110
1757552422783 6729733347.204843 111
1757552423269 59868939693.13017 112
1757552423771 582119228.924268 113
1757552424278 15639648716.053 114
1757552424752 377816267.3173113 115
1757552425233 149164125.12473315 116
1757552425709 546912850322.35114 117
1757552426190 10319802590.427084 118
1757552426668 645865838293.3297 119
1757552427163 61819534153.91777 120
1757552427651 28575374027.804626 121
1757552428136 415721376485.6697 122
1757552428611 40460009692.6061 123
1757552429091 5004859658.590225 124
