1757531457375 1019578156898.703 0
1757531457422 830197415977.6666 1
1757531457469 626077776555.6823 2
1757531457516 476098173669.0803 3
1757531457563 380797442030.74335 4
1757531457611 322506792086.64276 5
1757531457657 286937431051.7309 6
1757531457704 265549600009.01855 7
1757531457750 253055444152.65964 8
1757531457799 245853697973.0753 9
1757531457845 241573712016.82834 10
1757531457894 238841060096.77933 11
1757531457942 236955301700.76877 12
1757531457989 235577285905.18692 13
1757531458036 234529209478.97705 14
1757531458084 233704031131.61044 15
1757531458132 233033263245.73895 16
1757531458182 232473875407.68466 17
1757531458235 231999262867.61172 18
1757531458282 231592275816.06775 19
1757531458329 231240841302.667 20
1757531458379 230935771603.73645 21
1757531458427 230669787698.1171 22
1757531458475 230437023125.69727 23
1757531458523 230232690534.9768 24
1757531458570 230052831478.27975 25
1757531458628 229894134469.71454 26
1757531458675 229753805637.90225 27
1757531458722 229629473483.06546 28
1757531458770 229519114660.55466 29
1757531458817 229420994292.26102 30
1757531458863 229333617795.17224 31
1757531458910 229255692160.43887 32
1757531458957 229186094754.74472 33
1757531459003 229123847938.15796 34
1757531459051 229068098167.0401 35
1757531459097 229018098611.7452 36
1757531459143 228973194580.63138 37
1757531459191 228932811213.84558 38
1757531459240 228896443028.73798 39
1757531459289 228863644987.81967 40
1757531459336 228834024829.5558 41
1757531459384 228807236455.7311 42
1757531459430 228782974209.71048 43
1757531459478 228760967910.8443 44
1757531459525 228740978534.22632 45
1757531459571 228722794443.9103 46
1757531459618 228706228102.77362 47
1757531459666 228691113194.36346 48
1757531459714 228677302101.92514 49
1757531459761 228664663697.89417 50
1757531459809 228653081403.82495 51
1757531459856 228642451486.31332 52
1757531459904 228632681559.16403 53
1757531459951 228623689266.03616 54
1757531459998 228615401121.18265 55
1757531460048 228607751488.80157 56
1757531460095 228600681684.00873 57
1757531460142 228594139180.5922 58
1757531460189 228588076912.57242 59
1757531460237 228582452658.20758 60
1757531460284 228577228496.49045 61
1757531460332 228572370327.40933 62
1757531460378 228567847448.31512 63
1757531460426 228563632179.67206 64
1757531460473 228559699534.2892 65
1757531460521 228556026924.84564 66
1757531460569 228552593905.1501 67
1757531460619 228549381941.12927 68
