1757568203179 600733431816.9857 0
1757568203249 760393062645.5118 1
1757568203328 489391838158.41187 2
1757568203399 799030279578.4066 3
1757568203466 576562539882.8558 4
1757568203535 548015104978.80554 5
1757568203609 1799002251375.7144 6
1757568203675 12736819024706.541 7
1757568203744 294178870600481.4 8
1757568203811 1.49888825408637e+16 9
1757568203889 3.5116449008283268e+16 10
1757568203958 7.713505358705374e+16 11
1757568204026 6.36601168671683e+17 12
1757568204106 6.041804248606298e+18 13
1757568204175 3.326111876934047e+19 14
1757568204248 8.343310952234898e+20 15
1757568204323 4.15183732105633e+25 16
1757568204402 1.0900980260061159e+23 17
1757568204475 2.1315333136707938e+24 18
1757568204543 7.223505725653271e+24 19
1757568204613 6.963044362546877e+25 20
1757568204679 2.1475211786542217e+27 21
1757568204752 2.1830493916902224e+27 22
1757568204834 1.4095077976804764e+29 23
1757568204911 2.5959594339176563e+29 24
1757568204985 2.3099323773588002e+30 25
1757568205055 1.0406545515100836e+32 26
1757568205134 1.080049785540268e+34 27
1757568205199 4.621866704908469e+33 28
1757568205281 5.377263371510606e+34 29
1757568205363 4.747799159037451e+37 30
1757568205435 2.483098757936571e+37 31
1757568205504 9.650812751416178e+37 32
1757568205575 6.748662602070246e+38 33
1757568205644 2.7155349155365407e+39 34
1757568205719 4.864786273336011e+40 35
1757568205798 4.5296208225617734e+41 36
1757568205883 2.110119830401853e+42 37
1757568205951 1.2857457636810389e+44 38
1757568206021 1.991373526356842e+44 39
1757568206092 1.1069206368567221e+46 40
1757568206164 2.610762253230277e+46 41
1757568206233 2.763467841747324e+47 42
1757568206310 8.295328464850578e+48 43
1757568206372 5.944090959971754e+49 44
1757568206444 8.6468550812486e+50 45
1757568206513 3.520027907068705e+51 46
1757568206575 1.6147121656618364e+52 47
1757568206646 1.6092081569912684e+53 48
1757568206719 4.9631668963948795e+54 49
1757568206788 8.208559044602701e+54 50
1757568206858 8.489701096692039e+56 51
1757568206924 4.0003497673413864e+57 52
1757568206997 1.5728222017554685e+58 53
1757568207074 4.266608518748556e+60 54
1757568207143 7.2199073014663845e+59 55
1757568207216 1.8142380920591553e+61 56
1757568207285 1.2352559964957398e+62 57
1757568207360 9.057522601715162e+62 58
1757568207430 1.5935996868174947e+64 59
1757568207501 2.849040726349047e+65 60
1757568207570 2.0144512780533586e+66 61
1757568207641 2.526662371722647e+67 62
1757568207709 5.11443979524734e+68 63
1757568207780 1.949485411671939e+69 64
1757568207852 1.4457684531837942e+70 65
1757568207922 6.616714843280415e+70 66
1757568207987 6.5770646571204e+71 67
1757568208063 4.354036719334411e+73 68
1757568208136 3.3594405823656e+74 69
1757568208211 6.566365119796873e+74 70
1757568208280 2.3743672947684103e+76 71
1757568208353 8.932633052633181e+76 72
1757568208421 2.4314292225356868e+78 73
1757568208494 5.371334017359025e+78 74
1757568208562 7.92070322429081e+80 75
1757568208635 1.3080614031134304e+81 76
1757568208705 6.50298987312296e+82 77
1757568208775 1.3030551838497855e+83 78
1757568208844 1.2503651782646844e+84 79
1757568208920 4.127903741417354e+85 80
1757568208990 1.2474215638804074e+86 81
1757568209058 4.112476306123356e+86 82
1757568209131 6.106064444061257e+88 83
1757568209206 5.902787289524733e+88 84
1757568209278 1.4867311965746798e+90 85
1757568209348 1.0667195512515667e+91 86
1757568209426 6.806898001479998e+91 87
1757568209494 1.6710098712561223e+93 88
1757568209569 6.2799254549191645e+93 89
1757568209637 1.7393235351418665e+95 90
1757568209710 5.2440959033581576e+95 91
1757568209786 8.423602894746257e+96 92
1757568209861 1.7505047471685106e+97 93
1757568209934 5.884836250597944e+98 94
1757568210008 4.9671515367616666e+100 95
1757568210092 1.3142328865567264e+101 96
1757568210165 2.6240828676224182e+101 97
1757568210234 3.669760110004951e+102 98
1757568210303 5.795700704018203e+104 99
1757568210381 7.109569024346463e+104 100
1757568210452 4.037825078855089e+107 101
1757568210527 1.1054345849235461e+106 102
1757568210594 7.492288841313534e+107 103
1757568210666 1.9319427112151985e+108 104
1757568210736 4.555706528636151e+109 105
1757568210807 4.837346463513842e+110 106
1757568210879 1.9506200034010102e+111 107
1757568210944 3.9630137210049895e+112 108
1757568211014 2.3618900011559382e+113 109
1757568211084 1.1032978931666597e+115 110
1757568211151 6.916939200912468e+115 111
1757568211223 4.54759722780697e+116 112
1757568211290 4.0315232898625715e+117 113
1757568211362 2.675929904885353e+118 114
1757568211441 2.656205779346402e+119 115
1757568211509 4.4426538366586355e+120 116
1757568211586 5.999767865521254e+122 117
1757568211659 2.8178595584249098e+122 118
1757568211732 3.3651641245520816e+123 119
1757568211806 2.159897095434244e+124 120
1757568211875 1.3496541598715978e+126 121
1757568211945 1.9788202536765305e+126 122
1757568212018 1.4574166577857906e+128 123
1757568212091 4.452673370252115e+128 124
1757568212168 1.9583939683413008e+129 125
1757568212239 5.04541484662039e+130 126
1757568212312 9.876147155976343e+131 127
1757568212387 6.965420966928276e+132 128
1757568212454 3.1663894698814665e+133 129
1757568212530 1.0993694487646138e+134 130
1757568212600 4.044883004454419e+135 131
1757568212674 5.869232425881041e+135 132
1757568212741 6.9191171496697645e+137 133
1757568212815 3.1319793389967834e+138 134
1757568212884 9.689892393080415e+138 135
1757568212959 4.4714114843046705e+140 136
1757568213024 1.10059763932407e+141 137
1757568213096 6.386511597523621e+141 138
1757568213162 1.213957620057766e+143 139
1757568213235 1.0251271250006635e+144 140
1757568213307 9.793555123727647e+146 141
1757568213393 2.71950734083226e+146 142
1757568213462 2.410476811143369e+147 143
1757568213536 3.046370932527137e+148 144
1757568213619 2.5471302841008985e+150 145
1757568213691 3.857282345379181e+150 146
1757568213765 7.067567991966624e+151 147
1757568213837 3.604041169254012e+152 148
1757568213908 5.80612753656521e+152 149
1757568213975 7.920925643201445e+153 150
1757568214045 3.4686113082226745e+154 151
1757568214118 8.614292437727697e+156 152
1757568214193 8.614545846497117e+157 153
1757568214265 6.52218119586762e+159 154
1757568214340 5.3200991603082635e+159 155
1757568214413 4.92983335380607e+161 156
1757568214494 1.2420490663053896e+161 157
1757568214565 1.075079958657104e+162 158
1757568214640 9.910041765893385e+162 159
1757568214706 3.984917949160908e+163 160
1757568214780 5.279568703064722e+165 161
1757568214850 6.959481950068525e+166 162
1757568214922 1.1428680296498773e+167 163
1757568214998 6.400668144962322e+167 164
1757568215076 6.282189182510705e+168 165
1757568215153 2.8215534616292108e+169 166
1757568215222 6.058878340215827e+170 167
1757568215305 2.1231084744165007e+173 168
1757568215375 5.886182379697718e+172 169
1757568215449 5.413431294946704e+173 170
1757568215538 4.297197311987323e+174 171
1757568215612 3.268132667505975e+175 172
1757568215686 1.0192685470164769e+177 173
1757568215752 3.8579513021347103e+177 174
1757568215838 1.482943423428527e+178 175
1757568215911 3.112626989525399e+179 176
1757568215982 3.4668383254446725e+182 177
1757568216056 3.0721746116322345e+181 178
1757568216123 1.1572445528122067e+183 179
1757568216203 1.4769462084679188e+184 180
1757568216277 7.693394195022784e+184 181
1757568216349 4.311565904398909e+185 182
1757568216425 3.2958728369166852e+187 183
1757568216499 6.704119731330092e+187 184
1757568216570 6.677029678167019e+188 185
1757568216650 2.1331390329539196e+190 186
1757568216728 2.1321867633864343e+191 187
1757568216802 1.9121074477000285e+193 188
1757568216872 1.023415149874968e+192 189
1757568216955 6.48992116543391e+193 190
1757568217023 1.7189058424659753e+194 191
1757568217100 1.6353473306313273e+196 192
1757568217170 5.2078831249453075e+196 193
1757568217246 1.9444820217159022e+197 194
1757568217316 4.012794336922523e+198 195
1757568217389 3.3748547705216695e+199 196
1757568217466 2.6411184681372904e+200 197
1757568217540 5.399549424649064e+201 198
1757568217615 1.105673969245949e+202 199
1757568217692 2.0906776200915097e+203 200
1757568217762 3.541283801640431e+203 201
1757568217828 9.717950956522347e+205 202
1757568217902 2.4532496694511538e+206 203
1757568217983 1.3735288189546947e+207 204
1757568218058 2.1531290687811658e+208 205
1757568218134 9.278692306441179e+209 206
1757568218202 3.719433661093547e+210 207
1757568218275 1.082349752757441e+211 208
1757568218348 4.907642131279086e+211 209
1757568218427 3.7543623430950525e+213 210
1757568218497 2.4458409992310666e+215 211
1757568218568 1.1911668974858156e+215 212
1757568218641 5.078549554717852e+215 213
1757568218715 2.1499449726941286e+217 214
1757568218789 2.181720623209199e+218 215
1757568218865 4.490316609111342e+218 216
1757568218942 2.7295192387711844e+219 217
1757568219018 3.800340056893655e+220 218
1757568219094 8.315740378639958e+221 219
1757568219172 6.149888302217692e+222 220
1757568219240 1.5039760692661937e+223 221
1757568219318 7.221920143264336e+224 222
1757568219392 5.376425032306876e+225 223
1757568219467 2.614026880413273e+227 224
1757568219542 1.2431168350243035e+228 225
1757568219611 6.542258034211752e+228 226
1757568219687 4.0480663903415e+233 227
1757568219765 3.0104207012144863e+231 228
1757568219838 1.6229791315109375e+232 229
1757568219909 5.31141162890439e+232 230
1757568219985 1.1764870231777016e+234 231
1757568220065 3.200098886058472e+234 232
1757568220137 1.809519971498822e+236 233
1757568220210 4.0020988323111103e+238 234
1757568220285 8.015714531873431e+237 235
1757568220362 6.093409637148474e+238 236
1757568220439 7.217105920869363e+239 237
1757568220512 3.3599944855597035e+240 238
1757568220583 9.009095502946026e+241 239
1757568220658 6.827267197063755e+243 240
1757568220733 2.2894416632399684e+243 241
1757568220813 1.177812058748152e+245 242
1757568220888 1.4432210195030122e+246 243
1757568220958 5.5631356143439716e+246 244
1757568221031 4.506237189261001e+247 245
1757568221108 5.494463836412706e+248 246
1757568221187 5.811718655623443e+250 247
1757568221258 4.792629846992593e+251 248
1757568221336 3.650837854524245e+251 249
1757568221418 6.54311792730436e+253 250
1757568221495 5.786877395744132e+253 251
1757568221570 2.7979834339656134e+256 252
1757568221644 9.569308195271824e+255 253
1757568221721 5.0292010206740647e+256 254
1757568221792 1.928463154513843e+257 255
1757568221869 2.5950728374028026e+259 256
1757568221946 5.197629882524734e+259 257
1757568222018 9.613004051964646e+259 258
1757568222086 6.2912307636656285e+261 259
1757568222162 2.5147163856701825e+262 260
1757568222244 2.905561071251579e+263 261
1757568222317 1.279676579125643e+264 262
1757568222392 4.3721211616797494e+265 263
1757568222477 3.4383198195163865e+266 264
1757568222550 1.0258615480072462e+268 265
1757568222617 2.430068238158107e+269 266
1757568222691 5.251206867704173e+269 267
1757568222761 1.13842010909963e+270 268
1757568222837 9.49643632370586e+270 269
1757568222911 4.756248351233044e+272 270
1757568222982 9.525826521940217e+272 271
1757568223054 1.0601871700768967e+276 272
1757568223129 1.7382724448690494e+275 273
1757568223204 2.6097675629400215e+276 274
1757568223283 6.546936825513041e+278 275
1757568223361 1.3752222339837953e+278 276
1757568223438 7.412568525399812e+278 277
1757568223526 9.885299533239215e+280 278
1757568223600 1.3384129355868231e+281 279
1757568223677 1.5781885087781633e+282 280
1757568223750 1.3102622686550731e+283 281
1757568223830 8.319438788217467e+284 282
1757568223902 1.0605297799491996e+285 283
1757568223970 1.979869932546926e+286 284
1757568224045 5.547266541859747e+286 285
1757568224115 2.0934901335316473e+288 286
1757568224192 3.682464992897657e+289 287
1757568224271 1.6243873380115254e+290 288
1757568224350 1.623162169288705e+292 289
1757568224424 6.400309642696994e+292 290
1757568224502 9.421251417624378e+292 291
1757568224587 1.1011132386698184e+295 292
1757568224667 9.913472819040144e+294 293
1757568224741 4.0437508277498695e+295 294
1757568224821 7.893916996383228e+296 295
1757568224898 1.0079908816465699e+298 296
1757568224979 8.179073918904255e+298 297
1757568225053 3.2494290246872153e+299 298
1757568225139 4.648929727765823e+300 299
1757568225213 5.185439527076703e+302 300
1757568225287 1.1786693308861223e+304 301
1757568225381 7.134887283971004e+303 302
