1757591889420 1053301232346.4225 0
1757591889508 859257231584.9926 1
1757591889611 720759707727.9606 2
1757591889705 618848420569.6091 3
1757591889798 542033749482.7583 4
1757591889886 483057321018.0658 5
1757591889977 437137327118.2001 6
1757591890077 400997517219.7881 7
1757591890176 372315011624.8359 8
1757591890280 349395749338.76117 9
1757591890379 330976416935.5451 10
1757591890480 316098629687.33307 11
1757591890568 304025791272.8979 12
1757591890658 294186110821.6464 13
1757591890753 286132300302.0298 14
1757591890846 279512321700.6372 15
1757591890934 274047715091.89105 16
1757591891020 269517286520.53436 17
1757591891125 265744679894.54846 18
1757591891218 262588818876.45593 19
1757591891313 259936501830.06036 20
1757591891413 257696630937.36182 21
1757591891509 255795692937.97208 22
1757591891600 254174205374.25217 23
1757591891690 252783911951.21204 24
1757591891777 251585561923.15396 25
1757591891868 250547146683.13492 26
1757591891959 249642495573.8479 27
1757591892046 248850154860.92813 28
1757591892141 248152490583.91678 29
1757591892232 247534968905.98566 30
1757591892324 246985577559.60388 31
1757591892416 246494359728.2528 32
1757591892507 246053037735.94928 33
1757591892599 245654708630.6679 34
1757591892685 245293597443.91165 35
1757591892770 244964856815.02316 36
1757591892861 244664403960.42963 37
1757591893132 244388787779.6346 38
1757591893196 244135080325.5173 39
1757591893258 243900788007.05634 40
1757591893323 243683778800.71463 41
1757591893386 243482222471.32895 42
1757591893447 243294541382.7205 43
1757591893508 243119369942.40097 44
1757591893572 242955521097.30127 45
1757591893633 242801958597.00815 46
1757591893694 242657773982.27936 47
1757591893755 242522167451.2613 48
1757591893818 242394431913.1298 49
1757591893880 242273939666.16138 50
1757591893942 242160131240.40176 51
1757591894011 242052506028.82388 52
1757591894072 241950614398.90613 53
1757591894135 241854051031.93307 54
1757591894196 241762449282.43893 55
1757591894257 241675476387.02728 56
1757591894319 241592829381.87225 57
1757591894382 241514231612.80832 58
1757591894444 241439429742.0628 59
1757591894507 241368191172.20715 60
1757591894582 241300301821.47183 61
1757591894645 241235564195.72336 62
1757591894707 241173795711.58743 63
1757591894769 241114827232.771 64
1757591894830 241058501787.8893 65
1757591894891 241004673511.4663 66
1757591894959 240953206455.0557 67
1757591895021 240903973886.43954 68
1757591895083 240856857455.42993 69
1757591895145 240811746496.25287 70
1757591895208 240768537403.7504 71
1757591895269 240727133073.81085 72
1757591895330 240687442399.86963 73
1757591895392 240649379818.5263 74
1757591895455 240612864898.32788 75
1757591895517 240577821966.61853 76
1757591895578 240544179770.06488 77
1757591895640 240511871165.07242 78
1757591895702 240480832834.81406 79
1757591895764 240451005030.0277 80
1757591895825 240422331331.10333 81
1757591895886 240394758429.29742 82
1757591895947 240368235925.1769 83
1757591896008 240342716142.627 84
1757591896070 240318153956.95108 85
1757591896132 240294506635.76602 86
1757591896198 240271733691.53632 87
1757591896260 240249796744.72418 88
1757591896326 240228659396.63818 89
1757591896388 240208287111.16315 90
1757591896451 240188647104.63495 91
1757591896512 240169708243.20068 92
1757591896575 240151440947.06754 93
1757591896637 240133817101.10132 94
1757591896698 240116809971.28635 95
1757591896760 240100394126.60428 96
1757591896821 240084545365.92688 97
