1757556127089 1053300496920.496 0
1757556127164 1026183915107.6091 1
1757556127233 1000531997762.4633 2
1757556127312 975917860126.5459 3
1757556127381 952230655558.0702 4
1757556127448 929420374588.251 5
1757556127517 907449677687.7346 6
1757556127576 886284763514.8583 7
1757556127637 865893599008.7673 8
1757556127696 846245539519.8569 9
1757556127755 827311212976.5704 10
1757556127837 809062455686.9425 11
1757556127910 791472259694.0209 12
1757556127971 774514724007.9575 13
1757556128032 758165008217.266 14
1757556128095 742399288121.2123 15
1757556128155 727194713249.4528 16
1757556128214 712529366179.6173 17
1757556128341 698382223574.6833 18
1757556128412 684733118866.6946 19
1757556128480 671562706516.7784 20
1757556128544 658852427784.448 21
1757556128610 646584477942.0416 22
1757556128669 634741774872.8932 23
1757556128756 623307928994.4404 24
1757556128814 612267214449.9882 25
1757556128878 601604541515.2416 26
1757556128935 591305430168.0231 27
1757556128995 581355984785.5469 28
1757556129053 571742869854.941 29
1757556129113 562453286782.0382 30
1757556129174 553474951628.7432 31
1757556129234 544796073798.59827 32
1757556129296 536405335619.03064 33
1757556129359 528291872782.2469 34
1757556129418 520445255608.36237 35
1757556129479 512855471095.9035 36
1757556129536 505512905726.30365 37
1757556129599 498408328990.43835 38
1757556129660 491532877606.60266 39
1757556129724 484878040400.6387 40
1757556129784 478435643820.16644 41
1757556129841 472197838056.06616 42
1757556129906 466157083745.50214 43
1757556129964 460306139231.87427 44
1757556130021 454638048358.12683 45
1757556130084 449146128770.85156 46
1757556130149 443823960713.57874 47
1757556130209 438665376288.5693 48
1757556130269 433664449183.0698 49
1757556130336 428815484763.1931 50
1757556130411 424113010671.004 51
1757556130475 419551767760.58746 52
1757556130537 415126701407.30206 53
1757556130613 410832953206.9669 54
1757556130673 406665853002.704 55
1757556130733 402620911248.11725 56
1757556130794 398693811688.2041 57
1757556130851 394880404344.59796 58
1757556130914 391176698792.315 59
1757556130974 387578857715.7189 60
1757556131034 384083190731.9401 61
1757556131095 380686148470.48663 62
1757556131153 377384316898.2591 63
1757556131218 374174411879.64294 64
1757556131313 371053273961.78754 65
1757556131387 368017863375.60046 66
1757556131451 365065255243.39 67
1757556131512 362192634984.4688 68
1757556131572 359397293910.40576 69
1757556131634 356676625001.9584 70
1757556131695 354028118860.0629 71
1757556131755 351449359823.57715 72
1757556131819 348938022271.8042 73
1757556131880 346491866980.83936 74
1757556131969 344108737774.0838 75
1757556132032 341786558215.8529 76
1757556132090 339523328463.712 77
1757556132151 337317122249.8018 78
1757556132211 335166083985.7553 79
1757556132275 333068425986.0401 80
1757556132342 331022425804.7772 81
1757556132410 329026423681.2969 82
1757556132475 327078820089.8911 83
1757556132535 325178073389.41614 84
1757556132595 323322697568.5809 85
1757556132659 321511260082.9323 86
1757556132728 319742379779.71796 87
1757556132795 318014724906.96826 88
1757556132860 316327011203.2924 89
1757556132931 314678000065.0329 90
1757556132994 313066496787.5622 91
1757556133054 311491348877.6426 92
1757556133117 309951444433.90027 93
1757556133177 308445710592.5867 94
1757556133240 306973112035.9207 95
1757556133318 305532649560.4204 96
1757556133382 304123358702.7383 97
1757556133448 302744308420.6237 98
1757556133510 301394599826.73126 99
1757556133572 300073364973.09186 100
1757556133639 298779765684.15656 101
1757556133713 297512992436.40753 102
1757556133785 296272263282.6174 103
1757556133848 295056822818.9179 104
1757556133917 293865941192.9153 105
1757556133990 292698913151.1652 106
1757556134053 291555057124.3887 107
1757556134116 290433714348.8808 108
1757556134176 289334248022.6264 109
1757556134239 288256042494.70056 110
1757556134300 287198502486.5907 111
1757556134383 286161052344.1349 112
1757556134455 285143135318.8234 113
1757556134525 284144212877.266 114
1757556134585 283163764037.67444 115
1757556134647 282201284732.2599 116
1757556134712 281256287194.48956 117
1757556134774 280328299370.1913 118
1757556134836 279416864351.5371 119
1757556134896 278521539832.977 120
1757556134958 277641897588.23224 121
1757556135021 276777522967.4958 122
1757556135082 275928014414.022 123
1757556135144 275092982999.32135 124
1757556135206 274272051976.20996 125
1757556135269 273464856348.99295 126
1757556135331 272671042460.09216 127
1757556135393 271890267592.45642 128
1757556135457 271122199587.12027 129
1757556135519 270366516475.30313 130
1757556135579 269622906124.46628 131
1757556135641 268891065897.76868 132
1757556135701 268170702326.38654 133
1757556135762 267461530794.18207 134
1757556135823 266763275234.2307 135
1757556135883 266075667836.73282 136
1757556135946 265398448767.8586 137
1757556136020 264731365899.09192 138
1757556136081 264074174546.6563 139
1757556136142 263426637220.6244 140
1757556136203 262788523383.32867 141
1757556136268 262159609216.70523 142
1757556136329 261539677398.21967 143
1757556136392 260928516885.03693 144
1757556136456 260325922706.1114 145
1757556136517 259731695761.8868 146
1757556136581 259145642658.29794 147
1757556136642 258567575439.41278 148
1757556136712 257997311490.034 149
1757556136777 257434673335.57315 150
1757556136840 256879488475.56635 151
1757556136900 256331589223.1845 152
1757556136965 255790812550.5062 153
1757556137029 255256999939.3304 154
1757556137090 254729997237.31467 155
1757556137153 254209654519.23486 156
1757556137215 253695825953.16818 157
1757556137279 253188369671.41156 158
1757556137343 252687147645.95383 159
1757556137422 252192025568.32736 160
1757556137518 251702872733.67255 161
1757556137586 251219561928.85498 162
1757556137654 250741969324.48062 163
1757556137718 250269974370.66208 164
1757556137782 249803459696.39386 165
1757556137845 249342311012.4004 166
1757556137909 248886417017.32623 167
1757556137979 248435669307.14276 168
1757556138051 247989962287.65082 169
1757556138124 247549193089.9645 170
1757556138199 247113261488.86258 171
1757556138269 246682069823.90402 172
1757556138336 246255522923.20236 173
1757556138396 245833528029.76193 174
1757556138458 245415994730.28082 175
1757556138521 245002834886.3298 176
1757556138581 244593962567.8198 177
1757556138644 244189293988.67453 178
1757556138709 243788747444.62686 179
1757556138785 243392243253.06226 180
1757556138849 242999703694.83432 181
1757556138920 242611052957.98123 182
1757556138984 242226217083.27435 183
1757556139051 241845123911.5327 184
1757556139116 241467703032.6399 185
1757556139181 241093885736.20242 186
1757556139245 240723604963.79123 187
1757556139307 240356795262.70895 188
1757556139370 239993392741.2292 189
1757556139434 239633335025.2562 190
1757556139496 239276561216.35397 191
1757556139562 238923011851.09637 192
1757556139628 238572628861.69308 193
1757556139689 238225355537.8449 194
1757556139752 237881136489.78745 195
1757556139814 237539917612.47992 196
1757556139878 237201646050.9012 197
1757556139942 236866270166.4132 198
1757556140004 236533739504.15543 199
1757556140068 236204004761.43607 200
1757556140159 235877017757.0839 201
1757556140223 235552731401.72958 202
1757556140288 235231099668.98386 203
1757556140352 234912077567.48257 204
1757556140415 234595621113.76978 205
1757556140478 234281687305.989 206
1757556140541 233970234098.35764 207
1757556140615 233661220376.39682 208
1757556140681 233354605932.8921 209
1757556140767 233050351444.56052 210
1757556140835 232748418449.4009 211
1757556140899 232448769324.7045 212
1757556140961 232151367265.70444 213
1757556141023 231856176264.8433 214
1757556141092 231563161091.63788 215
1757556141161 231272287273.12277 216
1757556141231 230983521074.85284 217
1757556141296 230696829482.4478 218
1757556141360 230412180183.66016 219
1757556141423 230129541550.95078 220
1757556141486 229848882624.55533 221
1757556141548 229570173096.02582 222
1757556141613 229293383292.23297 223
1757556141679 229018484159.81372 224
1757556141747 228745447250.05093 225
1757556141808 228474244714.9895 226
1757556141872 228204849260.8419 227
1757556141935 227937234166.2177 228
1757556142001 227671373257.94348 229
1757556142064 227407240897.90698 230
1757556142127 227144811970.25833 231
1757556142191 226884061868.9579 232
1757556142253 226624966485.65906 233
1757556142316 226367502197.91724 234
1757556142378 226111645857.714 235
1757556142441 225857374780.28717 236
1757556142512 225604666733.25833 237
1757556142584 225353499926.04755 238
1757556142650 225103852999.568 239
1757556142720 224855705016.1911 240
1757556142788 224609035449.97516 241
1757556142879 224363824177.14868 242
1757556142942 224120051466.84204 243
1757556143008 223877697972.05865 244
1757556143071 223636744720.88074 245
1757556143137 223397173107.90036 246
1757556143200 223158964885.872 247
1757556143270 222922102157.57745 248
1757556143336 222686567367.89917 249
1757556143401 222452343296.0947 250
1757556143466 222219413048.2675 251
1757556143529 221987760050.02725 252
1757556143592 221757368039.3357 253
1757556143656 221528221059.5319 254
1757556143722 221300303452.53198 255
1757556143785 221073599852.19858 256
1757556143856 220848095177.87552 257
1757556143939 220623774628.08255 258
1757556144031 220400623674.36606 259
1757556144107 220178628055.30118 260
1757556144206 219957773770.64194 261
1757556144270 219738047075.61414 262
1757556144333 219519434475.3479 263
1757556144398 219301922719.446 264
1757556144462 219085498796.68396 265
1757556144526 218870149929.83862 266
1757556144591 218655863570.64166 267
1757556144654 218442627394.8547 268
1757556144719 218230429297.46265 269
1757556144786 218019257387.98227 270
1757556144848 217809099985.88275 271
1757556144913 217599945616.11548 272
1757556144978 217391783004.7501 273
1757556145040 217184601074.71368 274
1757556145103 216978388941.63123 275
1757556145167 216773135909.7635 276
1757556145235 216568831468.04092 277
1757556145301 216365465286.19034 278
1757556145363 216163027210.95236 279
1757556145431 215961507262.38705 280
1757556145502 215760895630.26566 281
1757556145565 215561182670.54593 282
1757556145630 215362358901.92926 283
1757556145694 215164415002.4977 284
1757556145759 214967341806.42764 285
1757556145823 214771130300.78012 286
1757556145885 214575771622.36398 287
1757556145950 214381257054.67117 288
1757556146017 214187578024.88235 289
1757556146081 213994726100.9398 290
1757556146147 213802692988.68808 291
1757556146213 213611470529.07855 292
1757556146276 213421050695.43777 293
1757556146343 213231425590.79727 294
1757556146410 213042587445.2837 295
1757556146474 212854528613.56747 296
1757556146539 212667241572.3688 297
1757556146605 212480718918.0195 298
1757556146670 212294953364.07925 299
1757556146735 212109937739.00513 300
1757556146802 211925664983.87277 301
1757556146867 211742128150.14825 302
1757556146932 211559320397.50943 303
1757556146996 211377234991.7153 304
1757556147060 211195865302.52222 305
1757556147125 211015204801.64655 306
1757556147188 210835247060.77148 307
1757556147279 210655985749.59805 308
1757556147353 210477414633.9383 309
1757556147419 210299527573.85062 310
1757556147487 210122318521.81546 311
1757556147553 209945781520.95084 312
1757556147619 209769910703.26654 313
1757556147693 209594700287.95618 314
1757556147758 209420144579.72638 315
1757556147828 209246237967.1615 316
1757556147896 209072974921.1247 317
1757556147962 208900349993.192 318
1757556148030 208728357814.12115 319
1757556148096 208556993092.35275 320
1757556148161 208386250612.54337 321
1757556148227 208216125234.13055 322
1757556148320 208046611889.92764 323
1757556148385 207877705584.7493 324
1757556148451 207709401394.06546 325
1757556148517 207541694462.6845 326
1757556148581 207374580003.46384 327
1757556148643 207208053296.04797 328
1757556148707 207042109685.63312 329
1757556148793 206876744581.7576 330
1757556148862 206711953457.11832 331
1757556148928 206547731846.41122 332
1757556148993 206384075345.1967 333
1757556149060 206220979608.78812 334
1757556149129 206058440351.16452 335
1757556149196 205896453343.9047 336
1757556149263 205735014415.1445 337
1757556149330 205574119448.5551 338
1757556149394 205413764382.34296 339
1757556149462 205253945208.2702 340
1757556149529 205094657970.6949 341
1757556149595 204935898765.63202 342
1757556149749 204777663739.8328 343
1757556149816 204619949089.8837 344
1757556149892 204462751061.32343 345
1757556149958 204306065947.77798 346
1757556150027 204149890090.11404 347
1757556150095 203994219875.6088 348
1757556150162 203839051737.1371 349
1757556150260 203684382152.37515 350
1757556150331 203530207643.0205 351
1757556150393 203376524774.02737 352
1757556150463 203223330152.85785 353
1757556150530 203070620428.74814 354
1757556150593 202918392291.9896 355
1757556150662 202766642473.22403 356
1757556150731 202615367742.75366 357
1757556150797 202464564927.48907 358
1757556150865 202314230857.25934 359
1757556150939 202164362417.3432 360
1757556151003 202014956530.0538 361
1757556151075 201866010154.11423 362
1757556151142 201717520284.04623 363
1757556151211 201569483949.57056 364
1757556151278 201421898215.01913 365
1757556151343 201274760178.7593 366
1757556151406 201128066972.62903 367
1757556151475 200981815761.38336 368
1757556151543 200836003742.15195 369
1757556151607 200690628143.9068 370
1757556151673 200545686226.941 371
1757556151741 200401175282.35724 372
1757556151809 200257092631.56644 373
1757556151877 200113435625.79617 374
1757556151947 199970201645.60886 375
1757556152016 199827388100.42865 376
1757556152091 199684992428.0785 377
1757556152158 199543012094.32507 378
1757556152228 199401444592.43353 379
1757556152292 199260287442.73007 380
1757556152360 199119538192.17328 381
1757556152424 198979194413.9336 382
1757556152492 198839253706.98093 383
1757556152561 198699713695.68008 384
1757556152627 198560572029.394 385
1757556152692 198421826382.09448 386
1757556152758 198283474451.9801 387
1757556152827 198145513961.1021 388
1757556152894 198007942654.9965 389
1757556152962 197870758302.32355 390
1757556153026 197733958694.51428 391
1757556153096 197597541645.42313 392
1757556153162 197461504990.98752 393
1757556153233 197325846588.89377 394
1757556153297 197190564318.249 395
1757556153363 197055656079.2595 396
1757556153430 196921119792.91476 397
1757556153525 196786953400.67807 398
1757556153596 196653154864.18158 399
1757556153666 196519722164.92865 400
1757556153762 196386653304.00006 401
1757556153830 196253946301.7671 402
1757556153897 196121599197.6088 403
1757556153966 195989610049.63516 404
1757556154041 195857976934.41498 405
1757556154120 195726697946.70886 406
1757556154197 195595771199.2069 407
1757556154279 195465194822.27155 408
1757556154353 195334966963.68478 409
1757556154432 195205085788.39996 410
1757556154508 195075549478.29813 411
1757556154599 194946356231.94894 412
1757556154701 194817504264.37573 413
1757556154802 194688991806.8246 414
1757556154895 194560817106.53793 415
1757556154996 194432978426.5321 416
1757556155091 194305474045.37866 417
1757556155183 194178302256.98984 418
1757556155281 194051461370.40756 419
1757556155373 193924949709.59653 420
1757556155468 193798765613.24072 421
1757556155560 193672907434.54343 422
1757556155647 193547373541.03116 423
1757556155738 193422162314.3604 424
1757556155830 193297272150.1286 425
1757556155920 193172701457.6874 426
1757556156016 193048448659.96027 427
1757556156109 192924512193.26215 428
1757556156200 192800890507.12332 429
1757556156303 192677582064.11542 430
1757556156404 192554585339.68112 431
1757556156541 192431898821.96622 432
1757556156653 192309521011.65497 433
1757556156757 192187450421.80814 434
1757556156904 192065685577.70367 435
1757556157009 191944225016.68042 436
1757556157113 191823067287.984 437
1757556157214 191702210952.61588 438
1757556157356 191581654583.18442 439
1757556157462 191461396763.75888 440
1757556157567 191341436089.7257 441
1757556157754 191221771167.6471 442
1757556157864 191102400615.12213 443
1757556157942 190983323060.65015 444
1757556158018 190864537143.49646 445
1757556158095 190746041513.56006 446
1757556158170 190627834831.24377 447
1757556158246 190509915767.32632 448
1757556158316 190392283002.83688 449
1757556158384 190274935228.93115 450
1757556158450 190157871146.76996 451
1757556158520 190041089467.39932 452
1757556158588 189924588911.63315 453
1757556158663 189808368209.9371 454
1757556158731 189692426102.31473 455
1757556158799 189576761338.1956 456
1757556158866 189461372676.32462 457
1757556158933 189346258884.65393 458
1757556159002 189231418740.23584 459
1757556159075 189116851029.11774 460
1757556159142 189002554546.23886 461
1757556159240 188888528095.3283 462
1757556159307 188774770488.80487 463
1757556159377 188661280547.67853 464
1757556159444 188548057101.45328 465
1757556159513 188435098988.0316 466
1757556159583 188322405053.62045 467
1757556159652 188209974152.63864 468
1757556159721 188097805147.62552 469
1757556159790 187985896909.15155 470
1757556159857 187874248315.72952 471
1757556159924 187762858253.72766 472
1757556160006 187651725617.28424 473
1757556160074 187540849308.22263 474
1757556160145 187430228235.96863 475
1757556160216 187319861335.10864 476
1757556160284 187209747512.29138 477
1757556160351 187099885699.26364 478
1757556160419 186990274835.05438 479
1757556160488 186880913865.89755 480
1757556160557 186771801745.15643 481
1757556160626 186662937433.24863 482
1757556160696 186554319897.57248 483
1757556160763 186445948112.43454 484
1757556160845 186337821058.97784 485
1757556160940 186229937725.11166 486
1757556161013 186122297105.4419 487
1757556161081 186014898201.20273 488
1757556161151 185907740020.18903 489
1757556161221 185800821576.69006 490
1757556161289 185694141891.42386 491
1757556161360 185587699991.47266 492
1757556161432 185481494910.21918 493
1757556161502 185375525687.2839 494
1757556161573 185269791368.4633 495
1757556161643 185164291005.6688 496
1757556161712 185059023656.86652 497
1757556161776 184953988386.018 498
1757556161845 184849184263.0221 499
