1757556336737 1064044041522.0234 0
1757556336799 823653611639.0997 1
1757556336856 582890941696.3204 2
1757556336923 424489376435.1702 3
1757556336983 342608805940.3788 4
1757556337040 304396931851.8691 5
1757556337101 284170921487.629 6
1757556337160 270676511917.7777 7
1757556337222 260205625037.31512 8
1757556337285 251841269445.00192 9
1757556337343 245191412645.14764 10
1757556337406 239732351196.80038 11
1757556337488 235009178396.54645 12
1757556337561 230729497227.3958 13
1757556337634 226744254112.00854 14
1757556337699 222997223694.46204 15
1757556337760 219466541879.17636 16
1757556337827 216137454237.3672 17
1757556337896 212995088352.07394 18
1757556337965 210023782294.95102 19
1757556338024 207208809077.69333 20
1757556338116 204537118660.1294 21
1757556338176 201997230846.0626 22
1757556338238 199578978791.48724 23
1757556338299 197273229572.95865 24
1757556338356 195071708361.28043 25
1757556338420 192966898617.21115 26
1757556338486 190951962623.94077 27
1757556338552 189020673865.4225 28
1757556338617 187167353693.64093 29
1757556338678 185386813838.27737 30
1757556338737 183674305953.53363 31
1757556338806 182025477609.25647 32
1757556338878 180436333830.0489 33
1757556338946 178903203244.45908 34
1757556339014 177422707973.1739 35
1757556339074 175991736731.0047 36
1757556339137 174607420728.78256 37
1757556339197 173267112033.5239 38
1757556339269 171968364104.35672 39
1757556339333 170708914250.88354 40
1757556339397 169486667794.50906 41
1757556339468 168299683743.34164 42
1757556339533 167146161815.7654 43
1757556339592 166024430669.52008 44
1757556339650 164932937262.68713 45
1757556339710 163870237002.43207 46
1757556339771 162834985016.67136 47
1757556339832 161825928018.1537 48
1757556339891 160841896996.2389 49
1757556339951 159881800533.70798 50
1757556340012 158944618601.09525 51
1757556340071 158029397061.25806 52
1757556340130 157135242404.7373 53
1757556340192 156261317152.91772 54
1757556340280 155406835557.50748 55
1757556340345 154571059663.03452 56
1757556340440 153753295698.56833 57
1757556340507 152952890768.82718 58
1757556340570 152169229827.58923 59
1757556340632 151401732866.06177 60
1757556340692 150649852369.6939 61
1757556340751 149913071024.26456 62
1757556340817 149190899399.00375 63
1757556340876 148482874065.78006 64
1757556340938 147788555759.73334 65
1757556340997 147107527689.40585 66
1757556341067 146439393982.06204 67
1757556341127 145783778252.0062 68
1757556341187 145140322281.20667 69
1757556341247 144508684802.6824 70
1757556341308 143888540378.0426 71
1757556341368 143279578398.5311 72
1757556341429 142681502032.46298 73
1757556341490 142094027410.41055 74
1757556341552 141516882802.4066 75
1757556341613 140949807859.2415 76
1757556341673 140392552911.5286 77
1757556341734 139844878321.3119 78
1757556341796 139306553906.99036 79
1757556341887 138777358323.6197 80
1757556341949 138257078591.61795 81
1757556342010 137745509614.95297 82
1757556342071 137242453735.19522 83
1757556342132 136747720317.92783 84
1757556342194 136261125368.63226 85
1757556342256 135782491175.57632 86
1757556342319 135311645977.51816 87
1757556342383 134848423654.2606 88
1757556342446 134392663438.27371 89
1757556342509 133944209645.75604 90
1757556342571 133502911425.64546 91
1757556342633 133068622525.21136 92
1757556342695 132641201070.97267 93
1757556342759 132220509363.78792 94
1757556342825 131806413687.0552 95
1757556342885 131398784127.0466 96
1757556342947 130997494404.47798 97
1757556343008 130602421716.48758 98
1757556343070 130213446588.26161 99
1757556343133 129830452733.60518 100
1757556343231 129453326923.81322 101
1757556343304 129081958864.24466 102
1757556343370 128716241078.05182 103
1757556343434 128356068796.55807 104
1757556343492 128001339917.20114 105
1757556343557 127651954750.50761 106
1757556343620 127307816038.04012 107
1757556343680 126968828897.71002 108
1757556343741 126634900634.25523 109
1757556343801 126305940731.24911 110
1757556343864 125981860798.52084 111
1757556343927 125662574427.8754 112
1757556343987 125347997174.3075 113
1757556344050 125038046487.85735 114
1757556344111 124732641650.75917 115
1757556344177 124431703718.58165 116
1757556344240 124135155464.62697 117
1757556344303 123842921327.14363 118
1757556344366 123554927359.05823 119
1757556344427 123271101180.0119 120
1757556344487 122991371930.53236 121
1757556344577 122715670228.19862 122
1757556344637 122443928125.67369 123
1757556344698 122176079070.49216 124
1757556344759 121912057866.50087 125
1757556344822 121651800636.85643 126
1757556344883 121395244788.49353 127
1757556344942 121142328977.98068 128
1757556345003 120892993078.68924 129
1757556345065 120647178149.20364 130
1757556345127 120404826402.90746 131
1757556345189 120165881178.68373 132
1757556345250 119930286912.67165 133
1757556345312 119697989111.0263 134
1757556345375 119468934323.63048 135
1757556345444 119243070118.71185 136
1757556345508 119020345058.32149 137
1757556345572 118800708674.6318 138
1757556345636 118584111447.01549 139
1757556345695 118370504779.8691 140
1757556345755 118159840981.14645 141
1757556345818 117952073241.57043 142
1757556345880 117747155614.49252 143
1757556345941 117545042996.37128 144
1757556346004 117345691107.84375 145
1757556346067 117149056475.3637 146
1757556346128 116955096413.3831 147
1757556346189 116763769007.05484 148
1757556346277 116575033095.43427 149
1757556346342 116388848255.16077 150
1757556346403 116205174784.59915 151
1757556346467 116023973697.37737 152
1757556346527 115845206685.33351 153
1757556346586 115668836119.1116 154
1757556346650 115494825032.93977 155
1757556346710 115323137142.76768 156
1757556346770 115153736750.90193 157
1757556346832 114986588790.361 158
1757556346895 114821658807.8723 159
1757556346956 114658912949.32315 160
1757556347018 114498317946.59108 161
