1757582755276 1019578794230.9694 0
1757582755336 992841162433.9773 1
1757582755397 955127882380.9127 2
1757582755458 913498497507.7169 3
1757582755518 871458813156.4647 4
1757582755577 830940530945.7717 5
1757582755637 792703527855.0883 6
1757582755695 756956711077.0244 7
1757582755755 723725733546.532 8
1757582755813 692922484467.0768 9
1757582755871 664398411149.7451 10
1757582755929 637993957181.3453 11
1757582755990 613551314991.4473 12
1757582756051 590917491674.4215 13
1757582756110 569948848301.6746 14
1757582756169 550512513996.5608 15
1757582756227 532485810189.1715 16
1757582756287 515755831038.11224 17
1757582756353 500218947044.34204 18
1757582756413 485780081376.676 19
1757582756488 472352014899.6773 20
1757582756553 459854759252.5122 21
1757582756612 448214955656.91797 22
1757582756672 437365314150.47266 23
1757582756732 427244102703.1778 24
1757582756792 417794678334.1563 25
1757582756852 408965056499.7164 26
1757582756911 400707517432.7171 27
1757582756969 392978246239.7765 28
1757582757030 385737003607.2635 29
1757582757089 378946824668.42303 30
1757582757150 372573743667.6631 31
1757582757212 366586542158.65857 32
1757582757272 360956518713.9685 33
1757582757336 355657278304.496 34
1757582757399 350664539649.9944 35
1757582757463 345955958990.4152 36
1757582757528 341510968865.04156 37
1757582757589 337310630607.16547 38
1757582757650 333337499373.5024 39
1757582757710 329575500630.21875 40
1757582757773 326009817110.72614 41
1757582757833 322626785345.51306 42
1757582757892 319413800942.16327 43
1757582757955 316359231864.796 44
1757582758015 313452339027.0701 45
1757582758074 310683203572.1544 46
1757582758133 308042660267.21356 47
1757582758192 305522236489.3866 48
1757582758252 303114096325.3809 49
1757582758314 300810989348.037 50
1757582758375 298606203670.8757 51
1757582758435 296493522916.0276 52
1757582758494 294467186762.3598 53
1757582758553 292521854769.3001 54
1757582758612 290652573198.06586 55
1757582758672 288854744575.93884 56
1757582758731 287124099771.09076 57
1757582758791 285456672365.43555 58
1757582758851 283848775131.2276 59
1757582758911 282296978433.79156 60
1757582758970 280798090397.99365 61
1757582759030 279349138689.9753 62
1757582759090 277947353778.3758 63
1757582759151 276590153550.884 64
1757582759211 275275129172.5646 65
1757582759271 274000032082.10217 66
1757582759331 272762762030.95895 67
1757582759391 271561356078.54117 68
1757582759451 270393978463.86264 69
1757582759517 269258911280.95663 70
1757582759582 268154545891.46402 71
1757582759645 267079375013.47513 72
1757582759705 266031985430.86206 73
1757582759765 265011051272.05905 74
1757582759824 264015327811.56226 75
1757582759883 263043645751.36145 76
1757582759945 262094905943.12607 77
1757582760006 261168074515.26068 78
1757582760069 260262178371.9639 79
1757582760131 259376301034.17847 80
1757582760191 258509578794.84464 81
1757582760253 257661197163.1731 82
1757582760311 256830387574.7658 83
1757582760371 256016424346.3409 84
1757582760430 255218621855.58557 85
1757582760496 254436331928.27557 86
1757582760556 253668941416.2789 87
1757582760614 252915869951.4143 88
1757582760675 252176567861.37415 89
1757582760735 251450514235.05478 90
1757582760794 250737215125.67566 91
1757582760855 250036201881.01877 92
1757582760914 249347029590.99066 93
1757582760975 248669275643.5068 94
1757582761036 248002538380.42664 95
1757582761096 247346435845.9394 96
1757582761156 246700604620.41177 97
1757582761216 246064698733.27023 98
1757582761277 245438388649.00714 99
1757582761338 244821360320.8714 100
1757582761399 244213314307.23572 101
1757582761460 243613964946.0321 102
1757582761521 243023039583.00912 103
1757582761582 242440277849.89996 104
1757582761641 241865430988.89597 105
1757582761701 241298261220.10226 106
1757582761762 240738541148.9103 107
1757582761824 240186053210.45856 108
1757582761884 239640589148.57227 109
1757582761946 239101949526.77136 110
1757582762008 238569943269.11984 111
1757582762070 238044387228.86148 112
1757582762130 237525105782.93762 113
1757582762192 237011930450.63016 114
1757582762252 236504699534.70148 115
1757582762312 236003257783.52582 116
1757582762372 235507456072.81613 117
1757582762433 235017151105.6555 118
1757582762494 234532205129.63382 119
1757582762569 234052485669.97995 120
1757582762630 233577865277.65857 121
1757582762693 233108221291.47443 122
1757582762757 232643435613.29706 123
1757582762819 232183394495.57822 124
1757582762882 231727988340.39752 125
1757582762942 231277111509.32025 126
1757582763003 230830662143.40417 127
1757582763064 230388541992.73758 128
1757582763125 229950656254.93106 129
1757582763193 229516913422.02823 130
1757582763255 229087225135.3327 131
1757582763317 228661506047.68613 132
1757582763378 228239673692.76035 133
1757582763439 227821648360.95654 134
1757582763499 227407352981.53156 135
1757582763563 226996713010.59457 136
1757582763624 226589656324.64282 137
1757582763685 226186113119.3236 138
1757582763746 225786015813.1316 139
1757582763808 225389298955.7681 140
1757582763868 224995899140.90598 141
1757582763929 224605754923.12012 142
1757582763993 224218806738.7583 143
1757582764055 223834996830.53986 144
1757582764116 223454269175.68417 145
1757582764178 223076569417.38235 146
1757582764240 222701844799.43515 147
1757582764301 222330044103.8931 148
1757582764362 221961117591.54257 149
1757582764423 221595016945.09164 150
1757582764484 221231695214.91745 151
1757582764551 220871106767.24487 152
1757582764611 220513207234.6347 153
1757582764671 220157953468.66412 154
1757582764733 219805303494.6915 155
1757582764796 219455216468.602 156
1757582764857 219107652635.4361 157
1757582764917 218762573289.80984 158
1757582764978 218419940738.03867 159
1757582765039 218079718261.8836 160
1757582765101 217741870083.8408 161
1757582765162 217406361333.90176 162
1757582765225 217073158017.71356 163
1757582765287 216742226986.07315 164
1757582765348 216413535905.69348 165
1757582765409 216087053231.18134 166
1757582765470 215762748178.17093 167
1757582765531 215440590697.55978 168
1757582765592 215120551450.79605 169
1757582765667 214802601786.16916 170
1757582765730 214486713716.05807 171
1757582765791 214172859895.09378 172
1757582765853 213861013599.19434 173
1757582765917 213551148705.4344 174
1757582765978 213243239672.71002 175
1757582766039 212937261523.16544 176
1757582766099 212633189824.3465 177
1757582766161 212331000672.04932 178
1757582766225 212030670673.8335 179
1757582766287 211732176933.17117 180
1757582766349 211435497034.20355 181
1757582766411 211140609027.07877 182
1757582766471 210847491413.84683 183
1757582766537 210556123134.8864 184
1757582766598 210266483555.84134 185
1757582766661 209978552455.04514 186
1757582766723 209692310011.41278 187
1757582766785 209407736792.7797 188
1757582766847 209124813744.66956 189
1757582766909 208843522179.47226 190
1757582766971 208563843766.01584 191
1757582767033 208285760519.51508 192
1757582767095 208009254791.88147 193
1757582767156 207734309262.37997 194
1757582767224 207460906928.6176 195
1757582767291 207189031097.85117 196
1757582767359 206918665378.5999 197
1757582767426 206649793672.55188 198
1757582767490 206382400166.7515 199
1757582767559 206116469326.05692 200
1757582767623 205851985885.85678 201
1757582767692 205588934845.03543 202
1757582767757 205327301459.17728 203
1757582767820 205067071234.00015 204
1757582767883 204808229919.00952 205
1757582767945 204550763501.36365 206
1757582768006 204294658199.94266 207
1757582768067 204039900459.6128 208
1757582768129 203786476945.67825 209
1757582768190 203534374538.51395 210
1757582768254 203283580328.3714 211
1757582768316 203034081610.35205 212
1757582768381 202785865879.5405 213
1757582768443 202538920826.29272 214
1757582768505 202293234331.67227 215
1757582768567 202048794463.02994 216
1757582768628 201805589469.72067 217
1757582768690 201563607778.9531 218
1757582768752 201322837991.7663 219
1757582768813 201083268879.1296 220
1757582768887 200844889378.16074 221
1757582768949 200607688588.45728 222
1757582769011 200371655768.53845 223
1757582769074 200136780332.3923 224
1757582769135 199903051846.12512 225
1757582769197 199670460024.70856 226
1757582769260 199438994728.82187 227
1757582769322 199208645961.7855 228
1757582769389 198979403866.5824 229
1757582769452 198751258722.96445 230
1757582769514 198524200944.64127 231
1757582769580 198298221076.54712 232
1757582769642 198073309792.18546 233
1757582769704 197849457891.04614 234
1757582769766 197626656296.09418 235
1757582769828 197404896051.32703 236
1757582769892 197184168319.39877 237
1757582769953 196964464379.30774 238
1757582770018 196745775624.14636 239
1757582770081 196528093558.91104 240
1757582770143 196311409798.36966 241
1757582770206 196095716064.9851 242
1757582770269 195881004186.89294 243
1757582770332 195667266095.93115 244
1757582770394 195454493825.72098 245
1757582770457 195242679509.79633 246
1757582770519 195031815379.78033 247
1757582770586 194821893763.60867 248
1757582770650 194612907083.79617 249
1757582770716 194404847855.74713 250
1757582770782 194197708686.10706 251
1757582770846 193991482271.1545 252
1757582770909 193786161395.2325 253
1757582770970 193581738929.21707 254
1757582771033 193378207829.02307 255
1757582771095 193175561134.14526 256
1757582771157 192973791966.23395 257
1757582771219 192772893527.70392 258
1757582771282 192572859100.37585 259
1757582771345 192373682044.14957 260
1757582771407 192175355795.70667 261
1757582771469 191977873867.24414 262
1757582771531 191781229845.23572 263
1757582771593 191585417389.22177 264
1757582771655 191390430230.62558 265
1757582771718 191196262171.59656 266
1757582771795 191002907083.8787 267
1757582771858 190810358907.70395 268
1757582771921 190618611650.7094 269
1757582771984 190427659386.87842 270
1757582772047 190237496255.504 271
1757582772110 190048116460.17487 272
1757582772173 189859514267.78244 273
1757582772236 189671684007.54907 274
1757582772299 189484620070.07693 275
1757582772362 189298316906.4161 276
1757582772424 189112769027.15228 277
1757582772486 188927971001.5132 278
1757582772549 188743917456.49365 279
1757582772612 188560603075.99725 280
1757582772674 188378022599.9968 281
1757582772740 188196170823.71072 282
1757582772803 188015042596.79584 283
1757582772869 187834632822.55676 284
1757582772933 187654936457.1702 285
1757582772996 187475948508.9249 286
1757582773060 187297664037.4761 287
1757582773123 187120078153.11462 288
1757582773185 186943186016.04987 289
1757582773249 186766982835.70654 290
1757582773314 186591463870.03485 291
1757582773377 186416624424.83362 292
1757582773441 186242459853.08633 293
1757582773503 186068965554.3092 294
1757582773566 185896136973.91183 295
1757582773629 185723969602.56934 296
1757582773693 185552458975.60605 297
1757582773757 185381600672.3908 298
1757582773821 185211390315.74283 299
1757582773884 185041823571.34842 300
1757582773948 184872896147.1885 301
1757582774011 184704603792.97595 302
1757582774074 184536942299.60312 303
1757582774138 184369907498.59924 304
1757582774203 184203495261.59744 305
1757582774271 184037701499.81046 306
1757582774336 183872522163.51657 307
1757582774399 183707953241.55344 308
1757582774464 183543990760.8212 309
1757582774527 183380630785.7943 310
1757582774589 183217869418.04077 311
1757582774652 183055702795.7508 312
1757582774715 182894127093.27228 313
1757582774778 182733138520.6551 314
1757582774841 182572733323.20215 315
1757582774906 182412907781.02856 316
1757582774973 182253658208.6278 317
1757582775039 182094980954.44507 318
1757582775116 181936872400.45776 319
1757582775180 181779328961.7628 320
1757582775246 181622347086.17047 321
1757582775310 181465923253.8051 322
1757582775374 181310053976.71216 323
1757582775441 181154735798.47122 324
1757582775503 180999965293.81604 325
1757582775567 180845739068.2595 326
1757582775630 180692053757.72537 327
1757582775694 180538906028.18582 328
1757582775761 180386292575.30392 329
1757582775825 180234210124.0826 330
1757582775888 180082655428.51846 331
1757582775953 179931625271.2613 332
1757582776017 179781116463.27863 333
1757582776081 179631125843.5255 334
1757582776144 179481650278.6196 335
1757582776208 179332686662.5205 336
1757582776274 179184231916.2149 337
1757582776337 179036282987.4055 338
1757582776401 178888836850.2056 339
1757582776465 178741890504.83737 340
1757582776528 178595440977.33508 341
1757582776592 178449485319.25287 342
1757582776656 178304020607.37634 343
1757582776720 178159043943.439 344
1757582776784 178014552453.84216 345
1757582776849 177870543289.3798 346
1757582776913 177727013624.96643 347
1757582776977 177583960659.37 348
1757582777042 177441381614.9475 349
1757582777108 177299273737.38547 350
1757582777177 177157634295.44327 351
1757582777242 177016460580.70087 352
1757582777307 176875749907.3094 353
1757582777376 176735499611.746 354
1757582777440 176595707052.57144 355
1757582777505 176456369610.19174 356
1757582777571 176317484686.6227 357
1757582777636 176179049705.2579 358
1757582777705 176041062110.63995 359
1757582777773 175903519368.2347 360
1757582777839 175766418964.20895 361
1757582777908 175629758405.21072 362
1757582777977 175493535218.1529 363
1757582778043 175357746949.99973 364
1757582778107 175222391167.55627 365
1757582778171 175087465457.26028 366
1757582778236 174952967424.97772 367
1757582778301 174818894695.8001 368
1757582778366 174685244913.8455 369
1757582778431 174552015742.06107 370
1757582778512 174419204862.02927 371
1757582778578 174286809973.77597 372
1757582778642 174154828795.58154 373
1757582778709 174023259063.79404 374
1757582778777 173892098532.6449 375
1757582778843 173761344974.0675 376
1757582778908 173630996177.51743 377
1757582778974 173501049949.7953 378
1757582779039 173371504114.8724 379
1757582779104 173242356513.71753 380
1757582779169 173113605004.1272 381
1757582779235 172985247460.55707 382
1757582779302 172857281773.95596 383
1757582779371 172729705851.60223 384
1757582779437 172602517616.94153 385
1757582779502 172475715009.42722 386
1757582779569 172349295984.36258 387
1757582779634 172223258512.74487 388
1757582779700 172097600581.11157 389
1757582779764 171972320191.38834 390
1757582779829 171847415360.73895 391
1757582779893 171722884121.41705 392
1757582779962 171598724520.61987 393
1757582780027 171474934620.3434 394
1757582780092 171351512497.23993 395
1757582780156 171228456242.47647 396
1757582780220 171105763961.59586 397
1757582780286 170983433774.3788 398
1757582780352 170861463814.70782 399
1757582780417 170739852230.4331 400
1757582780481 170618597183.23944 401
1757582780546 170497696848.51547 402
1757582780610 170377149415.2235 403
1757582780675 170256953085.77188 404
1757582780740 170137106075.88834 405
1757582780806 170017606614.49472 406
1757582780871 169898452943.58365 407
1757582780942 169779643318.09637 408
1757582781007 169661176005.8018 409
1757582781073 169543049287.17752 410
1757582781139 169425261455.29172 411
1757582781204 169307810815.68658 412
1757582781272 169190695686.26328 413
1757582781339 169073914397.16806 414
1757582781403 168957465290.67938 415
1757582781470 168841346721.09714 416
1757582781540 168725557054.63226 417
1757582781606 168610094669.2982 418
1757582781674 168494957954.8032 419
1757582781740 168380145312.44434 420
1757582781805 168265655155.002 421
1757582781886 168151485906.63635 422
1757582781952 168037636002.7843 423
1757582782018 167924103890.05814 424
1757582782082 167810888026.1448 425
1757582782148 167697986879.70688 426
1757582782214 167585398930.28397 427
1757582782282 167473122668.19586 428
1757582782348 167361156594.4463 429
1757582782413 167249499220.6278 430
1757582782480 167138149068.82794 431
1757582782545 167027104671.53632 432
1757582782611 166916364571.55237 433
1757582782677 166805927321.89474 434
1757582782743 166695791485.7113 435
1757582782809 166585955636.1897 436
1757582782875 166476418356.47003 437
1757582782941 166367178239.55713 438
1757582783007 166258233888.23486 439
1757582783073 166149583914.98062 440
1757582783141 166041226941.88107 441
1757582783208 165933161600.54886 442
1757582783275 165825386532.03986 443
1757582783341 165717900386.7717 444
1757582783407 165610701824.44278 445
1757582783472 165503789513.95255 446
1757582783538 165397162133.32214 447
1757582783604 165290818369.61618 448
1757582783671 165184756918.8655 449
1757582783738 165078976485.99005 450
1757582783804 164973475784.7235 451
1757582783870 164868253537.53784 452
1757582783936 164763308475.56924 453
1757582784002 164658639338.54437 454
1757582784067 164554244874.70786 455
1757582784133 164450123840.74994 456
1757582784199 164346275001.73532 457
1757582784264 164242697131.0327 458
1757582784330 164139389010.24478 459
1757582784396 164036349429.13913 460
1757582784462 163933577185.5797 461
1757582784527 163831071085.4593 462
1757582784592 163728829942.63226 463
1757582784659 163626852578.84808 464
1757582784729 163525137823.68585 465
1757582784795 163423684514.48917 466
1757582784860 163322491496.3014 467
1757582784929 163221557621.80237 468
1757582785000 163120881751.24487 469
1757582785066 163020462752.3922 470
1757582785132 162920299500.45648 471
1757582785199 162820390878.037 472
1757582785266 162720735775.05988 473
1757582785334 162621333088.71774 474
1757582785412 162522181723.41028 475
1757582785481 162423280590.6854 476
1757582785548 162324628609.1808 477
1757582785613 162226224704.56616 478
1757582785679 162128067809.48608 479
1757582785746 162030156863.50323 480
1757582785812 161932490813.04236 481
1757582785882 161835068611.33463 482
1757582785949 161737889218.36264 483
1757582786015 161640951600.806 484
1757582786084 161544254731.98715 485
1757582786154 161447797591.81805 486
1757582786220 161351579166.74707 487
1757582786288 161255598449.7067 488
1757582786355 161159854440.06146 489
1757582786423 161064346143.55667 490
1757582786489 160969072572.26703 491
1757582786555 160874032744.5465 492
1757582786622 160779225684.97836 493
1757582786692 160684650424.32513 494
1757582786764 160590305999.4801 495
1757582786834 160496191453.41837 496
1757582786904 160402305835.14862 497
1757582786972 160308648199.6657 498
1757582787040 160215217607.9031 499
