1757568621073 369277058506.693 0
1757568621139 109294033662.57758 1
1757568621211 157577043511.5917 2
1757568621287 467795422868.5577 3
1757568621353 188552809440.823 4
1757568621424 256509991265.47806 5
1757568621500 93107352751.30945 6
1757568621571 202513365093.5025 7
1757568621649 386489826596.65515 8
1757568621720 270488757194.54977 9
1757568621786 419217913048.90784 10
1757568621849 184942379298.58102 11
1757568621922 298219332890.6396 12
1757568621990 148837131770.25052 13
1757568622054 210782923002.58505 14
1757568622123 195004574134.4769 15
1757568622191 326311656883.35986 16
1757568622266 426967819354.2731 17
1757568622342 156258355577.1619 18
1757568622416 430311085826.74396 19
1757568622483 123569074754.4707 20
1757568622555 74810558574.4834 21
1757568622620 504801873775.972 22
1757568622699 89524682883.33986 23
1757568622770 349719314592.3526 24
1757568622847 287695828464.8658 25
1757568622925 445614051796.88245 26
1757568623000 276143816688.2285 27
1757568623074 376551175735.3682 28
1757568623143 206479850679.18768 29
1757568623217 126255861928.5339 30
1757568623298 573100649240.8341 31
1757568623365 104579920745.52795 32
1757568623440 215645895969.52423 33
1757568623513 111008563002.08899 34
1757568623590 165203870154.28128 35
1757568623655 339933465562.04877 36
1757568623720 356577207265.98987 37
1757568623806 270028917148.71918 38
1757568623869 250490023401.9528 39
1757568623939 128179960731.42964 40
1757568624006 280087633095.6922 41
1757568624074 197215589741.81177 42
1757568624141 352128614161.9712 43
1757568624213 163083706948.92126 44
1757568624284 399992267446.17334 45
1757568624356 290651572457.6819 46
1757568624424 286859204130.46844 47
1757568624489 165731651223.06067 48
1757568624561 416286043010.21594 49
1757568624630 209901942470.11838 50
1757568624704 69851226123.28574 51
1757568624772 227483004864.98523 52
1757568624845 115749507378.32315 53
1757568624914 80416067283.42639 54
1757568624981 278658565230.05176 55
1757568625053 372735103405.1552 56
1757568625119 496127273127.6842 57
1757568625193 287356282659.05054 58
1757568625267 150298020033.28958 59
1757568625341 208507514912.34244 60
1757568625405 312376029112.3156 61
1757568625472 179702065585.95163 62
1757568625548 287757808178.6515 63
1757568625625 105094256305.42043 64
1757568625695 122221282563.30725 65
1757568625760 113218948169.85266 66
1757568625830 358477871334.53656 67
1757568625897 270663105716.53595 68
1757568625975 314747408619.5067 69
1757568626047 400682548848.26917 70
1757568626112 202605112081.38367 71
1757568626175 310017741640.327 72
1757568626246 306779149968.17285 73
1757568626315 176894264616.17422 74
1757568626385 161509571199.5909 75
1757568626452 420224814335.2263 76
1757568626524 230076918182.71613 77
1757568626596 249164680883.07474 78
1757568626668 139655514732.33456 79
1757568626734 103113235613.42862 80
1757568626806 371950604028.20807 81
1757568626874 222704163920.6633 82
1757568626952 410918482743.08356 83
1757568627020 372100868111.3734 84
1757568627090 292471461329.34064 85
1757568627162 119635270803.54681 86
1757568627230 264686000003.65036 87
1757568627293 189680435487.91254 88
1757568627365 477733055419.51483 89
1757568627438 392265032605.42444 90
1757568627502 113260547591.6538 91
1757568627575 503804606492.2513 92
1757568627646 129596094732.95946 93
1757568627712 196650104888.0342 94
1757568627781 243403043226.89865 95
1757568627853 105036799517.16397 96
1757568627929 473563395983.6894 97
1757568627998 148822729056.03784 98
1757568628074 110620447098.13844 99
1757568628143 275844145865.10254 100
1757568628217 136844482326.75922 101
1757568628289 117074567983.72624 102
1757568628357 1036640236797.6351 103
1757568628431 268848535969.82153 104
1757568628497 67955791054.90521 105
1757568628575 281733159207.7301 106
1757568628647 104954696107.42313 107
1757568628719 281051822329.5379 108
1757568628799 142964596289.17706 109
1757568628867 236144356863.38422 110
1757568628930 129898888120.88287 111
