1757556349884 1019582130826.3983 0
1757556349944 992843921505.0884 1
1757556350012 955130449713.4595 2
1757556350074 913500943614.217 3
1757556350134 871461050292.3263 4
1757556350193 830942590138.7998 5
1757556350254 792705443609.7063 6
1757556350315 756958485124.9111 7
1757556350376 723727374220.8657 8
1757556350455 692924004977.1061 9
1757556350518 664399820378.3785 10
1757556350578 637995262812.1133 11
1757556350640 613552525035.7885 12
1757556350702 590918613356.8512 13
1757556350760 569949888079.9677 14
1757556350820 550513477910.5018 15
1757556350878 532486703827.39844 16
1757556350938 515756659521.7463 17
1757556351028 500219715096.62225 18
1757556351090 485780793359.83936 19
1757556351153 472352674851.3715 20
1757556351216 459855370893.4879 21
1757556351274 448215522420.7665 22
1757556351331 437365839206.9792 23
1757556351417 427244588979.86194 24
1757556351477 417795128536.2973 25
1757556351536 408965473128.3179 26
1757556351597 400707902800.89484 27
1757556351658 392978602487.834 28
1757556351722 385737332716.4711 29
1757556351780 378947128473.6195 30
1757556351840 372574023868.8186 31
1757556351900 366586800331.48883 32
1757556351990 360956756319.6754 33
1757556352066 355657496698.7093 34
1757556352126 350664740090.98157 35
1757556352189 345956142646.6181 36
1757556352247 341511136866.31 37
1757556352308 337310783986.92755 38
1757556352369 333337639084.14154 39
1757556352429 329575627553.2571 40
1757556352489 326009932064.2102 41
1757556352548 322626889089.8178 42
1757556352607 319413894184.8337 43
1757556352668 316359315264.75586 44
1757556352755 313452413198.37024 45
1757556352815 310683269087.3612 46
1757556352876 308042717660.4992 47
1757556352937 305522286259.3589 48
1757556352998 303114138937.68365 49
1757556353060 300811025237.7428 50
1757556353126 298606233244.68994 51
1757556353193 296493546554.3211 52
1757556353268 294467204821.0433 53
1757556353332 292521867581.5542 54
1757556353396 290652581075.9391 55
1757556353457 288854747811.8228 56
1757556353522 287124098639.0844 57
1757556353582 285456667122.6056 58
1757556353641 283848766018.7746 59
1757556353702 282296965683.70166 60
1757556353763 280798074226.34204 61
1757556353824 279349119298.89185 62
1757556353885 277947331357.4214 63
1757556353945 276590128278.1035 64
1757556354005 275275101215.35236 65
1757556354064 274000001597.94894 66
1757556354125 272762729168.1181 67
1757556354185 271561320976.63312 68
1757556354257 270393941254.4301 69
1757556354318 269258872087.97742 70
1757556354380 268154504831.82614 71
1757556354442 267079332197.41837 72
1757556354501 266031940962.38882 73
1757556354562 265011005249.3171 74
1757556354624 264015280327.20084 75
1757556354683 263043596892.86432 76
1757556354744 262094855793.1213 77
1757556354811 261168023151.81067 78
1757556354869 260262125868.83585 79
1757556354930 259376247461.09738 80
1757556355017 258509524217.72952 81
1757556355079 257661141644.35855 82
1757556355140 256830331173.20886 83
1757556355201 256016367117.81488 84
1757556355271 255218563874.47296 85
1757556355337 254436273254.52408 86
1757556355404 253668882101.3637 87
1757556355497 252915810041.3927 88
1757556355578 252176507398.48224 89
1757556355685 251450453258.5704 90
1757556355790 250737153672.40994 91
1757556355898 250036139985.619 92
1757556355997 249346967286.1444 93
1757556356091 248669212960.0939 94
1757556356198 248002475347.64172 95
1757556356300 247346372491.3971 96
1757556356396 246700540970.2401 97
1757556356503 246064634812.1961 98
1757556356603 245438324480.43533 99
1757556356697 244821295926.9579 100
1757556356796 244213249708.9568 101
1757556356925 243613900163.24866 102
1757556357021 243022974634.5275 103
1757556357123 242440212753.52878 104
1757556357227 241865365761.50015 105
1757556357328 241298195877.65335 106
1757556357432 240738475706.5341 107
1757556357529 240185987682.4801 108
1757556357631 239640523548.55832 109
1757556357731 239101883867.57 110
1757556357828 238569877562.89868 111
1757556357936 238044321487.14288 112
1757556358043 237525040016.6325 113
1757556358131 237011864670.0696 114
1757556358238 236504633749.66708 115
1757556358341 236003192003.2777 116
1757556358427 235507390306.12006 117
1757556358514 235017085360.8081 118
1757556358726 234532139414.48672 119
1757556358798 234052419991.96262 120
1757556358869 233577799647.55347 121
1757556358934 233108155717.84204 122
1757556358996 232643370103.40942 123
1757556359060 232183329055.8956 124
1757556359122 231727922976.81427 125
1757556359186 231277046227.29617 126
1757556359249 230830596948.03812 127
1757556359310 230388476888.8108 128
1757556359371 229950591246.93655 129
1757556359431 229516848514.19122 130
1757556359494 229087160331.6276 131
1757556359586 228661441351.8507 132
1757556359649 228239609108.3084 133
1757556359708 227821583891.18954 134
1757556359775 227407288629.5494 135
1757556359837 226996648779.30627 136
1757556359902 226589592216.77585 137
1757556359963 226186049137.43314 138
1757556360030 225785951959.60916 139
1757556360096 225389235232.84998 140
1757556360157 224995835550.681 141
1757556360220 224605691467.53735 142
1757556360283 224218743419.6337 143
1757556360344 223834933649.56335 144
1757556360407 223454206134.42627 145
1757556360468 223076506517.2998 146
1757556360528 222701782041.87708 147
1757556360589 222329981490.10645 148
1757556360650 221961055122.67737 149
1757556360714 221594954622.20596 150
1757556360779 221231633038.98215 151
1757556360849 220871044739.14838 152
1757556360915 220513145355.18692 153
1757556360981 220157891738.60083 154
1757556361040 219805241938.03766 155
1757556361104 219455155097.24493 156
1757556361167 219107591455.1707 157
1757556361229 218762512303.36264 158
1757556361291 218419879946.58148 159
1757556361353 218079657665.79184 160
1757556361417 217741809683.07394 161
1757556361480 217406301128.19485 162
1757556361542 217073098006.67413 163
1757556361607 216742167169.231 164
1757556361698 216413476282.52634 165
1757556361784 216086993801.12894 166
1757556361849 215762688940.6429 167
1757556361917 215440531651.94055 168
1757556361981 215120492596.44788 169
1757556362043 214802543122.43484 170
1757556362107 214486655242.2627 171
1757556362168 214172801610.54645 172
1757556362231 213860955503.1898 173
1757556362325 213551090797.25406 174
1757556362387 213243181951.6236 175
1757556362450 212937203988.432 176
1757556362513 212633132475.2153 177
1757556362574 212330943507.7613 178
1757556362636 212030613693.62192 179
1757556362698 211732120136.26276 180
1757556362760 211435440419.819 181
1757556362823 211140552594.43402 182
1757556362886 210847435162.15353 183
1757556362951 210556067063.35263 184
1757556363027 210266427663.6723 185
1757556363091 209978496765.6777 186
1757556363156 209692254535.892 187
1757556363223 209407681535.95636 188
1757556363283 209124758708.29913 189
1757556363345 208843467363.7648 190
1757556363407 208563789170.4115 191
1757556363471 208285706143.0714 192
1757556363535 208009200633.4681 193
1757556363600 207734255320.7758 194
1757556363693 207460853202.55966 195
1757556363756 207188977586.05917 196
1757556363820 206918612079.78888 197
1757556363882 206649740585.4386 198
1757556363944 206382347290.05774 199
1757556364009 206116416658.51135 200
1757556364071 205851933426.19595 201
1757556364134 205588882592.00443 202
1757556364198 205327249411.53015 203
1757556364260 205067019390.50024 204
1757556364324 204808178278.4296 205
1757556364387 204550712062.48615 206
1757556364449 204294606961.55994 207
1757556364513 204039849420.5271 208
1757556364574 203786426104.70193 209
1757556364638 203534323894.46957 210
1757556364702 203283529880.09177 211
1757556364766 203034031356.68036 212
1757556364845 202785815819.33032 213
1757556364921 202538870958.4081 214
1757556364989 202293184654.98764 215
1757556365085 202048744976.43036 216
1757556365151 201805540172.1017 217
1757556365224 201563558669.22076 218
1757556365288 201322789068.83722 219
1757556365353 201083220141.931 220
1757556365418 200844840825.63022 221
1757556365481 200607640219.5429 222
1757556365545 200371607582.19882 223
1757556365608 200136732327.59644 224
1757556365671 199903004021.8524 225
1757556365734 199670412379.9486 226
1757556365797 199438947262.57477 227
1757556365860 199208598673.0614 228
1757556365925 198979356754.4017 229
1757556365987 198751211786.35764 230
1757556366052 198524154182.64877 231
1757556366116 198298174488.2195 232
1757556366177 198073263376.5831 233
1757556366242 197849411647.23926 234
1757556366305 197626610223.16257 235
1757556366398 197404850148.3604 236
1757556366462 197184122585.49634 237
1757556366526 196964418813.5781 238
1757556366588 196745730225.7076 239
1757556366655 196528048326.8907 240
1757556366718 196311364731.9043 241
1757556366783 196095671163.22058 242
1757556366848 195880959448.984 243
1757556366910 195667221521.04175 244
1757556366976 195454449413.02383 245
1757556367041 195242635258.47278 246
1757556367105 195031771289.02075 247
1757556367170 194821849832.61176 248
1757556367239 194612863311.76926 249
1757556367309 194404804241.9059 250
1757556367378 194197665229.6755 251
1757556367446 193991438971.365 252
1757556367511 193786118251.32535 253
1757556367573 193581695940.44067 254
1757556367639 193378164994.63382 255
1757556367706 193175518453.40738 256
1757556367797 192973749438.4194 257
1757556367863 192772851152.09238 258
1757556367931 192572816876.25455 259
1757556367994 192373639970.8131 260
1757556368061 192175313872.45715 261
1757556368136 191977832093.39096 262
1757556368242 191781188220.09558 263
1757556368315 191585375912.11823 264
1757556368388 191390388900.8894 265
1757556368461 191196220988.56546 266
1757556368535 191002866046.89728 267
1757556368599 190810318016.1234 268
1757556368698 190618570903.88776 269
1757556368762 190427618784.18027 270
1757556368826 190237455796.30038 271
1757556368911 190048076143.84335 272
1757556368974 189859474093.70682 273
1757556369039 189671643975.11954 274
1757556369107 189484580178.6897 275
1757556369172 189298277155.47357 276
1757556369241 189112729416.0628 277
1757556369307 188927931529.69128 278
1757556369373 188743878123.3593 279
1757556369438 188560563880.97656 280
1757556369502 188377983542.52145 281
1757556369575 188196131903.21796 282
1757556369645 188015003812.72858 283
1757556369710 187834594174.3633 284
1757556369777 187654897944.30435 285
1757556369841 187475910130.84576 286
1757556369905 187297625793.648 287
1757556369970 187120040057.0883 288
1757556370035 186943148074.2823 289
1757556370100 186766945051.10986 290
1757556370166 186591426243.75067 291
1757556370234 186416586957.1206 292
1757556370300 186242422543.76328 293
1757556370380 186068928402.9773 294
1757556370473 185896099980.06528 295
1757556370545 185723932765.65082 296
1757556370616 185552422295.03464 297
1757556370687 185381564147.57538 298
1757556370757 185211353946.0894 299
1757556370827 185041787356.26334 300
1757556370896 184872860086.08035 301
1757556370967 184704567885.25613 302
1757556371031 184536906544.68652 303
1757556371096 184369871895.90436 304
1757556371159 184203459810.54623 305
1757556371224 184037666199.82867 306
1757556371287 183872487014.03363 307
1757556371352 183707918242.0024 308
1757556371416 183543955910.6389 309
1757556371481 183380596084.42087 310
1757556371559 183217834864.92032 311
1757556371638 183055668390.33066 312
1757556371706 182894092835.0036 313
1757556371777 182733104408.9924 314
1757556371849 182572699357.6035 315
1757556371915 182412873960.95535 316
1757556371983 182253624533.54495 317
1757556372048 182094947423.82086 318
1757556372114 181936839013.76395 319
1757556372182 181779295718.4743 320
1757556372253 181622313985.7657 321
1757556372323 181465890295.76562 322
1757556372388 181310021160.52283 323
1757556372452 181154703123.6202 324
1757556372517 180999932759.79453 325
1757556372585 180845706674.56192 326
1757556372650 180692021503.84943 327
1757556372715 180538873913.63217 328
1757556372778 180386260599.57642 329
1757556372844 180234178286.68808 330
1757556372907 180082623728.96683 331
1757556372977 179931593709.06543 332
1757556373047 179781085037.9545 333
1757556373110 179631094554.59192 334
1757556373175 179481619125.59827 335
1757556373254 179332655644.93613 336
1757556373320 179184201033.59497 337
1757556373386 179036252239.28043 338
1757556373451 178888806236.10858 339
1757556373518 178741860024.30435 340
1757556373583 178595410629.9049 341
1757556373651 178449455104.46698 342
1757556373717 178303990524.779 343
1757556373780 178159013992.57706 344
1757556373843 178014522634.26523 345
1757556373908 177870513600.64008 346
1757556373981 177726984066.6188 347
1757556374050 177583931230.97183 348
1757556374116 177441352316.05887 349
1757556374180 177299244567.56882 350
1757556374245 177157605254.26382 351
1757556374312 177016431667.7261 352
1757556374378 176875721122.10938 353
1757556374445 176735470953.89325 354
1757556374510 176595678521.64096 355
1757556374601 176456341205.7608 356
1757556374666 176317456408.27103 357
1757556374730 176179021552.56766 358
1757556374794 176041034083.19556 359
1757556374881 175903491465.62292 360
1757556374956 175766391186.01886 361
1757556375022 175629730751.03366 362
1757556375087 175493507687.58246 363
1757556375153 175357719542.6318 364
1757556375218 175222363882.98886 365
1757556375285 175087438295.0937 366
1757556375351 174952940384.81436 367
1757556375417 174818867777.24466 368
1757556375481 174685218116.50467 369
1757556375546 174551989065.54364 370
1757556375612 174419178305.94623 371
1757556375677 174286783537.74045 372
1757556375740 174154802479.20862 373
1757556375804 174023232866.70074 374
1757556375870 173892072454.45056 375
1757556375962 173761319014.39316 376
1757556376031 173630970335.98633 377
1757556376095 173501024226.03256 378
1757556376168 173371478508.50513 379
1757556376239 173242331024.3748 380
1757556376306 173113579631.43994 381
1757556376376 172985222204.1581 382
1757556376442 172857256633.48004 383
1757556376506 172729680826.686 384
1757556376572 172602492707.22345 385
1757556376637 172475690214.5476 386
1757556376701 172349271303.96356 387
1757556376769 172223233946.47043 388
1757556376834 172097576128.6074 389
1757556376901 171972295852.3019 390
1757556376967 171847391134.7195 391
1757556377034 171722860008.11563 392
1757556377100 171598700519.68915 393
1757556377166 171474910731.4379 394
1757556377260 171351488720.01575 395
1757556377325 171228432576.59146 396
1757556377393 171105740406.7095 397
1757556377458 170983410330.15222 398
1757556377523 170861440480.80386 399
1757556377588 170739829006.51617 400
1757556377653 170618574068.97565 401
1757556377717 170497673843.5724 402
1757556377784 170377126519.2704 403
1757556377849 170256930298.47952 404
1757556377915 170137083396.92905 405
1757556377981 170017584043.5425 406
1757556378047 169898430480.31396 407
1757556378114 169779620962.18613 408
1757556378206 169661153756.9295 409
1757556378286 169543027145.02316 410
1757556378369 169425239419.5367 411
1757556378459 169307788886.01395 412
1757556378531 169190673862.35745 413
1757556378603 169073892678.71475 414
1757556378682 168957443677.36594 415
1757556378753 168841325212.6123 416
1757556378821 168725535650.66617 417
1757556378886 168610073374.8122 418
1757556378952 168494936772.1138 419
1757556379020 168380124242.546 420
1757556379085 168265634209.10797 421
1757556379151 168151465090.10214 422
1757556379221 168037615318.03784 423
1757556379286 167924083338.06473 424
1757556379355 167810867607.1398 425
1757556379424 167697966593.5618 426
1757556379489 167585378776.68967 427
1757556379556 167473102646.75415 428
1757556379626 167361136704.71542 429
1757556379693 167249479462.14575 430
1757556379760 167138129441.12354 431
1757556379828 167027085174.135 432
1757556379895 166916345203.97916 433
1757556379964 166805908083.6755 434
1757556380055 166695772376.37332 435
1757556380122 166585936655.26248 436
1757556380188 166476399503.485 437
1757556380256 166367159514.0479 438
1757556380327 166258215289.73724 439
1757556380400 166149565443.03262 440
1757556380469 166041208596.0229 441
1757556380537 165933143380.32288 442
1757556380612 165825368436.9906 443
1757556380678 165717882416.4458 444
1757556380746 165610683978.38916 445
1757556380815 165503771791.722 446
1757556380881 165397144534.46774 447
1757556380949 165290800893.693 448
1757556381019 165184739565.43066 449
1757556381088 165078959254.60278 450
1757556381156 164973458674.94507 451
1757556381225 164868236548.93152 452
1757556381291 164763291607.7003 453
1757556381385 164658622590.98004 454
1757556381453 164554228247.01736 455
1757556381520 164450107332.5044 456
1757556381586 164346258612.50797 457
1757556381657 164242680860.39862 458
1757556381746 164139372857.7809 459
1757556381818 164036333394.42432 460
1757556381885 163933561268.19476 461
1757556381952 163831055284.98685 462
1757556382020 163728814258.65677 463
1757556382089 163626837010.95596 464
1757556382156 163525122371.4653 465
1757556382228 163423669177.53012 466
1757556382295 163322476274.19574 467
1757556382372 163221542514.14368 468
1757556382440 163120866757.6285 469
1757556382513 163020447872.41537 470
1757556382581 162920284733.71808 471
1757556382649 162820376224.1377 472
1757556382741 162720721233.60205 473
1757556382816 162621318659.3055 474
1757556382886 162522167405.6495 475
1757556382956 162423266384.1836 476
1757556383025 162324614513.54718 477
1757556383093 162226210719.41156 478
1757556383159 162128053934.4231 479
1757556383230 162030143098.14603 480
1757556383296 161932477157.00677 481
1757556383364 161835055064.23816 482
1757556383431 161737875779.82437 483
1757556383500 161640938270.44662 484
1757556383570 161544241509.42892 485
1757556383640 161447784476.68484 486
1757556383708 161351566158.6643 487
1757556383777 161255585548.30148 488
1757556383846 161159841644.96237 489
1757556383914 161064333454.3937 490
1757556383982 160969059988.6719 491
1757556384052 160874020266.15247 492
1757556384123 160779213311.41995 493
1757556384192 160684638155.23862 494
1757556384265 160590293834.5032 495
1757556384333 160496179392.19012 496
1757556384401 160402293877.30978 497
1757556384469 160308636344.85837 498
1757556384539 160215205860.39163 499
