1757555494937 131646126030.71758 0
1757555495006 1281037712808.1665 1
1757555495084 964866403858.6798 2
1757555495158 1115304582803.4243 3
1757555495228 370494212812.97644 4
1757555495297 92980546459.1312 5
1757555495365 293166409569.27203 6
1757555495438 126208456053.8025 7
1757555495497 81498964097.81288 8
1757555495561 130769516131.08388 9
1757555495624 121848464676.81184 10
1757555495700 343018448137.4907 11
1757555495778 72664876739.72871 12
1757555495855 809649516917.0082 13
1757555495921 302089993704.8875 14
1757555495990 272983958982.56876 15
1757555496051 93794778452.87465 16
1757555496125 242304813425.74945 17
1757555496203 88348180659.1022 18
1757555496271 97417486942.51888 19
1757555496335 229565130222.47495 20
1757555496406 156412400165.28458 21
1757555496469 196953483572.8001 22
1757555496540 315403058075.2998 23
1757555496602 204894187997.22623 24
1757555496672 125708457873.38095 25
1757555496733 244955839950.8288 26
1757555496804 141098225110.5369 27
1757555496872 140447546065.04996 28
1757555496946 142229272525.28497 29
1757555497010 250707355234.89096 30
1757555497079 192887605400.4654 31
1757555497147 522764839472.9257 32
1757555497216 196821104214.35898 33
1757555497281 162948010991.33878 34
1757555497345 81135271814.90361 35
1757555497414 627941354308.1177 36
1757555497479 270685887513.88138 37
1757555497550 261935153906.14526 38
1757555497613 213290543215.19925 39
1757555497676 434155718662.8809 40
1757555497749 130643477738.36104 41
1757555497820 299243120241.65967 42
1757555497887 103563238380.11687 43
1757555497954 120069565221.62538 44
1757555498025 120865845115.1512 45
1757555498089 131481405896.68507 46
1757555498157 108988161633.62404 47
1757555498223 309796256724.2834 48
1757555498286 454678308090.827 49
1757555498363 601338809790.9102 50
1757555498437 51924120531.08778 51
1757555498507 111824440848.89151 52
1757555498576 520879142566.7283 53
1757555498644 87108442361.94623 54
1757555498714 290107797409.2667 55
1757555498780 203664408243.3047 56
1757555498848 127950481470.24811 57
1757555498917 118067331373.67438 58
1757555498986 129416367739.60185 59
1757555499053 286587338404.8348 60
1757555499121 145933056145.8809 61
1757555499184 148703677663.65237 62
1757555499264 130704679974.91122 63
1757555499346 76594489449.25671 64
1757555499427 89081189954.39516 65
1757555499507 268632518477.8192 66
1757555499579 101885880858.32976 67
1757555499658 64052168715.47268 68
1757555499734 370549023125.0653 69
1757555499815 103628295141.99231 70
1757555499891 118413228999.10579 71
1757555499967 166966677033.83847 72
1757555500042 300120629795.496 73
1757555500117 541074648401.72345 74
1757555500194 164650338454.70303 75
1757555500275 164259827561.34714 76
1757555500347 282481004859.0209 77
1757555500422 104605826226.02641 78
1757555500498 216960329170.21906 79
1757555500584 278219589689.3156 80
1757555500658 121478433559.18944 81
1757555500738 72671442135.15265 82
1757555500817 89901015674.10294 83
1757555500898 203859487846.2922 84
1757555500977 102276159785.3239 85
1757555501049 251761728180.39368 86
1757555501124 121629386314.11218 87
1757555501196 157927106820.59125 88
1757555501261 303150384206.54553 89
1757555501325 178771070307.28604 90
1757555501388 84138120183.07677 91
1757555501457 82917811394.74039 92
1757555501527 92146823032.68181 93
1757555501610 226972141478.59006 94
1757555501679 151212263256.29556 95
1757555501749 284637435189.16327 96
1757555501822 277357833605.0457 97
