1757581833483 1089711376397.7998 0
1757581833558 960309434275.9579 1
1757581833629 417747491320.6215 2
1757581833710 502670655358.1078 3
1757581833790 722850053653.3992 4
1757581833857 589148592102.6804 5
1757581833932 129725836690.02011 6
1757581834023 503809710748.80853 7
1757581834114 425459595061.6556 8
1757581834204 142171610478.50974 9
1757581834295 595622626186.9164 10
1757581834395 165558403877.78452 11
1757581834472 370696116100.90735 12
1757581834543 182923844054.75793 13
1757581834606 335560518633.765 14
1757581834685 187372092143.41046 15
1757581834759 99734259460.89262 16
1757581834833 378719851839.1063 17
1757581834901 598466159002.5978 18
1757581834992 310928099446.4788 19
1757581835085 92627702026.843 20
1757581835178 514631292063.4017 21
1757581835274 134765772968.75423 22
1757581835366 152908986788.39813 23
1757581835450 235991094414.7605 24
1757581835528 162520354931.1447 25
1757581835600 343034413619.52936 26
1757581835677 188760199639.11017 27
1757581835753 238929422471.36777 28
1757581835829 187505839754.88736 29
1757581835903 174495557237.03387 30
1757581835992 381716579234.3742 31
1757581836085 107454433680.7948 32
1757581836178 186313076542.17017 33
1757581836273 183309487935.52625 34
1757581836365 155267220359.7845 35
1757581836453 162761044778.2614 36
1757581836521 306713506795.5963 37
1757581836598 89537322414.69954 38
1757581836670 266123238217.8583 39
1757581836743 89884280813.54231 40
1757581836812 124752179409.80751 41
1757581836886 128111031752.33047 42
1757581836962 197980983361.73105 43
1757581837056 170656795361.17535 44
1757581837149 307587159925.9019 45
1757581837242 78296579860.5004 46
1757581837333 135290185679.11371 47
1757581837429 192153085569.07108 48
1757581837525 145669419173.3293 49
1757581837629 345657137584.8731 50
1757581837727 124558478735.55006 51
1757581837820 729922167220.3524 52
1757581837913 94279817038.22006 53
1757581838000 91934413396.05539 54
1757581838073 95083334016.94714 55
1757581838143 107299650194.00662 56
1757581838214 71780906388.52394 57
1757581838283 132556364054.15901 58
1757581838372 97175274217.8146 59
1757581838452 60127422326.59186 60
1757581838543 64892490070.26288 61
1757581838640 288601142482.251 62
1757581838737 137593346665.90488 63
1757581838834 113236459359.29666 64
1757581838932 172655522436.15524 65
1757581839031 207699504921.08325 66
1757581839127 437892185599.52014 67
1757581839220 152793924824.7243 68
1757581839316 204268137096.61646 69
1757581839408 119197787084.62245 70
1757581839501 106243774410.62196 71
1757581839572 78792500319.1809 72
1757581839642 292463047573.4321 73
1757581839706 188734334064.21835 74
1757581839778 182416476226.6908 75
1757581839849 332479603719.5175 76
1757581839930 155324165271.36227 77
1757581840015 174324869910.64938 78
1757581840148 79439765526.8739 79
1757581840256 160967946769.74075 80
1757581840371 496236572361.4928 81
1757581840474 256128618914.3751 82
1757581840558 87475358316.3723 83
1757581840632 82476841660.4839 84
1757581840703 305623026704.23486 85
1757581840779 56553595477.72774 86
1757581840860 116977143388.18668 87
1757581840934 127396235946.1594 88
1757581841005 104186170695.16104 89
1757581841091 153226600964.91425 90
1757581841186 81685642509.75844 91
1757581841280 176571793778.95792 92
1757581841383 342368532072.7135 93
1757581841479 154497660586.3842 94
1757581841563 144882600885.13696 95
1757581841644 115961096714.51686 96
1757581841724 94548358661.38605 97
1757581841796 156513400310.92166 98
1757581841869 87575727516.54546 99
1757581841947 89418965163.32478 100
1757581842019 163096531962.53436 101
1757581842115 142628704634.9563 102
1757581842211 245000278466.81467 103
1757581842310 191420649163.7055 104
1757581842404 230516842201.68692 105
1757581842497 177833836603.16806 106
1757581842575 68416133955.8523 107
1757581842644 142690410731.44876 108
1757581842710 108498585431.41467 109
1757581842779 150282747453.79468 110
1757581842852 192836460117.76498 111
1757581842921 214679816913.72104 112
1757581842994 233978281184.20987 113
1757581843072 158371384025.03137 114
1757581843168 143280215203.5997 115
1757581843261 127367250925.56808 116
1757581843353 395844269160.2897 117
1757581843445 665433148182.4998 118
1757581843538 146619392856.02927 119
1757581843612 103245720802.93712 120
1757581843686 83721367507.75902 121
1757581843755 274943906754.0086 122
1757581843830 110609686702.13657 123
1757581843904 105426188337.74538 124
1757581843971 79169862732.19705 125
1757581844041 113758033698.78496 126
1757581844128 220725869349.2208 127
1757581844223 77454918255.02249 128
1757581844317 135624801262.13498 129
1757581844412 192049532745.3461 130
1757581844509 313397327572.0549 131
1757581844598 189797487959.159 132
1757581844670 57286805339.65288 133
1757581844748 114600376255.06485 134
1757581844818 206976970519.89227 135
1757581844891 196229536671.44174 136
1757581844962 118898671294.49269 137
1757581845060 143077516231.7759 138
1757581845139 94756932956.23772 139
1757581845216 222017867847.45874 140
1757581845285 139766999394.29565 141
1757581845354 227401735572.41794 142
1757581845426 61028547098.87813 143
1757581845494 53447272824.236786 144
1757581845569 119576743795.50351 145
1757581845661 261170544349.05917 146
1757581845755 120284159600.58174 147
1757581845852 80414706160.08258 148
1757581845946 247341265813.49902 149
1757581846038 128160797170.5702 150
1757581846127 268541692228.95972 151
1757581846201 149406257081.28735 152
1757581846269 204085692389.49503 153
1757581846341 67760382537.78293 154
1757581846413 72184994582.88618 155
1757581846499 154662999805.63602 156
1757581846569 183259452485.02585 157
1757581846653 103136078509.18242 158
1757581846748 271869599751.16028 159
1757581846840 94093130287.05678 160
1757581846934 205554791308.27084 161
1757581847028 63921205129.09629 162
1757581847125 223394503482.2759 163
1757581847195 97415357852.74866 164
1757581847271 205318875065.91284 165
1757581847346 43273363495.79844 166
1757581847419 179107209165.8066 167
1757581847489 55870515189.32338 168
1757581847563 89180646922.819 169
1757581847637 48940706454.09943 170
1757581847733 79508787016.54935 171
1757581847827 149560244147.43414 172
1757581847921 297276808499.2046 173
1757581848015 68526869300.57237 174
1757581848111 88590230420.89249 175
1757581848193 183004917598.6531 176
1757581848265 117157208737.58305 177
1757581848337 84520399079.59457 178
1757581848412 128816937452.87413 179
1757581848486 164937890324.19745 180
1757581848567 181198134013.21655 181
1757581848657 128080811296.68858 182
1757581848765 107999931305.48271 183
1757581848863 142506945593.71683 184
1757581848960 79372513775.18274 185
1757581849058 165306762088.3906 186
1757581849153 77814423422.60097 187
1757581849225 98815019641.83447 188
1757581849304 256736384295.85947 189
1757581849383 51389016145.21074 190
1757581849469 139282343628.48132 191
1757581849552 85907555403.88943 192
1757581849638 84688983350.38742 193
1757581849735 181107644412.6376 194
1757581849832 126944134701.39636 195
1757581849926 315156186505.81323 196
1757581850022 121562945031.25264 197
1757581850121 112156212771.99635 198
1757581850226 103173817882.04501 199
1757581850326 67975373564.355064 200
1757581850439 133359030883.65138 201
1757581850542 116453286239.44969 202
1757581850646 123926341138.99467 203
1757581850747 81925263331.37064 204
1757581850856 570453170586.7169 205
1757581850959 70563980776.3232 206
1757581851060 226646690168.35568 207
1757581851153 371828755949.79333 208
1757581851249 81748781882.48242 209
1757581851346 122875914929.27333 210
1757581851442 97638409934.61365 211
1757581851538 76244425556.73631 212
1757581851633 118420863460.79546 213
1757581851720 141067026696.69855 214
1757581851797 222412022377.60202 215
1757581851893 145640294038.9648 216
1757581851977 68070934032.07764 217
1757581852056 78835792774.10762 218
1757581852136 84211171271.79454 219
1757581852213 235040914033.3454 220
1757581852318 272401010504.66525 221
1757581852419 190881633490.9673 222
1757581852521 89763208203.38345 223
1757581852627 104635137714.18744 224
1757581852726 329444347346.70123 225
1757581852825 360732081468.95514 226
1757581852923 203128547002.87607 227
1757581853025 110650326912.42296 228
1757581853131 115939790757.56923 229
1757581853234 48607486817.05508 230
1757581853335 136932353601.15439 231
1757581853437 375954747102.54315 232
1757581853538 307764781286.50586 233
1757581853642 191128904302.28717 234
1757581853744 324677039514.86084 235
1757581853851 80245740848.49733 236
1757581853953 87501329741.89948 237
1757581854051 85640834225.81625 238
1757581854151 157772224856.18124 239
1757581854250 52746301761.47098 240
1757581854319 173167503348.3837 241
1757581854394 337051655077.884 242
1757581854485 213840788034.57773 243
1757581854574 121109440285.66335 244
1757581854648 67655665449.17454 245
1757581854718 215998414116.9572 246
1757581854806 155717059368.77237 247
1757581854904 54558847243.568596 248
1757581855001 77092604464.17717 249
1757581855102 237258667593.9849 250
1757581855202 132876627377.9168 251
1757581855301 82773390509.69247 252
1757581855396 93109932567.14236 253
1757581855466 266404192385.47583 254
1757581855535 98695198152.44331 255
1757581855604 144073611864.672 256
1757581855674 140763969698.43216 257
1757581855748 97091094401.52513 258
1757581855818 148933173946.9136 259
1757581855887 156311941238.5649 260
1757581855955 79809026169.69116 261
1757581856024 44050566902.37772 262
1757581856094 143909128356.51788 263
1757581856164 113540028240.98459 264
1757581856235 130474074993.0676 265
1757581856308 85005938530.75967 266
1757581856379 147454984070.93176 267
1757581856449 102804593250.11241 268
1757581856517 100419173262.42935 269
1757581856589 107124554448.98279 270
1757581856659 82615005068.69798 271
1757581856735 48668163896.86707 272
1757581856805 101286911441.90228 273
1757581856875 40505681635.3018 274
1757581856946 124906245075.32487 275
1757581857015 58443120422.35132 276
1757581857086 128330274476.4271 277
1757581857156 148584397479.93466 278
1757581857227 225700760285.19977 279
1757581857298 151043311103.87274 280
1757581857369 197282562802.39325 281
1757581857441 151212355005.96356 282
1757581857510 87557894527.92969 283
1757581857582 175624130540.25012 284
1757581857652 69278063712.1339 285
1757581857722 90031334544.6106 286
1757581857791 52284609822.79453 287
1757581857875 71225993636.13524 288
1757581857943 129572209206.46898 289
1757581858013 108508424221.20615 290
1757581858084 67849932059.67881 291
1757581858155 49802356233.18978 292
1757581858226 86255272990.28766 293
1757581858296 148380817675.6586 294
1757581858365 159711205997.2376 295
1757581858434 49568410458.769905 296
1757581858503 67942107882.36529 297
1757581858573 169441335805.76447 298
1757581858642 90602744567.64755 299
1757581858712 106808493430.59755 300
1757581858781 46590057674.19764 301
1757581858850 103177960358.01735 302
1757581858921 48740425235.28998 303
1757581858990 72460077801.72493 304
1757581859060 189064242946.16724 305
1757581859130 148210773154.91525 306
1757581859203 62167090726.624275 307
1757581859273 139354502646.54672 308
1757581859343 63297805431.96291 309
1757581859414 84871385094.54242 310
1757581859484 263960497294.0764 311
1757581859558 132018183913.81142 312
1757581859636 58190995789.84118 313
1757581859711 218395686021.56802 314
1757581859786 128307572112.37901 315
1757581859860 288592445477.0502 316
1757581859933 49968233595.03293 317
1757581860004 638740446659.1659 318
1757581860076 79844409837.97853 319
1757581860149 57658560824.831924 320
1757581860219 120558522497.59842 321
1757581860287 428374039245.2725 322
1757581860358 116167847697.31602 323
1757581860429 167648640317.93118 324
1757581860502 75381888642.6555 325
1757581860578 58358427166.42491 326
1757581860650 185392731331.6837 327
1757581860725 223478201113.59332 328
1757581860798 32903513716.948368 329
1757581860867 212045876922.75604 330
1757581860938 90964756095.98677 331
1757581861007 74782705385.57869 332
1757581861079 160607469909.3847 333
1757581861149 125357754627.15733 334
1757581861222 111962962203.98758 335
1757581861293 72019014585.17598 336
1757581861373 80101121207.58582 337
1757581861444 160314783330.82892 338
1757581861514 61024695248.79453 339
1757581861585 70762808827.42953 340
1757581861656 171660409550.18167 341
1757581861727 44170079382.9666 342
1757581861800 237128129920.18512 343
1757581861871 73249205423.21098 344
1757581861942 72464821341.04456 345
1757581862012 32303408864.433746 346
1757581862083 81493399735.36192 347
1757581862154 84827469148.56429 348
1757581862228 114278040596.12617 349
1757581862299 122305263655.62534 350
1757581862370 136056298923.6034 351
1757581862445 225716033093.66208 352
1757581862515 44645122553.19646 353
1757581862584 119874988193.78276 354
1757581862656 117218761202.26537 355
1757581862726 113121320779.54036 356
1757581862795 256176325467.53638 357
1757581862864 88938654557.26003 358
1757581862933 105210809590.05823 359
1757581863006 65505596483.36379 360
1757581863075 93716760766.70778 361
1757581863145 150275825139.80325 362
1757581863216 112642012869.19289 363
1757581863285 109526850441.60541 364
1757581863357 66144108502.707985 365
1757581863427 72869478595.19446 366
1757581863499 41527460989.17567 367
1757581863569 57817735756.471085 368
1757581863639 176610303442.06943 369
1757581863709 63709669967.89409 370
1757581863781 142450946505.35977 371
1757581863851 247885201337.78925 372
1757581863921 50227566781.84098 373
1757581863994 48693366906.27662 374
1757581864066 84063846809.63754 375
1757581864137 76109982831.0763 376
1757581864210 96021516278.70021 377
1757581864284 213250741448.73883 378
1757581864356 107532271022.58008 379
1757581864428 70480915316.63266 380
1757581864504 82259437295.0648 381
1757581864579 73170604055.03534 382
1757581864655 285192458300.7099 383
1757581864728 168622775241.70712 384
1757581864804 81121675882.04895 385
1757581864879 45648010782.52208 386
1757581864972 57930199502.0307 387
1757581865053 124590908972.82835 388
1757581865129 69503864362.60992 389
1757581865207 92890865186.31747 390
1757581865283 124041514382.13878 391
1757581865355 64637779119.291885 392
1757581865430 128940583659.51512 393
1757581865511 175734792704.1883 394
1757581865588 197089621791.80457 395
1757581865662 71438472079.96219 396
1757581865737 162835312633.42618 397
1757581865809 159892033459.34753 398
1757581865883 192769978556.89322 399
1757581865960 105704081301.81596 400
1757581866037 321102189237.39404 401
1757581866116 304629411393.6082 402
1757581866193 160078516759.87167 403
1757581866277 110191298672.23135 404
1757581866351 80910691757.79155 405
1757581866427 151327154484.216 406
1757581866498 114730226882.03195 407
1757581866571 100966903436.58105 408
1757581866645 113971930680.67361 409
1757581866724 562508923777.5168 410
1757581866801 72362165426.09776 411
1757581866878 93558664305.7678 412
1757581866955 113690555358.96123 413
1757581867050 86445028166.3256 414
1757581867131 39976764472.07796 415
1757581867209 88435532731.11089 416
1757581867287 98601909696.19592 417
1757581867368 64841714658.29333 418
1757581867443 161331106367.79648 419
1757581867520 101188299808.39026 420
1757581867601 133947763791.65292 421
1757581867678 102589098889.5822 422
1757581867754 163317743935.91556 423
1757581867828 110650729422.88081 424
1757581867900 74417603819.34317 425
1757581867977 79429491455.49565 426
1757581868054 143302114718.2242 427
1757581868127 102053325069.1939 428
1757581868201 107231934886.04445 429
1757581868276 144618174814.17868 430
1757581868355 558253867164.4706 431
1757581868432 70377928356.8659 432
1757581868509 65034923667.065475 433
1757581868583 139911414026.14462 434
1757581868659 55447925649.379074 435
1757581868734 34098341849.432926 436
1757581868807 187838269404.46722 437
1757581868885 115030823885.22981 438
1757581868960 52788213948.66089 439
1757581869033 321776892209.05365 440
1757581869107 75128686937.38509 441
1757581869179 111490910690.46094 442
1757581869255 91943010084.9176 443
