1757550549066 50739059753.48722 0
1757550549536 499774640724.78467 1
1757550550025 72821677002.05684 2
1757550550511 85880138018.76443 3
1757550550984 47912098216.60741 4
1757550551452 57152650590.67 5
1757550551956 138275590885.58917 6
1757550552480 94404098723.98088 7
1757550553008 416730017.79305345 8
1757550553519 13473652448.760254 9
1757550554038 43921282733.14151 10
1757550554526 119295739503.06142 11
1757550555018 149831828933.1408 12
1757550555496 83266151236.38754 13
1757550555983 209843815475.66357 14
1757550556471 59900784403.978935 15
1757550556967 6377235975.149006 16
1757550557466 33422869123.51693 17
1757550557950 45629914270.04087 18
1757550558427 69145854.54359494 19
1757550558920 43716485118.85713 20
1757550559429 264784899544.29282 21
1757550559926 141191527887.17426 22
1757550560405 432044316687.6829 23
1757550560891 67583283782.50459 24
1757550561365 155880924428.09906 25
1757550561848 1599502765.2188044 26
1757550562363 163563873920.4541 27
1757550562857 24451664512.39837 28
1757550563342 152372662729.58047 29
1757550563835 3801363245562.0796 30
1757550564319 88091419380.9726 31
1757550564802 10854442064.614136 32
1757550565279 147881258011.9243 33
1757550565766 35367882141.04519 34
1757550566244 7078925519032.835 35
1757550566715 76587028351.33194 36
1757550567212 766276820046.1989 37
1757550567699 27373392760.843777 38
1757550568189 81602944946.35468 39
1757550568675 560963131490.8689 40
1757550569168 16249329313.65187 41
1757550569709 65188553040.29253 42
1757550570247 14869402807.297283 43
1757550570754 115249207971.67029 44
1757550571233 43670849271.908714 45
1757550571721 50408876578.87524 46
1757550572188 67389345676.16242 47
1757550572667 114066931629.8637 48
1757550573213 51969735944.18189 49
1757550573692 229969005861.19785 50
1757550574190 75702824256.016 51
1757550574670 13884655244.230648 52
1757550575175 50057575509.087814 53
1757550575653 269715800569.72046 54
1757550576128 655149778766.3187 55
1757550576609 511171210.68860334 56
1757550577112 130813027122.79904 57
1757550577591 6525180179.330101 58
1757550578096 22570917958.609585 59
1757550578569 787160920081.4102 60
1757550579044 561872469.7499938 61
1757550579549 43685929256.072426 62
1757550580017 216519164932.07538 63
1757550580489 2024897962.2833865 64
1757550580966 23854907989.32904 65
1757550581438 266698885971.15347 66
1757550581910 17428243943.466534 67
1757550582401 145633363719.89664 68
1757550582892 51986834843.12716 69
1757550583380 542563850.4927293 70
1757550583883 25843223710.423847 71
1757550584429 129838315921.6338 72
1757550584916 170233918326.83386 73
1757550585423 120802440381.45079 74
1757550585929 103758227274.42314 75
1757550586404 14892054206.33303 76
1757550586878 55356190057.745674 77
1757550587364 27017364401.309097 78
1757550587834 461479723.7755647 79
1757550588319 2108377696029.5906 80
1757550588805 626841102385.0714 81
1757550589295 43312087.48128002 82
1757550589788 98212003083.91922 83
1757550590280 9542712408.421404 84
1757550590775 16782671233.79366 85
1757550591261 15458999993.287308 86
1757550591736 3461351004.4461336 87
1757550592214 8583668881039.446 88
1757550592688 56329264917.09275 89
1757550593166 12689351450.105278 90
1757550593644 43340959273.054794 91
1757550594196 9268344742.186235 92
1757550594755 23544740317.59764 93
1757550595274 317233543623.71387 94
1757550595765 698959855.4084294 95
1757550596294 52715659381.33053 96
1757550596784 106633365158.40765 97
1757550597308 224462474917.91064 98
1757550597784 14847847851.516443 99
1757550598254 50649662238.17498 100
1757550598727 676777532.655108 101
1757550599216 278765949517.6483 102
1757550599713 4583530776.737324 103
1757550600180 86393114354.7422 104
1757550600640 68966471804.30916 105
1757550601117 155604293470.83313 106
1757550601585 3912572387.9455085 107
1757550602060 244255826465.74487 108
1757550602549 90093323858.21515 109
1757550603036 66383954987.72638 110
1757550603518 12106747508.28908 111
1757550603997 235962561.14839864 112
1757550604483 58395300157.50152 113
1757550604991 52013182641.26237 114
1757550605507 199048768001.9582 115
1757550606007 419033228364.1482 116
1757550606486 5307966755.730401 117
1757550606993 263497648259.46246 118
1757550607477 63698952227.279274 119
1757550607948 62502487.913901836 120
1757550608410 354089483454.4026 121
1757550608883 175110243798.51413 122
1757550609383 606046757.3397282 123
1757550609858 160589049906.45847 124
1757550610337 55010112538.55829 125
1757550610822 198219404681.37387 126
1757550611293 128604968551.33766 127
1757550611779 112754857211.06631 128
1757550612256 319536168639.9088 129
1757550612731 58464106444.259674 130
1757550613210 14801422475.048069 131
1757550613687 8467385382265.427 132
1757550614174 183916948591.69464 133
1757550614647 39226850279.50955 134
1757550615143 149116624414.0836 135
1757550615655 106678927882.88449 136
1757550616153 66396792901.09249 137
1757550616661 3365368540.242766 138
1757550617157 825244747521.6921 139
1757550617657 11053400179.98468 140
1757550618179 3022906685.2394056 141
1757550618684 2405701388.833668 142
1757550619179 1127554793759.7395 143
1757550619677 615082034394.1334 144
1757550620202 1390156212014.3254 145
1757550620685 111273312230.75253 146
1757550621160 856706968.5400339 147
1757550621650 25754025468.820755 148
1757550622124 133779266265.65373 149
1757550622594 159427451318.15393 150
1757550623072 86130157160.67918 151
1757550623559 8252004888.38591 152
1757550624037 97338142114.87675 153
1757550624525 9056482440.720194 154
1757550625001 19188678619.21189 155
1757550625486 64551541.254812025 156
1757550625959 45720255.63792779 157
1757550626445 81064125097.18846 158
1757550626938 74126673680.23442 159
1757550627434 21742732644.643272 160
1757550627912 546922856.9945412 161
1757550628388 46061545702.05261 162
1757550628866 59703550320.43026 163
1757550629366 312695371201.11975 164
1757550629867 411521828.30726737 165
1757550630348 29001227326.117764 166
1757550630826 57208083.913048044 167
1757550631313 52207685688.317245 168
1757550631799 47362090559.58121 169
1757550632290 63561693581.34836 170
1757550632789 413795340250.43567 171
1757550633266 6529095947.917247 172
1757550633737 165507931540.40152 173
1757550634215 51553743095.294044 174
1757550634700 770651336.2098694 175
1757550635175 9403885126.23631 176
1757550635648 13312991731.597633 177
1757550636118 33430456266.897118 178
1757550636597 7971302040.31617 179
1757550637093 5798873331.34594 180
1757550637579 3828569121.1977477 181
1757550638060 2061631200.6246767 182
1757550638528 438021365509.0477 183
1757550639005 49085498032.774734 184
1757550639493 12573518781.03552 185
1757550639986 25096076003.57012 186
1757550640467 1889765834645.4817 187
1757550640943 13317905358.076292 188
1757550641419 30722878824.142048 189
1757550641896 50484858522.419334 190
1757550642396 5829063023.851365 191
1757550642900 2240414808.422232 192
1757550643387 13254138941.184069 193
