1757558501911 81091395356945.16 0
1757558502630 1277022231838457.0 1
1757558503326 2.9779163371453558e+23 2
1757558503966 3.1856182684451864e+26 3
1757558504647 4.29300494325498e+33 4
1757558505354 3.877380907913967e+35 5
1757558506044 2.316785068666602e+44 6
1757558506735 1.4540189678533536e+46 7
1757558507368 3.230731139549909e+52 8
1757558507978 1.6634030111175888e+59 9
1757558508659 3.342294688717002e+67 10
1757558509351 6.24372840103125e+69 11
1757558510058 1.5906528701347786e+77 12
1757558510758 5.2848400843156415e+84 13
1757558511448 3.1501940973405733e+89 14
1757558512141 6.411806292497169e+93 15
1757558512835 5.515131889002862e+99 16
1757558513414 9.838689514119415e+102 17
1757558514126 3.8113522309721443e+105 18
1757558514763 6.996273868207647e+110 19
1757558515435 2.470741902958779e+114 20
1757558516060 1.6771641072670108e+119 21
1757558516704 7.880039066628628e+121 22
1757558517304 2.2251662647908263e+130 23
1757558517995 2.540006053245413e+133 24
1757558518659 4.467877331178472e+138 25
1757558519304 1.3639363084945584e+141 26
1757558519895 6.180886629096076e+150 27
1757558520633 4.477775731313761e+153 28
1757558521390 2.294251729214645e+157 29
1757558522097 2.2514588156858705e+160 30
1757558522773 6.290864590143511e+165 31
1757558523376 2.938224170018102e+172 32
1757558524053 2.3514345583073246e+175 33
1757558524775 6.562259148685785e+183 34
1757558525487 7.122094052920588e+188 35
1757558526185 2.2770248734630877e+193 36
1757558526818 1.7817977013106472e+197 37
1757558527462 6.289162714712732e+205 38
1757558528150 1.5950652799571238e+212 39
1757558528807 2.2279671016270965e+214 40
1757558529491 2.5666450476902603e+219 41
1757558530178 2.485089463379726e+224 42
1757558530738 1.5297702112930389e+231 43
1757558531428 1.8766549338496384e+232 44
1757558532131 4.1649651644676674e+239 45
1757558532811 1.0900473191889598e+247 46
1757558533348 2.974182159091408e+248 47
1757558534022 8.844693980744813e+252 48
1757558534644 5.283858934660282e+260 49
1757558535318 2.527299373019109e+266 50
1757558535894 3.284326402064112e+270 51
1757558536501 2.035954934243161e+274 52
1757558537104 7.68636939456654e+280 53
1757558537652 5.066106973647537e+285 54
1757558538326 4.434756296625603e+289 55
1757558538948 2.564313002674227e+293 56
1757558539561 1.0708495056802462e+300 57
1757558540270 1.7641091509406146e+307 58
1757558540910 inf 59
