1757560040680 133363006726.54108 0
1757560041184 350402805817.75226 1
1757560041710 582384738502.3353 2
1757560042231 413141205932.18866 3
1757560042745 2.1104641024013536e+16 4
1757560043259 3368134874969930.5 5
1757560043760 4.668059899305369e+16 6
1757560044278 1.4671375167919107e+20 7
1757560044791 7.763882691968978e+21 8
1757560045307 9.1913967060157e+22 9
1757560045812 1.9552916159132305e+25 10
1757560046305 1.3004126803861348e+25 11
1757560046829 3.1687157285401526e+26 12
1757560047357 4.989719478373615e+26 13
1757560047844 1.590907691932004e+29 14
1757560048340 7.9150623103004185e+31 15
1757560048833 1.3419178141305006e+32 16
1757560049362 3.0747132068717812e+32 17
1757560049888 7.553062058803612e+34 18
1757560050410 1.4899746953056745e+37 19
1757560050921 2.0701099075568804e+37 20
1757560051444 5.155902808598479e+38 21
1757560051958 2.427131270764613e+38 22
1757560052466 2.176406639500045e+41 23
1757560052969 5.915671571134632e+41 24
1757560053476 7.132888683167782e+44 25
1757560053998 9.625029144309707e+44 26
1757560054498 6.495821277148661e+46 27
1757560054994 1.1497346640533516e+47 28
1757560055511 2.5458951361993083e+50 29
1757560056028 1.1136210108272271e+51 30
1757560056530 6.504798043474602e+52 31
1757560057023 9.29438575539547e+53 32
1757560057513 4.763098528912516e+55 33
1757560057998 2.537491527376423e+56 34
1757560058487 7.065353613472952e+57 35
1757560058971 5.969582344569834e+58 36
1757560059459 1.4469681805699415e+61 37
1757560059943 1.925825350475755e+61 38
1757560060429 6.87182221822156e+61 39
1757560060914 3.9554077875818777e+62 40
1757560061393 1.5624901175363524e+66 41
1757560061881 1.251419363780194e+67 42
1757560062369 1.8372530436729855e+68 43
1757560062853 1.7796271283839913e+70 44
1757560063345 3.1590693942789903e+70 45
1757560063852 7.693467594323452e+70 46
1757560064344 1.9749327000439604e+73 47
1757560064838 4.891484212752349e+74 48
1757560065328 4.744609151342495e+76 49
1757560065833 3.3356006277639553e+78 50
1757560066340 2.1311478282750383e+78 51
1757560066828 7.592677996092043e+78 52
1757560067314 5.738233641838059e+82 53
1757560067806 1.5014828039091806e+82 54
1757560068296 2.2055463503272406e+87 55
1757560068776 8.963485026801106e+86 56
1757560069252 5.721024727810491e+87 57
1757560069728 9.215374754924864e+88 58
1757560070213 1.6155537994743638e+91 59
1757560070697 1.316392465847969e+93 60
1757560071174 6.61751859736555e+93 61
1757560071657 7.816914678447753e+94 62
1757560072136 4.67133211786577e+96 63
1757560072618 2.8679884701950184e+98 64
1757560073099 1.8969432236682277e+100 65
1757560073583 5.081000567502118e+100 66
1757560074061 8.389529767721646e+103 67
1757560074549 2.7966024338428042e+101 68
1757560075034 2.592117378933396e+105 69
1757560075516 9.149918370875844e+105 70
1757560076000 2.518433944256144e+106 71
1757560076479 2.149906217719235e+109 72
1757560076960 1.1383877174448454e+111 73
1757560077441 4.321975650017073e+110 74
1757560077939 2.9889584763403816e+114 75
1757560078444 9.147906825484203e+114 76
1757560078946 3.831060217856236e+117 77
1757560079436 4.157393807287748e+117 78
1757560079927 2.2781177348633213e+120 79
1757560080435 2.593614924798109e+120 80
1757560080947 1.0029482390778045e+123 81
1757560081457 1.2665098140930113e+120 82
1757560081960 1.5667260307497094e+126 83
1757560082452 1.2422388989070978e+126 84
1757560082938 1.0293599351895938e+128 85
1757560083429 8.401862878453519e+128 86
1757560083941 3.982555877456214e+131 87
1757560084433 2.2376345155473665e+131 88
1757560084941 6.966736219857652e+131 89
1757560085424 1.192858128556709e+133 90
1757560085910 5.347385880412601e+136 91
1757560086439 7.532322808815359e+138 92
1757560086932 3.073820241031075e+138 93
1757560087419 2.3323711583996305e+138 94
1757560087913 5.313339176796194e+142 95
1757560088429 5.5620943349283495e+143 96
1757560088964 2.660104958873355e+144 97
1757560089467 1.294137634184511e+145 98
1757560089954 1.166820724361107e+147 99
1757560090478 3.734078997292818e+148 100
1757560090983 3.9360975525069474e+150 101
1757560091487 4.32718373809706e+150 102
1757560092007 2.506097165656341e+152 103
1757560092515 8.686559189959559e+154 104
1757560093021 1.4190138982866422e+155 105
1757560093522 2.4714487768752484e+157 106
1757560094008 2.1041020782173053e+159 107
1757560094489 2.7459725149106008e+160 108
1757560094975 6.67875804453814e+160 109
1757560095454 6.112557888928442e+163 110
1757560095942 4.55220061617335e+164 111
1757560096430 2.3964368731838053e+165 112
1757560096953 6.750788383983177e+168 113
1757560097466 2.6663538172570283e+168 114
1757560097991 2.643505263928053e+168 115
1757560098513 1.2792429193059135e+173 116
1757560099048 1.6473385397673586e+173 117
1757560099566 1.507293363581804e+174 118
1757560100079 6.283289175211717e+176 119
1757560100591 7.679266643015203e+175 120
1757560101097 2.748514534426679e+179 121
1757560101616 5.217666353253095e+180 122
1757560102117 1.7834568424973236e+182 123
1757560102628 2.374721281236938e+183 124
1757560103151 2.1400582552595705e+185 125
1757560103667 2.4759438326220935e+185 126
1757560104160 3.860935855496432e+187 127
1757560104650 1.4458807312591246e+189 128
1757560105160 2.2450694089048366e+191 129
1757560105677 7.510038173320315e+191 130
1757560106176 4.959348778372679e+194 131
1757560106704 1.2230348270728603e+194 132
1757560107200 2.0274560104318153e+196 133
1757560107697 4.648291545659224e+196 134
1757560108196 3.2803720292133897e+199 135
1757560108702 2.4244193823112284e+198 136
1757560109214 2.556857106632773e+202 137
1757560109722 2.4630419318970555e+204 138
1757560110231 3.675643814679643e+204 139
1757560110741 2.0863100911436877e+200 140
1757560111253 3.202370738316504e+206 141
1757560111756 5.89361249947991e+208 142
1757560112263 4.499349709682225e+210 143
1757560112759 1.261740396468222e+209 144
1757560113268 2.083808281083391e+213 145
1757560113783 3.467029023905643e+214 146
1757560114291 1.6458779244278583e+215 147
1757560114788 3.91337274144237e+216 148
1757560115290 2.789333005708803e+218 149
1757560115795 2.742414528312275e+220 150
1757560116293 4.616727593956714e+221 151
1757560116804 3.3212712835181905e+222 152
1757560117305 9.370173166579234e+224 153
1757560117804 5.750832620875976e+223 154
1757560118293 5.288185367827512e+226 155
1757560118806 9.816413578753693e+227 156
1757560119297 2.518156453578126e+228 157
1757560119780 4.713870620734651e+231 158
1757560120270 9.985118945301243e+230 159
1757560120762 1.225678557379961e+234 160
1757560121265 9.909006150400364e+235 161
1757560121749 1.5880161426386365e+236 162
1757560122231 2.627571640384831e+237 163
1757560122711 8.975308074514195e+238 164
1757560123195 1.001502831044791e+242 165
1757560123678 7.712896192355848e+242 166
1757560124160 1.2200285858285412e+244 167
1757560124645 1.0111661307972978e+246 168
1757560125147 7.174280841612307e+245 169
1757560125680 5.384898336015695e+249 170
1757560126191 5.441126535724281e+250 171
1757560126710 3.306860754042434e+251 172
1757560127227 4.882221963697552e+252 173
1757560127738 2.610432730428051e+254 174
1757560128251 6.394686814934315e+255 175
1757560128763 4.5588103481695946e+256 176
1757560129271 2.9611425533053616e+258 177
1757560129777 2.7302526992884054e+259 178
1757560130284 5.557969754380892e+261 179
1757560130828 1.5973325499584596e+264 180
1757560131352 7.191530632574156e+263 181
1757560131886 4.288376403645568e+265 182
1757560132411 7.290409604130109e+264 183
1757560132936 1.1873679200862017e+268 184
1757560133449 8.590727204747193e+266 185
1757560133962 8.301146955965269e+271 186
1757560134469 2.1036022857786667e+273 187
1757560134974 8.5690583436770545e+273 188
1757560135486 4.860033392515719e+274 189
1757560136003 8.595753601880835e+276 190
1757560136513 2.0284179512582444e+276 191
1757560137011 4.719721696802412e+279 192
1757560137527 2.656891275735329e+280 193
1757560138041 3.4410289752452494e+282 194
1757560138561 1.3187983259775836e+284 195
1757560139062 8.281252598069043e+285 196
1757560139568 1.018716053468545e+287 197
1757560140080 1.395145341842203e+288 198
1757560140573 1.4256816960240277e+288 199
1757560141069 4.782536096252032e+290 200
1757560141573 3.95500616984773e+293 201
1757560142077 2.019495593815445e+293 202
1757560142591 5.198662054391314e+294 203
1757560143091 2.1127302697427803e+295 204
1757560143597 1.1107557781479253e+298 205
1757560144085 7.764793482681304e+299 206
1757560144587 1.40295697992021e+300 207
1757560145083 2.8366857749002647e+301 208
1757560145577 2.912348881400058e+303 209
