1757586879767 1019574050185.5051 0
1757586879851 4126412819312.2383 1
1757586879939 1.3017711137973086e+16 2
1757586880019 5.2732014519311974e+19 3
1757586880101 2.1361119120358482e+23 4
1757586880191 8.653138260543597e+26 5
1757586880277 3.5052845936989326e+30 6
1757586880366 1.419949585094193e+34 7
1757586880449 5.752048857412561e+37 8
1757586880537 2.3300873781280316e+41 9
1757586880635 9.43891007239083e+44 10
1757586880726 3.823591518111114e+48 11
1757586880818 1.5488919785489735e+52 12
1757586880900 6.274379336416427e+55 13
1757586880984 2.5416773152979884e+59 14
1757586881079 1.0296036035956438e+63 15
1757586881187 4.170803170633208e+66 16
1757586881277 1.68954333759265e+70 17
1757586881360 6.844141458658987e+73 18
1757586881450 2.7724812535959056e+77 19
1757586881531 1.123099565952983e+81 20
1757586881619 4.549544323907707e+84 21
1757586881722 1.842966926769105e+88 22
1757586881817 7.465642383823187e+91 23
1757586881910 3.0242439727796605e+95 24
1757586882007 1.2250856840815301e+99 25
1757586882101 4.962678100213114e+102 26
1757586882200 2.0103225632580152e+106 27
1757586882295 8.143580394970061e+109 28
1757586882397 3.2988686920900465e+113 29
1757586882489 1.3363329297238282e+117 30
1757586882582 5.41332761545249e+120 31
1757586882667 2.192875384600205e+124 32
1757586882752 8.883080415563483e+127 33
1757586882842 3.598431457779982e+131 34
1757586882953 1.4576822848134926e+135 35
1757586883043 5.904899588583469e+138 36
1757586883137 2.3920054126002148e+142 37
1757586883455 9.689732751715269e+145 38
1757586883519 3.9251968371426063e+149 39
1757586883586 1.5900510989414995e+153 40
1757586883655 6.441110094966729e+156 41
1757586883720 2.6092179857050425e+160 42
1757586883799 1.0569635352525129e+164 43
1757586883871 4.28163503767822e+167 44
1757586883936 1.734440024129509e+171 45
1757586884013 7.026012658317684e+174 46
1757586884094 2.846155138723568e+178 47
1757586884165 1.152943990798644e+182 48
1757586884230 4.670440580814061e+185 49
1757586884296 1.8919405793342055e+189 50
1757586884364 7.664028893624329e+192 51
1757586884435 3.104608015912359e+196 52
1757586884517 1.2576402132937644e+200 53
1757586884597 5.094552671341925e+203 54
1757586884666 2.06374340186708e+207 55
1757586884731 8.35998193267882e+210 56
1757586884798 3.3865304112656155e+214 57
1757586884878 1.3718436617185297e+218 58
1757586884950 5.557177416558262e+221 59
1757586885022 2.251147248106865e+225 60
1757586885086 9.119132884905599e+228 61
1757586885150 3.694053538368049e+232 62
1757586885216 1.4964176656441787e+236 63
1757586885282 6.06181206307376e+239 64
1757586885358 2.4555688115462255e+243 65
1757586885437 9.947220609114374e+246 66
1757586885502 4.0295021414645165e+250 67
1757586885565 1.6323039516374715e+254 68
1757586885629 6.612271434512589e+257 69
1757586885696 2.6785534323929363e+261 70
1757586885764 1.0850505096835685e+265 71
1757586885830 4.3954120695392605e+268 72
1757586885898 1.780529762313607e+272 73
1757586885968 7.212716769958875e+275 74
1757586886036 2.921786779685577e+279 75
1757586886101 1.183581479519829e+283 76
1757586886166 4.7945494462573305e+286 77
1757586886232 1.9422156218541397e+290 78
1757586886299 7.867687181157092e+293 79
1757586886364 3.187107594235607e+297 80
1757586886432 1.2910598227089681e+301 81
1757586886499 inf 82
1757586886568 inf 83
